1,201512312930218,PRIN,25,39,102,561,57222.00,2015-12-31 02:09:00.302180
2,201512312930198,PRIN,25,39,167,560,93520.00,2015-12-31 02:09:00.301980
3,201512312930117,PRIN,8,49,73,561,40953.00,2015-12-31 02:09:00.301170
4,201512312930083,PRIN,48,56,100,561,56100.00,2015-12-31 02:09:00.300830
5,201512312930073,PRIN,48,56,82,561,46002.00,2015-12-31 02:09:00.300730
6,201512312930046,PRIN,48,5,100,560,56000.00,2015-12-31 02:09:00.300460
7,201512312930054,PRIN,48,17,46,561,25806.00,2015-12-31 02:09:00.300540
8,201512312930013,PRIN,48,39,35,559,19565.00,2015-12-31 02:09:00.300130
9,201512312930018,PRIN,48,11,94,559,52546.00,2015-12-31 02:09:00.300180
10,201512312930024,PRIN,48,25,110,559,61490.00,2015-12-31 02:09:00.300240
11,201512312929979,PRIN,48,17,155,554,85870.00,2015-12-31 02:09:00.299790
12,201512312930003,PRIN,48,29,300,555,166500.00,2015-12-31 02:09:00.300030
13,201512312930004,PRIN,48,39,100,555,55500.00,2015-12-31 02:09:00.300040
14,201512312930005,PRIN,48,38,40,555,22200.00,2015-12-31 02:09:00.300050
15,201512312930006,PRIN,48,14,122,555,67710.00,2015-12-31 02:09:00.300060
16,201512312929971,PRIN,48,39,17,554,9418.00,2015-12-31 02:09:00.299710
17,201512312929956,PRIN,5,22,100,552,55200.00,2015-12-31 02:09:00.299560
18,201512312929816,PRIN,52,57,200,550,110000.00,2015-12-31 02:09:00.298160
19,201512312929810,PRIN,8,32,50,546,27300.00,2015-12-31 02:09:00.298100
20,201512312929776,PRIN,8,29,245,548,134260.00,2015-12-31 02:09:00.297760
21,201512312929756,PRIN,48,39,100,546,54600.00,2015-12-31 02:09:00.297560
22,201512312929740,PRIN,10,39,875,545,476875.00,2015-12-31 02:09:00.297400
23,201512312929728,PRIN,10,56,837,544,455328.00,2015-12-31 02:09:00.297280
24,201512312929620,PRIN,39,5,125,540,67500.00,2015-12-31 02:09:00.296200
25,201512312928616,PRIN,38,38,337,545,183665.00,2015-12-31 02:09:00.286160
26,201512312928590,PRIN,35,22,100,542,54200.00,2015-12-31 02:09:00.285900
27,201512312928483,PRIN,29,38,500,540,270000.00,2015-12-31 02:09:00.284830
28,201512312928186,PRIN,41,42,150,540,81000.00,2015-12-31 02:09:00.281860
29,201512312928187,PRIN,38,42,100,540,54000.00,2015-12-31 02:09:00.281870
30,201512312928188,PRIN,38,42,100,538,53800.00,2015-12-31 02:09:00.281880
31,201512312928189,PRIN,39,42,1000,538,538000.00,2015-12-31 02:09:00.281890
32,201512312928020,PRIN,41,57,500,544,272000.00,2015-12-31 02:09:00.280200
33,201512312927418,PRIN,25,39,100,553,55300.00,2015-12-31 02:09:00.274180
34,201512312927419,PRIN,25,56,237,555,131535.00,2015-12-31 02:09:00.274190
35,201512312927413,PRIN,25,41,142,549,77958.00,2015-12-31 02:09:00.274130
36,201512312927385,PRIN,39,43,600,548,328800.00,2015-12-31 02:09:00.273850
37,201512312927308,PRIN,32,47,50,550,27500.00,2015-12-31 02:09:00.273080
38,201512312927309,PRIN,32,47,50,550,27500.00,2015-12-31 02:09:00.273090
39,201512312927317,PRIN,41,47,400,540,216000.00,2015-12-31 02:09:00.273170
40,201512312927232,PRIN,48,43,162,554,89748.00,2015-12-31 02:09:00.272320
41,201512312927206,PRIN,48,48,3350,545,1825750.00,2015-12-31 02:09:00.272060
42,201512312927184,PRIN,38,50,550,548,301400.00,2015-12-31 02:09:00.271840
43,201512312927112,PRIN,38,5,47,548,25756.00,2015-12-31 02:09:00.271120
44,201512312926844,PRIN,25,11,200,538,107600.00,2015-12-31 02:09:00.268440
45,201512312926727,PRIN,38,11,100,528,52800.00,2015-12-31 02:09:00.267270
46,201512312926697,PRIN,35,35,3000,518,1554000.00,2015-12-31 02:09:00.266970
47,201512312926293,PRIN,48,10,1000,518,518000.00,2015-12-31 02:09:00.262930
48,201512312926258,PRIN,48,11,50,520,26000.00,2015-12-31 02:09:00.262580
49,201512292925818,PRIN,42,45,385,510,196350.00,2015-12-29 02:09:00.258180
50,201512292925765,PRIN,17,56,26,515,13390.00,2015-12-29 02:09:00.257650
51,201512292924871,PRIN,52,17,200,508,101600.00,2015-12-29 02:09:00.248710
52,201512292924847,PRIN,46,32,450,510,229500.00,2015-12-29 02:09:00.248470
53,201512292924762,PRIN,17,11,100,511,51100.00,2015-12-29 02:09:00.247620
54,201512292924481,PRIN,28,28,106,509,53954.00,2015-12-29 02:09:00.244810
55,201512292924376,PRIN,5,43,104,510,53040.00,2015-12-29 02:09:00.243760
56,201512292924219,PRIN,21,43,500,514,257000.00,2015-12-29 02:09:00.242190
57,201512292924188,PRIN,25,56,500,511,255500.00,2015-12-29 02:09:00.241880
58,201512292924189,PRIN,25,51,182,512,93184.00,2015-12-29 02:09:00.241890
59,201512292924196,PRIN,25,35,1000,512,512000.00,2015-12-29 02:09:00.241960
60,201512292923962,PRIN,28,54,216,510,110160.00,2015-12-29 02:09:00.239620
61,201512292923842,PRIN,25,7,13,506,6578.00,2015-12-29 02:09:00.238420
62,201512292923653,PRIN,48,26,228,510,116280.00,2015-12-29 02:09:00.236530
63,201512292923641,PRIN,48,51,362,510,184620.00,2015-12-29 02:09:00.236410
64,201512292923611,PRIN,25,43,880,506,445280.00,2015-12-29 02:09:00.236110
65,201512292923318,PRIN,25,41,200,510,102000.00,2015-12-29 02:09:00.233180
66,201512292922910,PRIN,28,11,500,510,255000.00,2015-12-29 02:09:00.229100
67,201512292922911,PRIN,28,11,20,510,10200.00,2015-12-29 02:09:00.229110
68,201512292922912,PRIN,28,25,200,510,102000.00,2015-12-29 02:09:00.229120
69,201512292922676,PRIN,25,39,1000,507,507000.00,2015-12-29 02:09:00.226760
70,201512292922677,PRIN,25,45,1000,507,507000.00,2015-12-29 02:09:00.226770
71,201512292922651,PRIN,28,26,199,505,100495.00,2015-12-29 02:09:00.226510
72,201512292922641,PRIN,28,56,218,504,109872.00,2015-12-29 02:09:00.226410
73,201512292922372,PRIN,38,58,135,498,67230.00,2015-12-29 02:09:00.223720
74,201512292922325,PRIN,38,45,685,502,343870.00,2015-12-29 02:09:00.223250
75,201512292922167,PRIN,21,6,128,499,63872.00,2015-12-29 02:09:00.221670
76,201512292922171,PRIN,21,26,162,500,81000.00,2015-12-29 02:09:00.221710
77,201512292922166,PRIN,21,6,74,498,36852.00,2015-12-29 02:09:00.221660
78,201512282920819,PRIN,21,39,38,491,18658.00,2015-12-28 02:09:00.208190
79,201512282920814,PRIN,21,8,247,484,119548.00,2015-12-28 02:09:00.208140
80,201512282920723,PRIN,32,14,500,475,237500.00,2015-12-28 02:09:00.207230
81,201512282920535,PRIN,1,34,200,471,94200.00,2015-12-28 02:09:00.205350
82,201512282919465,PRIN,25,25,537,470,252390.00,2015-12-28 02:09:00.194650
83,201512282919323,PRIN,21,43,227,478,108506.00,2015-12-28 02:09:00.193230
84,201512282918972,PRIN,39,17,170,470,79900.00,2015-12-28 02:09:00.189720
85,201512282918654,PRIN,37,8,100,475,47500.00,2015-12-28 02:09:00.186540
86,201512282918655,PRIN,41,8,300,473,141900.00,2015-12-28 02:09:00.186550
87,201512282918633,PRIN,52,8,50,480,24000.00,2015-12-28 02:09:00.186330
88,201512282918634,PRIN,1,8,1000,477,477000.00,2015-12-28 02:09:00.186340
89,201512282918635,PRIN,21,8,1000,476,476000.00,2015-12-28 02:09:00.186350
90,201512272917691,PRIN,53,38,478,482,230396.00,2015-12-27 02:09:00.176910
91,201512272917582,PRIN,21,8,677,488,330376.00,2015-12-27 02:09:00.175820
92,201512272917525,PRIN,21,8,500,488,244000.00,2015-12-27 02:09:00.175250
93,201512272917362,PRIN,14,56,114,491,55974.00,2015-12-27 02:09:00.173620
94,201512272917369,PRIN,52,39,100,491,49100.00,2015-12-27 02:09:00.173690
95,201512272916957,PRIN,46,17,352,490,172480.00,2015-12-27 02:09:00.169570
96,201512272916854,PRIN,14,33,25,491,12275.00,2015-12-27 02:09:00.168540
97,201512272916758,PRIN,29,32,36,498,17928.00,2015-12-27 02:09:00.167580
98,201512272916189,PRIN,44,16,254,489,124206.00,2015-12-27 02:09:00.161890
99,201512272916088,PRIN,21,21,500,480,240000.00,2015-12-27 02:09:00.160880
100,201512272915887,PRIN,21,17,169,476,80444.00,2015-12-27 02:09:00.158870
101,201512272915783,PRIN,6,33,200,467,93400.00,2015-12-27 02:09:00.157830
102,201512272914340,PRIN,48,48,3350,458,1534300.00,2015-12-27 02:09:00.143400
103,201512242912831,PRIN,42,57,550,467,256850.00,2015-12-24 02:09:00.128310
104,201512242912612,PRIN,25,32,295,467,137765.00,2015-12-24 02:09:00.126120
105,201512242912619,PRIN,25,11,416,467,194272.00,2015-12-24 02:09:00.126190
106,201512242912581,PRIN,25,26,550,466,256300.00,2015-12-24 02:09:00.125810
107,201512242912489,PRIN,25,17,537,465,249705.00,2015-12-24 02:09:00.124890
108,201512242912501,PRIN,42,17,1000,467,467000.00,2015-12-24 02:09:00.125010
109,201512242912430,PRIN,41,41,142,465,66030.00,2015-12-24 02:09:00.124300
110,201512242912368,PRIN,46,17,909,465,422685.00,2015-12-24 02:09:00.123680
111,201512242912176,PRIN,45,38,1223,464,567472.00,2015-12-24 02:09:00.121760
112,201512242911731,PRIN,25,49,1687,459,774333.00,2015-12-24 02:09:00.117310
113,201512242911622,PRIN,25,49,515,457,235355.00,2015-12-24 02:09:00.116220
114,201512242911602,PRIN,25,49,765,454,347310.00,2015-12-24 02:09:00.116020
115,201512242911614,PRIN,46,45,309,449,138741.00,2015-12-24 02:09:00.116140
116,201512242911615,PRIN,25,17,2941,455,1338155.00,2015-12-24 02:09:00.116150
117,201512242911494,PRIN,25,40,300,457,137100.00,2015-12-24 02:09:00.114940
118,201512242911465,PRIN,56,43,82,449,36818.00,2015-12-24 02:09:00.114650
119,201512242911428,PRIN,43,43,600,441,264600.00,2015-12-24 02:09:00.114280
120,201512242911378,PRIN,25,34,284,449,127516.00,2015-12-24 02:09:00.113780
121,201512242910925,PRIN,26,43,10,433,4330.00,2015-12-24 02:09:00.109250
122,201512242910938,PRIN,43,43,500,441,220500.00,2015-12-24 02:09:00.109380
123,201512232905705,PRIN,16,21,254,425,107950.00,2015-12-23 02:09:00.057050
124,201512222899627,PRIN,43,26,16,433,6928.00,2015-12-22 02:08:00.996270
125,201512222898419,PRIN,50,49,260,441,114660.00,2015-12-22 02:08:00.984190
126,201512222897328,PRIN,34,49,200,449,89800.00,2015-12-22 02:08:00.973280
127,201512212896001,PRIN,16,43,350,441,154350.00,2015-12-21 02:08:00.960010
128,201512212893964,PRIN,44,36,56,450,25200.00,2015-12-21 02:08:00.939640
129,201512212893844,PRIN,17,36,500,450,225000.00,2015-12-21 02:08:00.938440
130,201512202890471,PRIN,55,49,50,459,22950.00,2015-12-20 02:08:00.904710
131,201512202889468,PRIN,26,49,178,457,81346.00,2015-12-20 02:08:00.894680
132,201512172888329,PRIN,1,22,90,444,39960.00,2015-12-17 02:08:00.883290
133,201512172888330,PRIN,1,56,100,449,44900.00,2015-12-17 02:08:00.883300
134,201512172888232,PRIN,1,52,41,453,18573.00,2015-12-17 02:08:00.882320
135,201512172888247,PRIN,1,52,38,453,17214.00,2015-12-17 02:08:00.882470
136,201512172888157,PRIN,1,36,500,450,225000.00,2015-12-17 02:08:00.881570
137,201512172888178,PRIN,1,56,71,452,32092.00,2015-12-17 02:08:00.881780
138,201512172888144,PRIN,28,57,500,450,225000.00,2015-12-17 02:08:00.881440
139,201512172888090,PRIN,8,11,216,448,96768.00,2015-12-17 02:08:00.880900
140,201512172888104,PRIN,8,43,246,449,110454.00,2015-12-17 02:08:00.881040
141,201512172888008,PRIN,57,57,200,446,89200.00,2015-12-17 02:08:00.880080
142,201512172887083,PRIN,29,25,12,438,5256.00,2015-12-17 02:08:00.870830
143,201512172887075,PRIN,29,10,176,430,75680.00,2015-12-17 02:08:00.870750
144,201512172887078,PRIN,29,25,15,432,6480.00,2015-12-17 02:08:00.870780
145,201512172887079,PRIN,29,32,82,433,35506.00,2015-12-17 02:08:00.870790
146,201512172886661,PRIN,5,46,193,430,82990.00,2015-12-17 02:08:00.866610
147,201512172886496,PRIN,42,16,112,425,47600.00,2015-12-17 02:08:00.864960
148,201512162885097,PRIN,19,39,100,430,43000.00,2015-12-16 02:08:00.850970
149,201512162884784,PRIN,53,6,21,430,9030.00,2015-12-16 02:08:00.847840
150,201512162884286,PRIN,53,39,55,433,23815.00,2015-12-16 02:08:00.842860
151,201512162884027,PRIN,29,43,491,425,208675.00,2015-12-16 02:08:00.840270
152,201512162883996,PRIN,38,43,200,425,85000.00,2015-12-16 02:08:00.839960
153,201512162883982,PRIN,45,43,25,428,10700.00,2015-12-16 02:08:00.839820
154,201512162883958,PRIN,45,43,200,428,85600.00,2015-12-16 02:08:00.839580
155,201512162883935,PRIN,33,43,200,430,86000.00,2015-12-16 02:08:00.839350
156,201512162883909,PRIN,13,22,60,435,26100.00,2015-12-16 02:08:00.839090
157,201512162883910,PRIN,45,22,100,435,43500.00,2015-12-16 02:08:00.839100
158,201512162882892,PRIN,38,38,118,433,51094.00,2015-12-16 02:08:00.828920
159,201512162882876,PRIN,41,49,52,440,22880.00,2015-12-16 02:08:00.828760
160,201512162882862,PRIN,6,49,200,441,88200.00,2015-12-16 02:08:00.828620
161,201512162882863,PRIN,41,49,90,440,39600.00,2015-12-16 02:08:00.828630
162,201512162882856,PRIN,19,49,60,446,26760.00,2015-12-16 02:08:00.828560
163,201512162882857,PRIN,16,49,50,445,22250.00,2015-12-16 02:08:00.828570
164,201512162882719,PRIN,19,49,248,450,111600.00,2015-12-16 02:08:00.827190
165,201512162882708,PRIN,19,49,56,450,25200.00,2015-12-16 02:08:00.827080
166,201512162882637,PRIN,1,49,20,460,9200.00,2015-12-16 02:08:00.826370
167,201512162882638,PRIN,57,49,500,455,227500.00,2015-12-16 02:08:00.826380
168,201512162882615,PRIN,45,49,950,457,434150.00,2015-12-16 02:08:00.826150
169,201512162882583,PRIN,19,25,176,458,80608.00,2015-12-16 02:08:00.825830
170,201512162882569,PRIN,42,49,10,460,4600.00,2015-12-16 02:08:00.825690
171,201512162882570,PRIN,37,49,100,460,46000.00,2015-12-16 02:08:00.825700
172,201512162882472,PRIN,19,43,300,465,139500.00,2015-12-16 02:08:00.824720
173,201512162882473,PRIN,19,56,210,465,97650.00,2015-12-16 02:08:00.824730
174,201512162882366,PRIN,6,45,191,460,87860.00,2015-12-16 02:08:00.823660
175,201512162882347,PRIN,42,43,90,460,41400.00,2015-12-16 02:08:00.823470
176,201512162882294,PRIN,47,19,101,469,47369.00,2015-12-16 02:08:00.822940
177,201512162882122,PRIN,19,43,138,466,64308.00,2015-12-16 02:08:00.821220
178,201512162882105,PRIN,29,43,100,458,45800.00,2015-12-16 02:08:00.821050
179,201512162882065,PRIN,45,43,50,457,22850.00,2015-12-16 02:08:00.820650
180,201512162881914,PRIN,29,49,50,453,22650.00,2015-12-16 02:08:00.819140
181,201512162881826,PRIN,16,43,300,445,133500.00,2015-12-16 02:08:00.818260
182,201512162881737,PRIN,19,49,500,437,218500.00,2015-12-16 02:08:00.817370
183,201512152881595,PRIN,45,14,84,429,36036.00,2015-12-15 02:08:00.815950
184,201512152881448,PRIN,38,43,150,428,64200.00,2015-12-15 02:08:00.814480
185,201512152881449,PRIN,38,49,53,428,22684.00,2015-12-15 02:08:00.814490
186,201512152881254,PRIN,28,43,394,427,168238.00,2015-12-15 02:08:00.812540
187,201512152881231,PRIN,28,43,200,425,85000.00,2015-12-15 02:08:00.812310
188,201512152881203,PRIN,5,7,218,422,91996.00,2015-12-15 02:08:00.812030
189,201512152880841,PRIN,1,7,200,425,85000.00,2015-12-15 02:08:00.808410
190,201512152880818,PRIN,49,7,100,426,42600.00,2015-12-15 02:08:00.808180
191,201512152880613,PRIN,1,43,500,427,213500.00,2015-12-15 02:08:00.806130
192,201512152880458,PRIN,29,43,500,427,213500.00,2015-12-15 02:08:00.804580
193,201512152880118,PRIN,46,11,56,424,23744.00,2015-12-15 02:08:00.801180
194,201512152880130,PRIN,46,43,500,427,213500.00,2015-12-15 02:08:00.801300
195,201512152879918,PRIN,38,34,337,420,141540.00,2015-12-15 02:08:00.799180
196,201512152879735,PRIN,13,49,528,420,221760.00,2015-12-15 02:08:00.797350
197,201512152879681,PRIN,26,41,550,415,228250.00,2015-12-15 02:08:00.796810
198,201512152879647,PRIN,5,41,125,416,52000.00,2015-12-15 02:08:00.796470
199,201512152879495,PRIN,32,45,55,420,23100.00,2015-12-15 02:08:00.794950
200,201512152879479,PRIN,17,41,1000,415,415000.00,2015-12-15 02:08:00.794790
201,201512152879400,PRIN,32,47,36,428,15408.00,2015-12-15 02:08:00.794000
202,201512152879402,PRIN,28,43,508,420,213360.00,2015-12-15 02:08:00.794020
203,201512152879384,PRIN,38,57,60,420,25200.00,2015-12-15 02:08:00.793840
204,201512152879385,PRIN,22,57,500,420,210000.00,2015-12-15 02:08:00.793850
205,201512152879391,PRIN,38,43,723,420,303660.00,2015-12-15 02:08:00.793910
206,201512152879392,PRIN,32,57,240,420,100800.00,2015-12-15 02:08:00.793920
207,201512152879378,PRIN,38,43,240,420,100800.00,2015-12-15 02:08:00.793780
208,201512152879350,PRIN,38,43,200,420,84000.00,2015-12-15 02:08:00.793500
209,201512152879355,PRIN,17,34,537,420,225540.00,2015-12-15 02:08:00.793550
210,201512152879307,PRIN,11,43,200,412,82400.00,2015-12-15 02:08:00.793070
211,201512152879267,PRIN,7,43,13,404,5252.00,2015-12-15 02:08:00.792670
212,201512152879272,PRIN,17,34,909,404,367236.00,2015-12-15 02:08:00.792720
213,201512152879249,PRIN,32,43,50,397,19850.00,2015-12-15 02:08:00.792490
214,201512142878385,PRIN,40,49,300,390,117000.00,2015-12-14 02:08:00.783850
215,201512142877984,PRIN,28,33,260,385,100100.00,2015-12-14 02:08:00.779840
216,201512142877951,PRIN,46,22,193,385,74305.00,2015-12-14 02:08:00.779510
217,201512132875955,PRIN,55,22,19,392,7448.00,2015-12-13 02:08:00.759550
218,201512132875389,PRIN,13,19,303,390,118170.00,2015-12-13 02:08:00.753890
219,201512132874076,PRIN,16,19,155,390,60450.00,2015-12-13 02:08:00.740760
220,201512102872606,PRIN,6,6,133,385,51205.00,2015-12-10 02:08:00.726060
221,201512092869379,PRIN,57,57,500,390,195000.00,2015-12-09 02:08:00.693790
222,201512092868245,PRIN,28,43,25,390,9750.00,2015-12-09 02:08:00.682450
223,201512092868233,PRIN,28,17,135,389,52515.00,2015-12-09 02:08:00.682330
224,201512092868239,PRIN,28,5,446,390,173940.00,2015-12-09 02:08:00.682390
225,201512092867050,PRIN,45,1,155,383,59365.00,2015-12-09 02:08:00.670500
226,201512092867047,PRIN,45,5,36,383,13788.00,2015-12-09 02:08:00.670470
227,201512082866838,PRIN,43,43,25,376,9400.00,2015-12-08 02:08:00.668380
228,201512082866000,PRIN,40,34,40,370,14800.00,2015-12-08 02:08:00.660000
229,201512082865265,PRIN,49,49,430,369,158670.00,2015-12-08 02:08:00.652650
230,201512082865271,PRIN,49,49,98,369,36162.00,2015-12-08 02:08:00.652710
231,201512072863260,PRIN,32,16,82,375,30750.00,2015-12-07 02:08:00.632600
232,201512072863031,PRIN,11,43,216,370,79920.00,2015-12-07 02:08:00.630310
233,201512072862950,PRIN,40,16,100,371,37100.00,2015-12-07 02:08:00.629500
234,201512062860489,PRIN,21,43,254,375,95250.00,2015-12-06 02:08:00.604890
235,201512062860403,PRIN,11,43,56,369,20664.00,2015-12-06 02:08:00.604030
236,201512062860122,PRIN,43,43,13,362,4706.00,2015-12-06 02:08:00.601220
237,201512022856033,PRIN,51,17,120,398,47760.00,2015-12-02 02:08:00.560330
238,201512022855760,PRIN,13,29,1000,392,392000.00,2015-12-02 02:08:00.557600
239,201512022855667,PRIN,13,26,85,399,33915.00,2015-12-02 02:08:00.556670
240,201512022855632,PRIN,13,46,39,397,15483.00,2015-12-02 02:08:00.556320
241,201512022855181,PRIN,50,41,151,388,58588.00,2015-12-02 02:08:00.551810
242,201512022855186,PRIN,50,26,108,390,42120.00,2015-12-02 02:08:00.551860
243,201512022855052,PRIN,13,7,775,386,299150.00,2015-12-02 02:08:00.550520
244,201512022855040,PRIN,33,7,62,386,23932.00,2015-12-02 02:08:00.550400
245,201512022854702,PRIN,5,55,11,392,4312.00,2015-12-02 02:08:00.547020
246,201512012853888,PRIN,28,34,523,400,209200.00,2015-12-01 02:08:00.538880
247,201512012853605,PRIN,37,43,100,399,39900.00,2015-12-01 02:08:00.536050
248,201512012853331,PRIN,5,21,140,392,54880.00,2015-12-01 02:08:00.533310
249,201512012853338,PRIN,43,43,25,392,9800.00,2015-12-01 02:08:00.533380
250,201512012853323,PRIN,45,43,20,385,7700.00,2015-12-01 02:08:00.533230
251,201512012853310,PRIN,13,34,650,384,249600.00,2015-12-01 02:08:00.533100
252,201512012852755,PRIN,10,34,372,385,143220.00,2015-12-01 02:08:00.527550
253,201511262846544,PRIN,5,42,20,382,7640.00,2015-11-26 02:08:00.465440
254,201511262846545,PRIN,56,42,200,382,76400.00,2015-11-26 02:08:00.465450
255,201511252844518,PRIN,28,40,120,389,46680.00,2015-11-25 02:08:00.445180
256,201511252842542,PRIN,28,17,67,382,25594.00,2015-11-25 02:08:00.425420
257,201511252842266,PRIN,21,21,140,383,53620.00,2015-11-25 02:08:00.422660
258,201511242841600,PRIN,28,16,37,382,14134.00,2015-11-24 02:08:00.416000
259,201511242839931,PRIN,28,41,14,385,5390.00,2015-11-24 02:08:00.399310
260,201511242839684,PRIN,56,34,200,385,77000.00,2015-11-24 02:08:00.396840
261,201511232836017,PRIN,22,7,21,384,8064.00,2015-11-23 02:08:00.360170
262,201511232836029,PRIN,22,10,124,385,47740.00,2015-11-23 02:08:00.360290
263,201511232835085,PRIN,28,34,226,383,86558.00,2015-11-23 02:08:00.350850
264,201511232834705,PRIN,28,16,37,390,14430.00,2015-11-23 02:08:00.347050
265,201511192832332,PRIN,28,58,244,397,96868.00,2015-11-19 02:08:00.323320
266,201511192832082,PRIN,22,56,100,400,40000.00,2015-11-19 02:08:00.320820
267,201511192832074,PRIN,55,33,100,398,39800.00,2015-11-19 02:08:00.320740
268,201511192832009,PRIN,55,32,174,398,69252.00,2015-11-19 02:08:00.320090
269,201511192831922,PRIN,55,32,500,398,199000.00,2015-11-19 02:08:00.319220
270,201511192831559,PRIN,55,14,365,396,144540.00,2015-11-19 02:08:00.315590
271,201511192831400,PRIN,55,17,63,396,24948.00,2015-11-19 02:08:00.314000
272,201511182831225,PRIN,40,41,200,396,79200.00,2015-11-18 02:08:00.312250
273,201511182830691,PRIN,40,36,335,399,133665.00,2015-11-18 02:08:00.306910
274,201511182830199,PRIN,55,17,100,392,39200.00,2015-11-18 02:08:00.301990
275,201511182830064,PRIN,55,41,11,385,4235.00,2015-11-18 02:08:00.300640
276,201511182829719,PRIN,32,32,896,378,338688.00,2015-11-18 02:08:00.297190
277,201511162828805,PRIN,48,53,110,385,42350.00,2015-11-16 02:08:00.288050
278,201511092826092,PRIN,17,17,100,378,37800.00,2015-11-09 02:08:00.260920
279,201511092826089,PRIN,17,39,13,378,4914.00,2015-11-09 02:08:00.260890
280,201511092825043,PRIN,17,17,63,371,23373.00,2015-11-09 02:08:00.250430
281,201511052822834,PRIN,48,39,14,371,5194.00,2015-11-05 02:08:00.228340
282,201511042821464,PRIN,25,25,55,364,20020.00,2015-11-04 02:08:00.214640
283,201511022820098,PRIN,50,13,1432,366,524112.00,2015-11-02 02:08:00.200980
284,201511022819889,PRIN,57,13,326,372,121272.00,2015-11-02 02:08:00.198890
285,201511012818720,PRIN,40,38,120,365,43800.00,2015-11-01 02:08:00.187200
286,201511012818393,PRIN,45,33,20,368,7360.00,2015-11-01 02:08:00.183930
287,201511012818218,PRIN,25,32,550,368,202400.00,2015-11-01 02:08:00.182180
288,201511012817995,PRIN,51,33,29,368,10672.00,2015-11-01 02:08:00.179950
289,201510292816879,PRIN,45,45,344,375,129000.00,2015-10-29 02:08:00.168790
290,201510292816603,PRIN,25,56,13,378,4914.00,2015-10-29 02:08:00.166030
291,201510292816482,PRIN,56,56,100,380,38000.00,2015-10-29 02:08:00.164820
292,201510292816483,PRIN,47,56,90,378,34020.00,2015-10-29 02:08:00.164830
293,201510282814907,PRIN,25,34,580,385,223300.00,2015-10-28 02:08:00.149070
294,201510152809245,PRIN,57,32,1000,392,392000.00,2015-10-15 02:08:00.092450
295,201510152808248,PRIN,42,42,44,387,17028.00,2015-10-15 02:08:00.082480
296,201510142807328,PRIN,41,32,125,393,49125.00,2015-10-14 02:08:00.073280
297,201510142807299,PRIN,41,14,260,393,102180.00,2015-10-14 02:08:00.072990
298,201510112805827,PRIN,44,29,1000,386,386000.00,2015-10-11 02:08:00.058270
299,201510112805365,PRIN,44,32,593,393,233049.00,2015-10-11 02:08:00.053650
300,201510082804328,PRIN,50,20,500,401,200500.00,2015-10-08 02:08:00.043280
301,201510082804145,PRIN,7,26,500,397,198500.00,2015-10-08 02:08:00.041450
302,201510082804033,PRIN,47,6,117,396,46332.00,2015-10-08 02:08:00.040330
303,201510082803846,PRIN,52,46,15,394,5910.00,2015-10-08 02:08:00.038460
304,201510082802592,PRIN,52,16,40,402,16080.00,2015-10-08 02:08:00.025920
305,201510062799231,PRIN,43,29,161,410,66010.00,2015-10-06 02:07:00.992310
306,201510052798164,PRIN,43,32,135,410,55350.00,2015-10-05 02:07:00.981640
307,201510052797864,PRIN,39,20,59,409,24131.00,2015-10-05 02:07:00.978640
308,201510052797458,PRIN,33,6,217,409,88753.00,2015-10-05 02:07:00.974580
309,201510012793086,PRIN,44,39,17,415,7055.00,2015-10-01 02:07:00.930860
310,201509302791316,PRIN,17,19,100,420,42000.00,2015-09-30 02:07:00.913160
311,201509302790559,PRIN,33,33,1550,420,651000.00,2015-09-30 02:07:00.905590
312,201509302788727,PRIN,13,17,843,420,354060.00,2015-09-30 02:07:00.887270
313,201509282783914,PRIN,25,29,404,420,169680.00,2015-09-28 02:07:00.839140
314,201509282783895,PRIN,25,35,50,420,21000.00,2015-09-28 02:07:00.838950
315,201509242783357,PRIN,13,5,13,425,5525.00,2015-09-24 02:07:00.833570
316,201509242783359,PRIN,13,5,13,425,5525.00,2015-09-24 02:07:00.833590
317,201509242783361,PRIN,39,5,13,425,5525.00,2015-09-24 02:07:00.833610
318,201509242783355,PRIN,13,5,61,425,25925.00,2015-09-24 02:07:00.833550
319,201509242782666,PRIN,13,41,110,422,46420.00,2015-09-24 02:07:00.826660
320,201509232779782,PRIN,17,47,156,420,65520.00,2015-09-23 02:07:00.797820
321,201509232779558,PRIN,25,21,500,425,212500.00,2015-09-23 02:07:00.795580
322,201509222777952,PRIN,22,56,255,433,110415.00,2015-09-22 02:07:00.779520
323,201509222777592,PRIN,22,7,282,441,124362.00,2015-09-22 02:07:00.775920
324,201509172773887,PRIN,25,43,500,450,225000.00,2015-09-17 02:07:00.738870
325,201509172773892,PRIN,10,43,1000,446,446000.00,2015-09-17 02:07:00.738920
326,201509172773898,PRIN,17,43,100,445,44500.00,2015-09-17 02:07:00.738980
327,201509172773002,PRIN,46,42,120,455,54600.00,2015-09-17 02:07:00.730020
328,201509162772578,PRIN,43,43,13,447,5811.00,2015-09-16 02:07:00.725780
329,201509162771860,PRIN,39,43,500,440,220000.00,2015-09-16 02:07:00.718600
330,201509162771838,PRIN,39,26,318,439,139602.00,2015-09-16 02:07:00.718380
331,201509162771014,PRIN,40,42,744,432,321408.00,2015-09-16 02:07:00.710140
332,201509162770858,PRIN,45,34,500,440,220000.00,2015-09-16 02:07:00.708580
333,201509142766126,PRIN,32,20,300,439,131700.00,2015-09-14 02:07:00.661260
334,201509142764947,PRIN,43,43,3000,440,1320000.00,2015-09-14 02:07:00.649470
335,201509132764001,PRIN,49,40,26,442,11492.00,2015-09-13 02:07:00.640010
336,201509132763536,PRIN,58,38,502,440,220880.00,2015-09-13 02:07:00.635360
337,201509132763160,PRIN,11,26,51,440,22440.00,2015-09-13 02:07:00.631600
338,201509132763147,PRIN,11,26,26,440,11440.00,2015-09-13 02:07:00.631470
339,201509102761530,PRIN,56,22,200,441,88200.00,2015-09-10 02:07:00.615300
340,201509102761536,PRIN,47,26,117,445,52065.00,2015-09-10 02:07:00.615360
341,201509102760762,PRIN,47,17,2941,437,1285217.00,2015-09-10 02:07:00.607620
342,201509102760494,PRIN,19,26,70,445,31150.00,2015-09-10 02:07:00.604940
343,201509102760328,PRIN,47,34,1860,437,812820.00,2015-09-10 02:07:00.603280
344,201509102760098,PRIN,56,34,150,445,66750.00,2015-09-10 02:07:00.600980
345,201509102759999,PRIN,19,19,165,446,73590.00,2015-09-10 02:07:00.599990
346,201509092759045,PRIN,50,6,381,446,169926.00,2015-09-09 02:07:00.590450
347,201509092759004,PRIN,22,38,63,452,28476.00,2015-09-09 02:07:00.590040
348,201509092759010,PRIN,19,38,105,450,47250.00,2015-09-09 02:07:00.590100
349,201509092758061,PRIN,1,42,216,456,98496.00,2015-09-09 02:07:00.580610
350,201509092757933,PRIN,1,51,250,456,114000.00,2015-09-09 02:07:00.579330
351,201509092757925,PRIN,47,51,1100,455,500500.00,2015-09-09 02:07:00.579250
352,201509092757719,PRIN,56,44,200,454,90800.00,2015-09-09 02:07:00.577190
353,201509082756719,PRIN,56,19,155,446,69130.00,2015-09-08 02:07:00.567190
354,201509082756082,PRIN,47,19,738,447,329886.00,2015-09-08 02:07:00.560820
355,201509072754633,PRIN,38,44,500,443,221500.00,2015-09-07 02:07:00.546330
356,201509072754487,PRIN,21,19,40,444,17760.00,2015-09-07 02:07:00.544870
357,201509072754491,PRIN,21,19,40,444,17760.00,2015-09-07 02:07:00.544910
358,201509072753813,PRIN,38,44,500,443,221500.00,2015-09-07 02:07:00.538130
359,201509072753788,PRIN,56,20,59,444,26196.00,2015-09-07 02:07:00.537880
360,201509062752856,PRIN,14,26,68,452,30736.00,2015-09-06 02:07:00.528560
361,201509062752405,PRIN,52,26,119,452,53788.00,2015-09-06 02:07:00.524050
362,201509062752198,PRIN,26,19,483,451,217833.00,2015-09-06 02:07:00.521980
363,201509062752168,PRIN,25,49,14,452,6328.00,2015-09-06 02:07:00.521680
364,201509062752135,PRIN,25,10,31,452,14012.00,2015-09-06 02:07:00.521350
365,201509062751383,PRIN,8,19,153,460,70380.00,2015-09-06 02:07:00.513830
366,201509032748241,PRIN,25,26,100,451,45100.00,2015-09-03 02:07:00.482410
367,201509022747176,PRIN,48,16,76,460,34960.00,2015-09-02 02:07:00.471760
368,201509022747035,PRIN,48,13,85,464,39440.00,2015-09-02 02:07:00.470350
369,201509022746454,PRIN,51,13,103,460,47380.00,2015-09-02 02:07:00.464540
370,201509022746361,PRIN,51,45,200,460,92000.00,2015-09-02 02:07:00.463610
371,201509022746070,PRIN,50,50,335,460,154100.00,2015-09-02 02:07:00.460700
372,201509022746013,PRIN,6,49,41,467,19147.00,2015-09-02 02:07:00.460130
373,201509012744202,PRIN,41,6,113,476,53788.00,2015-09-01 02:07:00.442020
374,201509012743386,PRIN,28,32,17,482,8194.00,2015-09-01 02:07:00.433860
375,201509012743299,PRIN,28,6,50,482,24100.00,2015-09-01 02:07:00.432990
376,201509012743285,PRIN,32,50,200,481,96200.00,2015-09-01 02:07:00.432850
377,201509012742509,PRIN,32,52,200,490,98000.00,2015-09-01 02:07:00.425090
378,201509012742516,PRIN,34,52,109,490,53410.00,2015-09-01 02:07:00.425160
379,201508312741920,PRIN,21,41,185,500,92500.00,2015-08-31 02:07:00.419200
380,201508312741923,PRIN,17,7,400,500,200000.00,2015-08-31 02:07:00.419230
381,201508312741924,PRIN,17,17,108,500,54000.00,2015-08-31 02:07:00.419240
382,201508312741879,PRIN,21,13,303,500,151500.00,2015-08-31 02:07:00.418790
383,201508312741882,PRIN,33,21,162,500,81000.00,2015-08-31 02:07:00.418820
384,201508312741800,PRIN,47,34,453,499,226047.00,2015-08-31 02:07:00.418000
385,201508312741813,PRIN,7,49,1000,498,498000.00,2015-08-31 02:07:00.418130
386,201508312741710,PRIN,47,22,200,499,99800.00,2015-08-31 02:07:00.417100
387,201508312741719,PRIN,47,10,526,500,263000.00,2015-08-31 02:07:00.417190
388,201508312741564,PRIN,17,50,122,500,61000.00,2015-08-31 02:07:00.415640
389,201508312741566,PRIN,17,26,200,500,100000.00,2015-08-31 02:07:00.415660
390,201508312741567,PRIN,17,44,80,500,40000.00,2015-08-31 02:07:00.415670
391,201508312741539,PRIN,17,14,26,494,12844.00,2015-08-31 02:07:00.415390
392,201508312741541,PRIN,17,10,28,495,13860.00,2015-08-31 02:07:00.415410
393,201508312741542,PRIN,17,10,28,495,13860.00,2015-08-31 02:07:00.415420
394,201508312741543,PRIN,17,10,31,495,15345.00,2015-08-31 02:07:00.415430
395,201508312741551,PRIN,17,10,31,495,15345.00,2015-08-31 02:07:00.415510
396,201508312741552,PRIN,17,10,31,495,15345.00,2015-08-31 02:07:00.415520
397,201508312741553,PRIN,17,6,300,499,149700.00,2015-08-31 02:07:00.415530
398,201508312741556,PRIN,17,22,68,500,34000.00,2015-08-31 02:07:00.415560
399,201508312741537,PRIN,17,37,46,493,22678.00,2015-08-31 02:07:00.415370
400,201508312741101,PRIN,32,37,174,485,84390.00,2015-08-31 02:07:00.411010
401,201508312740897,PRIN,45,37,100,490,49000.00,2015-08-31 02:07:00.408970
402,201508312740579,PRIN,47,37,163,491,80033.00,2015-08-31 02:07:00.405790
403,201508312740420,PRIN,45,6,500,492,246000.00,2015-08-31 02:07:00.404200
404,201508312740243,PRIN,45,3,40,490,19600.00,2015-08-31 02:07:00.402430
405,201508312740217,PRIN,17,3,79,490,38710.00,2015-08-31 02:07:00.402170
406,201508312740186,PRIN,19,3,79,491,38789.00,2015-08-31 02:07:00.401860
407,201508272738841,PRIN,38,49,335,494,165490.00,2015-08-27 02:07:00.388410
408,201508272738842,PRIN,21,34,882,496,437472.00,2015-08-27 02:07:00.388420
409,201508272738791,PRIN,43,37,53,499,26447.00,2015-08-27 02:07:00.387910
410,201508272738517,PRIN,38,45,55,494,27170.00,2015-08-27 02:07:00.385170
411,201508272738419,PRIN,38,37,139,497,69083.00,2015-08-27 02:07:00.384190
412,201508272738423,PRIN,38,18,500,498,249000.00,2015-08-27 02:07:00.384230
413,201508272738424,PRIN,38,17,800,499,399200.00,2015-08-27 02:07:00.384240
414,201508272738408,PRIN,38,37,295,497,146615.00,2015-08-27 02:07:00.384080
415,201508272738336,PRIN,33,57,140,495,69300.00,2015-08-27 02:07:00.383360
416,201508272738240,PRIN,38,39,41,495,20295.00,2015-08-27 02:07:00.382400
417,201508272738227,PRIN,38,37,535,497,265895.00,2015-08-27 02:07:00.382270
418,201508272738074,PRIN,59,59,502,498,249996.00,2015-08-27 02:07:00.380740
419,201508272738041,PRIN,38,56,275,498,136950.00,2015-08-27 02:07:00.380410
420,201508272737985,PRIN,38,14,119,497,59143.00,2015-08-27 02:07:00.379850
421,201508272737990,PRIN,38,37,500,498,249000.00,2015-08-27 02:07:00.379900
422,201508272737924,PRIN,38,47,450,495,222750.00,2015-08-27 02:07:00.379240
423,201508272737928,PRIN,34,11,100,496,49600.00,2015-08-27 02:07:00.379280
424,201508272737858,PRIN,38,43,68,497,33796.00,2015-08-27 02:07:00.378580
425,201508272737480,PRIN,38,37,138,499,68862.00,2015-08-27 02:07:00.374800
426,201508272737454,PRIN,41,37,31,500,15500.00,2015-08-27 02:07:00.374540
427,201508272737404,PRIN,16,56,100,496,49600.00,2015-08-27 02:07:00.374040
428,201508272737294,PRIN,38,17,880,496,436480.00,2015-08-27 02:07:00.372940
429,201508272737130,PRIN,38,53,588,496,291648.00,2015-08-27 02:07:00.371300
430,201508272737032,PRIN,38,17,1000,500,500000.00,2015-08-27 02:07:00.370320
431,201508272737024,PRIN,38,37,250,499,124750.00,2015-08-27 02:07:00.370240
432,201508272737025,PRIN,38,44,20,500,10000.00,2015-08-27 02:07:00.370250
433,201508272737026,PRIN,38,45,177,500,88500.00,2015-08-27 02:07:00.370260
434,201508272737027,PRIN,38,11,69,500,34500.00,2015-08-27 02:07:00.370270
435,201508272737028,PRIN,38,25,62,500,31000.00,2015-08-27 02:07:00.370280
436,201508272736951,PRIN,38,16,252,497,125244.00,2015-08-27 02:07:00.369510
437,201508272736956,PRIN,38,56,180,498,89640.00,2015-08-27 02:07:00.369560
438,201508272736834,PRIN,38,44,10,499,4990.00,2015-08-27 02:07:00.368340
439,201508272736826,PRIN,38,38,216,499,107784.00,2015-08-27 02:07:00.368260
440,201508272736807,PRIN,38,38,216,499,107784.00,2015-08-27 02:07:00.368070
441,201508272736791,PRIN,38,34,200,494,98800.00,2015-08-27 02:07:00.367910
442,201508272736760,PRIN,48,16,65,490,31850.00,2015-08-27 02:07:00.367600
443,201508272736736,PRIN,6,6,420,485,203700.00,2015-08-27 02:07:00.367360
444,201508272736727,PRIN,46,46,55,494,27170.00,2015-08-27 02:07:00.367270
445,201508272736730,PRIN,46,22,68,494,33592.00,2015-08-27 02:07:00.367300
446,201508272736721,PRIN,33,22,780,490,382200.00,2015-08-27 02:07:00.367210
447,201508272736582,PRIN,38,6,1287,485,624195.00,2015-08-27 02:07:00.365820
448,201508262736285,PRIN,38,20,243,478,116154.00,2015-08-26 02:07:00.362850
449,201508262736239,PRIN,33,22,92,476,43792.00,2015-08-26 02:07:00.362390
450,201508262736164,PRIN,8,58,216,470,101520.00,2015-08-26 02:07:00.361640
451,201508262735938,PRIN,50,1,2006,470,942820.00,2015-08-26 02:07:00.359380
452,201508262735831,PRIN,33,29,406,471,191226.00,2015-08-26 02:07:00.358310
453,201508262735748,PRIN,48,22,152,470,71440.00,2015-08-26 02:07:00.357480
454,201508262735613,PRIN,33,7,92,475,43700.00,2015-08-26 02:07:00.356130
455,201508262735500,PRIN,45,56,12,478,5736.00,2015-08-26 02:07:00.355000
456,201508262735361,PRIN,33,43,100,475,47500.00,2015-08-26 02:07:00.353610
457,201508262735305,PRIN,48,43,200,475,95000.00,2015-08-26 02:07:00.353050
458,201508262735007,PRIN,25,51,165,470,77550.00,2015-08-26 02:07:00.350070
459,201508262734694,PRIN,33,39,233,476,110908.00,2015-08-26 02:07:00.346940
460,201508262734557,PRIN,33,22,68,482,32776.00,2015-08-26 02:07:00.345570
461,201508262734499,PRIN,25,16,500,470,235000.00,2015-08-26 02:07:00.344990
462,201508262734501,PRIN,40,42,22,479,10538.00,2015-08-26 02:07:00.345010
463,201508262734482,PRIN,33,22,68,475,32300.00,2015-08-26 02:07:00.344820
464,201508252734249,PRIN,50,58,35,470,16450.00,2015-08-25 02:07:00.342490
465,201508252733886,PRIN,50,6,450,464,208800.00,2015-08-25 02:07:00.338860
466,201508252733452,PRIN,17,25,42,461,19362.00,2015-08-25 02:07:00.334520
467,201508252733379,PRIN,16,5,133,466,61978.00,2015-08-25 02:07:00.333790
468,201508252733289,PRIN,48,43,68,467,31756.00,2015-08-25 02:07:00.332890
469,201508252732624,PRIN,42,26,145,475,68875.00,2015-08-25 02:07:00.326240
470,201508252732535,PRIN,34,46,200,471,94200.00,2015-08-25 02:07:00.325350
471,201508242732098,PRIN,34,22,165,480,79200.00,2015-08-24 02:07:00.320980
472,201508242732049,PRIN,34,7,34,489,16626.00,2015-08-24 02:07:00.320490
473,201508242731985,PRIN,34,22,500,488,244000.00,2015-08-24 02:07:00.319850
474,201508242731981,PRIN,22,48,27,489,13203.00,2015-08-24 02:07:00.319810
475,201508242730937,PRIN,19,42,100,498,49800.00,2015-08-24 02:07:00.309370
476,201508242730879,PRIN,19,56,93,494,45942.00,2015-08-24 02:07:00.308790
477,201508242730853,PRIN,19,52,214,493,105502.00,2015-08-24 02:07:00.308530
478,201508242730748,PRIN,34,52,140,490,68600.00,2015-08-24 02:07:00.307480
479,201508242730749,PRIN,34,22,200,490,98000.00,2015-08-24 02:07:00.307490
480,201508242730579,PRIN,45,22,39,499,19461.00,2015-08-24 02:07:00.305790
481,201508242730421,PRIN,34,17,85,490,41650.00,2015-08-24 02:07:00.304210
482,201508242730304,PRIN,34,41,500,488,244000.00,2015-08-24 02:07:00.303040
483,201508242730159,PRIN,50,22,494,490,242060.00,2015-08-24 02:07:00.301590
484,201508242730104,PRIN,26,17,31,493,15283.00,2015-08-24 02:07:00.301040
485,201508242730090,PRIN,34,17,100,494,49400.00,2015-08-24 02:07:00.300900
486,201508242730056,PRIN,34,57,150,494,74100.00,2015-08-24 02:07:00.300560
487,201508242730041,PRIN,34,17,200,494,98800.00,2015-08-24 02:07:00.300410
488,201508242729977,PRIN,34,13,540,494,266760.00,2015-08-24 02:07:00.299770
489,201508242729893,PRIN,50,56,306,499,152694.00,2015-08-24 02:07:00.298930
490,201508242729816,PRIN,5,56,100,502,50200.00,2015-08-24 02:07:00.298160
491,201508242729731,PRIN,34,6,16,495,7920.00,2015-08-24 02:07:00.297310
492,201508242729689,PRIN,34,46,100,495,49500.00,2015-08-24 02:07:00.296890
493,201508242729627,PRIN,38,56,104,493,51272.00,2015-08-24 02:07:00.296270
494,201508232728410,PRIN,17,41,162,484,78408.00,2015-08-23 02:07:00.284100
495,201508232727079,PRIN,28,56,100,480,48000.00,2015-08-23 02:07:00.270790
496,201508232727080,PRIN,28,17,15,480,7200.00,2015-08-23 02:07:00.270800
497,201508232726654,PRIN,41,22,100,478,47800.00,2015-08-23 02:07:00.266540
498,201508232726675,PRIN,55,55,324,477,154548.00,2015-08-23 02:07:00.266750
499,201508232726676,PRIN,41,5,112,479,53648.00,2015-08-23 02:07:00.266760
500,201508232726567,PRIN,35,17,100,471,47100.00,2015-08-23 02:07:00.265670
501,201508232726515,PRIN,22,22,61,478,29158.00,2015-08-23 02:07:00.265150
502,201508232726526,PRIN,55,8,863,470,405610.00,2015-08-23 02:07:00.265260
503,201508232725115,PRIN,50,5,122,471,57462.00,2015-08-23 02:07:00.251150
504,201508232725125,PRIN,50,28,742,471,349482.00,2015-08-23 02:07:00.251250
505,201508232725128,PRIN,50,21,600,471,282600.00,2015-08-23 02:07:00.251280
506,201508202719995,PRIN,59,58,11,480,5280.00,2015-08-20 02:07:00.199950
507,201508202719265,PRIN,59,59,135,483,65205.00,2015-08-20 02:07:00.192650
508,201508202719247,PRIN,59,16,488,483,235704.00,2015-08-20 02:07:00.192470
509,201508202719080,PRIN,19,39,84,482,40488.00,2015-08-20 02:07:00.190800
510,201508202718133,PRIN,7,43,200,486,97200.00,2015-08-20 02:07:00.181330
511,201508202718152,PRIN,52,43,200,484,96800.00,2015-08-20 02:07:00.181520
512,201508202718056,PRIN,41,36,385,485,186725.00,2015-08-20 02:07:00.180560
513,201508202717944,PRIN,7,56,100,486,48600.00,2015-08-20 02:07:00.179440
514,201508202717836,PRIN,49,49,190,487,92530.00,2015-08-20 02:07:00.178360
515,201508202717807,PRIN,49,49,310,487,150970.00,2015-08-20 02:07:00.178070
516,201508202716752,PRIN,59,40,537,484,259908.00,2015-08-20 02:07:00.167520
517,201508202716531,PRIN,56,43,200,485,97000.00,2015-08-20 02:07:00.165310
518,201508202716263,PRIN,48,41,275,493,135575.00,2015-08-20 02:07:00.162630
519,201508202716119,PRIN,25,41,62,484,30008.00,2015-08-20 02:07:00.161190
520,201508192713376,PRIN,25,32,428,475,203300.00,2015-08-19 02:07:00.133760
521,201508192712528,PRIN,34,52,103,475,48925.00,2015-08-19 02:07:00.125280
522,201508192712536,PRIN,38,52,120,475,57000.00,2015-08-19 02:07:00.125360
523,201508192712504,PRIN,38,52,250,475,118750.00,2015-08-19 02:07:00.125040
524,201508192712505,PRIN,38,52,135,475,64125.00,2015-08-19 02:07:00.125050
525,201508192711586,PRIN,14,40,50,475,23750.00,2015-08-19 02:07:00.115860
526,201508192711550,PRIN,50,40,1742,475,827450.00,2015-08-19 02:07:00.115500
527,201508192711526,PRIN,50,16,100,474,47400.00,2015-08-19 02:07:00.115260
528,201508192711527,PRIN,50,49,40,475,19000.00,2015-08-19 02:07:00.115270
529,201508192711528,PRIN,50,56,300,475,142500.00,2015-08-19 02:07:00.115280
530,201508192711228,PRIN,38,6,200,475,95000.00,2015-08-19 02:07:00.112280
531,201508192711229,PRIN,38,17,1675,475,795625.00,2015-08-19 02:07:00.112290
532,201508192711215,PRIN,10,26,778,466,362548.00,2015-08-19 02:07:00.112150
533,201508192711089,PRIN,6,5,100,475,47500.00,2015-08-19 02:07:00.110890
534,201508192711098,PRIN,6,56,110,475,52250.00,2015-08-19 02:07:00.110980
535,201508192711073,PRIN,55,56,42,475,19950.00,2015-08-19 02:07:00.110730
536,201508192710961,PRIN,6,56,100,468,46800.00,2015-08-19 02:07:00.109610
537,201508192710897,PRIN,38,22,300,458,137400.00,2015-08-19 02:07:00.108970
538,201508192710900,PRIN,38,56,100,459,45900.00,2015-08-19 02:07:00.109000
539,201508192710789,PRIN,57,11,67,445,29815.00,2015-08-19 02:07:00.107890
540,201508192710801,PRIN,57,47,190,450,85500.00,2015-08-19 02:07:00.108010
541,201508192710707,PRIN,45,19,200,442,88400.00,2015-08-19 02:07:00.107070
542,201508192710580,PRIN,14,45,38,437,16606.00,2015-08-19 02:07:00.105800
543,201508192710484,PRIN,38,41,124,435,53940.00,2015-08-19 02:07:00.104840
544,201508182710154,PRIN,38,43,264,432,114048.00,2015-08-18 02:07:00.101540
545,201508182709653,PRIN,38,28,300,425,127500.00,2015-08-18 02:07:00.096530
546,201508182709654,PRIN,38,47,500,426,213000.00,2015-08-18 02:07:00.096540
547,201508182709655,PRIN,38,14,62,428,26536.00,2015-08-18 02:07:00.096550
548,201508182709575,PRIN,40,39,72,424,30528.00,2015-08-18 02:07:00.095750
549,201508182709538,PRIN,38,33,324,420,136080.00,2015-08-18 02:07:00.095380
550,201508182709539,PRIN,38,28,200,420,84000.00,2015-08-18 02:07:00.095390
551,201508182709551,PRIN,33,26,202,421,85042.00,2015-08-18 02:07:00.095510
552,201508182709364,PRIN,50,50,281,419,117739.00,2015-08-18 02:07:00.093640
553,201508182708668,PRIN,46,28,200,420,84000.00,2015-08-18 02:07:00.086680
554,201508182708560,PRIN,38,56,137,420,57540.00,2015-08-18 02:07:00.085600
555,201508182708309,PRIN,50,21,1000,419,419000.00,2015-08-18 02:07:00.083090
556,201508182707919,PRIN,50,56,500,417,208500.00,2015-08-18 02:07:00.079190
557,201508182707870,PRIN,50,40,500,416,208000.00,2015-08-18 02:07:00.078700
558,201508182707871,PRIN,50,26,275,416,114400.00,2015-08-18 02:07:00.078710
559,201508182707885,PRIN,16,50,500,417,208500.00,2015-08-18 02:07:00.078850
560,201508182707843,PRIN,32,20,168,412,69216.00,2015-08-18 02:07:00.078430
561,201508182707862,PRIN,47,20,267,410,109470.00,2015-08-18 02:07:00.078620
562,201508182707825,PRIN,44,20,500,410,205000.00,2015-08-18 02:07:00.078250
563,201508182707795,PRIN,5,10,37,418,15466.00,2015-08-18 02:07:00.077950
564,201508182707797,PRIN,5,10,37,418,15466.00,2015-08-18 02:07:00.077970
565,201508182707807,PRIN,7,20,500,413,206500.00,2015-08-18 02:07:00.078070
566,201508182707774,PRIN,5,10,37,418,15466.00,2015-08-18 02:07:00.077740
567,201508182707779,PRIN,5,10,37,418,15466.00,2015-08-18 02:07:00.077790
568,201508182707753,PRIN,5,10,33,418,13794.00,2015-08-18 02:07:00.077530
569,201508182707658,PRIN,50,10,33,418,13794.00,2015-08-18 02:07:00.076580
570,201508182707559,PRIN,50,5,299,420,125580.00,2015-08-18 02:07:00.075590
571,201508182707533,PRIN,50,29,182,415,75530.00,2015-08-18 02:07:00.075330
572,201508182707537,PRIN,50,58,154,418,64372.00,2015-08-18 02:07:00.075370
573,201508182707538,PRIN,50,6,270,420,113400.00,2015-08-18 02:07:00.075380
574,201508182707539,PRIN,50,6,60,420,25200.00,2015-08-18 02:07:00.075390
575,201508182707484,PRIN,50,26,200,417,83400.00,2015-08-18 02:07:00.074840
576,201508182707489,PRIN,50,45,155,418,64790.00,2015-08-18 02:07:00.074890
577,201508182707462,PRIN,47,11,1304,416,542464.00,2015-08-18 02:07:00.074620
578,201508182707449,PRIN,47,29,550,415,228250.00,2015-08-18 02:07:00.074490
579,201508182707450,PRIN,47,6,300,415,124500.00,2015-08-18 02:07:00.074500
580,201508182707454,PRIN,44,49,500,410,205000.00,2015-08-18 02:07:00.074540
581,201508182707424,PRIN,32,29,254,412,104648.00,2015-08-18 02:07:00.074240
582,201508182707417,PRIN,41,29,100,416,41600.00,2015-08-18 02:07:00.074170
583,201508182707325,PRIN,42,56,100,418,41800.00,2015-08-18 02:07:00.073250
584,201508182707335,PRIN,47,6,736,415,305440.00,2015-08-18 02:07:00.073350
585,201508182707243,PRIN,42,45,200,420,84000.00,2015-08-18 02:07:00.072430
586,201508182706976,PRIN,22,40,100,418,41800.00,2015-08-18 02:07:00.069760
587,201508182706950,PRIN,46,22,100,417,41700.00,2015-08-18 02:07:00.069500
588,201508182706944,PRIN,46,14,15,416,6240.00,2015-08-18 02:07:00.069440
589,201508182706891,PRIN,47,5,416,415,172640.00,2015-08-18 02:07:00.068910
590,201508172705987,PRIN,57,54,81,409,33129.00,2015-08-17 02:07:00.059870
591,201508172705895,PRIN,22,49,500,408,204000.00,2015-08-17 02:07:00.058950
592,201508172705910,PRIN,22,54,200,409,81800.00,2015-08-17 02:07:00.059100
593,201508172705871,PRIN,22,39,73,409,29857.00,2015-08-17 02:07:00.058710
594,201508172705807,PRIN,44,54,200,409,81800.00,2015-08-17 02:07:00.058070
595,201508172705815,PRIN,44,56,80,409,32720.00,2015-08-17 02:07:00.058150
596,201508172705767,PRIN,22,17,39,409,15951.00,2015-08-17 02:07:00.057670
597,201508172705787,PRIN,44,6,20,409,8180.00,2015-08-17 02:07:00.057870
598,201508172705739,PRIN,22,3,200,407,81400.00,2015-08-17 02:07:00.057390
599,201508172705740,PRIN,22,3,61,408,24888.00,2015-08-17 02:07:00.057400
600,201508172705757,PRIN,22,11,780,409,319020.00,2015-08-17 02:07:00.057570
601,201508172705758,PRIN,22,39,31,409,12679.00,2015-08-17 02:07:00.057580
602,201508172705668,PRIN,44,39,10,401,4010.00,2015-08-17 02:07:00.056680
603,201508172705669,PRIN,44,11,237,402,95274.00,2015-08-17 02:07:00.056690
604,201508172705398,PRIN,44,11,360,395,142200.00,2015-08-17 02:07:00.053980
605,201508172705341,PRIN,14,11,500,393,196500.00,2015-08-17 02:07:00.053410
606,201508172705260,PRIN,37,3,46,392,18032.00,2015-08-17 02:07:00.052600
607,201508172705145,PRIN,38,28,2000,385,770000.00,2015-08-17 02:07:00.051450
608,201508172704112,PRIN,34,28,882,383,337806.00,2015-08-17 02:07:00.041120
609,201508172703555,PRIN,21,21,182,379,68978.00,2015-08-17 02:07:00.035550
610,201508162701147,PRIN,21,43,600,372,223200.00,2015-08-16 02:07:00.011470
611,201508162698999,PRIN,47,43,31,365,11315.00,2015-08-16 02:06:00.989990
612,201508162697626,PRIN,41,3,96,360,34560.00,2015-08-16 02:06:00.976260
613,201508132690063,PRIN,14,25,31,353,10943.00,2015-08-13 02:06:00.900630
614,201508122687342,PRIN,21,21,37,347,12839.00,2015-08-12 02:06:00.873420
615,201508122686471,PRIN,56,40,100,341,34100.00,2015-08-12 02:06:00.864710
616,201508122686411,PRIN,41,10,685,346,237010.00,2015-08-12 02:06:00.864110
617,201508122685884,PRIN,5,25,31,340,10540.00,2015-08-12 02:06:00.858840
618,201508092666428,PRIN,40,32,1742,337,587054.00,2015-08-09 02:06:00.664280
619,201508092666014,PRIN,41,41,53,340,18020.00,2015-08-09 02:06:00.660140
620,201508062660558,PRIN,29,57,365,340,124100.00,2015-08-06 02:06:00.605580
621,201508062658967,PRIN,29,6,182,345,62790.00,2015-08-06 02:06:00.589670
622,201508052655347,PRIN,29,13,550,339,186450.00,2015-08-05 02:06:00.553470
623,201508052654515,PRIN,50,45,200,334,66800.00,2015-08-05 02:06:00.545150
624,201508052654518,PRIN,29,45,100,334,33400.00,2015-08-05 02:06:00.545180
625,201508052654524,PRIN,29,45,244,334,81496.00,2015-08-05 02:06:00.545240
626,201508042651114,PRIN,1,39,300,340,102000.00,2015-08-04 02:06:00.511140
627,201508032648296,PRIN,11,41,500,335,167500.00,2015-08-03 02:06:00.482960
628,201508032647630,PRIN,11,40,300,341,102300.00,2015-08-03 02:06:00.476300
629,201508032647617,PRIN,11,39,203,347,70441.00,2015-08-03 02:06:00.476170
630,201507302642617,PRIN,22,45,500,350,175000.00,2015-07-30 02:06:00.426170
631,201507302642620,PRIN,22,47,25,354,8850.00,2015-07-30 02:06:00.426200
632,201507302642354,PRIN,22,40,36,348,12528.00,2015-07-30 02:06:00.423540
633,201507302641571,PRIN,45,38,22,345,7590.00,2015-07-30 02:06:00.415710
634,201507292639088,PRIN,52,40,200,348,69600.00,2015-07-29 02:06:00.390880
635,201507282636654,PRIN,32,32,1170,345,403650.00,2015-07-28 02:06:00.366540
636,201507282636132,PRIN,52,49,109,345,37605.00,2015-07-28 02:06:00.361320
637,201507282634573,PRIN,39,39,10,355,3550.00,2015-07-28 02:06:00.345730
638,201507282634574,PRIN,39,39,24,350,8400.00,2015-07-28 02:06:00.345740
639,201507272632133,PRIN,40,45,26,360,9360.00,2015-07-27 02:06:00.321330
640,201507272632513,PRIN,17,51,169,360,60840.00,2015-07-27 02:06:00.325130
641,201507272628790,PRIN,39,17,31,365,11315.00,2015-07-27 02:06:00.287900
642,201507272630071,PRIN,17,17,31,365,11315.00,2015-07-27 02:06:00.300710
643,201507262628352,PRIN,39,56,10,358,3580.00,2015-07-26 02:06:00.283520
644,201507262627919,PRIN,45,11,13,351,4563.00,2015-07-26 02:06:00.279190
645,201507232625904,PRIN,22,45,228,345,78660.00,2015-07-23 02:06:00.259040
646,201507232625887,PRIN,8,45,100,346,34600.00,2015-07-23 02:06:00.258870
647,201507232625155,PRIN,32,14,57,345,19665.00,2015-07-23 02:06:00.251550
648,201507222623722,PRIN,40,40,500,342,171000.00,2015-07-22 02:06:00.237220
649,201507222623735,PRIN,40,19,50,345,17250.00,2015-07-22 02:06:00.237350
650,201507222622786,PRIN,52,52,366,339,124074.00,2015-07-22 02:06:00.227860
651,201507222622722,PRIN,40,52,37,345,12765.00,2015-07-22 02:06:00.227220
652,201507222622707,PRIN,19,52,37,350,12950.00,2015-07-22 02:06:00.227070
653,201507162621139,PRIN,26,45,100,351,35100.00,2015-07-16 02:06:00.211390
654,201507162621140,PRIN,56,45,100,350,35000.00,2015-07-16 02:06:00.211400
655,201507162620937,PRIN,5,45,100,355,35500.00,2015-07-16 02:06:00.209370
656,201507162620938,PRIN,52,45,100,352,35200.00,2015-07-16 02:06:00.209380
657,201507162620940,PRIN,56,45,300,350,105000.00,2015-07-16 02:06:00.209400
658,201507162620941,PRIN,22,45,100,350,35000.00,2015-07-16 02:06:00.209410
659,201507162620942,PRIN,47,45,400,350,140000.00,2015-07-16 02:06:00.209420
660,201507162620572,PRIN,36,22,31,359,11129.00,2015-07-16 02:06:00.205720
661,201507162620405,PRIN,22,45,230,353,81190.00,2015-07-16 02:06:00.204050
662,201507162620410,PRIN,52,45,100,356,35600.00,2015-07-16 02:06:00.204100
663,201507162620411,PRIN,56,45,100,355,35500.00,2015-07-16 02:06:00.204110
664,201507162620389,PRIN,56,45,500,353,176500.00,2015-07-16 02:06:00.203890
665,201507162620390,PRIN,45,45,500,353,176500.00,2015-07-16 02:06:00.203900
666,201507162620398,PRIN,56,45,300,353,105900.00,2015-07-16 02:06:00.203980
667,201507162620098,PRIN,36,57,25,360,9000.00,2015-07-16 02:06:00.200980
668,201507162619865,PRIN,17,22,31,365,11315.00,2015-07-16 02:06:00.198650
669,201507152619541,PRIN,43,22,31,365,11315.00,2015-07-15 02:06:00.195410
670,201507152619521,PRIN,5,21,165,360,59400.00,2015-07-15 02:06:00.195210
671,201507152619325,PRIN,22,45,200,357,71400.00,2015-07-15 02:06:00.193250
672,201507152619277,PRIN,43,45,600,350,210000.00,2015-07-15 02:06:00.192770
673,201507152619285,PRIN,45,45,500,350,175000.00,2015-07-15 02:06:00.192850
674,201507152619207,PRIN,43,32,981,355,348255.00,2015-07-15 02:06:00.192070
675,201507152619183,PRIN,51,21,100,358,35800.00,2015-07-15 02:06:00.191830
676,201507152619153,PRIN,38,45,200,355,71000.00,2015-07-15 02:06:00.191530
677,201507152619155,PRIN,56,21,20,358,7160.00,2015-07-15 02:06:00.191550
678,201507152619146,PRIN,56,45,60,358,21480.00,2015-07-15 02:06:00.191460
679,201507152619151,PRIN,47,45,300,355,106500.00,2015-07-15 02:06:00.191510
680,201507152618627,PRIN,17,51,39,355,13845.00,2015-07-15 02:06:00.186270
681,201507152618612,PRIN,17,11,15,360,5400.00,2015-07-15 02:06:00.186120
682,201507152618594,PRIN,47,32,936,355,332280.00,2015-07-15 02:06:00.185940
683,201507142616989,PRIN,56,57,110,360,39600.00,2015-07-14 02:06:00.169890
684,201507142616979,PRIN,47,57,200,360,72000.00,2015-07-14 02:06:00.169790
685,201507132616623,PRIN,56,11,15,362,5430.00,2015-07-13 02:06:00.166230
686,201507132616630,PRIN,56,43,12,367,4404.00,2015-07-13 02:06:00.166300
687,201507132616406,PRIN,47,45,1000,355,355000.00,2015-07-13 02:06:00.164060
688,201507132616013,PRIN,28,40,882,356,313992.00,2015-07-13 02:06:00.160130
689,201507132615731,PRIN,47,32,476,361,171836.00,2015-07-13 02:06:00.157310
690,201507122615487,PRIN,3,28,200,368,73600.00,2015-07-12 02:06:00.154870
691,201507122614794,PRIN,17,49,30,375,11250.00,2015-07-12 02:06:00.147940
692,201507122614321,PRIN,40,28,300,370,111000.00,2015-07-12 02:06:00.143210
693,201507092613446,PRIN,5,28,200,375,75000.00,2015-07-09 02:06:00.134460
694,201507082612481,PRIN,3,39,61,368,22448.00,2015-07-08 02:06:00.124810
695,201507072610526,PRIN,43,56,55,375,20625.00,2015-07-07 02:06:00.105260
696,201507072610423,PRIN,43,41,100,375,37500.00,2015-07-07 02:06:00.104230
697,201507062608595,PRIN,5,43,147,381,56007.00,2015-07-06 02:06:00.085950
698,201507062608516,PRIN,19,6,110,378,41580.00,2015-07-06 02:06:00.085160
699,201507062608342,PRIN,5,32,275,380,104500.00,2015-07-06 02:06:00.083420
700,201507062608222,PRIN,3,32,200,378,75600.00,2015-07-06 02:06:00.082220
701,201507022605804,PRIN,20,45,168,379,63672.00,2015-07-02 02:06:00.058040
702,201507022605785,PRIN,5,7,16,386,6176.00,2015-07-02 02:06:00.057850
703,201507022605773,PRIN,20,7,100,390,39000.00,2015-07-02 02:06:00.057730
704,201507022605592,PRIN,53,7,117,393,45981.00,2015-07-02 02:06:00.055920
705,201507022605510,PRIN,53,49,68,400,27200.00,2015-07-02 02:06:00.055100
706,201507022605401,PRIN,5,58,165,407,67155.00,2015-07-02 02:06:00.054010
707,201507012604336,PRIN,25,6,55,408,22440.00,2015-07-01 02:06:00.043360
708,201507012604258,PRIN,7,5,67,405,27135.00,2015-07-01 02:06:00.042580
709,201507012603913,PRIN,22,5,100,412,41200.00,2015-07-01 02:06:00.039130
710,201507012603781,PRIN,19,54,200,410,82000.00,2015-07-01 02:06:00.037810
711,201507012603578,PRIN,21,56,100,416,41600.00,2015-07-01 02:06:00.035780
712,201507012603531,PRIN,8,56,100,417,41700.00,2015-07-01 02:06:00.035310
713,201507012603469,PRIN,8,41,500,417,208500.00,2015-07-01 02:06:00.034690
714,201507012603477,PRIN,8,56,100,417,41700.00,2015-07-01 02:06:00.034770
715,201507012603468,PRIN,34,54,200,410,82000.00,2015-07-01 02:06:00.034680
716,201507012603459,PRIN,42,54,200,415,83000.00,2015-07-01 02:06:00.034590
717,201507012603350,PRIN,47,41,500,413,206500.00,2015-07-01 02:06:00.033500
718,201507012603329,PRIN,47,56,475,419,199025.00,2015-07-01 02:06:00.033290
719,201507012603228,PRIN,21,41,500,416,208000.00,2015-07-01 02:06:00.032280
720,201507012603144,PRIN,21,52,165,420,69300.00,2015-07-01 02:06:00.031440
721,201507012603147,PRIN,21,17,20,421,8420.00,2015-07-01 02:06:00.031470
722,201507012603050,PRIN,32,3,100,413,41300.00,2015-07-01 02:06:00.030500
723,201507012603031,PRIN,5,52,100,410,41000.00,2015-07-01 02:06:00.030310
724,201506302602585,PRIN,14,52,200,405,81000.00,2015-06-30 02:06:00.025850
725,201506302602449,PRIN,20,38,267,401,107067.00,2015-06-30 02:06:00.024490
726,201506302602428,PRIN,22,58,152,405,61560.00,2015-06-30 02:06:00.024280
727,201506302602341,PRIN,41,35,500,400,200000.00,2015-06-30 02:06:00.023410
728,201506302602239,PRIN,5,17,40,399,15960.00,2015-06-30 02:06:00.022390
729,201506302602240,PRIN,5,58,75,400,30000.00,2015-06-30 02:06:00.022400
730,201506302602244,PRIN,45,35,500,398,199000.00,2015-06-30 02:06:00.022440
731,201506302602178,PRIN,18,35,500,398,199000.00,2015-06-30 02:06:00.021780
732,201506302602173,PRIN,35,6,166,398,66068.00,2015-06-30 02:06:00.021730
733,201506302602047,PRIN,20,35,500,398,199000.00,2015-06-30 02:06:00.020470
734,201506302601925,PRIN,26,48,68,397,26996.00,2015-06-30 02:06:00.019250
735,201506302601821,PRIN,5,52,83,396,32868.00,2015-06-30 02:06:00.018210
736,201506302601823,PRIN,5,52,55,397,21835.00,2015-06-30 02:06:00.018230
737,201506302601828,PRIN,5,16,100,398,39800.00,2015-06-30 02:06:00.018280
738,201506302601832,PRIN,5,58,44,399,17556.00,2015-06-30 02:06:00.018320
739,201506302601756,PRIN,37,16,100,394,39400.00,2015-06-30 02:06:00.017560
740,201506302601757,PRIN,37,26,250,395,98750.00,2015-06-30 02:06:00.017570
741,201506302601377,PRIN,37,17,122,392,47824.00,2015-06-30 02:06:00.013770
742,201506302601147,PRIN,14,32,43,385,16555.00,2015-06-30 02:06:00.011470
743,201506302601149,PRIN,21,1,1000,385,385000.00,2015-06-30 02:06:00.011490
744,201506302601020,PRIN,13,17,100,385,38500.00,2015-06-30 02:06:00.010200
745,201506302601021,PRIN,13,17,440,386,169840.00,2015-06-30 02:06:00.010210
746,201506292600518,PRIN,32,49,100,379,37900.00,2015-06-29 02:06:00.005180
747,201506292600191,PRIN,39,35,500,379,189500.00,2015-06-29 02:06:00.001910
748,201506292600169,PRIN,20,35,500,379,189500.00,2015-06-29 02:06:00.001690
749,201506292600142,PRIN,20,35,300,379,113700.00,2015-06-29 02:06:00.001420
750,201506292600129,PRIN,5,8,67,378,25326.00,2015-06-29 02:06:00.001290
751,201506292600045,PRIN,21,35,200,372,74400.00,2015-06-29 02:06:00.000450
752,201506292599877,PRIN,7,43,92,365,33580.00,2015-06-29 02:59:00.987700
753,201506292599847,PRIN,7,35,400,365,146000.00,2015-06-29 02:59:00.984700
754,201506292599713,PRIN,3,35,100,358,35800.00,2015-06-29 02:59:00.971300
755,201506292599320,PRIN,32,41,100,351,35100.00,2015-06-29 02:59:00.932000
756,201506292598967,PRIN,45,7,206,345,71070.00,2015-06-29 02:59:00.896700
757,201506292598957,PRIN,45,7,168,345,57960.00,2015-06-29 02:59:00.895700
758,201506242594755,PRIN,5,28,299,345,103155.00,2015-06-24 02:59:00.475500
759,201506242594752,PRIN,17,28,200,352,70400.00,2015-06-24 02:59:00.475200
760,201506242594637,PRIN,19,7,101,359,36259.00,2015-06-24 02:59:00.463700
761,201506232593042,PRIN,43,19,92,352,32384.00,2015-06-23 02:59:00.304200
762,201506232593037,PRIN,5,19,100,352,35200.00,2015-06-23 02:59:00.303700
763,201506232592355,PRIN,5,25,220,359,78980.00,2015-06-23 02:59:00.235500
764,201506112580678,PRIN,1,25,10,366,3660.00,2015-06-11 02:58:00.067800
765,201506092576992,PRIN,3,22,79,372,29388.00,2015-06-09 02:57:00.699200
766,201506092576997,PRIN,3,22,79,372,29388.00,2015-06-09 02:57:00.699700
767,201506092577005,PRIN,3,22,40,372,14880.00,2015-06-09 02:57:00.700500
768,201506092576624,PRIN,33,58,100,365,36500.00,2015-06-09 02:57:00.662400
769,201506092574949,PRIN,26,59,250,365,91250.00,2015-06-09 02:57:00.494900
770,201506082574705,PRIN,22,41,300,360,108000.00,2015-06-08 02:57:00.470500
771,201506082574534,PRIN,26,41,200,359,71800.00,2015-06-08 02:57:00.453400
772,201506082574093,PRIN,14,5,31,359,11129.00,2015-06-08 02:57:00.409300
773,201506082573700,PRIN,43,52,208,366,76128.00,2015-06-08 02:57:00.370000
774,201506082573273,PRIN,45,47,55,370,20350.00,2015-06-08 02:57:00.327300
775,201506072571589,PRIN,7,19,32,374,11968.00,2015-06-07 02:57:00.158900
776,201506072571388,PRIN,41,56,109,373,40657.00,2015-06-07 02:57:00.138800
777,201506072571329,PRIN,41,40,800,373,298400.00,2015-06-07 02:57:00.132900
778,201506072571314,PRIN,41,32,166,373,61918.00,2015-06-07 02:57:00.131400
779,201506072571281,PRIN,17,40,122,374,45628.00,2015-06-07 02:57:00.128100
780,201506072571252,PRIN,17,40,440,377,165880.00,2015-06-07 02:57:00.125200
781,201506072571139,PRIN,36,6,56,382,21392.00,2015-06-07 02:57:00.113900
782,201506072571111,PRIN,17,49,100,380,38000.00,2015-06-07 02:57:00.111100
783,201506072571108,PRIN,7,6,250,374,93500.00,2015-06-07 02:57:00.110800
784,201506072571092,PRIN,41,6,600,373,223800.00,2015-06-07 02:57:00.109200
785,201506072571064,PRIN,41,1,162,373,60426.00,2015-06-07 02:57:00.106400
786,201506072571065,PRIN,37,47,15,375,5625.00,2015-06-07 02:57:00.106500
787,201506072571060,PRIN,41,22,258,373,96234.00,2015-06-07 02:57:00.106000
788,201506072571014,PRIN,17,39,20,373,7460.00,2015-06-07 02:57:00.101400
1,201612294226137,PRIN,49,44,70,1045,73150.00,2016-12-29 04:22:00.613700
2,201612294226105,PRIN,47,13,200,1030,206000.00,2016-12-29 04:22:00.610500
3,201612294225726,PRIN,25,44,80,1045,83600.00,2016-12-29 04:22:00.572600
4,201612294225681,PRIN,25,47,20,1045,20900.00,2016-12-29 04:22:00.568100
5,201612294225659,PRIN,21,54,50,1050,52500.00,2016-12-29 04:22:00.565900
6,201612294225608,PRIN,21,22,50,1050,52500.00,2016-12-29 04:22:00.560800
7,201612294225495,PRIN,16,41,200,1069,213800.00,2016-12-29 04:22:00.549500
8,201612294225109,PRIN,10,44,10,1090,10900.00,2016-12-29 04:22:00.510900
9,201612294224990,PRIN,21,44,50,1096,54800.00,2016-12-29 04:22:00.499000
10,201612294224892,PRIN,21,41,100,1092,109200.00,2016-12-29 04:22:00.489200
11,201612294224905,PRIN,21,22,50,1092,54600.00,2016-12-29 04:22:00.490500
12,201612294224750,PRIN,20,44,100,1070,107000.00,2016-12-29 04:22:00.475000
13,201612294224751,PRIN,20,28,200,1070,214000.00,2016-12-29 04:22:00.475100
14,201612294224752,PRIN,20,6,50,1071,53550.00,2016-12-29 04:22:00.475200
15,201612294224316,PRIN,21,44,100,1050,105000.00,2016-12-29 04:22:00.431600
16,201612294224086,PRIN,13,28,200,1050,210000.00,2016-12-29 04:22:00.408600
17,201612294224059,PRIN,21,44,100,1048,104800.00,2016-12-29 04:22:00.405900
18,201612294223885,PRIN,55,44,100,1036,103600.00,2016-12-29 04:22:00.388500
19,201612294223851,PRIN,21,56,20,1035,20700.00,2016-12-29 04:22:00.385100
20,201612294223789,PRIN,34,49,200,1030,206000.00,2016-12-29 04:22:00.378900
21,201612294223803,PRIN,6,49,280,1030,288400.00,2016-12-29 04:22:00.380300
22,201612294223485,PRIN,28,49,20,1030,20600.00,2016-12-29 04:22:00.348500
23,201612294223453,PRIN,28,22,20,1026,20520.00,2016-12-29 04:22:00.345300
24,201612294223436,PRIN,28,49,150,1006,150900.00,2016-12-29 04:22:00.343600
25,201612294223374,PRIN,35,49,30,1007,30210.00,2016-12-29 04:22:00.337400
26,201612294223375,PRIN,34,49,100,1006,100600.00,2016-12-29 04:22:00.337500
27,201612294223372,PRIN,6,49,20,1008,20160.00,2016-12-29 04:22:00.337200
28,201612294223373,PRIN,34,49,200,1007,201400.00,2016-12-29 04:22:00.337300
29,201612294222868,PRIN,43,37,50,1015,50750.00,2016-12-29 04:22:00.286800
30,201612294222869,PRIN,21,37,200,1010,202000.00,2016-12-29 04:22:00.286900
31,201612294222870,PRIN,6,37,80,1006,80480.00,2016-12-29 04:22:00.287000
32,201612294222846,PRIN,42,22,50,1020,51000.00,2016-12-29 04:22:00.284600
33,201612294222487,PRIN,45,37,150,1030,154500.00,2016-12-29 04:22:00.248700
34,201612294222456,PRIN,45,6,50,1030,51500.00,2016-12-29 04:22:00.245600
35,201612294222095,PRIN,44,48,350,1016,355600.00,2016-12-29 04:22:00.209500
36,201612284221578,PRIN,29,34,50,1000,50000.00,2016-12-28 04:22:00.157800
37,201612284221597,PRIN,47,34,15,997,14955.00,2016-12-28 04:22:00.159700
38,201612284221128,PRIN,56,34,50,1000,50000.00,2016-12-28 04:22:00.112800
39,201612284221019,PRIN,10,34,150,1000,150000.00,2016-12-28 04:22:00.101900
40,201612284220595,PRIN,51,22,20,1000,20000.00,2016-12-28 04:22:00.059500
41,201612284220322,PRIN,29,36,100,990,99000.00,2016-12-28 04:22:00.032200
42,201612284220123,PRIN,48,36,100,995,99500.00,2016-12-28 04:22:00.012300
43,201612284220124,PRIN,54,36,200,993,198600.00,2016-12-28 04:22:00.012400
44,201612284220127,PRIN,45,36,100,990,99000.00,2016-12-28 04:22:00.012700
45,201612284220075,PRIN,13,22,200,1002,200400.00,2016-12-28 04:22:00.007500
46,201612284220076,PRIN,44,22,180,1000,180000.00,2016-12-28 04:22:00.007600
47,201612284220077,PRIN,16,22,100,1000,100000.00,2016-12-28 04:22:00.007700
48,201612284219809,PRIN,22,7,100,1015,101500.00,2016-12-28 04:21:00.980900
49,201612284219810,PRIN,6,7,100,1013,101300.00,2016-12-28 04:21:00.981000
50,201612284219738,PRIN,25,38,90,1035,93150.00,2016-12-28 04:21:00.973800
51,201612284218903,PRIN,1,13,100,1035,103500.00,2016-12-28 04:21:00.890300
52,201612284218635,PRIN,5,13,100,1033,103300.00,2016-12-28 04:21:00.863500
53,201612284218408,PRIN,26,13,100,1013,101300.00,2016-12-28 04:21:00.840800
54,201612284218362,PRIN,44,34,100,1012,101200.00,2016-12-28 04:21:00.836200
55,201612284218334,PRIN,44,50,120,1000,120000.00,2016-12-28 04:21:00.833400
56,201612284218253,PRIN,33,16,100,1000,100000.00,2016-12-28 04:21:00.825300
57,201612274217666,PRIN,59,34,300,994,298200.00,2016-12-27 04:21:00.766600
58,201612274217500,PRIN,6,50,50,994,49700.00,2016-12-27 04:21:00.750000
59,201612274217501,PRIN,59,50,50,983,49150.00,2016-12-27 04:21:00.750100
60,201612274216603,PRIN,41,42,150,982,147300.00,2016-12-27 04:21:00.660300
61,201612274216604,PRIN,43,42,50,981,49050.00,2016-12-27 04:21:00.660400
62,201612274216605,PRIN,14,42,20,981,19620.00,2016-12-27 04:21:00.660500
63,201612274216606,PRIN,21,42,20,980,19600.00,2016-12-27 04:21:00.660600
64,201612274216607,PRIN,1,42,50,980,49000.00,2016-12-27 04:21:00.660700
65,201612274216608,PRIN,44,42,200,980,196000.00,2016-12-27 04:21:00.660800
66,201612274216609,PRIN,43,42,10,975,9750.00,2016-12-27 04:21:00.660900
67,201612274216611,PRIN,43,42,31,975,30225.00,2016-12-27 04:21:00.661100
68,201612274216542,PRIN,6,5,85,982,83470.00,2016-12-27 04:21:00.654200
69,201612274216505,PRIN,26,5,100,1000,100000.00,2016-12-27 04:21:00.650500
70,201612274216506,PRIN,47,5,30,999,29970.00,2016-12-27 04:21:00.650600
71,201612274216507,PRIN,48,5,200,990,198000.00,2016-12-27 04:21:00.650700
72,201612274216513,PRIN,38,5,200,985,197000.00,2016-12-27 04:21:00.651300
73,201612274216514,PRIN,29,5,100,982,98200.00,2016-12-27 04:21:00.651400
74,201612274216515,PRIN,6,5,100,982,98200.00,2016-12-27 04:21:00.651500
75,201612274216278,PRIN,22,29,50,1020,51000.00,2016-12-27 04:21:00.627800
76,201612274216279,PRIN,22,29,50,1020,51000.00,2016-12-27 04:21:00.627900
77,201612274216280,PRIN,53,29,50,1010,50500.00,2016-12-27 04:21:00.628000
78,201612274216218,PRIN,51,40,100,1021,102100.00,2016-12-27 04:21:00.621800
79,201612274215801,PRIN,48,26,50,1024,51200.00,2016-12-27 04:21:00.580100
80,201612274215809,PRIN,34,26,47,1023,48081.00,2016-12-27 04:21:00.580900
81,201612274215764,PRIN,21,21,100,1025,102500.00,2016-12-27 04:21:00.576400
82,201612274215765,PRIN,48,21,100,1024,102400.00,2016-12-27 04:21:00.576500
83,201612274215390,PRIN,48,38,100,1024,102400.00,2016-12-27 04:21:00.539000
84,201612274215316,PRIN,6,34,50,1023,51150.00,2016-12-27 04:21:00.531600
85,201612274215317,PRIN,34,34,150,1023,153450.00,2016-12-27 04:21:00.531700
86,201612274215330,PRIN,48,38,50,1024,51200.00,2016-12-27 04:21:00.533000
87,201612274215202,PRIN,38,38,500,1003,501500.00,2016-12-27 04:21:00.520200
88,201612274214945,PRIN,48,38,500,1009,504500.00,2016-12-27 04:21:00.494500
89,201612274214953,PRIN,21,35,31,1020,31620.00,2016-12-27 04:21:00.495300
90,201612274214969,PRIN,54,37,450,1020,459000.00,2016-12-27 04:21:00.496900
91,201612274214931,PRIN,21,40,50,1009,50450.00,2016-12-27 04:21:00.493100
92,201612274214844,PRIN,41,38,30,999,29970.00,2016-12-27 04:21:00.484400
93,201612274214748,PRIN,47,38,20,999,19980.00,2016-12-27 04:21:00.474800
94,201612274214604,PRIN,26,38,100,999,99900.00,2016-12-27 04:21:00.460400
95,201612274214592,PRIN,47,38,150,999,149850.00,2016-12-27 04:21:00.459200
96,201612274214594,PRIN,41,38,200,999,199800.00,2016-12-27 04:21:00.459400
97,201612274214570,PRIN,41,25,100,1000,100000.00,2016-12-27 04:21:00.457000
98,201612274214534,PRIN,36,37,500,983,491500.00,2016-12-27 04:21:00.453400
99,201612274214547,PRIN,28,38,500,999,499500.00,2016-12-27 04:21:00.454700
100,201612274214311,PRIN,34,38,191,981,187371.00,2016-12-27 04:21:00.431100
101,201612274213600,PRIN,13,55,50,990,49500.00,2016-12-27 04:21:00.360000
102,201612274213601,PRIN,22,55,20,990,19800.00,2016-12-27 04:21:00.360100
103,201612274213412,PRIN,13,42,150,990,148500.00,2016-12-27 04:21:00.341200
104,201612274213087,PRIN,13,7,100,1010,101000.00,2016-12-27 04:21:00.308700
105,201612264212952,PRIN,10,42,20,1030,20600.00,2016-12-26 04:21:00.295200
106,201612264212953,PRIN,16,42,100,1030,103000.00,2016-12-26 04:21:00.295300
107,201612264212954,PRIN,17,42,30,1030,30900.00,2016-12-26 04:21:00.295400
108,201612264212971,PRIN,44,42,500,1030,515000.00,2016-12-26 04:21:00.297100
109,201612264212929,PRIN,25,37,300,1033,309900.00,2016-12-26 04:21:00.292900
110,201612264212937,PRIN,25,36,200,1033,206600.00,2016-12-26 04:21:00.293700
111,201612264212938,PRIN,6,36,50,1032,51600.00,2016-12-26 04:21:00.293800
112,201612264212939,PRIN,47,36,100,1031,103100.00,2016-12-26 04:21:00.293900
113,201612264212940,PRIN,10,36,80,1030,82400.00,2016-12-26 04:21:00.294000
114,201612264212781,PRIN,7,49,100,1033,103300.00,2016-12-26 04:21:00.278100
115,201612264212787,PRIN,6,49,25,1032,25800.00,2016-12-26 04:21:00.278700
116,201612264212800,PRIN,40,36,50,1039,51950.00,2016-12-26 04:21:00.280000
117,201612264212623,PRIN,50,42,100,1040,104000.00,2016-12-26 04:21:00.262300
118,201612264212627,PRIN,43,36,50,1036,51800.00,2016-12-26 04:21:00.262700
119,201612264212628,PRIN,22,36,50,1036,51800.00,2016-12-26 04:21:00.262800
120,201612264212629,PRIN,45,36,50,1035,51750.00,2016-12-26 04:21:00.262900
121,201612264212630,PRIN,7,36,100,1035,103500.00,2016-12-26 04:21:00.263000
122,201612264212631,PRIN,47,36,70,1035,72450.00,2016-12-26 04:21:00.263100
123,201612264212607,PRIN,21,37,100,1036,103600.00,2016-12-26 04:21:00.260700
124,201612264212610,PRIN,47,37,18,1038,18684.00,2016-12-26 04:21:00.261000
125,201612264212510,PRIN,53,42,50,1040,52000.00,2016-12-26 04:21:00.251000
126,201612264211691,PRIN,22,42,30,1040,31200.00,2016-12-26 04:21:00.169100
127,201612264211692,PRIN,22,42,100,1040,104000.00,2016-12-26 04:21:00.169200
128,201612264211508,PRIN,53,42,70,1050,73500.00,2016-12-26 04:21:00.150800
129,201612264211500,PRIN,26,37,100,1040,104000.00,2016-12-26 04:21:00.150000
130,201612264211302,PRIN,55,36,200,1050,210000.00,2016-12-26 04:21:00.130200
131,201612264211260,PRIN,28,36,300,1051,315300.00,2016-12-26 04:21:00.126000
132,201612264211261,PRIN,21,36,20,1050,21000.00,2016-12-26 04:21:00.126100
133,201612264211262,PRIN,21,36,100,1050,105000.00,2016-12-26 04:21:00.126200
134,201612264211263,PRIN,55,36,80,1050,84000.00,2016-12-26 04:21:00.126300
135,201612264210919,PRIN,28,14,100,1056,105600.00,2016-12-26 04:21:00.091900
136,201612264210922,PRIN,17,14,200,1055,211000.00,2016-12-26 04:21:00.092200
137,201612264210899,PRIN,53,42,50,1060,53000.00,2016-12-26 04:21:00.089900
138,201612264210900,PRIN,28,42,350,1056,369600.00,2016-12-26 04:21:00.090000
139,201612264210905,PRIN,28,14,250,1056,264000.00,2016-12-26 04:21:00.090500
140,201612264210837,PRIN,41,36,140,1060,148400.00,2016-12-26 04:21:00.083700
141,201612264210774,PRIN,26,36,100,1061,106100.00,2016-12-26 04:21:00.077400
142,201612264210775,PRIN,6,36,100,1060,106000.00,2016-12-26 04:21:00.077500
143,201612264210690,PRIN,17,42,100,1070,107000.00,2016-12-26 04:21:00.069000
144,201612264210497,PRIN,47,56,60,1060,63600.00,2016-12-26 04:21:00.049700
145,201612264210330,PRIN,56,56,25,1060,26500.00,2016-12-26 04:21:00.033000
146,201612264210055,PRIN,22,56,100,1040,104000.00,2016-12-26 04:21:00.005500
147,201612264210056,PRIN,34,56,400,1040,416000.00,2016-12-26 04:21:00.005600
148,201612264210057,PRIN,22,56,20,1040,20800.00,2016-12-26 04:21:00.005700
149,201612264210058,PRIN,13,56,100,1040,104000.00,2016-12-26 04:21:00.005800
150,201612264210059,PRIN,22,56,30,1040,31200.00,2016-12-26 04:21:00.005900
151,201612264210024,PRIN,53,10,15,1050,15750.00,2016-12-26 04:21:00.002400
152,201612264209989,PRIN,29,56,100,1061,106100.00,2016-12-26 04:20:00.998900
153,201612264209990,PRIN,21,56,100,1060,106000.00,2016-12-26 04:20:00.999000
154,201612264209991,PRIN,6,56,100,1060,106000.00,2016-12-26 04:20:00.999100
155,201612264209747,PRIN,47,56,200,1060,212000.00,2016-12-26 04:20:00.974700
156,201612264209174,PRIN,47,40,100,1060,106000.00,2016-12-26 04:20:00.917400
157,201612264209107,PRIN,18,26,95,1070,101650.00,2016-12-26 04:20:00.910700
158,201612264209038,PRIN,41,36,440,1080,475200.00,2016-12-26 04:20:00.903800
159,201612264209023,PRIN,29,28,200,1082,216400.00,2016-12-26 04:20:00.902300
160,201612264209024,PRIN,41,28,10,1080,10800.00,2016-12-26 04:20:00.902400
161,201612224208653,PRIN,18,44,100,1100,110000.00,2016-12-22 04:20:00.865300
162,201612224208547,PRIN,8,44,100,1114,111400.00,2016-12-22 04:20:00.854700
163,201612224208514,PRIN,44,36,100,1120,112000.00,2016-12-22 04:20:00.851400
164,201612224208515,PRIN,25,36,150,1115,167250.00,2016-12-22 04:20:00.851500
165,201612224208457,PRIN,25,33,150,1120,168000.00,2016-12-22 04:20:00.845700
166,201612224208238,PRIN,28,53,490,1120,548800.00,2016-12-22 04:20:00.823800
167,201612224208064,PRIN,38,26,50,1121,56050.00,2016-12-22 04:20:00.806400
168,201612224208065,PRIN,26,26,40,1120,44800.00,2016-12-22 04:20:00.806500
169,201612224208066,PRIN,28,26,110,1120,123200.00,2016-12-22 04:20:00.806600
170,201612224207991,PRIN,34,33,100,1121,112100.00,2016-12-22 04:20:00.799100
171,201612224207992,PRIN,6,33,50,1121,56050.00,2016-12-22 04:20:00.799200
172,201612224207261,PRIN,25,44,500,1136,568000.00,2016-12-22 04:20:00.726100
173,201612224207262,PRIN,25,5,50,1136,56800.00,2016-12-22 04:20:00.726200
174,201612224207263,PRIN,25,55,131,1136,148816.00,2016-12-22 04:20:00.726300
175,201612224207266,PRIN,25,29,50,1137,56850.00,2016-12-22 04:20:00.726600
176,201612224206756,PRIN,38,26,200,1135,227000.00,2016-12-22 04:20:00.675600
177,201612224205917,PRIN,54,26,50,1136,56800.00,2016-12-22 04:20:00.591700
178,201612224205918,PRIN,54,5,50,1136,56800.00,2016-12-22 04:20:00.591800
179,201612214204499,PRIN,16,34,100,1115,111500.00,2016-12-21 04:20:00.449900
180,201612214203401,PRIN,6,7,150,1115,167250.00,2016-12-21 04:20:00.340100
181,201612214203387,PRIN,26,7,200,1111,222200.00,2016-12-21 04:20:00.338700
182,201612214203359,PRIN,6,41,50,1115,55750.00,2016-12-21 04:20:00.335900
183,201612214203360,PRIN,56,41,30,1112,33360.00,2016-12-21 04:20:00.336000
184,201612214203361,PRIN,6,41,100,1112,111200.00,2016-12-21 04:20:00.336100
185,201612214203362,PRIN,26,41,150,1111,166650.00,2016-12-21 04:20:00.336200
186,201612214203349,PRIN,55,32,50,1116,55800.00,2016-12-21 04:20:00.334900
187,201612214203350,PRIN,6,32,50,1115,55750.00,2016-12-21 04:20:00.335000
188,201612214202966,PRIN,37,36,20,1132,22640.00,2016-12-21 04:20:00.296600
189,201612214202967,PRIN,36,36,100,1131,113100.00,2016-12-21 04:20:00.296700
190,201612214202968,PRIN,52,36,50,1131,56550.00,2016-12-21 04:20:00.296800
191,201612214202969,PRIN,6,36,200,1126,225200.00,2016-12-21 04:20:00.296900
192,201612214202970,PRIN,38,36,200,1126,225200.00,2016-12-21 04:20:00.297000
193,201612214202897,PRIN,37,17,80,1132,90560.00,2016-12-21 04:20:00.289700
194,201612214202896,PRIN,57,17,120,1132,135840.00,2016-12-21 04:20:00.289600
195,201612214202865,PRIN,33,55,153,1133,173349.00,2016-12-21 04:20:00.286500
196,201612214202573,PRIN,42,44,40,1150,46000.00,2016-12-21 04:20:00.257300
197,201612214202578,PRIN,37,44,50,1150,57500.00,2016-12-21 04:20:00.257800
198,201612214202164,PRIN,36,42,50,1131,56550.00,2016-12-21 04:20:00.216400
199,201612214202141,PRIN,21,42,50,1140,57000.00,2016-12-21 04:20:00.214100
200,201612214202150,PRIN,36,42,50,1131,56550.00,2016-12-21 04:20:00.215000
201,201612214202117,PRIN,44,29,50,1159,57950.00,2016-12-21 04:20:00.211700
202,201612214202091,PRIN,22,36,160,1140,182400.00,2016-12-21 04:20:00.209100
203,201612214201885,PRIN,35,26,50,1140,57000.00,2016-12-21 04:20:00.188500
204,201612214201780,PRIN,21,43,42,1145,48090.00,2016-12-21 04:20:00.178000
205,201612214201673,PRIN,34,29,200,1126,225200.00,2016-12-21 04:20:00.167300
206,201612214201622,PRIN,6,1,202,1125,227250.00,2016-12-21 04:20:00.162200
207,201612214201023,PRIN,22,22,100,1104,110400.00,2016-12-21 04:20:00.102300
208,201612214200940,PRIN,53,10,100,1123,112300.00,2016-12-21 04:20:00.094000
209,201612204199780,PRIN,38,34,200,1145,229000.00,2016-12-20 04:19:00.978000
210,201612204199781,PRIN,38,34,100,1145,114500.00,2016-12-20 04:19:00.978100
211,201612204199571,PRIN,1,34,100,1145,114500.00,2016-12-20 04:19:00.957100
212,201612204199502,PRIN,35,33,41,1145,46945.00,2016-12-20 04:19:00.950200
213,201612204198685,PRIN,6,5,150,1146,171900.00,2016-12-20 04:19:00.868500
214,201612204198602,PRIN,13,33,19,1147,21793.00,2016-12-20 04:19:00.860200
215,201612204198590,PRIN,51,33,200,1148,229600.00,2016-12-20 04:19:00.859000
216,201612204198591,PRIN,13,33,380,1147,435860.00,2016-12-20 04:19:00.859100
217,201612204198482,PRIN,56,33,400,1150,460000.00,2016-12-20 04:19:00.848200
218,201612204198410,PRIN,57,34,228,1153,262884.00,2016-12-20 04:19:00.841000
219,201612204197841,PRIN,49,33,100,1155,115500.00,2016-12-20 04:19:00.784100
220,201612204197206,PRIN,38,10,100,1155,115500.00,2016-12-20 04:19:00.720600
221,201612204196877,PRIN,56,32,50,1160,58000.00,2016-12-20 04:19:00.687700
222,201612204196857,PRIN,56,17,100,1155,115500.00,2016-12-20 04:19:00.685700
223,201612204196762,PRIN,53,17,50,1155,57750.00,2016-12-20 04:19:00.676200
224,201612204196707,PRIN,34,14,2569,1150,2954350.00,2016-12-20 04:19:00.670700
225,201612204196519,PRIN,19,34,80,1146,91680.00,2016-12-20 04:19:00.651900
226,201612204196520,PRIN,19,47,100,1148,114800.00,2016-12-20 04:19:00.652000
227,201612194195282,PRIN,38,10,100,1146,114600.00,2016-12-19 04:19:00.528200
228,201612194195245,PRIN,5,33,50,1165,58250.00,2016-12-19 04:19:00.524500
229,201612194195246,PRIN,22,33,100,1165,116500.00,2016-12-19 04:19:00.524600
230,201612194195247,PRIN,19,33,50,1165,58250.00,2016-12-19 04:19:00.524700
231,201612194195248,PRIN,29,33,100,1165,116500.00,2016-12-19 04:19:00.524800
232,201612194195249,PRIN,6,33,10,1164,11640.00,2016-12-19 04:19:00.524900
233,201612194195250,PRIN,45,33,500,1163,581500.00,2016-12-19 04:19:00.525000
234,201612194195251,PRIN,37,33,150,1155,173250.00,2016-12-19 04:19:00.525100
235,201612194195252,PRIN,34,33,500,1150,575000.00,2016-12-19 04:19:00.525200
236,201612194195253,PRIN,21,33,50,1150,57500.00,2016-12-19 04:19:00.525300
237,201612194192420,PRIN,38,10,100,1162,116200.00,2016-12-19 04:19:00.242000
238,201612194191870,PRIN,57,34,400,1185,474000.00,2016-12-19 04:19:00.187000
239,201612194191558,PRIN,57,29,100,1189,118900.00,2016-12-19 04:19:00.155800
240,201612194191565,PRIN,54,29,200,1188,237600.00,2016-12-19 04:19:00.156500
241,201612184191326,PRIN,6,14,87,1188,103356.00,2016-12-18 04:19:00.132600
242,201612184191033,PRIN,35,34,50,1180,59000.00,2016-12-18 04:19:00.103300
243,201612184190716,PRIN,20,45,100,1187,118700.00,2016-12-18 04:19:00.071600
244,201612184190680,PRIN,20,56,100,1187,118700.00,2016-12-18 04:19:00.068000
245,201612184190252,PRIN,53,48,200,1180,236000.00,2016-12-18 04:19:00.025200
246,201612184189971,PRIN,44,16,200,1170,234000.00,2016-12-18 04:18:00.997100
247,201612184189063,PRIN,5,21,10,1165,11650.00,2016-12-18 04:18:00.906300
248,201612184188575,PRIN,5,29,140,1182,165480.00,2016-12-18 04:18:00.857500
249,201612184188290,PRIN,21,29,50,1182,59100.00,2016-12-18 04:18:00.829000
250,201612184188016,PRIN,42,36,12,1182,14184.00,2016-12-18 04:18:00.801600
251,201612184187622,PRIN,53,29,10,1182,11820.00,2016-12-18 04:18:00.762200
252,201612154187068,PRIN,37,14,157,1159,181963.00,2016-12-15 04:18:00.706800
253,201612154187044,PRIN,51,14,100,1160,116000.00,2016-12-15 04:18:00.704400
254,201612154186866,PRIN,19,14,160,1160,185600.00,2016-12-15 04:18:00.686600
255,201612154186872,PRIN,34,14,500,1170,585000.00,2016-12-15 04:18:00.687200
256,201612154186846,PRIN,36,14,100,1160,116000.00,2016-12-15 04:18:00.684600
257,201612154186848,PRIN,45,14,50,1160,58000.00,2016-12-15 04:18:00.684800
258,201612154186851,PRIN,19,14,40,1160,46400.00,2016-12-15 04:18:00.685100
259,201612154186800,PRIN,29,14,10,1160,11600.00,2016-12-15 04:18:00.680000
260,201612154186591,PRIN,26,14,100,1167,116700.00,2016-12-15 04:18:00.659100
261,201612154186592,PRIN,7,14,50,1166,58300.00,2016-12-15 04:18:00.659200
262,201612154186593,PRIN,53,14,200,1161,232200.00,2016-12-15 04:18:00.659300
263,201612154186594,PRIN,38,14,400,1161,464400.00,2016-12-15 04:18:00.659400
264,201612154186595,PRIN,45,14,100,1160,116000.00,2016-12-15 04:18:00.659500
265,201612154186596,PRIN,52,14,300,1160,348000.00,2016-12-15 04:18:00.659600
266,201612154186597,PRIN,13,14,200,1160,232000.00,2016-12-15 04:18:00.659700
267,201612154186360,PRIN,41,58,100,1176,117600.00,2016-12-15 04:18:00.636000
268,201612154186324,PRIN,57,32,100,1178,117800.00,2016-12-15 04:18:00.632400
269,201612154186239,PRIN,22,26,100,1180,118000.00,2016-12-15 04:18:00.623900
270,201612154186249,PRIN,40,14,50,1180,59000.00,2016-12-15 04:18:00.624900
271,201612154186250,PRIN,49,14,50,1180,59000.00,2016-12-15 04:18:00.625000
272,201612154186251,PRIN,42,14,100,1180,118000.00,2016-12-15 04:18:00.625100
273,201612154186134,PRIN,57,14,100,1181,118100.00,2016-12-15 04:18:00.613400
274,201612154186135,PRIN,52,14,200,1180,236000.00,2016-12-15 04:18:00.613500
275,201612154186136,PRIN,40,14,150,1180,177000.00,2016-12-15 04:18:00.613600
276,201612154185610,PRIN,42,14,50,1199,59950.00,2016-12-15 04:18:00.561000
277,201612154185515,PRIN,19,48,85,1185,100725.00,2016-12-15 04:18:00.551500
278,201612154185334,PRIN,57,14,100,1199,119900.00,2016-12-15 04:18:00.533400
279,201612154185315,PRIN,16,16,50,1200,60000.00,2016-12-15 04:18:00.531500
280,201612154185269,PRIN,41,14,150,1200,180000.00,2016-12-15 04:18:00.526900
281,201612154185281,PRIN,44,14,150,1202,180300.00,2016-12-15 04:18:00.528100
282,201612154185258,PRIN,44,14,50,1200,60000.00,2016-12-15 04:18:00.525800
283,201612154185244,PRIN,54,14,130,1200,156000.00,2016-12-15 04:18:00.524400
284,201612154185245,PRIN,54,26,100,1200,120000.00,2016-12-15 04:18:00.524500
285,201612154185231,PRIN,16,58,50,1195,59750.00,2016-12-15 04:18:00.523100
286,201612154185002,PRIN,42,14,70,1200,84000.00,2016-12-15 04:18:00.500200
287,201612154184647,PRIN,52,14,120,1200,144000.00,2016-12-15 04:18:00.464700
288,201612154184200,PRIN,48,14,80,1200,96000.00,2016-12-15 04:18:00.420000
289,201612154183911,PRIN,53,29,230,1180,271400.00,2016-12-15 04:18:00.391100
290,201612154183709,PRIN,53,29,100,1180,118000.00,2016-12-15 04:18:00.370900
291,201612144183380,PRIN,29,29,100,1163,116300.00,2016-12-14 04:18:00.338000
292,201612144183381,PRIN,38,29,100,1162,116200.00,2016-12-14 04:18:00.338100
293,201612144183382,PRIN,38,29,300,1161,348300.00,2016-12-14 04:18:00.338200
294,201612144183383,PRIN,46,29,100,1160,116000.00,2016-12-14 04:18:00.338300
295,201612144183384,PRIN,5,29,100,1160,116000.00,2016-12-14 04:18:00.338400
296,201612144183320,PRIN,51,14,100,1170,117000.00,2016-12-14 04:18:00.332000
297,201612144183230,PRIN,52,14,50,1170,58500.00,2016-12-14 04:18:00.323000
298,201612144183170,PRIN,7,14,100,1170,117000.00,2016-12-14 04:18:00.317000
299,201612144183131,PRIN,32,14,100,1170,117000.00,2016-12-14 04:18:00.313100
300,201612144182986,PRIN,7,14,100,1170,117000.00,2016-12-14 04:18:00.298600
301,201612144182990,PRIN,7,14,100,1170,117000.00,2016-12-14 04:18:00.299000
302,201612144182946,PRIN,41,14,100,1170,117000.00,2016-12-14 04:18:00.294600
303,201612144182888,PRIN,57,14,100,1170,117000.00,2016-12-14 04:18:00.288800
304,201612144182848,PRIN,7,6,100,1165,116500.00,2016-12-14 04:18:00.284800
305,201612144182568,PRIN,53,53,100,1169,116900.00,2016-12-14 04:18:00.256800
306,201612144182575,PRIN,53,14,100,1170,117000.00,2016-12-14 04:18:00.257500
307,201612144182483,PRIN,36,14,482,1170,563940.00,2016-12-14 04:18:00.248300
308,201612144182143,PRIN,45,14,500,1170,585000.00,2016-12-14 04:18:00.214300
309,201612144182010,PRIN,14,14,4017,1170,4699890.00,2016-12-14 04:18:00.201000
310,201612144181982,PRIN,53,14,180,1170,210600.00,2016-12-14 04:18:00.198200
311,201612144181894,PRIN,48,14,120,1170,140400.00,2016-12-14 04:18:00.189400
312,201612144181855,PRIN,28,14,100,1165,116500.00,2016-12-14 04:18:00.185500
313,201612144181856,PRIN,59,14,100,1165,116500.00,2016-12-14 04:18:00.185600
314,201612144181816,PRIN,28,16,200,1165,233000.00,2016-12-14 04:18:00.181600
315,201612144181701,PRIN,28,14,229,1165,266785.00,2016-12-14 04:18:00.170100
316,201612144181631,PRIN,53,14,200,1165,233000.00,2016-12-14 04:18:00.163100
317,201612144181588,PRIN,36,14,200,1160,232000.00,2016-12-14 04:18:00.158800
318,201612144180423,PRIN,53,26,179,1157,207103.00,2016-12-14 04:18:00.042300
319,201612144180245,PRIN,50,14,250,1186,296500.00,2016-12-14 04:18:00.024500
320,201612144180246,PRIN,48,14,200,1185,237000.00,2016-12-14 04:18:00.024600
321,201612144180247,PRIN,46,14,200,1185,237000.00,2016-12-14 04:18:00.024700
322,201612144180248,PRIN,48,14,40,1180,47200.00,2016-12-14 04:18:00.024800
323,201612144180249,PRIN,59,14,1000,1176,1176000.00,2016-12-14 04:18:00.024900
324,201612144180218,PRIN,4,48,50,1190,59500.00,2016-12-14 04:18:00.021800
325,201612144180219,PRIN,58,48,50,1190,59500.00,2016-12-14 04:18:00.021900
326,201612144180082,PRIN,41,14,50,1200,60000.00,2016-12-14 04:18:00.008200
327,201612144179958,PRIN,53,29,200,1200,240000.00,2016-12-14 04:17:00.995800
328,201612144179959,PRIN,53,26,100,1203,120300.00,2016-12-14 04:17:00.995900
329,201612124179570,PRIN,56,37,500,1162,581000.00,2016-12-12 04:17:00.957000
330,201612124179600,PRIN,6,14,200,1163,232600.00,2016-12-12 04:17:00.960000
331,201612124179601,PRIN,6,14,100,1165,116500.00,2016-12-12 04:17:00.960100
332,201612124179623,PRIN,6,10,100,1170,117000.00,2016-12-12 04:17:00.962300
333,201612124179624,PRIN,6,45,100,1180,118000.00,2016-12-12 04:17:00.962400
334,201612124179343,PRIN,14,14,2869,1150,3299350.00,2016-12-12 04:17:00.934300
335,201612124178844,PRIN,14,14,4999,1140,5698860.00,2016-12-12 04:17:00.884400
336,201612124178787,PRIN,43,55,50,1125,56250.00,2016-12-12 04:17:00.878700
337,201612124178788,PRIN,43,55,100,1120,112000.00,2016-12-12 04:17:00.878800
338,201612124178789,PRIN,22,55,50,1118,55900.00,2016-12-12 04:17:00.878900
339,201612124178790,PRIN,47,55,100,1118,111800.00,2016-12-12 04:17:00.879000
340,201612124178573,PRIN,34,6,100,1155,115500.00,2016-12-12 04:17:00.857300
341,201612124178574,PRIN,26,6,100,1154,115400.00,2016-12-12 04:17:00.857400
342,201612124178575,PRIN,53,6,100,1153,115300.00,2016-12-12 04:17:00.857500
343,201612124178576,PRIN,22,6,50,1153,57650.00,2016-12-12 04:17:00.857600
344,201612124178590,PRIN,47,6,100,1142,114200.00,2016-12-12 04:17:00.859000
345,201612124178591,PRIN,22,6,100,1140,114000.00,2016-12-12 04:17:00.859100
346,201612124178355,PRIN,34,14,100,1163,116300.00,2016-12-12 04:17:00.835500
347,201612124178356,PRIN,57,14,100,1162,116200.00,2016-12-12 04:17:00.835600
348,201612124178284,PRIN,41,14,200,1165,233000.00,2016-12-12 04:17:00.828400
349,201612124178241,PRIN,20,17,30,1166,34980.00,2016-12-12 04:17:00.824100
350,201612124178242,PRIN,21,17,50,1166,58300.00,2016-12-12 04:17:00.824200
351,201612124178243,PRIN,11,17,20,1165,23300.00,2016-12-12 04:17:00.824300
352,201612124178244,PRIN,22,17,50,1165,58250.00,2016-12-12 04:17:00.824400
353,201612124177528,PRIN,43,17,50,1165,58250.00,2016-12-12 04:17:00.752800
354,201612124177529,PRIN,50,17,100,1165,116500.00,2016-12-12 04:17:00.752900
355,201612124177509,PRIN,47,47,360,1166,419760.00,2016-12-12 04:17:00.750900
356,201612124177259,PRIN,16,14,100,1180,118000.00,2016-12-12 04:17:00.725900
357,201612124177260,PRIN,7,14,60,1172,70320.00,2016-12-12 04:17:00.726000
358,201612124177261,PRIN,58,14,100,1171,117100.00,2016-12-12 04:17:00.726100
359,201612124177262,PRIN,57,14,600,1170,702000.00,2016-12-12 04:17:00.726200
360,201612124177263,PRIN,41,14,200,1165,233000.00,2016-12-12 04:17:00.726300
361,201612124176739,PRIN,6,58,50,1185,59250.00,2016-12-12 04:17:00.673900
362,201612114175332,PRIN,39,14,20,1195,23900.00,2016-12-11 04:17:00.533200
363,201612114175341,PRIN,14,14,10,1177,11770.00,2016-12-11 04:17:00.534100
364,201612114175342,PRIN,22,14,70,1176,82320.00,2016-12-11 04:17:00.534200
365,201612114175234,PRIN,51,48,15,1211,18165.00,2016-12-11 04:17:00.523400
366,201612114173989,PRIN,5,29,200,1210,242000.00,2016-12-11 04:17:00.398900
367,201612114173598,PRIN,22,40,100,1200,120000.00,2016-12-11 04:17:00.359800
368,201612114173547,PRIN,56,21,100,1208,120800.00,2016-12-11 04:17:00.354700
369,201612114173548,PRIN,53,21,200,1201,240200.00,2016-12-11 04:17:00.354800
370,201612114173411,PRIN,51,29,100,1210,121000.00,2016-12-11 04:17:00.341100
371,201612114172515,PRIN,53,10,20,1220,24400.00,2016-12-11 04:17:00.251500
372,201612114172412,PRIN,47,58,100,1220,122000.00,2016-12-11 04:17:00.241200
373,201612084171475,PRIN,6,47,160,1215,194400.00,2016-12-08 04:17:00.147500
374,201612084171250,PRIN,6,14,300,1214,364200.00,2016-12-08 04:17:00.125000
375,201612084171251,PRIN,6,26,300,1215,364500.00,2016-12-08 04:17:00.125100
376,201612084171081,PRIN,28,14,200,1210,242000.00,2016-12-08 04:17:00.108100
377,201612084170842,PRIN,51,14,100,1210,121000.00,2016-12-08 04:17:00.084200
378,201612084170843,PRIN,58,14,200,1207,241400.00,2016-12-08 04:17:00.084300
379,201612084170844,PRIN,38,14,200,1205,241000.00,2016-12-08 04:17:00.084400
380,201612084170190,PRIN,6,58,200,1220,244000.00,2016-12-08 04:17:00.019000
381,201612084169284,PRIN,26,17,35,1215,42525.00,2016-12-08 04:16:00.928400
382,201612084169285,PRIN,26,28,70,1215,85050.00,2016-12-08 04:16:00.928500
383,201612084168782,PRIN,26,28,30,1200,36000.00,2016-12-08 04:16:00.878200
384,201612084168783,PRIN,11,28,100,1200,120000.00,2016-12-08 04:16:00.878300
385,201612084168216,PRIN,17,17,40,1215,48600.00,2016-12-08 04:16:00.821600
386,201612074166303,PRIN,41,14,80,1230,98400.00,2016-12-07 04:16:00.630300
387,201612074166304,PRIN,6,14,200,1226,245200.00,2016-12-07 04:16:00.630400
388,201612074166305,PRIN,6,14,150,1226,183900.00,2016-12-07 04:16:00.630500
389,201612074166306,PRIN,38,14,300,1225,367500.00,2016-12-07 04:16:00.630600
390,201612074166307,PRIN,26,14,100,1225,122500.00,2016-12-07 04:16:00.630700
391,201612074165768,PRIN,33,47,100,1240,124000.00,2016-12-07 04:16:00.576800
392,201612074164364,PRIN,34,14,50,1250,62500.00,2016-12-07 04:16:00.436400
393,201612074164049,PRIN,41,37,200,1240,248000.00,2016-12-07 04:16:00.404900
394,201612074164052,PRIN,41,17,100,1241,124100.00,2016-12-07 04:16:00.405200
395,201612074164053,PRIN,41,57,10,1249,12490.00,2016-12-07 04:16:00.405300
396,201612074164027,PRIN,41,53,20,1230,24600.00,2016-12-07 04:16:00.402700
397,201612064163414,PRIN,56,14,20,1235,24700.00,2016-12-06 04:16:00.341400
398,201612064163415,PRIN,36,14,500,1232,616000.00,2016-12-06 04:16:00.341500
399,201612064163416,PRIN,34,14,100,1231,123100.00,2016-12-06 04:16:00.341600
400,201612064163417,PRIN,53,14,140,1230,172200.00,2016-12-06 04:16:00.341700
401,201612064163418,PRIN,47,14,500,1225,612500.00,2016-12-06 04:16:00.341800
402,201612064162062,PRIN,7,14,100,1239,123900.00,2016-12-06 04:16:00.206200
403,201612064162063,PRIN,36,36,240,1240,297600.00,2016-12-06 04:16:00.206300
404,201612064162055,PRIN,7,14,100,1239,123900.00,2016-12-06 04:16:00.205500
405,201612064162041,PRIN,34,14,300,1239,371700.00,2016-12-06 04:16:00.204100
406,201612064161636,PRIN,36,14,500,1235,617500.00,2016-12-06 04:16:00.163600
407,201612064161637,PRIN,36,34,850,1238,1052300.00,2016-12-06 04:16:00.163700
408,201612064161571,PRIN,53,42,360,1230,442800.00,2016-12-06 04:16:00.157100
409,201612064160270,PRIN,53,47,100,1228,122800.00,2016-12-06 04:16:00.027000
410,201612064159906,PRIN,35,55,100,1220,122000.00,2016-12-06 04:15:00.990600
411,201612064159792,PRIN,33,5,41,1235,50635.00,2016-12-06 04:15:00.979200
412,201612064159803,PRIN,8,33,150,1232,184800.00,2016-12-06 04:15:00.980300
413,201612064159804,PRIN,39,33,50,1231,61550.00,2016-12-06 04:15:00.980400
414,201612064159805,PRIN,39,36,50,1231,61550.00,2016-12-06 04:15:00.980500
415,201612064159779,PRIN,32,5,100,1240,124000.00,2016-12-06 04:15:00.977900
416,201612064159780,PRIN,13,5,100,1240,124000.00,2016-12-06 04:15:00.978000
417,201612064159388,PRIN,53,46,200,1255,251000.00,2016-12-06 04:15:00.938800
418,201612064159395,PRIN,53,34,50,1260,63000.00,2016-12-06 04:15:00.939500
419,201612064159396,PRIN,53,57,100,1264,126400.00,2016-12-06 04:15:00.939600
420,201612064159356,PRIN,11,20,40,1250,50000.00,2016-12-06 04:15:00.935600
421,201612064158993,PRIN,7,11,50,1235,61750.00,2016-12-06 04:15:00.899300
422,201612064158970,PRIN,22,11,50,1235,61750.00,2016-12-06 04:15:00.897000
423,201612064158695,PRIN,21,28,75,1240,93000.00,2016-12-06 04:15:00.869500
424,201612064158668,PRIN,37,37,189,1238,233982.00,2016-12-06 04:15:00.866800
425,201612054158207,PRIN,34,38,50,1216,60800.00,2016-12-05 04:15:00.820700
426,201612054158008,PRIN,47,14,30,1225,36750.00,2016-12-05 04:15:00.800800
427,201612054158009,PRIN,37,14,50,1220,61000.00,2016-12-05 04:15:00.800900
428,201612054158010,PRIN,21,14,100,1218,121800.00,2016-12-05 04:15:00.801000
429,201612054158011,PRIN,57,14,500,1217,608500.00,2016-12-05 04:15:00.801100
430,201612054158012,PRIN,47,14,100,1217,121700.00,2016-12-05 04:15:00.801200
431,201612054158013,PRIN,14,14,30,1217,36510.00,2016-12-05 04:15:00.801300
432,201612054158014,PRIN,54,14,190,1215,230850.00,2016-12-05 04:15:00.801400
433,201612054157959,PRIN,36,14,200,1231,246200.00,2016-12-05 04:15:00.795900
434,201612054157960,PRIN,46,14,100,1231,123100.00,2016-12-05 04:15:00.796000
435,201612054157961,PRIN,19,14,100,1231,123100.00,2016-12-05 04:15:00.796100
436,201612054157962,PRIN,43,14,200,1230,246000.00,2016-12-05 04:15:00.796200
437,201612054157963,PRIN,45,14,200,1227,245400.00,2016-12-05 04:15:00.796300
438,201612054157930,PRIN,1,17,102,1230,125460.00,2016-12-05 04:15:00.793000
439,201612054157916,PRIN,37,17,189,1231,232659.00,2016-12-05 04:15:00.791600
440,201612054157926,PRIN,26,17,100,1231,123100.00,2016-12-05 04:15:00.792600
441,201612054157927,PRIN,1,17,100,1230,123000.00,2016-12-05 04:15:00.792700
442,201612054157818,PRIN,54,25,10,1235,12350.00,2016-12-05 04:15:00.781800
443,201612054157780,PRIN,29,47,14,1232,17248.00,2016-12-05 04:15:00.778000
444,201612054157600,PRIN,47,14,105,1240,130200.00,2016-12-05 04:15:00.760000
445,201612054157436,PRIN,44,25,450,1238,557100.00,2016-12-05 04:15:00.743600
446,201612054157416,PRIN,4,14,20,1241,24820.00,2016-12-05 04:15:00.741600
447,201612054157417,PRIN,19,14,100,1241,124100.00,2016-12-05 04:15:00.741700
448,201612054157418,PRIN,39,14,500,1240,620000.00,2016-12-05 04:15:00.741800
449,201612054157164,PRIN,21,14,200,1245,249000.00,2016-12-05 04:15:00.716400
450,201612054157110,PRIN,21,32,18,1241,22338.00,2016-12-05 04:15:00.711000
451,201612054156898,PRIN,44,29,50,1238,61900.00,2016-12-05 04:15:00.689800
452,201612054156054,PRIN,29,35,10,1240,12400.00,2016-12-05 04:15:00.605400
453,201612054156055,PRIN,54,35,490,1235,605150.00,2016-12-05 04:15:00.605500
454,201612054155875,PRIN,52,21,50,1241,62050.00,2016-12-05 04:15:00.587500
455,201612054155461,PRIN,52,51,50,1248,62400.00,2016-12-05 04:15:00.546100
456,201612054155427,PRIN,52,1,50,1248,62400.00,2016-12-05 04:15:00.542700
457,201612054155398,PRIN,52,17,50,1248,62400.00,2016-12-05 04:15:00.539800
458,201612054155318,PRIN,21,1,50,1252,62600.00,2016-12-05 04:15:00.531800
459,201612054155319,PRIN,22,1,100,1252,125200.00,2016-12-05 04:15:00.531900
460,201612054155326,PRIN,29,36,10,1251,12510.00,2016-12-05 04:15:00.532600
461,201612054155327,PRIN,44,36,100,1250,125000.00,2016-12-05 04:15:00.532700
462,201612054155328,PRIN,38,36,100,1250,125000.00,2016-12-05 04:15:00.532800
463,201612054155262,PRIN,21,42,50,1252,62600.00,2016-12-05 04:15:00.526200
464,201612054155076,PRIN,59,54,93,1255,116715.00,2016-12-05 04:15:00.507600
465,201612054154920,PRIN,59,34,300,1255,376500.00,2016-12-05 04:15:00.492000
466,201612054154823,PRIN,37,37,100,1256,125600.00,2016-12-05 04:15:00.482300
467,201612054154469,PRIN,57,17,40,1250,50000.00,2016-12-05 04:15:00.446900
468,201612054153942,PRIN,59,57,11,1241,13651.00,2016-12-05 04:15:00.394200
469,201612054153905,PRIN,59,55,30,1241,37230.00,2016-12-05 04:15:00.390500
470,201612054153870,PRIN,21,35,50,1242,62100.00,2016-12-05 04:15:00.387000
471,201612044153507,PRIN,54,41,100,1266,126600.00,2016-12-04 04:15:00.350700
472,201612044153349,PRIN,47,39,100,1268,126800.00,2016-12-04 04:15:00.334900
473,201612044153257,PRIN,25,45,50,1270,63500.00,2016-12-04 04:15:00.325700
474,201612044153189,PRIN,48,40,90,1269,114210.00,2016-12-04 04:15:00.318900
475,201612044153083,PRIN,22,45,60,1270,76200.00,2016-12-04 04:15:00.308300
476,201612044152979,PRIN,19,10,10,1271,12710.00,2016-12-04 04:15:00.297900
477,201612044152980,PRIN,48,10,100,1270,127000.00,2016-12-04 04:15:00.298000
478,201612044152981,PRIN,22,10,90,1270,114300.00,2016-12-04 04:15:00.298100
479,201612044152873,PRIN,40,1,50,1277,63850.00,2016-12-04 04:15:00.287300
480,201612044152629,PRIN,54,38,940,1279,1202260.00,2016-12-04 04:15:00.262900
481,201612044152430,PRIN,48,34,30,1269,38070.00,2016-12-04 04:15:00.243000
482,201612044152300,PRIN,40,34,200,1269,253800.00,2016-12-04 04:15:00.230000
483,201612044152301,PRIN,43,34,100,1269,126900.00,2016-12-04 04:15:00.230100
484,201612044152263,PRIN,42,6,100,1270,127000.00,2016-12-04 04:15:00.226300
485,201612044152264,PRIN,40,6,100,1269,126900.00,2016-12-04 04:15:00.226400
486,201612044152095,PRIN,59,56,200,1275,255000.00,2016-12-04 04:15:00.209500
487,201612044152096,PRIN,19,56,100,1273,127300.00,2016-12-04 04:15:00.209600
488,201612044152097,PRIN,21,56,200,1272,254400.00,2016-12-04 04:15:00.209700
489,201612044152098,PRIN,43,56,100,1271,127100.00,2016-12-04 04:15:00.209800
490,201612044152099,PRIN,48,56,150,1271,190650.00,2016-12-04 04:15:00.209900
491,201612044152100,PRIN,41,56,100,1270,127000.00,2016-12-04 04:15:00.210000
492,201612044151552,PRIN,19,55,100,1273,127300.00,2016-12-04 04:15:00.155200
493,201612044151521,PRIN,25,38,50,1280,64000.00,2016-12-04 04:15:00.152100
494,201612044151389,PRIN,19,38,50,1275,63750.00,2016-12-04 04:15:00.138900
495,201612044150721,PRIN,44,38,400,1274,509600.00,2016-12-04 04:15:00.072100
496,201612044150596,PRIN,44,35,100,1274,127400.00,2016-12-04 04:15:00.059600
497,201612044150586,PRIN,5,45,90,1280,115200.00,2016-12-04 04:15:00.058600
498,201612044150453,PRIN,45,38,30,1300,39000.00,2016-12-04 04:15:00.045300
499,201612044150118,PRIN,26,35,200,1294,258800.00,2016-12-04 04:15:00.011800
500,201612044149769,PRIN,41,38,30,1320,39600.00,2016-12-04 04:14:00.976900
501,201612044149439,PRIN,35,32,100,1300,130000.00,2016-12-04 04:14:00.943900
502,201612044149454,PRIN,35,7,150,1320,198000.00,2016-12-04 04:14:00.945400
503,201612044149387,PRIN,34,33,80,1300,104000.00,2016-12-04 04:14:00.938700
504,201612044149364,PRIN,7,32,90,1299,116910.00,2016-12-04 04:14:00.936400
505,201612044148880,PRIN,54,35,100,1275,127500.00,2016-12-04 04:14:00.888000
506,201612044148881,PRIN,17,35,150,1275,191250.00,2016-12-04 04:14:00.888100
507,201612044148882,PRIN,17,35,150,1275,191250.00,2016-12-04 04:14:00.888200
508,201612044148856,PRIN,54,55,100,1275,127500.00,2016-12-04 04:14:00.885600
509,201612044148545,PRIN,40,33,40,1300,52000.00,2016-12-04 04:14:00.854500
510,201612044148543,PRIN,41,17,120,1305,156600.00,2016-12-04 04:14:00.854300
511,201612044148428,PRIN,40,19,100,1300,130000.00,2016-12-04 04:14:00.842800
512,201612014148240,PRIN,1,5,20,1316,26320.00,2016-12-01 04:14:00.824000
513,201612014148213,PRIN,57,33,505,1325,669125.00,2016-12-01 04:14:00.821300
514,201612014148016,PRIN,39,26,200,1315,263000.00,2016-12-01 04:14:00.801600
515,201612014147792,PRIN,58,41,30,1303,39090.00,2016-12-01 04:14:00.779200
516,201612014147518,PRIN,44,34,500,1302,651000.00,2016-12-01 04:14:00.751800
517,201612014147156,PRIN,29,29,150,1301,195150.00,2016-12-01 04:14:00.715600
518,201612014147116,PRIN,41,56,50,1300,65000.00,2016-12-01 04:14:00.711600
519,201612014147117,PRIN,34,56,150,1296,194400.00,2016-12-01 04:14:00.711700
520,201612014147118,PRIN,7,56,90,1295,116550.00,2016-12-01 04:14:00.711800
521,201612014147119,PRIN,7,56,100,1295,129500.00,2016-12-01 04:14:00.711900
522,201612014147120,PRIN,55,56,100,1295,129500.00,2016-12-01 04:14:00.712000
523,201612014147121,PRIN,56,56,100,1295,129500.00,2016-12-01 04:14:00.712100
524,201612014147122,PRIN,47,56,10,1295,12950.00,2016-12-01 04:14:00.712200
525,201612014146926,PRIN,55,56,100,1300,130000.00,2016-12-01 04:14:00.692600
526,201612014146927,PRIN,56,56,200,1300,260000.00,2016-12-01 04:14:00.692700
527,201612014146928,PRIN,6,56,100,1300,130000.00,2016-12-01 04:14:00.692800
528,201612014146750,PRIN,54,33,500,1307,653500.00,2016-12-01 04:14:00.675000
529,201612014146204,PRIN,54,33,40,1314,52560.00,2016-12-01 04:14:00.620400
530,201612014146057,PRIN,50,5,100,1309,130900.00,2016-12-01 04:14:00.605700
531,201612014145755,PRIN,54,13,100,1314,131400.00,2016-12-01 04:14:00.575500
532,201612014145702,PRIN,54,5,100,1314,131400.00,2016-12-01 04:14:00.570200
533,201612014145019,PRIN,54,55,110,1314,144540.00,2016-12-01 04:14:00.501900
534,201612014144880,PRIN,45,45,100,1330,133000.00,2016-12-01 04:14:00.488000
535,201612014144472,PRIN,39,33,200,1340,268000.00,2016-12-01 04:14:00.447200
536,201612014144447,PRIN,54,43,150,1332,199800.00,2016-12-01 04:14:00.444700
537,201612014144401,PRIN,47,17,20,1335,26700.00,2016-12-01 04:14:00.440100
538,201612014144402,PRIN,54,17,200,1335,267000.00,2016-12-01 04:14:00.440200
539,201612014144368,PRIN,54,50,15,1335,20025.00,2016-12-01 04:14:00.436800
540,201612014144281,PRIN,41,41,50,1340,67000.00,2016-12-01 04:14:00.428100
541,201612014144282,PRIN,17,41,50,1340,67000.00,2016-12-01 04:14:00.428200
542,201612014144283,PRIN,56,41,100,1340,134000.00,2016-12-01 04:14:00.428300
543,201612014143901,PRIN,39,33,180,1345,242100.00,2016-12-01 04:14:00.390100
544,201612014143902,PRIN,39,26,100,1350,135000.00,2016-12-01 04:14:00.390200
545,201612014143903,PRIN,39,58,50,1355,67750.00,2016-12-01 04:14:00.390300
546,201612014143540,PRIN,19,57,50,1335,66750.00,2016-12-01 04:14:00.354000
547,201612014143541,PRIN,54,57,90,1335,120150.00,2016-12-01 04:14:00.354100
548,201612014143493,PRIN,54,57,390,1335,520650.00,2016-12-01 04:14:00.349300
549,201612014143311,PRIN,38,5,50,1336,66800.00,2016-12-01 04:14:00.331100
550,201612014143312,PRIN,19,5,50,1335,66750.00,2016-12-01 04:14:00.331200
551,201612014143107,PRIN,19,50,150,1350,202500.00,2016-12-01 04:14:00.310700
552,201612014143108,PRIN,19,58,50,1355,67750.00,2016-12-01 04:14:00.310800
553,201612014142735,PRIN,34,13,50,1356,67800.00,2016-12-01 04:14:00.273500
554,201612014142698,PRIN,56,45,50,1330,66500.00,2016-12-01 04:14:00.269800
555,201612014142627,PRIN,7,33,10,1295,12950.00,2016-12-01 04:14:00.262700
556,201612014142648,PRIN,33,33,90,1300,117000.00,2016-12-01 04:14:00.264800
557,201612014142654,PRIN,17,43,100,1325,132500.00,2016-12-01 04:14:00.265400
558,201612014142332,PRIN,44,7,10,1269,12690.00,2016-12-01 04:14:00.233200
559,201612014142342,PRIN,7,17,50,1270,63500.00,2016-12-01 04:14:00.234200
560,201612014142343,PRIN,7,47,50,1270,63500.00,2016-12-01 04:14:00.234300
561,201612014142042,PRIN,45,48,200,1245,249000.00,2016-12-01 04:14:00.204200
562,201612014142004,PRIN,48,48,100,1245,124500.00,2016-12-01 04:14:00.200400
563,201612014142008,PRIN,25,55,100,1240,124000.00,2016-12-01 04:14:00.200800
564,201612014141950,PRIN,50,48,100,1260,126000.00,2016-12-01 04:14:00.195000
565,201612014141956,PRIN,51,48,200,1245,249000.00,2016-12-01 04:14:00.195600
566,201612014141864,PRIN,22,55,50,1270,63500.00,2016-12-01 04:14:00.186400
567,201612014141865,PRIN,22,17,50,1270,63500.00,2016-12-01 04:14:00.186500
568,201612014141621,PRIN,41,17,32,1270,40640.00,2016-12-01 04:14:00.162100
569,201612014141370,PRIN,29,17,100,1266,126600.00,2016-12-01 04:14:00.137000
570,201612014141371,PRIN,57,17,390,1265,493350.00,2016-12-01 04:14:00.137100
571,201612014141306,PRIN,53,8,100,1290,129000.00,2016-12-01 04:14:00.130600
572,201612014141307,PRIN,53,14,20,1290,25800.00,2016-12-01 04:14:00.130700
573,201612014141237,PRIN,53,13,100,1290,129000.00,2016-12-01 04:14:00.123700
574,201612014141150,PRIN,48,33,20,1325,26500.00,2016-12-01 04:14:00.115000
575,201612014141151,PRIN,48,33,100,1311,131100.00,2016-12-01 04:14:00.115100
576,201612014141152,PRIN,43,33,100,1310,131000.00,2016-12-01 04:14:00.115200
577,201612014141153,PRIN,56,33,20,1301,26020.00,2016-12-01 04:14:00.115300
578,201612014141154,PRIN,57,33,100,1301,130100.00,2016-12-01 04:14:00.115400
579,201612014141155,PRIN,22,33,100,1301,130100.00,2016-12-01 04:14:00.115500
580,201612014141156,PRIN,22,33,30,1300,39000.00,2016-12-01 04:14:00.115600
581,201612014141157,PRIN,45,33,1000,1300,1300000.00,2016-12-01 04:14:00.115700
582,201612014141158,PRIN,45,33,200,1300,260000.00,2016-12-01 04:14:00.115800
583,201612014141074,PRIN,53,13,50,1325,66250.00,2016-12-01 04:14:00.107400
584,201612014141075,PRIN,48,13,50,1325,66250.00,2016-12-01 04:14:00.107500
585,201612014141040,PRIN,6,44,200,1333,266600.00,2016-12-01 04:14:00.104000
586,201612014141043,PRIN,59,44,200,1330,266000.00,2016-12-01 04:14:00.104300
587,201612014140541,PRIN,21,57,100,1360,136000.00,2016-12-01 04:14:00.054100
588,201612014140410,PRIN,19,8,50,1367,68350.00,2016-12-01 04:14:00.041000
589,201612014140320,PRIN,37,57,50,1341,67050.00,2016-12-01 04:14:00.032000
590,201611304140079,PRIN,56,57,50,1320,66000.00,2016-11-30 04:14:00.007900
591,201611304140080,PRIN,56,57,20,1315,26300.00,2016-11-30 04:14:00.008000
592,201611304140031,PRIN,56,52,50,1320,66000.00,2016-11-30 04:14:00.003100
593,201611304139844,PRIN,44,17,50,1322,66100.00,2016-11-30 04:13:00.984400
594,201611304139802,PRIN,20,17,100,1322,132200.00,2016-11-30 04:13:00.980200
595,201611304139341,PRIN,36,57,24,1315,31560.00,2016-11-30 04:13:00.934100
596,201611304139180,PRIN,16,21,30,1315,39450.00,2016-11-30 04:13:00.918000
597,201611304139181,PRIN,36,21,70,1315,92050.00,2016-11-30 04:13:00.918100
598,201611304138899,PRIN,1,56,500,1296,648000.00,2016-11-30 04:13:00.889900
599,201611304138900,PRIN,7,56,100,1290,129000.00,2016-11-30 04:13:00.890000
600,201611304138630,PRIN,48,11,28,1300,36400.00,2016-11-30 04:13:00.863000
601,201611304138512,PRIN,48,33,250,1315,328750.00,2016-11-30 04:13:00.851200
602,201611304138182,PRIN,48,14,200,1314,262800.00,2016-11-30 04:13:00.818200
603,201611304138183,PRIN,48,50,170,1315,223550.00,2016-11-30 04:13:00.818300
604,201611304138096,PRIN,43,33,50,1310,65500.00,2016-11-30 04:13:00.809600
605,201611304138097,PRIN,43,33,100,1300,130000.00,2016-11-30 04:13:00.809700
606,201611304137954,PRIN,57,44,70,1310,91700.00,2016-11-30 04:13:00.795400
607,201611304137955,PRIN,57,50,130,1315,170950.00,2016-11-30 04:13:00.795500
608,201611304137845,PRIN,1,34,150,1308,196200.00,2016-11-30 04:13:00.784500
609,201611304137846,PRIN,1,14,250,1309,327250.00,2016-11-30 04:13:00.784600
610,201611304137856,PRIN,41,44,230,1310,301300.00,2016-11-30 04:13:00.785600
611,201611304137596,PRIN,37,58,150,1308,196200.00,2016-11-30 04:13:00.759600
612,201611304137597,PRIN,37,34,350,1308,457800.00,2016-11-30 04:13:00.759700
613,201611304137552,PRIN,57,57,100,1307,130700.00,2016-11-30 04:13:00.755200
614,201611304137244,PRIN,45,14,50,1309,65450.00,2016-11-30 04:13:00.724400
615,201611304136166,PRIN,47,33,500,1298,649000.00,2016-11-30 04:13:00.616600
616,201611304136062,PRIN,26,33,100,1310,131000.00,2016-11-30 04:13:00.606200
617,201611304135952,PRIN,53,43,50,1324,66200.00,2016-11-30 04:13:00.595200
618,201611304135823,PRIN,45,46,200,1310,262000.00,2016-11-30 04:13:00.582300
619,201611304135557,PRIN,53,52,50,1299,64950.00,2016-11-30 04:13:00.555700
620,201611304135335,PRIN,39,34,400,1270,508000.00,2016-11-30 04:13:00.533500
621,201611304135349,PRIN,39,17,150,1275,191250.00,2016-11-30 04:13:00.534900
622,201611304135350,PRIN,39,40,310,1275,395250.00,2016-11-30 04:13:00.535000
623,201611304135268,PRIN,7,26,100,1250,125000.00,2016-11-30 04:13:00.526800
624,201611304135019,PRIN,26,17,200,1250,250000.00,2016-11-30 04:13:00.501900
625,201611304134973,PRIN,26,50,150,1250,187500.00,2016-11-30 04:13:00.497300
626,201611304134783,PRIN,14,56,50,1251,62550.00,2016-11-30 04:13:00.478300
627,201611304134796,PRIN,26,56,50,1250,62500.00,2016-11-30 04:13:00.479600
628,201611304134041,PRIN,32,40,100,1251,125100.00,2016-11-30 04:13:00.404100
629,201611304133830,PRIN,10,17,10,1275,12750.00,2016-11-30 04:13:00.383000
630,201611304133904,PRIN,26,46,200,1274,254800.00,2016-11-30 04:13:00.390400
631,201611304133763,PRIN,40,40,140,1285,179900.00,2016-11-30 04:13:00.376300
632,201611304133764,PRIN,37,40,50,1280,64000.00,2016-11-30 04:13:00.376400
633,201611304133814,PRIN,57,22,70,1275,89250.00,2016-11-30 04:13:00.381400
634,201611304133818,PRIN,57,21,100,1275,127500.00,2016-11-30 04:13:00.381800
635,201611304133828,PRIN,57,17,430,1275,548250.00,2016-11-30 04:13:00.382800
636,201611304133829,PRIN,32,17,50,1275,63750.00,2016-11-30 04:13:00.382900
637,201611304133693,PRIN,5,57,70,1300,91000.00,2016-11-30 04:13:00.369300
638,201611304133694,PRIN,25,57,100,1300,130000.00,2016-11-30 04:13:00.369400
639,201611304133695,PRIN,42,6,200,1290,258000.00,2016-11-30 04:13:00.369500
640,201611304133733,PRIN,40,44,500,1285,642500.00,2016-11-30 04:13:00.373300
641,201611304133613,PRIN,1,26,20,1310,26200.00,2016-11-30 04:13:00.361300
642,201611304133614,PRIN,6,26,200,1305,261000.00,2016-11-30 04:13:00.361400
643,201611304133615,PRIN,5,26,130,1300,169000.00,2016-11-30 04:13:00.361500
644,201611304133585,PRIN,59,57,50,1325,66250.00,2016-11-30 04:13:00.358500
645,201611304133440,PRIN,39,14,30,1320,39600.00,2016-11-30 04:13:00.344000
646,201611304133441,PRIN,16,14,600,1312,787200.00,2016-11-30 04:13:00.344100
647,201611304132830,PRIN,5,14,20,1325,26500.00,2016-11-30 04:13:00.283000
648,201611304132831,PRIN,5,58,100,1326,132600.00,2016-11-30 04:13:00.283100
649,201611304132782,PRIN,5,41,200,1300,260000.00,2016-11-30 04:13:00.278200
650,201611304132588,PRIN,40,53,420,1285,539700.00,2016-11-30 04:13:00.258800
651,201611304132524,PRIN,40,46,140,1280,179200.00,2016-11-30 04:13:00.252400
652,201611304132498,PRIN,37,53,100,1299,129900.00,2016-11-30 04:13:00.249800
653,201611304132478,PRIN,40,21,100,1298,129800.00,2016-11-30 04:13:00.247800
654,201611304132385,PRIN,16,34,250,1300,325000.00,2016-11-30 04:13:00.238500
655,201611304132405,PRIN,57,17,200,1299,259800.00,2016-11-30 04:13:00.240500
656,201611304132413,PRIN,16,53,50,1300,65000.00,2016-11-30 04:13:00.241300
657,201611304132358,PRIN,46,34,200,1299,259800.00,2016-11-30 04:13:00.235800
658,201611304132359,PRIN,46,58,50,1300,65000.00,2016-11-30 04:13:00.235900
659,201611304132360,PRIN,46,34,250,1300,325000.00,2016-11-30 04:13:00.236000
660,201611304132198,PRIN,41,58,50,1300,65000.00,2016-11-30 04:13:00.219800
661,201611304132127,PRIN,35,17,50,1275,63750.00,2016-11-30 04:13:00.212700
662,201611304132031,PRIN,41,58,100,1250,125000.00,2016-11-30 04:13:00.203100
663,201611304132032,PRIN,41,34,100,1250,125000.00,2016-11-30 04:13:00.203200
664,201611304132041,PRIN,57,34,400,1250,500000.00,2016-11-30 04:13:00.204100
665,201611304132022,PRIN,57,26,280,1245,348600.00,2016-11-30 04:13:00.202200
666,201611294131392,PRIN,36,32,100,1244,124400.00,2016-11-29 04:13:00.139200
667,201611294131420,PRIN,21,32,150,1230,184500.00,2016-11-29 04:13:00.142000
668,201611294131328,PRIN,16,40,50,1230,61500.00,2016-11-29 04:13:00.132800
669,201611294131329,PRIN,21,40,50,1230,61500.00,2016-11-29 04:13:00.132900
670,201611294131332,PRIN,36,14,60,1245,74700.00,2016-11-29 04:13:00.133200
671,201611294131119,PRIN,26,14,350,1235,432250.00,2016-11-29 04:13:00.111900
672,201611294131057,PRIN,16,33,50,1230,61500.00,2016-11-29 04:13:00.105700
673,201611294130981,PRIN,40,14,100,1235,123500.00,2016-11-29 04:13:00.098100
674,201611294130953,PRIN,38,14,50,1235,61750.00,2016-11-29 04:13:00.095300
675,201611294130842,PRIN,16,40,100,1239,123900.00,2016-11-29 04:13:00.084200
676,201611294130693,PRIN,40,8,50,1239,61950.00,2016-11-29 04:13:00.069300
677,201611294130625,PRIN,47,8,50,1229,61450.00,2016-11-29 04:13:00.062500
678,201611294130563,PRIN,40,14,500,1228,614000.00,2016-11-29 04:13:00.056300
679,201611294130261,PRIN,16,14,500,1210,605000.00,2016-11-29 04:13:00.026100
680,201611294130262,PRIN,16,14,500,1215,607500.00,2016-11-29 04:13:00.026200
681,201611294130195,PRIN,21,37,200,1209,241800.00,2016-11-29 04:13:00.019500
682,201611294130102,PRIN,44,34,500,1207,603500.00,2016-11-29 04:13:00.010200
683,201611294129987,PRIN,48,56,100,1200,120000.00,2016-11-29 04:12:00.998700
684,201611294129988,PRIN,46,56,400,1195,478000.00,2016-11-29 04:12:00.998800
685,201611294129994,PRIN,21,14,200,1202,240400.00,2016-11-29 04:12:00.999400
686,201611294129451,PRIN,39,14,100,1205,120500.00,2016-11-29 04:12:00.945100
687,201611294129334,PRIN,46,14,200,1205,241000.00,2016-11-29 04:12:00.933400
688,201611294129153,PRIN,53,32,103,1205,124115.00,2016-11-29 04:12:00.915300
689,201611294128983,PRIN,38,57,500,1208,604000.00,2016-11-29 04:12:00.898300
690,201611294128641,PRIN,17,56,200,1200,240000.00,2016-11-29 04:12:00.864100
691,201611294128642,PRIN,42,56,50,1200,60000.00,2016-11-29 04:12:00.864200
692,201611294128591,PRIN,44,14,500,1200,600000.00,2016-11-29 04:12:00.859100
693,201611294128550,PRIN,17,14,300,1195,358500.00,2016-11-29 04:12:00.855000
694,201611294128551,PRIN,17,56,20,1199,23980.00,2016-11-29 04:12:00.855100
695,201611294128552,PRIN,17,56,100,1199,119900.00,2016-11-29 04:12:00.855200
696,201611294128377,PRIN,42,56,80,1199,95920.00,2016-11-29 04:12:00.837700
697,201611294127923,PRIN,44,14,300,1178,353400.00,2016-11-29 04:12:00.792300
698,201611294127924,PRIN,44,34,400,1180,472000.00,2016-11-29 04:12:00.792400
699,201611294127740,PRIN,26,34,100,1180,118000.00,2016-11-29 04:12:00.774000
700,201611294127646,PRIN,16,14,300,1157,347100.00,2016-11-29 04:12:00.764600
701,201611294127265,PRIN,46,47,140,1135,158900.00,2016-11-29 04:12:00.726500
702,201611294127258,PRIN,33,26,262,1130,296060.00,2016-11-29 04:12:00.725800
703,201611294127000,PRIN,41,47,120,1135,136200.00,2016-11-29 04:12:00.700000
704,201611294126638,PRIN,17,59,800,1160,928000.00,2016-11-29 04:12:00.663800
705,201611294126639,PRIN,26,59,190,1157,219830.00,2016-11-29 04:12:00.663900
706,201611294126640,PRIN,16,59,200,1157,231400.00,2016-11-29 04:12:00.664000
707,201611294126641,PRIN,48,59,200,1157,231400.00,2016-11-29 04:12:00.664100
708,201611294126642,PRIN,13,59,200,1157,231400.00,2016-11-29 04:12:00.664200
709,201611294126643,PRIN,22,59,200,1157,231400.00,2016-11-29 04:12:00.664300
710,201611294126644,PRIN,55,59,200,1157,231400.00,2016-11-29 04:12:00.664400
711,201611294126577,PRIN,41,41,28,1180,33040.00,2016-11-29 04:12:00.657700
712,201611294126601,PRIN,19,59,300,1177,353100.00,2016-11-29 04:12:00.660100
713,201611294126602,PRIN,26,59,200,1176,235200.00,2016-11-29 04:12:00.660200
714,201611294126620,PRIN,17,17,200,1160,232000.00,2016-11-29 04:12:00.662000
715,201611294126497,PRIN,22,38,50,1191,59550.00,2016-11-29 04:12:00.649700
716,201611294126518,PRIN,42,38,50,1190,59500.00,2016-11-29 04:12:00.651800
717,201611294126519,PRIN,41,38,350,1180,413000.00,2016-11-29 04:12:00.651900
718,201611294126103,PRIN,42,35,50,1215,60750.00,2016-11-29 04:12:00.610300
719,201611294125741,PRIN,33,14,300,1200,360000.00,2016-11-29 04:12:00.574100
720,201611294125644,PRIN,26,14,10,1157,11570.00,2016-11-29 04:12:00.564400
721,201611294125682,PRIN,14,58,200,1180,236000.00,2016-11-29 04:12:00.568200
722,201611294124639,PRIN,26,22,200,1135,227000.00,2016-11-29 04:12:00.463900
723,201611294124640,PRIN,26,14,80,1135,90800.00,2016-11-29 04:12:00.464000
724,201611294124415,PRIN,33,45,100,1113,111300.00,2016-11-29 04:12:00.441500
725,201611294124326,PRIN,29,45,100,1113,111300.00,2016-11-29 04:12:00.432600
726,201611294124209,PRIN,29,22,100,1135,113500.00,2016-11-29 04:12:00.420900
727,201611294123991,PRIN,58,55,150,1158,173700.00,2016-11-29 04:12:00.399100
728,201611294123992,PRIN,22,55,100,1157,115700.00,2016-11-29 04:12:00.399200
729,201611284123827,PRIN,7,34,50,1180,59000.00,2016-11-28 04:12:00.382700
730,201611284123769,PRIN,7,32,50,1180,59000.00,2016-11-28 04:12:00.376900
731,201611284123711,PRIN,56,58,100,1179,117900.00,2016-11-28 04:12:00.371100
732,201611284123594,PRIN,5,44,100,1180,118000.00,2016-11-28 04:12:00.359400
733,201611284123396,PRIN,33,17,500,1160,580000.00,2016-11-28 04:12:00.339600
734,201611284123349,PRIN,50,47,100,1175,117500.00,2016-11-28 04:12:00.334900
735,201611284123232,PRIN,56,40,100,1175,117500.00,2016-11-28 04:12:00.323200
736,201611284123233,PRIN,56,25,500,1175,587500.00,2016-11-28 04:12:00.323300
737,201611284122920,PRIN,55,44,200,1160,232000.00,2016-11-28 04:12:00.292000
738,201611284122894,PRIN,32,44,100,1152,115200.00,2016-11-28 04:12:00.289400
739,201611284122473,PRIN,56,34,500,1135,567500.00,2016-11-28 04:12:00.247300
740,201611284122474,PRIN,56,25,500,1139,569500.00,2016-11-28 04:12:00.247400
741,201611284122475,PRIN,56,44,500,1140,570000.00,2016-11-28 04:12:00.247500
742,201611284122476,PRIN,56,14,100,1140,114000.00,2016-11-28 04:12:00.247600
743,201611284122482,PRIN,57,58,24,1152,27648.00,2016-11-28 04:12:00.248200
744,201611284122457,PRIN,56,21,400,1125,450000.00,2016-11-28 04:12:00.245700
745,201611284122458,PRIN,56,42,468,1130,528840.00,2016-11-28 04:12:00.245800
746,201611284122348,PRIN,28,17,500,1124,562000.00,2016-11-28 04:12:00.234800
747,201611284122334,PRIN,6,38,100,1107,110700.00,2016-11-28 04:12:00.233400
748,201611284122335,PRIN,29,38,50,1106,55300.00,2016-11-28 04:12:00.233500
749,201611284122052,PRIN,55,17,100,1128,112800.00,2016-11-28 04:12:00.205200
750,201611284122016,PRIN,7,17,100,1128,112800.00,2016-11-28 04:12:00.201600
751,201611284121656,PRIN,5,18,300,1135,340500.00,2016-11-28 04:12:00.165600
752,201611284121551,PRIN,5,43,91,1144,104104.00,2016-11-28 04:12:00.155100
753,201611284121557,PRIN,5,38,150,1130,169500.00,2016-11-28 04:12:00.155700
754,201611284121434,PRIN,10,17,200,1122,224400.00,2016-11-28 04:12:00.143400
755,201611284121335,PRIN,53,17,20,1082,21640.00,2016-11-28 04:12:00.133500
756,201611284121348,PRIN,55,17,80,1082,86560.00,2016-11-28 04:12:00.134800
757,201611284121349,PRIN,55,17,200,1100,220000.00,2016-11-28 04:12:00.134900
758,201611284121298,PRIN,53,48,100,1061,106100.00,2016-11-28 04:12:00.129800
759,201611284121299,PRIN,53,34,100,1061,106100.00,2016-11-28 04:12:00.129900
760,201611284121300,PRIN,53,7,100,1061,106100.00,2016-11-28 04:12:00.130000
761,201611284121301,PRIN,53,49,270,1061,286470.00,2016-11-28 04:12:00.130100
762,201611284121249,PRIN,14,49,30,1061,31830.00,2016-11-28 04:12:00.124900
763,201611284121220,PRIN,14,45,50,1061,53050.00,2016-11-28 04:12:00.122000
764,201611284121221,PRIN,14,33,20,1061,21220.00,2016-11-28 04:12:00.122100
765,201611284121055,PRIN,48,22,50,1055,52750.00,2016-11-28 04:12:00.105500
766,201611284120981,PRIN,58,43,100,1040,104000.00,2016-11-28 04:12:00.098100
767,201611284120989,PRIN,58,42,109,1040,113360.00,2016-11-28 04:12:00.098900
768,201611284120760,PRIN,36,19,200,1039,207800.00,2016-11-28 04:12:00.076000
769,201611284120720,PRIN,33,22,20,1030,20600.00,2016-11-28 04:12:00.072000
770,201611284120721,PRIN,14,22,180,1025,184500.00,2016-11-28 04:12:00.072100
771,201611284120649,PRIN,22,59,90,1020,91800.00,2016-11-28 04:12:00.064900
772,201611284120650,PRIN,22,59,40,1020,40800.00,2016-11-28 04:12:00.065000
773,201611284120380,PRIN,41,19,28,1030,28840.00,2016-11-28 04:12:00.038000
774,201611284120032,PRIN,22,14,110,1020,112200.00,2016-11-28 04:12:00.003200
775,201611284119810,PRIN,21,14,50,1040,52000.00,2016-11-28 04:11:00.981000
776,201611284118439,PRIN,11,14,20,1061,21220.00,2016-11-28 04:11:00.843900
777,201611274116840,PRIN,44,16,430,1082,465260.00,2016-11-27 04:11:00.684000
778,201611274116841,PRIN,44,45,570,1082,616740.00,2016-11-27 04:11:00.684100
779,201611274116537,PRIN,33,33,30,1082,32460.00,2016-11-27 04:11:00.653700
780,201611274116538,PRIN,33,16,170,1082,183940.00,2016-11-27 04:11:00.653800
781,201611274115883,PRIN,21,33,100,1082,108200.00,2016-11-27 04:11:00.588300
782,201611274115731,PRIN,1,33,50,1082,54100.00,2016-11-27 04:11:00.573100
783,201611274115581,PRIN,45,33,30,1082,32460.00,2016-11-27 04:11:00.558100
784,201611274115528,PRIN,45,33,200,1082,216400.00,2016-11-27 04:11:00.552800
785,201611274115375,PRIN,14,33,50,1082,54100.00,2016-11-27 04:11:00.537500
786,201611274115361,PRIN,42,40,20,1082,21640.00,2016-11-27 04:11:00.536100
787,201611274115362,PRIN,42,33,30,1082,32460.00,2016-11-27 04:11:00.536200
788,201611274115363,PRIN,14,33,10,1082,10820.00,2016-11-27 04:11:00.536300
789,201611274115235,PRIN,45,40,50,1082,54100.00,2016-11-27 04:11:00.523500
790,201611274115236,PRIN,14,40,10,1082,10820.00,2016-11-27 04:11:00.523600
791,201611274115237,PRIN,14,40,20,1082,21640.00,2016-11-27 04:11:00.523700
792,201611274115119,PRIN,21,5,50,1085,54250.00,2016-11-27 04:11:00.511900
793,201611274115120,PRIN,48,5,80,1085,86800.00,2016-11-27 04:11:00.512000
794,201611274115121,PRIN,45,5,20,1083,21660.00,2016-11-27 04:11:00.512100
795,201611274115122,PRIN,53,5,30,1083,32490.00,2016-11-27 04:11:00.512200
796,201611274115123,PRIN,34,5,50,1083,54150.00,2016-11-27 04:11:00.512300
797,201611274115124,PRIN,13,5,50,1083,54150.00,2016-11-27 04:11:00.512400
798,201611274115029,PRIN,37,21,100,1095,109500.00,2016-11-27 04:11:00.502900
799,201611274115030,PRIN,37,6,100,1099,109900.00,2016-11-27 04:11:00.503000
800,201611274115044,PRIN,21,26,50,1085,54250.00,2016-11-27 04:11:00.504400
801,201611274114476,PRIN,21,33,50,1085,54250.00,2016-11-27 04:11:00.447600
802,201611274114477,PRIN,11,33,100,1085,108500.00,2016-11-27 04:11:00.447700
803,201611274114478,PRIN,11,33,50,1085,54250.00,2016-11-27 04:11:00.447800
804,201611274114479,PRIN,55,33,100,1084,108400.00,2016-11-27 04:11:00.447900
805,201611274114480,PRIN,55,33,100,1083,108300.00,2016-11-27 04:11:00.448000
806,201611274114481,PRIN,37,33,100,1082,108200.00,2016-11-27 04:11:00.448100
807,201611274114482,PRIN,13,33,100,1082,108200.00,2016-11-27 04:11:00.448200
808,201611274114483,PRIN,43,33,200,1082,216400.00,2016-11-27 04:11:00.448300
809,201611274104351,PRIN,58,21,50,1085,54250.00,2016-11-27 04:10:00.435100
810,201611274104352,PRIN,18,21,100,1085,108500.00,2016-11-27 04:10:00.435200
811,201611274104311,PRIN,39,54,150,1090,163500.00,2016-11-27 04:10:00.431100
812,201611274104312,PRIN,58,54,150,1085,162750.00,2016-11-27 04:10:00.431200
813,201611274104264,PRIN,43,57,100,1092,109200.00,2016-11-27 04:10:00.426400
814,201611274104265,PRIN,41,57,100,1091,109100.00,2016-11-27 04:10:00.426500
815,201611274104266,PRIN,39,57,50,1090,54500.00,2016-11-27 04:10:00.426600
816,201611274104267,PRIN,39,57,50,1090,54500.00,2016-11-27 04:10:00.426700
817,201611274104150,PRIN,41,45,100,1100,110000.00,2016-11-27 04:10:00.415000
818,201611274104040,PRIN,22,21,50,1121,56050.00,2016-11-27 04:10:00.404000
819,201611274104041,PRIN,11,21,100,1114,111400.00,2016-11-27 04:10:00.404100
820,201611274103651,PRIN,11,45,50,1130,56500.00,2016-11-27 04:10:00.365100
821,201611274103078,PRIN,38,59,150,1136,170400.00,2016-11-27 04:10:00.307800
822,201611274103079,PRIN,58,59,200,1135,227000.00,2016-11-27 04:10:00.307900
823,201611274103080,PRIN,38,59,200,1134,226800.00,2016-11-27 04:10:00.308000
824,201611274103081,PRIN,38,59,200,1134,226800.00,2016-11-27 04:10:00.308100
825,201611274102742,PRIN,32,45,51,1136,57936.00,2016-11-27 04:10:00.274200
826,201611274102585,PRIN,34,25,500,1134,567000.00,2016-11-27 04:10:00.258500
827,201611274102251,PRIN,48,45,1000,1112,1112000.00,2016-11-27 04:10:00.225100
828,201611274102197,PRIN,58,16,150,1100,165000.00,2016-11-27 04:10:00.219700
829,201611274102030,PRIN,47,42,100,1085,108500.00,2016-11-27 04:10:00.203000
830,201611274102031,PRIN,26,42,100,1082,108200.00,2016-11-27 04:10:00.203100
831,201611274102032,PRIN,17,42,200,1082,216400.00,2016-11-27 04:10:00.203200
832,201611274101881,PRIN,10,5,200,1100,220000.00,2016-11-27 04:10:00.188100
833,201611274101882,PRIN,7,5,100,1092,109200.00,2016-11-27 04:10:00.188200
834,201611274101712,PRIN,33,1,195,1113,217035.00,2016-11-27 04:10:00.171200
835,201611274101679,PRIN,52,1,30,1130,33900.00,2016-11-27 04:10:00.167900
836,201611274100919,PRIN,33,42,50,1134,56700.00,2016-11-27 04:10:00.091900
837,201611274100872,PRIN,6,43,200,1157,231400.00,2016-11-27 04:10:00.087200
838,201611274100770,PRIN,59,45,30,1185,35550.00,2016-11-27 04:10:00.077000
839,201611274100771,PRIN,47,45,50,1180,59000.00,2016-11-27 04:10:00.077100
840,201611274100772,PRIN,41,45,100,1180,118000.00,2016-11-27 04:10:00.077200
841,201611274100631,PRIN,22,45,50,1180,59000.00,2016-11-27 04:10:00.063100
842,201611244099950,PRIN,22,14,100,1202,120200.00,2016-11-24 04:09:00.995000
843,201611244099355,PRIN,52,50,60,1205,72300.00,2016-11-24 04:09:00.935500
844,201611244099356,PRIN,22,50,50,1205,60250.00,2016-11-24 04:09:00.935600
845,201611244099357,PRIN,56,50,50,1201,60050.00,2016-11-24 04:09:00.935700
846,201611244099358,PRIN,42,50,50,1200,60000.00,2016-11-24 04:09:00.935800
847,201611244099359,PRIN,40,50,200,1200,240000.00,2016-11-24 04:09:00.935900
848,201611244099360,PRIN,38,50,50,1200,60000.00,2016-11-24 04:09:00.936000
849,201611244099361,PRIN,34,50,40,1200,48000.00,2016-11-24 04:09:00.936100
850,201611244098391,PRIN,41,25,90,1200,108000.00,2016-11-24 04:09:00.839100
851,201611244098167,PRIN,41,26,10,1200,12000.00,2016-11-24 04:09:00.816700
852,201611244097911,PRIN,38,14,100,1211,121100.00,2016-11-24 04:09:00.791100
853,201611244097860,PRIN,8,50,100,1212,121200.00,2016-11-24 04:09:00.786000
854,201611244097909,PRIN,8,14,400,1212,484800.00,2016-11-24 04:09:00.790900
855,201611244097910,PRIN,6,14,100,1212,121200.00,2016-11-24 04:09:00.791000
856,201611244097815,PRIN,48,50,200,1213,242600.00,2016-11-24 04:09:00.781500
857,201611244097764,PRIN,34,39,50,1214,60700.00,2016-11-24 04:09:00.776400
858,201611244097741,PRIN,34,13,50,1214,60700.00,2016-11-24 04:09:00.774100
859,201611244097737,PRIN,43,13,100,1215,121500.00,2016-11-24 04:09:00.773700
860,201611244097351,PRIN,28,8,365,1220,445300.00,2016-11-24 04:09:00.735100
861,201611244096972,PRIN,13,22,100,1218,121800.00,2016-11-24 04:09:00.697200
862,201611244096973,PRIN,6,22,100,1216,121600.00,2016-11-24 04:09:00.697300
863,201611244096974,PRIN,22,22,500,1215,607500.00,2016-11-24 04:09:00.697400
864,201611244095754,PRIN,13,55,500,1235,617500.00,2016-11-24 04:09:00.575400
865,201611244095288,PRIN,22,33,170,1260,214200.00,2016-11-24 04:09:00.528800
866,201611244095289,PRIN,22,33,200,1260,252000.00,2016-11-24 04:09:00.528900
867,201611244095227,PRIN,45,33,100,1276,127600.00,2016-11-24 04:09:00.522700
868,201611244095228,PRIN,43,33,50,1275,63750.00,2016-11-24 04:09:00.522800
869,201611244095229,PRIN,58,33,300,1270,381000.00,2016-11-24 04:09:00.522900
870,201611244094529,PRIN,21,50,50,1293,64650.00,2016-11-24 04:09:00.452900
871,201611244094356,PRIN,41,59,500,1268,634000.00,2016-11-24 04:09:00.435600
872,201611244094359,PRIN,13,59,50,1268,63400.00,2016-11-24 04:09:00.435900
873,201611244094362,PRIN,13,59,150,1268,190200.00,2016-11-24 04:09:00.436200
874,201611234093994,PRIN,58,53,99,1245,123255.00,2016-11-23 04:09:00.399400
875,201611234094004,PRIN,58,37,50,1248,62400.00,2016-11-23 04:09:00.400400
876,201611234094005,PRIN,58,37,90,1249,112410.00,2016-11-23 04:09:00.400500
877,201611234094006,PRIN,58,26,50,1255,62750.00,2016-11-23 04:09:00.400600
878,201611234093727,PRIN,48,37,50,1240,62000.00,2016-11-23 04:09:00.372700
879,201611234093709,PRIN,59,53,600,1245,747000.00,2016-11-23 04:09:00.370900
880,201611234093395,PRIN,28,50,100,1230,123000.00,2016-11-23 04:09:00.339500
881,201611234093144,PRIN,22,37,100,1228,122800.00,2016-11-23 04:09:00.314400
882,201611234093145,PRIN,14,37,60,1226,73560.00,2016-11-23 04:09:00.314500
883,201611234093146,PRIN,21,37,50,1225,61250.00,2016-11-23 04:09:00.314600
884,201611234093147,PRIN,41,37,200,1225,245000.00,2016-11-23 04:09:00.314700
885,201611234093053,PRIN,14,11,40,1226,49040.00,2016-11-23 04:09:00.305300
886,201611234092377,PRIN,33,21,20,1225,24500.00,2016-11-23 04:09:00.237700
887,201611234092249,PRIN,22,37,50,1250,62500.00,2016-11-23 04:09:00.224900
888,201611234092261,PRIN,26,21,30,1240,37200.00,2016-11-23 04:09:00.226100
889,201611234092262,PRIN,38,21,200,1235,247000.00,2016-11-23 04:09:00.226200
890,201611234092263,PRIN,22,21,100,1230,123000.00,2016-11-23 04:09:00.226300
891,201611234092264,PRIN,28,21,200,1230,246000.00,2016-11-23 04:09:00.226400
892,201611234092265,PRIN,14,21,50,1225,61250.00,2016-11-23 04:09:00.226500
893,201611234092079,PRIN,21,37,100,1250,125000.00,2016-11-23 04:09:00.207900
894,201611234092030,PRIN,33,42,36,1240,44640.00,2016-11-23 04:09:00.203000
895,201611234092057,PRIN,33,42,44,1240,54560.00,2016-11-23 04:09:00.205700
896,201611234091784,PRIN,20,22,50,1250,62500.00,2016-11-23 04:09:00.178400
897,201611234091785,PRIN,25,22,30,1250,37500.00,2016-11-23 04:09:00.178500
898,201611234091692,PRIN,14,26,50,1255,62750.00,2016-11-23 04:09:00.169200
899,201611234091350,PRIN,50,33,10,1270,12700.00,2016-11-23 04:09:00.135000
900,201611234090766,PRIN,26,59,30,1287,38610.00,2016-11-23 04:09:00.076600
901,201611234090767,PRIN,21,59,30,1286,38580.00,2016-11-23 04:09:00.076700
902,201611234090768,PRIN,14,59,50,1285,64250.00,2016-11-23 04:09:00.076800
903,201611234090769,PRIN,22,59,200,1282,256400.00,2016-11-23 04:09:00.076900
904,201611234090770,PRIN,47,59,60,1280,76800.00,2016-11-23 04:09:00.077000
905,201611234090771,PRIN,48,59,50,1280,64000.00,2016-11-23 04:09:00.077100
906,201611234090772,PRIN,20,59,100,1280,128000.00,2016-11-23 04:09:00.077200
907,201611234090773,PRIN,48,59,350,1280,448000.00,2016-11-23 04:09:00.077300
908,201611234090249,PRIN,13,59,50,1295,64750.00,2016-11-23 04:09:00.024900
909,201611234090250,PRIN,41,59,100,1290,129000.00,2016-11-23 04:09:00.025000
910,201611234089680,PRIN,54,59,50,1295,64750.00,2016-11-23 04:08:00.968000
911,201611234089681,PRIN,38,59,70,1292,90440.00,2016-11-23 04:08:00.968100
912,201611234089682,PRIN,59,59,500,1290,645000.00,2016-11-23 04:08:00.968200
913,201611234089683,PRIN,1,59,30,1290,38700.00,2016-11-23 04:08:00.968300
914,201611234089202,PRIN,14,26,81,1310,106110.00,2016-11-23 04:08:00.920200
915,201611234088640,PRIN,16,55,200,1290,258000.00,2016-11-23 04:08:00.864000
916,201611234088076,PRIN,21,45,18,1286,23148.00,2016-11-23 04:08:00.807600
917,201611224087611,PRIN,59,59,279,1305,364095.00,2016-11-22 04:08:00.761100
918,201611224087084,PRIN,28,36,50,1310,65500.00,2016-11-22 04:08:00.708400
919,201611224087085,PRIN,56,36,200,1307,261400.00,2016-11-22 04:08:00.708500
920,201611224087086,PRIN,59,36,520,1306,679120.00,2016-11-22 04:08:00.708600
921,201611224087113,PRIN,59,36,18,1306,23508.00,2016-11-22 04:08:00.711300
922,201611224086114,PRIN,28,33,80,1310,104800.00,2016-11-22 04:08:00.611400
923,201611224086038,PRIN,22,17,50,1310,65500.00,2016-11-22 04:08:00.603800
924,201611224086043,PRIN,22,33,50,1310,65500.00,2016-11-22 04:08:00.604300
925,201611224085799,PRIN,28,33,20,1328,26560.00,2016-11-22 04:08:00.579900
926,201611224085790,PRIN,28,37,24,1320,31680.00,2016-11-22 04:08:00.579000
927,201611224085166,PRIN,33,20,20,1310,26200.00,2016-11-22 04:08:00.516600
928,201611224085167,PRIN,50,20,50,1305,65250.00,2016-11-22 04:08:00.516700
929,201611224085168,PRIN,8,20,80,1305,104400.00,2016-11-22 04:08:00.516800
930,201611224085060,PRIN,33,39,60,1310,78600.00,2016-11-22 04:08:00.506000
931,201611224084858,PRIN,53,35,30,1311,39330.00,2016-11-22 04:08:00.485800
932,201611224084859,PRIN,13,35,50,1311,65550.00,2016-11-22 04:08:00.485900
933,201611224084860,PRIN,38,35,300,1311,393300.00,2016-11-22 04:08:00.486000
934,201611224084861,PRIN,33,35,120,1310,157200.00,2016-11-22 04:08:00.486100
935,201611224083515,PRIN,19,50,10,1304,13040.00,2016-11-22 04:08:00.351500
936,201611224083516,PRIN,32,50,190,1303,247570.00,2016-11-22 04:08:00.351600
937,201611224083504,PRIN,53,38,40,1305,52200.00,2016-11-22 04:08:00.350400
938,201611224083412,PRIN,47,38,10,1310,13100.00,2016-11-22 04:08:00.341200
939,201611224083413,PRIN,13,38,100,1307,130700.00,2016-11-22 04:08:00.341300
940,201611224083414,PRIN,37,38,200,1306,261200.00,2016-11-22 04:08:00.341400
941,201611224083415,PRIN,48,38,150,1305,195750.00,2016-11-22 04:08:00.341500
942,201611224083416,PRIN,49,38,500,1305,652500.00,2016-11-22 04:08:00.341600
943,201611224083227,PRIN,22,26,57,1315,74955.00,2016-11-22 04:08:00.322700
944,201611224083231,PRIN,22,17,200,1320,264000.00,2016-11-22 04:08:00.323100
945,201611224082313,PRIN,53,21,100,1304,130400.00,2016-11-22 04:08:00.231300
946,201611224082066,PRIN,48,26,150,1279,191850.00,2016-11-22 04:08:00.206600
947,201611224082035,PRIN,13,26,50,1285,64250.00,2016-11-22 04:08:00.203500
948,201611224082036,PRIN,53,26,200,1280,256000.00,2016-11-22 04:08:00.203600
949,201611224082037,PRIN,58,26,100,1279,127900.00,2016-11-22 04:08:00.203700
950,201611214081601,PRIN,22,34,100,1311,131100.00,2016-11-21 04:08:00.160100
951,201611214081602,PRIN,11,34,50,1310,65500.00,2016-11-21 04:08:00.160200
952,201611214081603,PRIN,34,34,100,1307,130700.00,2016-11-21 04:08:00.160300
953,201611214081604,PRIN,43,34,100,1306,130600.00,2016-11-21 04:08:00.160400
954,201611214081605,PRIN,32,34,100,1306,130600.00,2016-11-21 04:08:00.160500
955,201611214081606,PRIN,42,34,50,1305,65250.00,2016-11-21 04:08:00.160600
956,201611214080732,PRIN,37,42,100,1311,131100.00,2016-11-21 04:08:00.073200
957,201611214080733,PRIN,41,42,200,1310,262000.00,2016-11-21 04:08:00.073300
958,201611214080734,PRIN,53,42,100,1305,130500.00,2016-11-21 04:08:00.073400
959,201611214080735,PRIN,47,42,200,1305,261000.00,2016-11-21 04:08:00.073500
960,201611214080736,PRIN,58,42,100,1304,130400.00,2016-11-21 04:08:00.073600
961,201611214080737,PRIN,22,42,200,1303,260600.00,2016-11-21 04:08:00.073700
962,201611214080738,PRIN,34,42,200,1303,260600.00,2016-11-21 04:08:00.073800
963,201611214080740,PRIN,22,42,1000,1302,1302000.00,2016-11-21 04:08:00.074000
964,201611214080389,PRIN,8,38,52,1304,67808.00,2016-11-21 04:08:00.038900
965,201611214080370,PRIN,42,55,200,1310,262000.00,2016-11-21 04:08:00.037000
966,201611214080371,PRIN,38,55,100,1308,130800.00,2016-11-21 04:08:00.037100
967,201611214080372,PRIN,47,55,100,1307,130700.00,2016-11-21 04:08:00.037200
968,201611214080373,PRIN,59,55,500,1305,652500.00,2016-11-21 04:08:00.037300
969,201611214080027,PRIN,50,47,100,1320,132000.00,2016-11-21 04:08:00.002700
970,201611214079971,PRIN,59,26,200,1330,266000.00,2016-11-21 04:07:00.997100
971,201611214079991,PRIN,41,26,29,1321,38309.00,2016-11-21 04:07:00.999100
972,201611214079845,PRIN,5,50,100,1345,134500.00,2016-11-21 04:07:00.984500
973,201611214079678,PRIN,59,53,100,1360,136000.00,2016-11-21 04:07:00.967800
974,201611214079619,PRIN,49,26,500,1380,690000.00,2016-11-21 04:07:00.961900
975,201611214078725,PRIN,56,56,31,1372,42532.00,2016-11-21 04:07:00.872500
976,201611214078404,PRIN,5,40,50,1346,67300.00,2016-11-21 04:07:00.840400
977,201611214078201,PRIN,53,16,300,1330,399000.00,2016-11-21 04:07:00.820100
978,201611214078186,PRIN,53,57,400,1325,530000.00,2016-11-21 04:07:00.818600
979,201611214077471,PRIN,53,6,160,1299,207840.00,2016-11-21 04:07:00.747100
980,201611214077472,PRIN,53,46,92,1300,119600.00,2016-11-21 04:07:00.747200
981,201611214077436,PRIN,53,11,10,1305,13050.00,2016-11-21 04:07:00.743600
982,201611214077279,PRIN,33,28,73,1305,95265.00,2016-11-21 04:07:00.727900
983,201611214077184,PRIN,25,33,50,1305,65250.00,2016-11-21 04:07:00.718400
984,201611214077185,PRIN,53,33,90,1305,117450.00,2016-11-21 04:07:00.718500
985,201611214077163,PRIN,25,26,50,1305,65250.00,2016-11-21 04:07:00.716300
986,201611214077179,PRIN,53,28,100,1300,130000.00,2016-11-21 04:07:00.717900
987,201611214077152,PRIN,53,33,10,1315,13150.00,2016-11-21 04:07:00.715200
988,201611214077153,PRIN,1,33,50,1315,65750.00,2016-11-21 04:07:00.715300
989,201611214077154,PRIN,17,33,50,1315,65750.00,2016-11-21 04:07:00.715400
990,201611214077155,PRIN,22,33,200,1314,262800.00,2016-11-21 04:07:00.715500
991,201611214076556,PRIN,21,43,10,1320,13200.00,2016-11-21 04:07:00.655600
992,201611214076557,PRIN,53,43,190,1315,249850.00,2016-11-21 04:07:00.655700
993,201611214076512,PRIN,25,41,300,1315,394500.00,2016-11-21 04:07:00.651200
994,201611214076372,PRIN,5,55,100,1330,133000.00,2016-11-21 04:07:00.637200
995,201611214076200,PRIN,53,42,200,1320,264000.00,2016-11-21 04:07:00.620000
996,201611204074365,PRIN,40,46,84,1340,112560.00,2016-11-20 04:07:00.436500
997,201611204074287,PRIN,41,28,30,1350,40500.00,2016-11-20 04:07:00.428700
998,201611204074288,PRIN,40,28,20,1340,26800.00,2016-11-20 04:07:00.428800
999,201611204074040,PRIN,40,49,100,1340,134000.00,2016-11-20 04:07:00.404000
1000,201611204073933,PRIN,22,22,80,1375,110000.00,2016-11-20 04:07:00.393300
1001,201611204073946,PRIN,59,22,100,1351,135100.00,2016-11-20 04:07:00.394600
1002,201611204073947,PRIN,41,22,170,1350,229500.00,2016-11-20 04:07:00.394700
1003,201611204073765,PRIN,32,26,10,1407,14070.00,2016-11-20 04:07:00.376500
1004,201611204073784,PRIN,41,37,30,1405,42150.00,2016-11-20 04:07:00.378400
1005,201611204073785,PRIN,14,37,100,1400,140000.00,2016-11-20 04:07:00.378500
1006,201611204073786,PRIN,37,37,200,1400,280000.00,2016-11-20 04:07:00.378600
1007,201611204073119,PRIN,37,33,350,1435,502250.00,2016-11-20 04:07:00.311900
1008,201611204072586,PRIN,29,37,50,1428,71400.00,2016-11-20 04:07:00.258600
1009,201611204072316,PRIN,56,10,50,1400,70000.00,2016-11-20 04:07:00.231600
1010,201611204072286,PRIN,53,26,100,1377,137700.00,2016-11-20 04:07:00.228600
1011,201611204071919,PRIN,41,1,25,1350,33750.00,2016-11-20 04:07:00.191900
1012,201611204071171,PRIN,40,37,200,1340,268000.00,2016-11-20 04:07:00.117100
1013,201611204070835,PRIN,45,37,30,1350,40500.00,2016-11-20 04:07:00.083500
1014,201611204070664,PRIN,54,37,50,1349,67450.00,2016-11-20 04:07:00.066400
1015,201611204070304,PRIN,22,37,200,1323,264600.00,2016-11-20 04:07:00.030400
1016,201611204069908,PRIN,26,26,50,1350,67500.00,2016-11-20 04:06:00.990800
1017,201611204069746,PRIN,59,26,100,1370,137000.00,2016-11-20 04:06:00.974600
1018,201611204069747,PRIN,50,26,50,1365,68250.00,2016-11-20 04:06:00.974700
1019,201611204068858,PRIN,50,17,50,1392,69600.00,2016-11-20 04:06:00.885800
1020,201611174067688,PRIN,28,37,100,1420,142000.00,2016-11-17 04:06:00.768800
1021,201611174067320,PRIN,29,37,100,1415,141500.00,2016-11-17 04:06:00.732000
1022,201611174067305,PRIN,56,41,30,1413,42390.00,2016-11-17 04:06:00.730500
1023,201611174067307,PRIN,11,37,10,1425,14250.00,2016-11-17 04:06:00.730700
1024,201611174067262,PRIN,50,17,40,1413,56520.00,2016-11-17 04:06:00.726200
1025,201611174067263,PRIN,56,17,60,1413,84780.00,2016-11-17 04:06:00.726300
1026,201611174067158,PRIN,45,28,20,1416,28320.00,2016-11-17 04:06:00.715800
1027,201611174067159,PRIN,25,28,50,1416,70800.00,2016-11-17 04:06:00.715900
1028,201611174067160,PRIN,39,28,20,1415,28300.00,2016-11-17 04:06:00.716000
1029,201611174067161,PRIN,42,28,50,1415,70750.00,2016-11-17 04:06:00.716100
1030,201611174067162,PRIN,55,28,50,1415,70750.00,2016-11-17 04:06:00.716200
1031,201611174067163,PRIN,50,28,10,1413,14130.00,2016-11-17 04:06:00.716300
1032,201611174067016,PRIN,45,34,70,1417,99190.00,2016-11-17 04:06:00.701600
1033,201611174067017,PRIN,45,34,30,1416,42480.00,2016-11-17 04:06:00.701700
1034,201611174066716,PRIN,44,39,100,1420,142000.00,2016-11-17 04:06:00.671600
1035,201611174066297,PRIN,57,51,50,1416,70800.00,2016-11-17 04:06:00.629700
1036,201611174066230,PRIN,22,51,50,1416,70800.00,2016-11-17 04:06:00.623000
1037,201611174065718,PRIN,47,41,20,1420,28400.00,2016-11-17 04:06:00.571800
1038,201611174065719,PRIN,42,41,50,1420,71000.00,2016-11-17 04:06:00.571900
1039,201611174065677,PRIN,29,39,36,1421,51156.00,2016-11-17 04:06:00.567700
1040,201611174065637,PRIN,50,56,100,1425,142500.00,2016-11-17 04:06:00.563700
1041,201611174065638,PRIN,29,56,100,1425,142500.00,2016-11-17 04:06:00.563800
1042,201611174064338,PRIN,22,33,100,1425,142500.00,2016-11-17 04:06:00.433800
1043,201611174064089,PRIN,17,33,100,1430,143000.00,2016-11-17 04:06:00.408900
1044,201611174064097,PRIN,47,33,100,1425,142500.00,2016-11-17 04:06:00.409700
1045,201611174063909,PRIN,54,42,200,1440,288000.00,2016-11-17 04:06:00.390900
1046,201611174063871,PRIN,6,37,100,1432,143200.00,2016-11-17 04:06:00.387100
1047,201611174063730,PRIN,47,45,132,1430,188760.00,2016-11-17 04:06:00.373000
1048,201611174063693,PRIN,56,56,20,1449,28980.00,2016-11-17 04:06:00.369300
1049,201611174063655,PRIN,56,56,905,1431,1295055.00,2016-11-17 04:06:00.365500
1050,201611174063428,PRIN,22,13,300,1450,435000.00,2016-11-17 04:06:00.342800
1051,201611164060631,PRIN,47,14,13,1455,18915.00,2016-11-16 04:06:00.063100
1052,201611164059875,PRIN,29,21,50,1460,73000.00,2016-11-16 04:05:00.987500
1053,201611164059876,PRIN,47,21,60,1455,87300.00,2016-11-16 04:05:00.987600
1054,201611164059013,PRIN,22,11,120,1455,174600.00,2016-11-16 04:05:00.901300
1055,201611164056735,PRIN,22,21,60,1480,88800.00,2016-11-16 04:05:00.673500
1056,201611154055255,PRIN,37,37,200,1470,294000.00,2016-11-15 04:05:00.525500
1057,201611154055136,PRIN,42,28,140,1466,205240.00,2016-11-15 04:05:00.513600
1058,201611154055056,PRIN,22,28,20,1470,29400.00,2016-11-15 04:05:00.505600
1059,201611154054908,PRIN,42,37,70,1472,103040.00,2016-11-15 04:05:00.490800
1060,201611154054909,PRIN,43,37,20,1471,29420.00,2016-11-15 04:05:00.490900
1061,201611154054910,PRIN,51,37,50,1471,73550.00,2016-11-15 04:05:00.491000
1062,201611154054911,PRIN,7,37,30,1470,44100.00,2016-11-15 04:05:00.491100
1063,201611154054912,PRIN,22,37,30,1470,44100.00,2016-11-15 04:05:00.491200
1064,201611154054915,PRIN,22,37,150,1470,220500.00,2016-11-15 04:05:00.491500
1065,201611154054795,PRIN,21,21,30,1475,44250.00,2016-11-15 04:05:00.479500
1066,201611154054708,PRIN,22,21,300,1475,442500.00,2016-11-15 04:05:00.470800
1067,201611154054595,PRIN,21,42,50,1475,73750.00,2016-11-15 04:05:00.459500
1068,201611154054582,PRIN,22,42,150,1475,221250.00,2016-11-15 04:05:00.458200
1069,201611154054159,PRIN,16,57,111,1480,164280.00,2016-11-15 04:05:00.415900
1070,201611154053723,PRIN,7,37,20,1470,29400.00,2016-11-15 04:05:00.372300
1071,201611154053659,PRIN,22,37,30,1475,44250.00,2016-11-15 04:05:00.365900
1072,201611154053660,PRIN,8,37,50,1471,73550.00,2016-11-15 04:05:00.366000
1073,201611154053661,PRIN,37,37,200,1471,294200.00,2016-11-15 04:05:00.366100
1074,201611154053662,PRIN,51,37,100,1470,147000.00,2016-11-15 04:05:00.366200
1075,201611154053608,PRIN,21,37,300,1480,444000.00,2016-11-15 04:05:00.360800
1076,201611154053469,PRIN,20,37,50,1480,74000.00,2016-11-15 04:05:00.346900
1077,201611154053263,PRIN,8,21,50,1480,74000.00,2016-11-15 04:05:00.326300
1078,201611154053094,PRIN,51,21,50,1475,73750.00,2016-11-15 04:05:00.309400
1079,201611154053095,PRIN,37,21,200,1471,294200.00,2016-11-15 04:05:00.309500
1080,201611154053045,PRIN,47,37,50,1485,74250.00,2016-11-15 04:05:00.304500
1081,201611154053046,PRIN,39,37,50,1483,74150.00,2016-11-15 04:05:00.304600
1082,201611154053047,PRIN,36,37,300,1480,444000.00,2016-11-15 04:05:00.304700
1083,201611154051810,PRIN,45,37,200,1500,300000.00,2016-11-15 04:05:00.181000
1084,201611144051679,PRIN,7,53,50,1510,75500.00,2016-11-14 04:05:00.167900
1085,201611144051516,PRIN,32,34,100,1500,150000.00,2016-11-14 04:05:00.151600
1086,201611144051208,PRIN,32,44,100,1490,149000.00,2016-11-14 04:05:00.120800
1087,201611144051079,PRIN,14,34,500,1468,734000.00,2016-11-14 04:05:00.107900
1088,201611144051080,PRIN,14,21,500,1469,734500.00,2016-11-14 04:05:00.108000
1089,201611144050797,PRIN,22,34,100,1455,145500.00,2016-11-14 04:05:00.079700
1090,201611144050796,PRIN,4,34,100,1455,145500.00,2016-11-14 04:05:00.079600
1091,201611144048514,PRIN,26,11,200,1441,288200.00,2016-11-14 04:04:00.851400
1092,201611144048515,PRIN,32,11,200,1440,288000.00,2016-11-14 04:04:00.851500
1093,201611134047471,PRIN,56,56,925,1442,1333850.00,2016-11-13 04:04:00.747100
1094,201611134046786,PRIN,25,25,100,1473,147300.00,2016-11-13 04:04:00.678600
1095,201611134046787,PRIN,48,25,500,1471,735500.00,2016-11-13 04:04:00.678700
1096,201611134046771,PRIN,25,34,100,1474,147400.00,2016-11-13 04:04:00.677100
1097,201611134046772,PRIN,22,34,200,1474,294800.00,2016-11-13 04:04:00.677200
1098,201611134046773,PRIN,22,34,50,1474,73700.00,2016-11-13 04:04:00.677300
1099,201611134046164,PRIN,32,21,390,1480,577200.00,2016-11-13 04:04:00.616400
1100,201611134046086,PRIN,45,21,10,1485,14850.00,2016-11-13 04:04:00.608600
1101,201611134045853,PRIN,19,37,30,1480,44400.00,2016-11-13 04:04:00.585300
1102,201611134045854,PRIN,32,37,190,1480,281200.00,2016-11-13 04:04:00.585400
1103,201611134045423,PRIN,56,21,300,1480,444000.00,2016-11-13 04:04:00.542300
1104,201611134045386,PRIN,36,21,200,1480,296000.00,2016-11-13 04:04:00.538600
1105,201611134045351,PRIN,40,21,100,1480,148000.00,2016-11-13 04:04:00.535100
1106,201611134045352,PRIN,40,17,100,1480,148000.00,2016-11-13 04:04:00.535200
1107,201611134044770,PRIN,37,37,200,1460,292000.00,2016-11-13 04:04:00.477000
1108,201611134044574,PRIN,41,49,70,1460,102200.00,2016-11-13 04:04:00.457400
1109,201611134044486,PRIN,17,49,50,1460,73000.00,2016-11-13 04:04:00.448600
1110,201611134044454,PRIN,35,49,80,1475,118000.00,2016-11-13 04:04:00.445400
1111,201611104043579,PRIN,58,41,74,1479,109446.00,2016-11-10 04:04:00.357900
1112,201611104043489,PRIN,43,35,390,1475,575250.00,2016-11-10 04:04:00.348900
1113,201611104043204,PRIN,28,22,100,1472,147200.00,2016-11-10 04:04:00.320400
1114,201611104043192,PRIN,28,25,150,1478,221700.00,2016-11-10 04:04:00.319200
1115,201611104043193,PRIN,28,39,50,1478,73900.00,2016-11-10 04:04:00.319300
1116,201611104042882,PRIN,22,26,50,1475,73750.00,2016-11-10 04:04:00.288200
1117,201611104042169,PRIN,41,41,60,1480,88800.00,2016-11-10 04:04:00.216900
1118,201611104042109,PRIN,41,5,50,1480,74000.00,2016-11-10 04:04:00.210900
1119,201611104042110,PRIN,41,14,40,1480,59200.00,2016-11-10 04:04:00.211000
1120,201611104041872,PRIN,16,35,10,1480,14800.00,2016-11-10 04:04:00.187200
1121,201611104041734,PRIN,22,56,50,1475,73750.00,2016-11-10 04:04:00.173400
1122,201611104041735,PRIN,45,56,70,1472,103040.00,2016-11-10 04:04:00.173500
1123,201611104041736,PRIN,13,56,100,1472,147200.00,2016-11-10 04:04:00.173600
1124,201611104041737,PRIN,13,56,500,1472,736000.00,2016-11-10 04:04:00.173700
1125,201611104041738,PRIN,51,56,50,1472,73600.00,2016-11-10 04:04:00.173800
1126,201611104041739,PRIN,48,56,300,1471,441300.00,2016-11-10 04:04:00.173900
1127,201611104041342,PRIN,47,1,100,1479,147900.00,2016-11-10 04:04:00.134200
1128,201611104040403,PRIN,13,49,20,1490,29800.00,2016-11-10 04:04:00.040300
1129,201611104040404,PRIN,13,49,60,1480,88800.00,2016-11-10 04:04:00.040400
1130,201611104039377,PRIN,13,21,340,1500,510000.00,2016-11-10 04:03:00.937700
1131,201611104039302,PRIN,13,41,80,1480,118400.00,2016-11-10 04:03:00.930200
1132,201611104038708,PRIN,50,22,200,1500,300000.00,2016-11-10 04:03:00.870800
1133,201611094038340,PRIN,11,25,30,1489,44670.00,2016-11-09 04:03:00.834000
1134,201611094038185,PRIN,45,25,10,1480,14800.00,2016-11-09 04:03:00.818500
1135,201611094038186,PRIN,37,25,90,1475,132750.00,2016-11-09 04:03:00.818600
1136,201611094037863,PRIN,37,25,170,1475,250750.00,2016-11-09 04:03:00.786300
1137,201611094037837,PRIN,14,55,30,1485,44550.00,2016-11-09 04:03:00.783700
1138,201611094037838,PRIN,41,55,50,1485,74250.00,2016-11-09 04:03:00.783800
1139,201611094037839,PRIN,55,55,40,1482,59280.00,2016-11-09 04:03:00.783900
1140,201611094037840,PRIN,35,55,50,1481,74050.00,2016-11-09 04:03:00.784000
1141,201611094037841,PRIN,37,55,230,1475,339250.00,2016-11-09 04:03:00.784100
1142,201611094037298,PRIN,55,47,10,1482,14820.00,2016-11-09 04:03:00.729800
1143,201611094037266,PRIN,55,55,100,1490,149000.00,2016-11-09 04:03:00.726600
1144,201611094036700,PRIN,41,34,200,1500,300000.00,2016-11-09 04:03:00.670000
1145,201611094035731,PRIN,37,21,100,1500,150000.00,2016-11-09 04:03:00.573100
1146,201611094035732,PRIN,55,21,160,1500,240000.00,2016-11-09 04:03:00.573200
1147,201611094035500,PRIN,49,36,140,1515,212100.00,2016-11-09 04:03:00.550000
1148,201611094035360,PRIN,55,36,40,1529,61160.00,2016-11-09 04:03:00.536000
1149,201611094035361,PRIN,55,28,100,1530,153000.00,2016-11-09 04:03:00.536100
1150,201611094035230,PRIN,55,22,80,1525,122000.00,2016-11-09 04:03:00.523000
1151,201611094035231,PRIN,55,29,20,1530,30600.00,2016-11-09 04:03:00.523100
1152,201611094035137,PRIN,53,22,100,1525,152500.00,2016-11-09 04:03:00.513700
1153,201611094035028,PRIN,53,22,100,1530,153000.00,2016-11-09 04:03:00.502800
1154,201611094034944,PRIN,25,13,100,1500,150000.00,2016-11-09 04:03:00.494400
1155,201611094034945,PRIN,35,22,120,1530,183600.00,2016-11-09 04:03:00.494500
1156,201611084033773,PRIN,22,51,100,1500,150000.00,2016-11-08 04:03:00.377300
1157,201611084033774,PRIN,11,51,90,1500,135000.00,2016-11-08 04:03:00.377400
1158,201611084033530,PRIN,43,51,10,1526,15260.00,2016-11-08 04:03:00.353000
1159,201611084032913,PRIN,6,25,10,1535,15350.00,2016-11-08 04:03:00.291300
1160,201611084032900,PRIN,38,25,100,1525,152500.00,2016-11-08 04:03:00.290000
1161,201611084032904,PRIN,47,25,100,1520,152000.00,2016-11-08 04:03:00.290400
1162,201611084032908,PRIN,11,25,13,1526,19838.00,2016-11-08 04:03:00.290800
1163,201611084031666,PRIN,6,25,40,1535,61400.00,2016-11-08 04:03:00.166600
1164,201611084031511,PRIN,49,1,64,1530,97920.00,2016-11-08 04:03:00.151100
1165,201611084031332,PRIN,53,21,100,1535,153500.00,2016-11-08 04:03:00.133200
1166,201611084030831,PRIN,21,14,50,1534,76700.00,2016-11-08 04:03:00.083100
1167,201611084030686,PRIN,41,41,20,1530,30600.00,2016-11-08 04:03:00.068600
1168,201611084030687,PRIN,47,41,50,1530,76500.00,2016-11-08 04:03:00.068700
1169,201611084030688,PRIN,51,41,100,1530,153000.00,2016-11-08 04:03:00.068800
1170,201611084030588,PRIN,51,21,50,1531,76550.00,2016-11-08 04:03:00.058800
1171,201611084030589,PRIN,41,21,50,1530,76500.00,2016-11-08 04:03:00.058900
1172,201611084030304,PRIN,22,1,181,1535,277835.00,2016-11-08 04:03:00.030400
1173,201611084030262,PRIN,43,21,20,1526,30520.00,2016-11-08 04:03:00.026200
1174,201611084030269,PRIN,41,45,36,1525,54900.00,2016-11-08 04:03:00.026900
1175,201611074029178,PRIN,10,46,190,1530,290700.00,2016-11-07 04:02:00.917800
1176,201611074029147,PRIN,13,46,10,1540,15400.00,2016-11-07 04:02:00.914700
1177,201611074028556,PRIN,45,33,14,1544,21616.00,2016-11-07 04:02:00.855600
1178,201611074028372,PRIN,10,29,294,1532,450408.00,2016-11-07 04:02:00.837200
1179,201611074028216,PRIN,13,33,90,1540,138600.00,2016-11-07 04:02:00.821600
1180,201611074028175,PRIN,43,29,50,1546,77300.00,2016-11-07 04:02:00.817500
1181,201611074028176,PRIN,47,29,100,1545,154500.00,2016-11-07 04:02:00.817600
1182,201611074028105,PRIN,26,26,100,1547,154700.00,2016-11-07 04:02:00.810500
1183,201611074027583,PRIN,16,33,200,1550,310000.00,2016-11-07 04:02:00.758300
1184,201611074027584,PRIN,16,33,200,1550,310000.00,2016-11-07 04:02:00.758400
1185,201611034025190,PRIN,37,34,30,1565,46950.00,2016-11-03 04:02:00.519000
1186,201611034025191,PRIN,57,34,140,1563,218820.00,2016-11-03 04:02:00.519100
1187,201611034025006,PRIN,57,41,100,1575,157500.00,2016-11-03 04:02:00.500600
1188,201611034025007,PRIN,57,21,60,1575,94500.00,2016-11-03 04:02:00.500700
1189,201611034024613,PRIN,13,17,100,1561,156100.00,2016-11-03 04:02:00.461300
1190,201611034024579,PRIN,57,48,200,1560,312000.00,2016-11-03 04:02:00.457900
1191,201611034024436,PRIN,56,6,150,1560,234000.00,2016-11-03 04:02:00.443600
1192,201611034024346,PRIN,47,6,50,1560,78000.00,2016-11-03 04:02:00.434600
1193,201611034024233,PRIN,13,48,10,1560,15600.00,2016-11-03 04:02:00.423300
1194,201611034024234,PRIN,13,48,200,1560,312000.00,2016-11-03 04:02:00.423400
1195,201611034024235,PRIN,22,48,50,1558,77900.00,2016-11-03 04:02:00.423500
1196,201611034024236,PRIN,22,48,90,1558,140220.00,2016-11-03 04:02:00.423600
1197,201611034024043,PRIN,13,11,90,1560,140400.00,2016-11-03 04:02:00.404300
1198,201611034023587,PRIN,40,48,150,1560,234000.00,2016-11-03 04:02:00.358700
1199,201611034023502,PRIN,8,10,100,1560,156000.00,2016-11-03 04:02:00.350200
1200,201611034023050,PRIN,42,41,60,1575,94500.00,2016-11-03 04:02:00.305000
1201,201611034023019,PRIN,13,19,100,1564,156400.00,2016-11-03 04:02:00.301900
1202,201611034023020,PRIN,13,17,150,1565,234750.00,2016-11-03 04:02:00.302000
1203,201611034022197,PRIN,22,48,100,1545,154500.00,2016-11-03 04:02:00.219700
1204,201610274021498,PRIN,14,41,20,1570,31400.00,2016-10-27 04:02:00.149800
1205,201610274021420,PRIN,41,38,20,1580,31600.00,2016-10-27 04:02:00.142000
1206,201610274021421,PRIN,36,38,80,1576,126080.00,2016-10-27 04:02:00.142100
1207,201610274021424,PRIN,36,41,20,1576,31520.00,2016-10-27 04:02:00.142400
1208,201610274021425,PRIN,37,41,500,1575,787500.00,2016-10-27 04:02:00.142500
1209,201610274021426,PRIN,14,41,50,1570,78500.00,2016-10-27 04:02:00.142600
1210,201610274021115,PRIN,41,19,30,1580,47400.00,2016-10-27 04:02:00.111500
1211,201610274020873,PRIN,37,57,17,1580,26860.00,2016-10-27 04:02:00.087300
1212,201610274020859,PRIN,48,57,250,1581,395250.00,2016-10-27 04:02:00.085900
1213,201610274020860,PRIN,42,57,50,1580,79000.00,2016-10-27 04:02:00.086000
1214,201610274020861,PRIN,37,57,170,1580,268600.00,2016-10-27 04:02:00.086100
1215,201610274020804,PRIN,48,29,50,1581,79050.00,2016-10-27 04:02:00.080400
1216,201610274020626,PRIN,14,19,20,1586,31720.00,2016-10-27 04:02:00.062600
1217,201610274020627,PRIN,46,19,500,1585,792500.00,2016-10-27 04:02:00.062700
1218,201610274020628,PRIN,41,19,50,1585,79250.00,2016-10-27 04:02:00.062800
1219,201610274019709,PRIN,29,45,50,1586,79300.00,2016-10-27 04:01:00.970900
1220,201610274019710,PRIN,14,45,80,1586,126880.00,2016-10-27 04:01:00.971000
1221,201610274019510,PRIN,37,36,150,1590,238500.00,2016-10-27 04:01:00.951000
1222,201610274019344,PRIN,21,36,50,1590,79500.00,2016-10-27 04:01:00.934400
1223,201610274018877,PRIN,29,45,70,1600,112000.00,2016-10-27 04:01:00.887700
1224,201610274018664,PRIN,29,42,35,1600,56000.00,2016-10-27 04:01:00.866400
1225,201610274018341,PRIN,22,17,20,1600,32000.00,2016-10-27 04:01:00.834100
1226,201610264017349,PRIN,37,56,253,1580,399740.00,2016-10-26 04:01:00.734900
1227,201610264017070,PRIN,5,56,120,1585,190200.00,2016-10-26 04:01:00.707000
1228,201610264017049,PRIN,34,34,200,1586,317200.00,2016-10-26 04:01:00.704900
1229,201610264015925,PRIN,21,56,150,1585,237750.00,2016-10-26 04:01:00.592500
1230,201610264015917,PRIN,35,45,150,1580,237000.00,2016-10-26 04:01:00.591700
1231,201610264014160,PRIN,40,33,400,1575,630000.00,2016-10-26 04:01:00.416000
1232,201610264014161,PRIN,38,33,100,1571,157100.00,2016-10-26 04:01:00.416100
1233,201610264014007,PRIN,41,34,100,1586,158600.00,2016-10-26 04:01:00.400700
1234,201610264014008,PRIN,40,34,200,1585,317000.00,2016-10-26 04:01:00.400800
1235,201610264014009,PRIN,37,34,200,1580,316000.00,2016-10-26 04:01:00.400900
1236,201610264014010,PRIN,37,34,500,1575,787500.00,2016-10-26 04:01:00.401000
1237,201610264014011,PRIN,37,34,150,1575,236250.00,2016-10-26 04:01:00.401100
1238,201610254012729,PRIN,19,6,470,1586,745420.00,2016-10-25 04:01:00.272900
1239,201610254012422,PRIN,37,55,25,1585,39625.00,2016-10-25 04:01:00.242200
1240,201610254012196,PRIN,37,38,100,1590,159000.00,2016-10-25 04:01:00.219600
1241,201610254011814,PRIN,11,33,168,1584,266112.00,2016-10-25 04:01:00.181400
1242,201610254011828,PRIN,11,6,100,1590,159000.00,2016-10-25 04:01:00.182800
1243,201610254011829,PRIN,11,17,100,1590,159000.00,2016-10-25 04:01:00.182900
1244,201610254011732,PRIN,22,50,20,1583,31660.00,2016-10-25 04:01:00.173200
1245,201610254011733,PRIN,38,50,50,1582,79100.00,2016-10-25 04:01:00.173300
1246,201610254011224,PRIN,29,50,150,1585,237750.00,2016-10-25 04:01:00.122400
1247,201610254011181,PRIN,28,50,100,1585,158500.00,2016-10-25 04:01:00.118100
1248,201610254011171,PRIN,58,33,20,1583,31660.00,2016-10-25 04:01:00.117100
1249,201610254011172,PRIN,22,33,180,1583,284940.00,2016-10-25 04:01:00.117200
1250,201610254011152,PRIN,37,50,100,1585,158500.00,2016-10-25 04:01:00.115200
1251,201610254011123,PRIN,25,50,150,1585,237750.00,2016-10-25 04:01:00.112300
1252,201610254011092,PRIN,37,50,30,1588,47640.00,2016-10-25 04:01:00.109200
1253,201610254010953,PRIN,22,33,100,1590,159000.00,2016-10-25 04:01:00.095300
1254,201610254010838,PRIN,42,33,50,1590,79500.00,2016-10-25 04:01:00.083800
1255,201610254010815,PRIN,42,50,100,1590,159000.00,2016-10-25 04:01:00.081500
1256,201610254010781,PRIN,38,50,100,1590,159000.00,2016-10-25 04:01:00.078100
1257,201610254010659,PRIN,37,34,70,1588,111160.00,2016-10-25 04:01:00.065900
1258,201610254010610,PRIN,5,33,100,1589,158900.00,2016-10-25 04:01:00.061000
1259,201610254010357,PRIN,51,33,100,1591,159100.00,2016-10-25 04:01:00.035700
1260,201610254010358,PRIN,37,33,100,1591,159100.00,2016-10-25 04:01:00.035800
1261,201610254010359,PRIN,22,33,300,1590,477000.00,2016-10-25 04:01:00.035900
1262,201610254010281,PRIN,58,34,100,1600,160000.00,2016-10-25 04:01:00.028100
1263,201610254010258,PRIN,34,34,160,1600,256000.00,2016-10-25 04:01:00.025800
1264,201610254010172,PRIN,37,53,100,1600,160000.00,2016-10-25 04:01:00.017200
1265,201610254010173,PRIN,37,53,15,1600,24000.00,2016-10-25 04:01:00.017300
1266,201610254010179,PRIN,37,34,170,1600,272000.00,2016-10-25 04:01:00.017900
1267,201610254010038,PRIN,37,50,110,1595,175450.00,2016-10-25 04:01:00.003800
1268,201610254009357,PRIN,19,6,10,1590,15900.00,2016-10-25 04:00:00.935700
1269,201610254009358,PRIN,37,6,100,1585,158500.00,2016-10-25 04:00:00.935800
1270,201610254009024,PRIN,45,14,114,1590,181260.00,2016-10-25 04:00:00.902400
1271,201610254008696,PRIN,29,33,200,1592,318400.00,2016-10-25 04:00:00.869600
1272,201610254008403,PRIN,33,33,82,1605,131610.00,2016-10-25 04:00:00.840300
1273,201610244008206,PRIN,51,49,30,1595,47850.00,2016-10-24 04:00:00.820600
1274,201610244008076,PRIN,25,49,150,1595,239250.00,2016-10-24 04:00:00.807600
1275,201610244008077,PRIN,47,49,120,1595,191400.00,2016-10-24 04:00:00.807700
1276,201610244008041,PRIN,26,50,130,1601,208130.00,2016-10-24 04:00:00.804100
1277,201610244007921,PRIN,25,14,50,1595,79750.00,2016-10-24 04:00:00.792100
1278,201610244007929,PRIN,26,53,20,1600,32000.00,2016-10-24 04:00:00.792900
1279,201610244007484,PRIN,37,34,100,1596,159600.00,2016-10-24 04:00:00.748400
1280,201610244007485,PRIN,5,34,100,1595,159500.00,2016-10-24 04:00:00.748500
1281,201610244007486,PRIN,25,34,300,1595,478500.00,2016-10-24 04:00:00.748600
1282,201610244007437,PRIN,47,53,50,1600,80000.00,2016-10-24 04:00:00.743700
1283,201610244007438,PRIN,7,53,100,1600,160000.00,2016-10-24 04:00:00.743800
1284,201610244007390,PRIN,21,49,200,1605,321000.00,2016-10-24 04:00:00.739000
1285,201610244007145,PRIN,42,53,100,1609,160900.00,2016-10-24 04:00:00.714500
1286,201610244006906,PRIN,42,37,100,1609,160900.00,2016-10-24 04:00:00.690600
1287,201610244006165,PRIN,41,32,100,1601,160100.00,2016-10-24 04:00:00.616500
1288,201610244006112,PRIN,16,17,300,1600,480000.00,2016-10-24 04:00:00.611200
1289,201610244006117,PRIN,37,17,400,1600,640000.00,2016-10-24 04:00:00.611700
1290,201610244006118,PRIN,37,17,19,1600,30400.00,2016-10-24 04:00:00.611800
1291,201610244006033,PRIN,37,17,100,1600,160000.00,2016-10-24 04:00:00.603300
1292,201610244006012,PRIN,22,17,200,1600,320000.00,2016-10-24 04:00:00.601200
1293,201610244005826,PRIN,47,17,100,1600,160000.00,2016-10-24 04:00:00.582600
1294,201610244005566,PRIN,21,17,100,1600,160000.00,2016-10-24 04:00:00.556600
1295,201610244005237,PRIN,13,54,340,1600,544000.00,2016-10-24 04:00:00.523700
1296,201610244005238,PRIN,13,47,300,1600,480000.00,2016-10-24 04:00:00.523800
1297,201610244005234,PRIN,13,41,66,1599,105534.00,2016-10-24 04:00:00.523400
1298,201610244004853,PRIN,17,11,100,1590,159000.00,2016-10-24 04:00:00.485300
1299,201610244004854,PRIN,16,11,100,1585,158500.00,2016-10-24 04:00:00.485400
1300,201610244004855,PRIN,13,11,50,1585,79250.00,2016-10-24 04:00:00.485500
1301,201610244004856,PRIN,44,11,500,1583,791500.00,2016-10-24 04:00:00.485600
1302,201610244004857,PRIN,26,11,100,1582,158200.00,2016-10-24 04:00:00.485700
1303,201610244004858,PRIN,26,11,150,1581,237150.00,2016-10-24 04:00:00.485800
1304,201610244004262,PRIN,59,50,300,1595,478500.00,2016-10-24 04:00:00.426200
1305,201610244004263,PRIN,47,50,30,1595,47850.00,2016-10-24 04:00:00.426300
1306,201610244004264,PRIN,25,50,1200,1590,1908000.00,2016-10-24 04:00:00.426400
1307,201610244003720,PRIN,37,47,100,1615,161500.00,2016-10-24 04:00:00.372000
1308,201610234003400,PRIN,58,35,250,1595,398750.00,2016-10-23 04:00:00.340000
1309,201610234003269,PRIN,58,34,200,1595,319000.00,2016-10-23 04:00:00.326900
1310,201610234002986,PRIN,45,35,300,1600,480000.00,2016-10-23 04:00:00.298600
1311,201610234002877,PRIN,22,35,150,1600,240000.00,2016-10-23 04:00:00.287700
1312,201610234002866,PRIN,22,17,60,1600,96000.00,2016-10-23 04:00:00.286600
1313,201610234002793,PRIN,37,34,100,1596,159600.00,2016-10-23 04:00:00.279300
1314,201610234002329,PRIN,58,28,50,1595,79750.00,2016-10-23 04:00:00.232900
1315,201610234002185,PRIN,47,49,156,1600,249600.00,2016-10-23 04:00:00.218500
1316,201610234002159,PRIN,22,44,210,1595,334950.00,2016-10-23 04:00:00.215900
1317,201610234001974,PRIN,28,17,40,1594,63760.00,2016-10-23 04:00:00.197400
1318,201610234001940,PRIN,41,14,50,1593,79650.00,2016-10-23 04:00:00.194000
1319,201610234001578,PRIN,26,32,100,1590,159000.00,2016-10-23 04:00:00.157800
1320,201610234001367,PRIN,45,21,50,1590,79500.00,2016-10-23 04:00:00.136700
1321,201610234001375,PRIN,45,43,50,1590,79500.00,2016-10-23 04:00:00.137500
1322,201610234001376,PRIN,33,43,10,1586,15860.00,2016-10-23 04:00:00.137600
1323,201610234001180,PRIN,37,21,100,1590,159000.00,2016-10-23 04:00:00.118000
1324,201610234000582,PRIN,25,53,100,1581,158100.00,2016-10-23 04:00:00.058200
1325,201610234000583,PRIN,25,53,50,1581,79050.00,2016-10-23 04:00:00.058300
1326,201610234000584,PRIN,26,53,50,1580,79000.00,2016-10-23 04:00:00.058400
1327,201610233999710,PRIN,47,47,60,1581,94860.00,2016-10-23 03:09:00.997100
1328,201610233999692,PRIN,47,42,366,1598,584868.00,2016-10-23 03:09:00.996920
1329,201610233999576,PRIN,47,25,100,1598,159800.00,2016-10-23 03:09:00.995760
1330,201610233999551,PRIN,41,13,50,1590,79500.00,2016-10-23 03:09:00.995510
1331,201610233999489,PRIN,33,10,200,1585,317000.00,2016-10-23 03:09:00.994890
1332,201610233999036,PRIN,42,59,250,1585,396250.00,2016-10-23 03:09:00.990360
1333,201610233999037,PRIN,42,13,50,1590,79500.00,2016-10-23 03:09:00.990370
1334,201610233998942,PRIN,56,59,100,1570,157000.00,2016-10-23 03:09:00.989420
1335,201610233998943,PRIN,37,59,150,1570,235500.00,2016-10-23 03:09:00.989430
1336,201610233998944,PRIN,47,59,100,1569,156900.00,2016-10-23 03:09:00.989440
1337,201610233998945,PRIN,20,59,700,1569,1098300.00,2016-10-23 03:09:00.989450
1338,201610233998346,PRIN,47,49,350,1601,560350.00,2016-10-23 03:09:00.983460
1339,201610233998267,PRIN,42,49,50,1601,80050.00,2016-10-23 03:09:00.982670
1340,201610203998014,PRIN,5,38,150,1570,235500.00,2016-10-20 03:09:00.980140
1341,201610203997965,PRIN,57,38,150,1570,235500.00,2016-10-20 03:09:00.979650
1342,201610203997966,PRIN,37,38,300,1570,471000.00,2016-10-20 03:09:00.979660
1343,201610203997504,PRIN,36,36,493,1578,777954.00,2016-10-20 03:09:00.975040
1344,201610203997437,PRIN,36,36,537,1579,847923.00,2016-10-20 03:09:00.974370
1345,201610203997252,PRIN,33,34,100,1575,157500.00,2016-10-20 03:09:00.972520
1346,201610203996802,PRIN,56,11,500,1572,786000.00,2016-10-20 03:09:00.968020
1347,201610203996803,PRIN,16,11,150,1571,235650.00,2016-10-20 03:09:00.968030
1348,201610203996770,PRIN,37,57,150,1580,237000.00,2016-10-20 03:09:00.967700
1349,201610203996342,PRIN,37,49,200,1579,315800.00,2016-10-20 03:09:00.963420
1350,201610203996343,PRIN,37,53,130,1580,205400.00,2016-10-20 03:09:00.963430
1351,201610203995999,PRIN,25,53,60,1580,94800.00,2016-10-20 03:09:00.959990
1352,201610203995786,PRIN,43,34,50,1575,78750.00,2016-10-20 03:09:00.957860
1353,201610203995787,PRIN,22,34,50,1575,78750.00,2016-10-20 03:09:00.957870
1354,201610203995788,PRIN,29,34,100,1575,157500.00,2016-10-20 03:09:00.957880
1355,201610203995509,PRIN,1,53,10,1585,15850.00,2016-10-20 03:09:00.955090
1356,201610203995510,PRIN,53,53,100,1582,158200.00,2016-10-20 03:09:00.955100
1357,201610203995511,PRIN,53,53,100,1582,158200.00,2016-10-20 03:09:00.955110
1358,201610203995512,PRIN,13,53,100,1581,158100.00,2016-10-20 03:09:00.955120
1359,201610203995210,PRIN,46,29,200,1585,317000.00,2016-10-20 03:09:00.952100
1360,201610203994983,PRIN,37,36,150,1588,238200.00,2016-10-20 03:09:00.949830
1361,201610203994587,PRIN,37,46,100,1580,158000.00,2016-10-20 03:09:00.945870
1362,201610203994441,PRIN,43,10,50,1570,78500.00,2016-10-20 03:09:00.944410
1363,201610193994279,PRIN,22,57,100,1569,156900.00,2016-10-19 03:09:00.942790
1364,201610193994280,PRIN,43,57,200,1569,313800.00,2016-10-19 03:09:00.942800
1365,201610193994146,PRIN,8,57,100,1570,157000.00,2016-10-19 03:09:00.941460
1366,201610193993693,PRIN,5,17,190,1570,298300.00,2016-10-19 03:09:00.936930
1367,201610193993694,PRIN,7,17,50,1570,78500.00,2016-10-19 03:09:00.936940
1368,201610193993695,PRIN,34,17,260,1568,407680.00,2016-10-19 03:09:00.936950
1369,201610193993687,PRIN,5,11,10,1570,15700.00,2016-10-19 03:09:00.936870
1370,201610193993172,PRIN,8,57,100,1572,157200.00,2016-10-19 03:09:00.931720
1371,201610193992878,PRIN,51,45,50,1576,78800.00,2016-10-19 03:09:00.928780
1372,201610193992751,PRIN,43,34,200,1577,315400.00,2016-10-19 03:09:00.927510
1373,201610193992517,PRIN,43,49,93,1580,146940.00,2016-10-19 03:09:00.925170
1374,201610193992384,PRIN,47,53,100,1589,158900.00,2016-10-19 03:09:00.923840
1375,201610193992290,PRIN,46,34,55,1588,87340.00,2016-10-19 03:09:00.922900
1376,201610193992299,PRIN,46,10,200,1589,317800.00,2016-10-19 03:09:00.922990
1377,201610183991005,PRIN,41,34,200,1578,315600.00,2016-10-18 03:09:00.910050
1378,201610183991019,PRIN,37,34,70,1580,110600.00,2016-10-18 03:09:00.910190
1379,201610183990737,PRIN,41,49,170,1580,268600.00,2016-10-18 03:09:00.907370
1380,201610183990760,PRIN,52,28,100,1576,157600.00,2016-10-18 03:09:00.907600
1381,201610183990685,PRIN,34,49,100,1580,158000.00,2016-10-18 03:09:00.906850
1382,201610183990295,PRIN,56,50,31,1580,48980.00,2016-10-18 03:09:00.902950
1383,201610183990286,PRIN,52,50,30,1580,47400.00,2016-10-18 03:09:00.902860
1384,201610183990279,PRIN,11,50,50,1580,79000.00,2016-10-18 03:09:00.902790
1385,201610183990202,PRIN,37,50,30,1580,47400.00,2016-10-18 03:09:00.902020
1386,201610183990145,PRIN,26,50,50,1580,79000.00,2016-10-18 03:09:00.901450
1387,201610183990146,PRIN,55,50,150,1580,237000.00,2016-10-18 03:09:00.901460
1388,201610183990147,PRIN,50,50,100,1580,158000.00,2016-10-18 03:09:00.901470
1389,201610183990000,PRIN,26,11,150,1580,237000.00,2016-10-18 03:09:00.900000
1390,201610183989994,PRIN,22,10,500,1585,792500.00,2016-10-18 03:09:00.899940
1391,201610183989965,PRIN,22,55,100,1584,158400.00,2016-10-18 03:09:00.899650
1392,201610183989722,PRIN,55,34,200,1585,317000.00,2016-10-18 03:09:00.897220
1393,201610183989526,PRIN,34,57,200,1586,317200.00,2016-10-18 03:09:00.895260
1394,201610183989466,PRIN,6,49,80,1586,126880.00,2016-10-18 03:09:00.894660
1395,201610183989455,PRIN,6,19,20,1586,31720.00,2016-10-18 03:09:00.894550
1396,201610183989340,PRIN,42,49,50,1587,79350.00,2016-10-18 03:09:00.893400
1397,201610183989272,PRIN,39,32,30,1580,47400.00,2016-10-18 03:09:00.892720
1398,201610183989136,PRIN,41,11,50,1585,79250.00,2016-10-18 03:09:00.891360
1399,201610183989055,PRIN,33,53,50,1585,79250.00,2016-10-18 03:09:00.890550
1400,201610183988973,PRIN,51,25,50,1585,79250.00,2016-10-18 03:09:00.889730
1401,201610183988976,PRIN,11,39,100,1588,158800.00,2016-10-18 03:09:00.889760
1402,201610183988959,PRIN,51,36,100,1585,158500.00,2016-10-18 03:09:00.889590
1403,201610183988814,PRIN,45,53,50,1570,78500.00,2016-10-18 03:09:00.888140
1404,201610183988794,PRIN,45,36,100,1570,157000.00,2016-10-18 03:09:00.887940
1405,201610183988088,PRIN,37,4,50,1560,78000.00,2016-10-18 03:09:00.880880
1406,201610183988080,PRIN,55,11,150,1560,234000.00,2016-10-18 03:09:00.880800
1407,201610183988068,PRIN,36,25,50,1572,78600.00,2016-10-18 03:09:00.880680
1408,201610183988069,PRIN,17,25,100,1570,157000.00,2016-10-18 03:09:00.880690
1409,201610183988070,PRIN,37,25,100,1570,157000.00,2016-10-18 03:09:00.880700
1410,201610183987933,PRIN,46,39,50,1590,79500.00,2016-10-18 03:09:00.879330
1411,201610183987920,PRIN,54,58,100,1608,160800.00,2016-10-18 03:09:00.879200
1412,201610183987921,PRIN,17,26,100,1588,158800.00,2016-10-18 03:09:00.879210
1413,201610183987922,PRIN,17,26,100,1587,158700.00,2016-10-18 03:09:00.879220
1414,201610183987916,PRIN,42,49,100,1609,160900.00,2016-10-18 03:09:00.879160
1415,201610183987887,PRIN,58,51,100,1600,160000.00,2016-10-18 03:09:00.878870
1416,201610183987888,PRIN,58,7,200,1618,323600.00,2016-10-18 03:09:00.878880
1417,201610183987874,PRIN,37,51,25,1587,39675.00,2016-10-18 03:09:00.878740
1418,201610173987813,PRIN,21,32,100,1816,181600.00,2016-10-17 03:09:00.878130
1419,201610173987814,PRIN,21,32,20,1820,36400.00,2016-10-17 03:09:00.878140
1420,201610173987815,PRIN,21,41,200,1820,364000.00,2016-10-17 03:09:00.878150
1421,201610173987816,PRIN,21,53,200,1825,365000.00,2016-10-17 03:09:00.878160
1422,201610173987845,PRIN,35,50,1000,1820,1820000.00,2016-10-17 03:09:00.878450
1423,201610173987773,PRIN,19,7,500,1809,904500.00,2016-10-17 03:09:00.877730
1424,201610173987774,PRIN,37,7,10,1808,18080.00,2016-10-17 03:09:00.877740
1425,201610173987775,PRIN,6,7,100,1808,180800.00,2016-10-17 03:09:00.877750
1426,201610173987776,PRIN,22,7,140,1808,253120.00,2016-10-17 03:09:00.877760
1427,201610173987777,PRIN,34,7,500,1808,904000.00,2016-10-17 03:09:00.877770
1428,201610173987785,PRIN,35,57,200,1812,362400.00,2016-10-17 03:09:00.877850
1429,201610173987786,PRIN,35,50,1000,1813,1813000.00,2016-10-17 03:09:00.877860
1430,201610173987787,PRIN,35,11,100,1813,181300.00,2016-10-17 03:09:00.877870
1431,201610173987788,PRIN,35,8,200,1815,363000.00,2016-10-17 03:09:00.877880
1432,201610173987789,PRIN,35,17,200,1815,363000.00,2016-10-17 03:09:00.877890
1433,201610173987790,PRIN,35,4,200,1815,363000.00,2016-10-17 03:09:00.877900
1434,201610173987741,PRIN,41,56,93,1810,168330.00,2016-10-17 03:09:00.877410
1435,201610173987667,PRIN,50,57,300,1812,543600.00,2016-10-17 03:09:00.876670
1436,201610173987645,PRIN,22,36,360,1808,650880.00,2016-10-17 03:09:00.876450
1437,201610173987606,PRIN,37,28,100,1809,180900.00,2016-10-17 03:09:00.876060
1438,201610173987583,PRIN,11,43,100,1812,181200.00,2016-10-17 03:09:00.875830
1439,201610173987584,PRIN,11,43,100,1812,181200.00,2016-10-17 03:09:00.875840
1440,201610173987594,PRIN,28,55,50,1810,90500.00,2016-10-17 03:09:00.875940
1441,201610173987595,PRIN,28,50,400,1812,724800.00,2016-10-17 03:09:00.875950
1442,201610173987516,PRIN,14,41,100,1809,180900.00,2016-10-17 03:09:00.875160
1443,201610173987517,PRIN,14,19,200,1809,361800.00,2016-10-17 03:09:00.875170
1444,201610173987518,PRIN,14,19,90,1809,162810.00,2016-10-17 03:09:00.875180
1445,201610173987519,PRIN,14,48,490,1810,886900.00,2016-10-17 03:09:00.875190
1446,201610173987520,PRIN,14,46,100,1810,181000.00,2016-10-17 03:09:00.875200
1447,201610173987521,PRIN,14,33,20,1810,36200.00,2016-10-17 03:09:00.875210
1448,201610173987526,PRIN,45,33,10,1810,18100.00,2016-10-17 03:09:00.875260
1449,201610173987541,PRIN,14,42,200,1810,362000.00,2016-10-17 03:09:00.875410
1450,201610173987542,PRIN,14,42,300,1810,543000.00,2016-10-17 03:09:00.875420
1451,201610173987543,PRIN,14,41,250,1810,452500.00,2016-10-17 03:09:00.875430
1452,201610173987544,PRIN,14,33,120,1810,217200.00,2016-10-17 03:09:00.875440
1453,201610173987545,PRIN,14,20,100,1810,181000.00,2016-10-17 03:09:00.875450
1454,201610173987546,PRIN,14,32,50,1810,90500.00,2016-10-17 03:09:00.875460
1455,201610173987554,PRIN,34,34,1000,1806,1806000.00,2016-10-17 03:09:00.875540
1456,201610173987489,PRIN,28,34,30,1808,54240.00,2016-10-17 03:09:00.874890
1457,201610173987490,PRIN,50,34,30,1808,54240.00,2016-10-17 03:09:00.874900
1458,201610173987491,PRIN,37,34,140,1808,253120.00,2016-10-17 03:09:00.874910
1459,201610173987508,PRIN,14,34,400,1808,723200.00,2016-10-17 03:09:00.875080
1460,201610173987509,PRIN,14,36,90,1809,162810.00,2016-10-17 03:09:00.875090
1461,201610173987510,PRIN,14,47,200,1809,361800.00,2016-10-17 03:09:00.875100
1462,201610173987511,PRIN,14,47,266,1809,481194.00,2016-10-17 03:09:00.875110
1463,201610173987478,PRIN,37,16,100,1808,180800.00,2016-10-17 03:09:00.874780
1464,201610173987470,PRIN,6,50,230,1808,415840.00,2016-10-17 03:09:00.874700
1465,201610173987473,PRIN,28,50,270,1808,488160.00,2016-10-17 03:09:00.874730
1466,201610173987426,PRIN,6,22,50,1808,90400.00,2016-10-17 03:09:00.874260
1467,201610173987437,PRIN,6,22,21,1808,37968.00,2016-10-17 03:09:00.874370
1468,201610173987409,PRIN,41,41,250,1806,451500.00,2016-10-17 03:09:00.874090
1469,201610173987417,PRIN,45,7,100,1808,180800.00,2016-10-17 03:09:00.874170
1470,201610173987418,PRIN,45,21,200,1808,361600.00,2016-10-17 03:09:00.874180
1471,201610173987378,PRIN,57,57,200,1808,361600.00,2016-10-17 03:09:00.873780
1472,201610173987363,PRIN,6,16,200,1806,361200.00,2016-10-17 03:09:00.873630
1473,201610173987369,PRIN,36,36,60,1809,108540.00,2016-10-17 03:09:00.873690
1474,201610173987348,PRIN,57,4,11,1807,19877.00,2016-10-17 03:09:00.873480
1475,201610173987335,PRIN,57,40,50,1807,90350.00,2016-10-17 03:09:00.873350
1476,201610173987320,PRIN,6,36,150,1809,271350.00,2016-10-17 03:09:00.873200
1477,201610173987280,PRIN,56,56,100,1808,180800.00,2016-10-17 03:09:00.872800
1478,201610173987302,PRIN,57,41,50,1807,90350.00,2016-10-17 03:09:00.873020
1479,201610173987247,PRIN,49,48,100,1810,181000.00,2016-10-17 03:09:00.872470
1480,201610173987257,PRIN,56,48,464,1809,839376.00,2016-10-17 03:09:00.872570
1481,201610173987235,PRIN,26,48,10,1810,18100.00,2016-10-17 03:09:00.872350
1482,201610173987180,PRIN,41,59,21,1808,37968.00,2016-10-17 03:09:00.871800
1483,201610173987183,PRIN,41,40,20,1808,36160.00,2016-10-17 03:09:00.871830
1484,201610173987131,PRIN,38,48,100,1810,181000.00,2016-10-17 03:09:00.871310
1485,201610173987085,PRIN,57,21,11,1805,19855.00,2016-10-17 03:09:00.870850
1486,201610173987005,PRIN,37,36,50,1810,90500.00,2016-10-17 03:09:00.870050
1487,201610173987006,PRIN,37,36,91,1810,164710.00,2016-10-17 03:09:00.870060
1488,201610173987011,PRIN,37,19,60,1810,108600.00,2016-10-17 03:09:00.870110
1489,201610173987012,PRIN,7,17,100,1809,180900.00,2016-10-17 03:09:00.870120
1490,201610173987015,PRIN,22,17,20,1809,36180.00,2016-10-17 03:09:00.870150
1491,201610173986986,PRIN,37,36,150,1810,271500.00,2016-10-17 03:09:00.869860
1492,201610173986954,PRIN,6,44,200,1809,361800.00,2016-10-17 03:09:00.869540
1493,201610173986890,PRIN,38,20,100,1809,180900.00,2016-10-17 03:09:00.868900
1494,201610173986893,PRIN,6,17,300,1810,543000.00,2016-10-17 03:09:00.868930
1495,201610173986894,PRIN,6,34,80,1810,144800.00,2016-10-17 03:09:00.868940
1496,201610173986850,PRIN,6,11,100,1809,180900.00,2016-10-17 03:09:00.868500
1497,201610173986851,PRIN,6,7,100,1810,181000.00,2016-10-17 03:09:00.868510
1498,201610173986852,PRIN,6,38,100,1810,181000.00,2016-10-17 03:09:00.868520
1499,201610173986855,PRIN,16,38,50,1810,90500.00,2016-10-17 03:09:00.868550
1500,201610173986856,PRIN,16,17,50,1810,90500.00,2016-10-17 03:09:00.868560
1501,201610173986862,PRIN,6,42,200,1810,362000.00,2016-10-17 03:09:00.868620
1502,201610173986863,PRIN,6,17,100,1810,181000.00,2016-10-17 03:09:00.868630
1503,201610173986877,PRIN,44,17,50,1810,90500.00,2016-10-17 03:09:00.868770
1504,201610173986836,PRIN,36,38,50,1810,90500.00,2016-10-17 03:09:00.868360
1505,201610173986804,PRIN,48,53,500,1801,900500.00,2016-10-17 03:09:00.868040
1506,201610173986805,PRIN,36,17,67,1808,121136.00,2016-10-17 03:09:00.868050
1507,201610173986788,PRIN,56,56,50,1801,90050.00,2016-10-17 03:09:00.867880
1508,201610173986770,PRIN,29,50,100,1800,180000.00,2016-10-17 03:09:00.867700
1509,201610173986757,PRIN,56,1,500,1799,899500.00,2016-10-17 03:09:00.867570
1510,201610173986758,PRIN,56,48,300,1800,540000.00,2016-10-17 03:09:00.867580
1511,201610173986759,PRIN,56,7,100,1800,180000.00,2016-10-17 03:09:00.867590
1512,201610173986760,PRIN,56,33,410,1800,738000.00,2016-10-17 03:09:00.867600
1513,201610173986761,PRIN,56,37,100,1800,180000.00,2016-10-17 03:09:00.867610
1514,201610173986762,PRIN,56,42,100,1800,180000.00,2016-10-17 03:09:00.867620
1515,201610173986763,PRIN,56,34,61,1800,109800.00,2016-10-17 03:09:00.867630
1516,201610173986765,PRIN,42,59,468,1800,842400.00,2016-10-17 03:09:00.867650
1517,201610173986710,PRIN,13,8,35,1794,62790.00,2016-10-17 03:09:00.867100
1518,201610173986721,PRIN,48,56,1200,1798,2157600.00,2016-10-17 03:09:00.867210
1519,201610173986693,PRIN,22,43,100,1795,179500.00,2016-10-17 03:09:00.866930
1520,201610173986697,PRIN,45,56,100,1798,179800.00,2016-10-17 03:09:00.866970
1521,201610173986670,PRIN,22,21,100,1797,179700.00,2016-10-17 03:09:00.866700
1522,201610173986684,PRIN,45,56,300,1798,539400.00,2016-10-17 03:09:00.866840
1523,201610173986648,PRIN,38,58,230,1795,412850.00,2016-10-17 03:09:00.866480
1524,201610173986619,PRIN,38,58,50,1795,89750.00,2016-10-17 03:09:00.866190
1525,201610173986606,PRIN,8,58,30,1795,53850.00,2016-10-17 03:09:00.866060
1526,201610173986607,PRIN,38,58,100,1795,179500.00,2016-10-17 03:09:00.866070
1527,201610173986561,PRIN,45,58,80,1796,143680.00,2016-10-17 03:09:00.865610
1528,201610173986562,PRIN,43,58,10,1796,17960.00,2016-10-17 03:09:00.865620
1529,201610173986537,PRIN,53,34,100,1799,179900.00,2016-10-17 03:09:00.865370
1530,201610173986526,PRIN,33,34,70,1799,125930.00,2016-10-17 03:09:00.865260
1531,201610173986510,PRIN,37,48,231,1795,414645.00,2016-10-17 03:09:00.865100
1532,201610173986499,PRIN,22,34,100,1799,179900.00,2016-10-17 03:09:00.864990
1533,201610173986469,PRIN,26,17,100,1799,179900.00,2016-10-17 03:09:00.864690
1534,201610173986470,PRIN,26,34,50,1799,89950.00,2016-10-17 03:09:00.864700
1535,201610173986462,PRIN,56,35,200,1796,359200.00,2016-10-17 03:09:00.864620
1536,201610173986467,PRIN,26,17,32,1799,57568.00,2016-10-17 03:09:00.864670
1537,201610173986378,PRIN,45,36,108,1793,193644.00,2016-10-17 03:09:00.863780
1538,201610173986383,PRIN,56,33,492,1790,880680.00,2016-10-17 03:09:00.863830
1539,201610173986387,PRIN,45,26,100,1790,179000.00,2016-10-17 03:09:00.863870
1540,201610173986388,PRIN,45,35,20,1790,35800.00,2016-10-17 03:09:00.863880
1541,201610173986377,PRIN,56,49,178,1790,318620.00,2016-10-17 03:09:00.863770
1542,201610173986317,PRIN,37,36,50,1790,89500.00,2016-10-17 03:09:00.863170
1543,201610173986318,PRIN,37,34,50,1796,89800.00,2016-10-17 03:09:00.863180
1544,201610173986310,PRIN,16,36,100,1791,179100.00,2016-10-17 03:09:00.863100
1545,201610173986311,PRIN,42,36,50,1790,89500.00,2016-10-17 03:09:00.863110
1546,201610173986312,PRIN,37,36,100,1790,179000.00,2016-10-17 03:09:00.863120
1547,201610173986313,PRIN,33,36,500,1790,895000.00,2016-10-17 03:09:00.863130
1548,201610173986314,PRIN,7,36,200,1790,358000.00,2016-10-17 03:09:00.863140
1549,201610173986294,PRIN,33,34,450,1796,808200.00,2016-10-17 03:09:00.862940
1550,201610173986219,PRIN,45,35,100,1795,179500.00,2016-10-17 03:09:00.862190
1551,201610173986195,PRIN,45,36,100,1789,178900.00,2016-10-17 03:09:00.861950
1552,201610173986196,PRIN,42,36,250,1789,447250.00,2016-10-17 03:09:00.861960
1553,201610173986182,PRIN,37,26,300,1790,537000.00,2016-10-17 03:09:00.861820
1554,201610173986183,PRIN,37,57,200,1791,358200.00,2016-10-17 03:09:00.861830
1555,201610173986185,PRIN,45,36,100,1790,179000.00,2016-10-17 03:09:00.861850
1556,201610173986186,PRIN,22,36,50,1790,89500.00,2016-10-17 03:09:00.861860
1557,201610173986114,PRIN,20,35,100,1790,179000.00,2016-10-17 03:09:00.861140
1558,201610173986092,PRIN,20,35,100,1790,179000.00,2016-10-17 03:09:00.860920
1559,201610173986099,PRIN,7,38,41,1790,73390.00,2016-10-17 03:09:00.860990
1560,201610173986075,PRIN,57,36,200,1789,357800.00,2016-10-17 03:09:00.860750
1561,201610173986080,PRIN,22,36,300,1789,536700.00,2016-10-17 03:09:00.860800
1562,201610173986046,PRIN,37,36,200,1789,357800.00,2016-10-17 03:09:00.860460
1563,201610173986050,PRIN,33,36,500,1786,893000.00,2016-10-17 03:09:00.860500
1564,201610173986034,PRIN,22,36,250,1789,447250.00,2016-10-17 03:09:00.860340
1565,201610173985999,PRIN,6,36,50,1790,89500.00,2016-10-17 03:09:00.859990
1566,201610173985984,PRIN,28,36,70,1789,125230.00,2016-10-17 03:09:00.859840
1567,201610173985985,PRIN,28,46,22,1790,39380.00,2016-10-17 03:09:00.859850
1568,201610173985976,PRIN,28,36,120,1789,214680.00,2016-10-17 03:09:00.859760
1569,201610173985978,PRIN,34,36,40,1789,71560.00,2016-10-17 03:09:00.859780
1570,201610173985963,PRIN,34,36,20,1789,35780.00,2016-10-17 03:09:00.859630
1571,201610173985923,PRIN,37,36,200,1789,357800.00,2016-10-17 03:09:00.859230
1572,201610173985862,PRIN,52,36,80,1789,143120.00,2016-10-17 03:09:00.858620
1573,201610173985741,PRIN,14,58,43,1784,76712.00,2016-10-17 03:09:00.857410
1574,201610173985734,PRIN,19,36,50,1786,89300.00,2016-10-17 03:09:00.857340
1575,201610173985735,PRIN,14,36,40,1785,71400.00,2016-10-17 03:09:00.857350
1576,201610173985736,PRIN,50,36,100,1785,178500.00,2016-10-17 03:09:00.857360
1577,201610173985737,PRIN,6,36,100,1785,178500.00,2016-10-17 03:09:00.857370
1578,201610173985717,PRIN,13,46,100,1793,179300.00,2016-10-17 03:09:00.857170
1579,201610173985718,PRIN,13,14,200,1795,359000.00,2016-10-17 03:09:00.857180
1580,201610173985701,PRIN,56,35,100,1790,179000.00,2016-10-17 03:09:00.857010
1581,201610173985708,PRIN,42,48,69,1790,123510.00,2016-10-17 03:09:00.857080
1582,201610173985695,PRIN,42,20,31,1790,55490.00,2016-10-17 03:09:00.856950
1583,201610173985696,PRIN,56,46,200,1793,358600.00,2016-10-17 03:09:00.856960
1584,201610173985675,PRIN,28,35,200,1790,358000.00,2016-10-17 03:09:00.856750
1585,201610173985575,PRIN,50,59,50,1790,89500.00,2016-10-17 03:09:00.855750
1586,201610173985576,PRIN,50,35,100,1792,179200.00,2016-10-17 03:09:00.855760
1587,201610173985515,PRIN,50,35,100,1792,179200.00,2016-10-17 03:09:00.855150
1588,201610173985501,PRIN,50,46,100,1792,179200.00,2016-10-17 03:09:00.855010
1589,201610173985489,PRIN,19,1,43,1789,76927.00,2016-10-17 03:09:00.854890
1590,201610173985495,PRIN,7,17,100,1790,179000.00,2016-10-17 03:09:00.854950
1591,201610173985359,PRIN,11,46,100,1792,179200.00,2016-10-17 03:09:00.853590
1592,201610173985340,PRIN,17,46,100,1792,179200.00,2016-10-17 03:09:00.853400
1593,201610173985138,PRIN,56,45,250,1790,447500.00,2016-10-17 03:09:00.851380
1594,201610173985072,PRIN,42,38,366,1780,651480.00,2016-10-17 03:09:00.850720
1595,201610173985009,PRIN,37,14,100,1783,178300.00,2016-10-17 03:09:00.850090
1596,201610173984977,PRIN,19,17,20,1785,35700.00,2016-10-17 03:09:00.849770
1597,201610173984983,PRIN,33,33,60,1764,105840.00,2016-10-17 03:09:00.849830
1598,201610173984933,PRIN,53,53,280,1774,496720.00,2016-10-17 03:09:00.849330
1599,201610173984913,PRIN,37,29,25,1765,44125.00,2016-10-17 03:09:00.849130
1600,201610173984883,PRIN,47,33,100,1770,177000.00,2016-10-17 03:09:00.848830
1601,201610173984886,PRIN,19,33,90,1770,159300.00,2016-10-17 03:09:00.848860
1602,201610173984892,PRIN,19,29,210,1767,371070.00,2016-10-17 03:09:00.848920
1603,201610173984893,PRIN,13,29,100,1766,176600.00,2016-10-17 03:09:00.848930
1604,201610173984875,PRIN,41,33,100,1770,177000.00,2016-10-17 03:09:00.848750
1605,201610173984812,PRIN,47,53,70,1774,124180.00,2016-10-17 03:09:00.848120
1606,201610173984686,PRIN,11,17,50,1776,88800.00,2016-10-17 03:09:00.846860
1607,201610173984687,PRIN,25,17,200,1775,355000.00,2016-10-17 03:09:00.846870
1608,201610173984688,PRIN,28,17,50,1775,88750.00,2016-10-17 03:09:00.846880
1609,201610173984691,PRIN,28,39,120,1775,213000.00,2016-10-17 03:09:00.846910
1610,201610173984692,PRIN,47,39,130,1774,230620.00,2016-10-17 03:09:00.846920
1611,201610173984670,PRIN,8,34,50,1784,89200.00,2016-10-17 03:09:00.846700
1612,201610173984628,PRIN,45,53,200,1785,357000.00,2016-10-17 03:09:00.846280
1613,201610173984592,PRIN,41,45,50,1790,89500.00,2016-10-17 03:09:00.845920
1614,201610173984536,PRIN,36,36,50,1798,89900.00,2016-10-17 03:09:00.845360
1615,201610173984503,PRIN,17,7,100,1790,179000.00,2016-10-17 03:09:00.845030
1616,201610173984416,PRIN,21,17,30,1800,54000.00,2016-10-17 03:09:00.844160
1617,201610173984417,PRIN,10,17,50,1800,90000.00,2016-10-17 03:09:00.844170
1618,201610173984287,PRIN,33,10,250,1800,450000.00,2016-10-17 03:09:00.842870
1619,201610173984290,PRIN,17,33,10,1810,18100.00,2016-10-17 03:09:00.842900
1620,201610163984091,PRIN,6,6,83,1792,148736.00,2016-10-16 03:09:00.840910
1621,201610163984100,PRIN,46,36,30,1793,53790.00,2016-10-16 03:09:00.841000
1622,201610163984101,PRIN,47,36,50,1791,89550.00,2016-10-16 03:09:00.841010
1623,201610163984102,PRIN,1,36,200,1791,358200.00,2016-10-16 03:09:00.841020
1624,201610163984106,PRIN,6,36,20,1791,35820.00,2016-10-16 03:09:00.841060
1625,201610163984085,PRIN,6,6,100,1792,179200.00,2016-10-16 03:09:00.840850
1626,201610163984040,PRIN,36,36,100,1795,179500.00,2016-10-16 03:09:00.840400
1627,201610163983981,PRIN,45,45,100,1799,179900.00,2016-10-16 03:09:00.839810
1628,201610163984002,PRIN,53,45,50,1799,89950.00,2016-10-16 03:09:00.840020
1629,201610163983810,PRIN,22,48,130,1800,234000.00,2016-10-16 03:09:00.838100
1630,201610163983811,PRIN,22,50,200,1800,360000.00,2016-10-16 03:09:00.838110
1631,201610163983812,PRIN,22,56,50,1800,90000.00,2016-10-16 03:09:00.838120
1632,201610163983813,PRIN,22,36,100,1800,180000.00,2016-10-16 03:09:00.838130
1633,201610163983771,PRIN,33,38,121,1799,217679.00,2016-10-16 03:09:00.837710
1634,201610163983773,PRIN,33,48,320,1800,576000.00,2016-10-16 03:09:00.837730
1635,201610163983718,PRIN,17,48,100,1800,180000.00,2016-10-16 03:09:00.837180
1636,201610163983719,PRIN,17,48,50,1800,90000.00,2016-10-16 03:09:00.837190
1637,201610163983679,PRIN,22,48,100,1790,179000.00,2016-10-16 03:09:00.836790
1638,201610163983669,PRIN,47,41,20,1794,35880.00,2016-10-16 03:09:00.836690
1639,201610163983638,PRIN,42,41,80,1795,143600.00,2016-10-16 03:09:00.836380
1640,201610163983639,PRIN,29,41,100,1794,179400.00,2016-10-16 03:09:00.836390
1641,201610163983592,PRIN,55,49,100,1796,179600.00,2016-10-16 03:09:00.835920
1642,201610163983556,PRIN,19,56,50,1795,89750.00,2016-10-16 03:09:00.835560
1643,201610163983557,PRIN,37,56,150,1795,269250.00,2016-10-16 03:09:00.835570
1644,201610163983546,PRIN,1,6,100,1795,179500.00,2016-10-16 03:09:00.835460
1645,201610163983547,PRIN,19,6,100,1795,179500.00,2016-10-16 03:09:00.835470
1646,201610163983535,PRIN,1,39,100,1795,179500.00,2016-10-16 03:09:00.835350
1647,201610163983373,PRIN,52,21,100,1795,179500.00,2016-10-16 03:09:00.833730
1648,201610163983355,PRIN,32,21,50,1800,90000.00,2016-10-16 03:09:00.833550
1649,201610163983356,PRIN,13,21,50,1799,89950.00,2016-10-16 03:09:00.833560
1650,201610163983357,PRIN,36,21,300,1798,539400.00,2016-10-16 03:09:00.833570
1651,201610163983324,PRIN,42,6,100,1802,180200.00,2016-10-16 03:09:00.833240
1652,201610163983316,PRIN,32,49,50,1800,90000.00,2016-10-16 03:09:00.833160
1653,201610163983293,PRIN,1,49,100,1801,180100.00,2016-10-16 03:09:00.832930
1654,201610163983277,PRIN,3,6,100,1802,180200.00,2016-10-16 03:09:00.832770
1655,201610163983278,PRIN,34,6,200,1802,360400.00,2016-10-16 03:09:00.832780
1656,201610163983206,PRIN,13,29,50,1800,90000.00,2016-10-16 03:09:00.832060
1657,201610163983159,PRIN,33,33,200,1800,360000.00,2016-10-16 03:09:00.831590
1658,201610163983161,PRIN,57,17,50,1799,89950.00,2016-10-16 03:09:00.831610
1659,201610163983162,PRIN,34,17,100,1799,179900.00,2016-10-16 03:09:00.831620
1660,201610163983083,PRIN,43,40,40,1801,72040.00,2016-10-16 03:09:00.830830
1661,201610163983084,PRIN,21,40,260,1800,468000.00,2016-10-16 03:09:00.830840
1662,201610163983092,PRIN,21,36,240,1800,432000.00,2016-10-16 03:09:00.830920
1663,201610163983093,PRIN,38,36,100,1800,180000.00,2016-10-16 03:09:00.830930
1664,201610163982991,PRIN,32,29,100,1801,180100.00,2016-10-16 03:09:00.829910
1665,201610163982993,PRIN,43,50,10,1802,18020.00,2016-10-16 03:09:00.829930
1666,201610163982994,PRIN,43,50,260,1801,468260.00,2016-10-16 03:09:00.829940
1667,201610163982960,PRIN,19,36,200,1812,362400.00,2016-10-16 03:09:00.829600
1668,201610163982965,PRIN,19,50,200,1810,362000.00,2016-10-16 03:09:00.829650
1669,201610163982967,PRIN,35,36,300,1803,540900.00,2016-10-16 03:09:00.829670
1670,201610163982968,PRIN,26,36,500,1802,901000.00,2016-10-16 03:09:00.829680
1671,201610163982934,PRIN,6,19,50,1817,90850.00,2016-10-16 03:09:00.829340
1672,201610163982912,PRIN,26,21,50,1814,90700.00,2016-10-16 03:09:00.829120
1673,201610163982913,PRIN,26,35,100,1815,181500.00,2016-10-16 03:09:00.829130
1674,201610163982900,PRIN,26,58,100,1810,181000.00,2016-10-16 03:09:00.829000
1675,201610163982904,PRIN,48,21,50,1814,90700.00,2016-10-16 03:09:00.829040
1676,201610163982884,PRIN,26,26,80,1801,144080.00,2016-10-16 03:09:00.828840
1677,201610163982853,PRIN,21,4,100,1799,179900.00,2016-10-16 03:09:00.828530
1678,201610163982854,PRIN,35,42,150,1800,270000.00,2016-10-16 03:09:00.828540
1679,201610163982855,PRIN,35,20,50,1800,90000.00,2016-10-16 03:09:00.828550
1680,201610163982856,PRIN,35,41,100,1800,180000.00,2016-10-16 03:09:00.828560
1681,201610163982857,PRIN,35,35,100,1800,180000.00,2016-10-16 03:09:00.828570
1682,201610163982858,PRIN,35,22,200,1800,360000.00,2016-10-16 03:09:00.828580
1683,201610163982840,PRIN,38,38,100,1795,179500.00,2016-10-16 03:09:00.828400
1684,201610163982728,PRIN,56,48,100,1790,179000.00,2016-10-16 03:09:00.827280
1685,201610163982729,PRIN,56,47,100,1790,179000.00,2016-10-16 03:09:00.827290
1686,201610163982711,PRIN,22,36,250,1785,446250.00,2016-10-16 03:09:00.827110
1687,201610163982713,PRIN,37,58,200,1785,357000.00,2016-10-16 03:09:00.827130
1688,201610163982717,PRIN,38,58,50,1782,89100.00,2016-10-16 03:09:00.827170
1689,201610163982718,PRIN,28,58,450,1782,801900.00,2016-10-16 03:09:00.827180
1690,201610163982685,PRIN,37,36,200,1785,357000.00,2016-10-16 03:09:00.826850
1691,201610163982667,PRIN,42,36,50,1785,89250.00,2016-10-16 03:09:00.826670
1692,201610163982568,PRIN,56,53,200,1781,356200.00,2016-10-16 03:09:00.825680
1693,201610163982557,PRIN,56,25,160,1785,285600.00,2016-10-16 03:09:00.825570
1694,201610163982558,PRIN,56,25,15,1785,26775.00,2016-10-16 03:09:00.825580
1695,201610163982561,PRIN,56,33,210,1787,375270.00,2016-10-16 03:09:00.825610
1696,201610163982562,PRIN,26,53,100,1781,178100.00,2016-10-16 03:09:00.825620
1697,201610163982541,PRIN,28,25,150,1784,267600.00,2016-10-16 03:09:00.825410
1698,201610163982546,PRIN,37,25,350,1784,624400.00,2016-10-16 03:09:00.825460
1699,201610163982498,PRIN,56,25,500,1784,892000.00,2016-10-16 03:09:00.824980
1700,201610163982483,PRIN,41,41,250,1780,445000.00,2016-10-16 03:09:00.824830
1701,201610163982484,PRIN,1,41,100,1780,178000.00,2016-10-16 03:09:00.824840
1702,201610163982451,PRIN,37,25,300,1780,534000.00,2016-10-16 03:09:00.824510
1703,201610163982442,PRIN,37,50,370,1782,659340.00,2016-10-16 03:09:00.824420
1704,201610163982444,PRIN,37,25,200,1780,356000.00,2016-10-16 03:09:00.824440
1705,201610163982397,PRIN,7,25,20,1785,35700.00,2016-10-16 03:09:00.823970
1706,201610163982378,PRIN,56,48,147,1780,261660.00,2016-10-16 03:09:00.823780
1707,201610163982332,PRIN,50,50,390,1780,694200.00,2016-10-16 03:09:00.823320
1708,201610163982323,PRIN,50,50,90,1780,160200.00,2016-10-16 03:09:00.823230
1709,201610163982307,PRIN,53,50,100,1780,178000.00,2016-10-16 03:09:00.823070
1710,201610163982308,PRIN,21,50,100,1780,178000.00,2016-10-16 03:09:00.823080
1711,201610163982309,PRIN,49,50,10,1780,17800.00,2016-10-16 03:09:00.823090
1712,201610163982296,PRIN,11,25,100,1784,178400.00,2016-10-16 03:09:00.822960
1713,201610163982258,PRIN,17,51,100,1780,178000.00,2016-10-16 03:09:00.822580
1714,201610163982222,PRIN,47,25,80,1780,142400.00,2016-10-16 03:09:00.822220
1715,201610163982223,PRIN,7,25,100,1780,178000.00,2016-10-16 03:09:00.822230
1716,201610163982165,PRIN,47,19,20,1780,35600.00,2016-10-16 03:09:00.821650
1717,201610163982082,PRIN,56,45,73,1780,129940.00,2016-10-16 03:09:00.820820
1718,201610163982065,PRIN,56,56,1600,1772,2835200.00,2016-10-16 03:09:00.820650
1719,201610163982048,PRIN,56,36,200,1780,356000.00,2016-10-16 03:09:00.820480
1720,201610163982049,PRIN,56,50,140,1785,249900.00,2016-10-16 03:09:00.820490
1721,201610163982054,PRIN,44,45,160,1780,284800.00,2016-10-16 03:09:00.820540
1722,201610163982041,PRIN,44,32,50,1779,88950.00,2016-10-16 03:09:00.820410
1723,201610163981968,PRIN,11,19,370,1775,656750.00,2016-10-16 03:09:00.819680
1724,201610163981969,PRIN,11,19,87,1775,154425.00,2016-10-16 03:09:00.819690
1725,201610163981974,PRIN,11,17,200,1780,356000.00,2016-10-16 03:09:00.819740
1726,201610163981945,PRIN,19,45,20,1770,35400.00,2016-10-16 03:09:00.819450
1727,201610163981952,PRIN,8,45,180,1770,318600.00,2016-10-16 03:09:00.819520
1728,201610163981929,PRIN,21,45,500,1770,885000.00,2016-10-16 03:09:00.819290
1729,201610163981901,PRIN,33,56,80,1770,141600.00,2016-10-16 03:09:00.819010
1730,201610163981891,PRIN,33,36,193,1770,341610.00,2016-10-16 03:09:00.818910
1731,201610163981870,PRIN,29,46,100,1771,177100.00,2016-10-16 03:09:00.818700
1732,201610163981871,PRIN,1,46,10,1770,17700.00,2016-10-16 03:09:00.818710
1733,201610163981872,PRIN,29,46,30,1770,53100.00,2016-10-16 03:09:00.818720
1734,201610163981877,PRIN,29,56,70,1770,123900.00,2016-10-16 03:09:00.818770
1735,201610163981878,PRIN,32,56,20,1770,35400.00,2016-10-16 03:09:00.818780
1736,201610163981879,PRIN,8,56,30,1770,53100.00,2016-10-16 03:09:00.818790
1737,201610163981866,PRIN,8,1,150,1770,265500.00,2016-10-16 03:09:00.818660
1738,201610163981868,PRIN,42,19,30,1775,53250.00,2016-10-16 03:09:00.818680
1739,201610163981831,PRIN,8,35,55,1770,97350.00,2016-10-16 03:09:00.818310
1740,201610163981780,PRIN,20,46,10,1770,17700.00,2016-10-16 03:09:00.817800
1741,201610163981775,PRIN,56,46,100,1771,177100.00,2016-10-16 03:09:00.817750
1742,201610163981776,PRIN,8,46,100,1770,177000.00,2016-10-16 03:09:00.817760
1743,201610163981777,PRIN,8,46,60,1770,106200.00,2016-10-16 03:09:00.817770
1744,201610163981778,PRIN,8,46,100,1770,177000.00,2016-10-16 03:09:00.817780
1745,201610163981750,PRIN,40,58,100,1775,177500.00,2016-10-16 03:09:00.817500
1746,201610163981703,PRIN,21,46,360,1780,640800.00,2016-10-16 03:09:00.817030
1747,201610163981656,PRIN,8,41,17,1771,30107.00,2016-10-16 03:09:00.816560
1748,201610163981664,PRIN,49,49,120,1779,213480.00,2016-10-16 03:09:00.816640
1749,201610163981667,PRIN,49,49,200,1779,355800.00,2016-10-16 03:09:00.816670
1750,201610163981651,PRIN,42,41,50,1775,88750.00,2016-10-16 03:09:00.816510
1751,201610163981652,PRIN,8,41,60,1771,106260.00,2016-10-16 03:09:00.816520
1752,201610163981597,PRIN,55,46,140,1780,249200.00,2016-10-16 03:09:00.815970
1753,201610163981576,PRIN,8,46,20,1776,35520.00,2016-10-16 03:09:00.815760
1754,201610163981577,PRIN,28,46,80,1775,142000.00,2016-10-16 03:09:00.815770
1755,201610163981578,PRIN,16,46,150,1772,265800.00,2016-10-16 03:09:00.815780
1756,201610163981579,PRIN,34,46,100,1771,177100.00,2016-10-16 03:09:00.815790
1757,201610163981580,PRIN,19,46,500,1771,885500.00,2016-10-16 03:09:00.815800
1758,201610163981581,PRIN,45,46,50,1770,88500.00,2016-10-16 03:09:00.815810
1759,201610163981582,PRIN,45,46,50,1770,88500.00,2016-10-16 03:09:00.815820
1760,201610163981583,PRIN,26,46,50,1770,88500.00,2016-10-16 03:09:00.815830
1761,201610163981584,PRIN,25,46,150,1770,265500.00,2016-10-16 03:09:00.815840
1762,201610163981585,PRIN,8,46,50,1770,88500.00,2016-10-16 03:09:00.815850
1763,201610163981586,PRIN,34,46,300,1770,531000.00,2016-10-16 03:09:00.815860
1764,201610163981557,PRIN,16,50,10,1782,17820.00,2016-10-16 03:09:00.815570
1765,201610163981558,PRIN,50,50,100,1780,178000.00,2016-10-16 03:09:00.815580
1766,201610163981559,PRIN,49,50,50,1780,89000.00,2016-10-16 03:09:00.815590
1767,201610163981560,PRIN,8,50,150,1780,267000.00,2016-10-16 03:09:00.815600
1768,201610163981561,PRIN,53,50,50,1780,89000.00,2016-10-16 03:09:00.815610
1769,201610163981548,PRIN,47,33,50,1788,89400.00,2016-10-16 03:09:00.815480
1770,201610163981551,PRIN,6,33,40,1785,71400.00,2016-10-16 03:09:00.815510
1771,201610163981552,PRIN,43,32,56,1783,99848.00,2016-10-16 03:09:00.815520
1772,201610163981540,PRIN,16,32,100,1783,178300.00,2016-10-16 03:09:00.815400
1773,201610163981503,PRIN,19,41,10,1790,17900.00,2016-10-16 03:09:00.815030
1774,201610163981488,PRIN,8,25,70,1795,125650.00,2016-10-16 03:09:00.814880
1775,201610163981489,PRIN,22,25,100,1790,179000.00,2016-10-16 03:09:00.814890
1776,201610163981490,PRIN,28,25,120,1786,214320.00,2016-10-16 03:09:00.814900
1777,201610163981491,PRIN,6,25,10,1785,17850.00,2016-10-16 03:09:00.814910
1778,201610163981495,PRIN,22,41,80,1790,143200.00,2016-10-16 03:09:00.814950
1779,201610163981476,PRIN,17,36,64,1795,114880.00,2016-10-16 03:09:00.814760
1780,201610163981442,PRIN,35,41,50,1800,90000.00,2016-10-16 03:09:00.814420
1781,201610163981426,PRIN,40,50,50,1800,90000.00,2016-10-16 03:09:00.814260
1782,201610163981410,PRIN,26,45,100,1800,180000.00,2016-10-16 03:09:00.814100
1783,201610163981397,PRIN,16,10,200,1800,360000.00,2016-10-16 03:09:00.813970
1784,201610163981398,PRIN,16,50,190,1800,342000.00,2016-10-16 03:09:00.813980
1785,201610163981401,PRIN,40,22,50,1799,89950.00,2016-10-16 03:09:00.814010
1786,201610163981385,PRIN,47,50,10,1800,18000.00,2016-10-16 03:09:00.813850
1787,201610163981345,PRIN,22,58,100,1799,179900.00,2016-10-16 03:09:00.813450
1788,201610163981334,PRIN,8,6,70,1795,125650.00,2016-10-16 03:09:00.813340
1789,201610163981328,PRIN,8,6,150,1795,269250.00,2016-10-16 03:09:00.813280
1790,201610163981329,PRIN,8,6,50,1795,89750.00,2016-10-16 03:09:00.813290
1791,201610163981309,PRIN,51,6,250,1795,448750.00,2016-10-16 03:09:00.813090
1792,201610163981306,PRIN,38,6,100,1795,179500.00,2016-10-16 03:09:00.813060
1793,201610163981275,PRIN,7,42,75,1775,133125.00,2016-10-16 03:09:00.812750
1794,201610163981270,PRIN,26,19,150,1770,265500.00,2016-10-16 03:09:00.812700
1795,201610163981245,PRIN,32,17,100,1750,175000.00,2016-10-16 03:09:00.812450
1796,201610163981246,PRIN,37,17,100,1750,175000.00,2016-10-16 03:09:00.812460
1797,201610163981250,PRIN,39,17,100,1750,175000.00,2016-10-16 03:09:00.812500
1798,201610163981251,PRIN,25,17,1200,1750,2100000.00,2016-10-16 03:09:00.812510
1799,201610163981219,PRIN,34,17,500,1764,882000.00,2016-10-16 03:09:00.812190
1800,201610163981194,PRIN,43,19,50,1730,86500.00,2016-10-16 03:09:00.811940
1801,201610163981197,PRIN,53,19,100,1730,173000.00,2016-10-16 03:09:00.811970
1802,201610163981200,PRIN,51,25,125,1730,216250.00,2016-10-16 03:09:00.812000
1803,201610163981201,PRIN,53,19,100,1730,173000.00,2016-10-16 03:09:00.812010
1804,201610163981202,PRIN,36,19,60,1730,103800.00,2016-10-16 03:09:00.812020
1805,201610163981181,PRIN,36,37,50,1730,86500.00,2016-10-16 03:09:00.811810
1806,201610163981182,PRIN,36,42,150,1730,259500.00,2016-10-16 03:09:00.811820
1807,201610163981183,PRIN,50,42,100,1710,171000.00,2016-10-16 03:09:00.811830
1808,201610163981184,PRIN,57,42,50,1710,85500.00,2016-10-16 03:09:00.811840
1809,201610163981186,PRIN,8,42,56,1711,95816.00,2016-10-16 03:09:00.811860
1810,201610163981190,PRIN,36,19,300,1730,519000.00,2016-10-16 03:09:00.811900
1811,201610163981165,PRIN,45,19,200,1730,346000.00,2016-10-16 03:09:00.811650
1812,201610163981167,PRIN,50,25,100,1730,173000.00,2016-10-16 03:09:00.811670
1813,201610163981139,PRIN,11,25,10,1741,17410.00,2016-10-16 03:09:00.811390
1814,201610163981145,PRIN,10,19,300,1730,519000.00,2016-10-16 03:09:00.811450
1815,201610163981146,PRIN,8,19,190,1730,328700.00,2016-10-16 03:09:00.811460
1816,201610163981122,PRIN,8,56,17,1740,29580.00,2016-10-16 03:09:00.811220
1817,201610163981127,PRIN,29,19,50,1740,87000.00,2016-10-16 03:09:00.811270
1818,201610163981118,PRIN,53,19,50,1741,87050.00,2016-10-16 03:09:00.811180
1819,201610163981098,PRIN,28,1,50,1742,87100.00,2016-10-16 03:09:00.810980
1820,201610163981051,PRIN,32,1,100,1741,174100.00,2016-10-16 03:09:00.810510
1821,201610163981052,PRIN,53,1,50,1741,87050.00,2016-10-16 03:09:00.810520
1822,201610163981079,PRIN,28,1,50,1742,87100.00,2016-10-16 03:09:00.810790
1823,201610163981044,PRIN,21,19,150,1770,265500.00,2016-10-16 03:09:00.810440
1824,201610163980999,PRIN,45,59,50,1775,88750.00,2016-10-16 03:09:00.809990
1825,201610163981001,PRIN,45,19,150,1775,266250.00,2016-10-16 03:09:00.810010
1826,201610163981016,PRIN,43,19,50,1770,88500.00,2016-10-16 03:09:00.810160
1827,201610163981017,PRIN,19,19,50,1765,88250.00,2016-10-16 03:09:00.810170
1828,201610163981018,PRIN,25,19,100,1764,176400.00,2016-10-16 03:09:00.810180
1829,201610163980929,PRIN,37,26,60,1819,109140.00,2016-10-16 03:09:00.809290
1830,201610163980933,PRIN,37,26,40,1819,72760.00,2016-10-16 03:09:00.809330
1831,201610163980936,PRIN,37,37,100,1819,181900.00,2016-10-16 03:09:00.809360
1832,201610163980953,PRIN,55,56,50,1800,90000.00,2016-10-16 03:09:00.809530
1833,201610163980922,PRIN,32,6,300,1820,546000.00,2016-10-16 03:09:00.809220
1834,201610163980923,PRIN,32,6,200,1820,364000.00,2016-10-16 03:09:00.809230
1835,201610163980926,PRIN,37,34,100,1819,181900.00,2016-10-16 03:09:00.809260
1836,201610163980846,PRIN,41,50,100,1825,182500.00,2016-10-16 03:09:00.808460
1837,201610163980790,PRIN,45,7,50,1828,91400.00,2016-10-16 03:09:00.807900
1838,201610163980636,PRIN,8,6,80,1825,146000.00,2016-10-16 03:09:00.806360
1839,201610163980650,PRIN,29,17,72,1820,131040.00,2016-10-16 03:09:00.806500
1840,201610163980507,PRIN,19,56,42,1827,76734.00,2016-10-16 03:09:00.805070
1841,201610163980450,PRIN,8,56,260,1828,475280.00,2016-10-16 03:09:00.804500
1842,201610163980267,PRIN,8,56,50,1864,93200.00,2016-10-16 03:09:00.802670
1843,201610163980269,PRIN,8,46,50,1864,93200.00,2016-10-16 03:09:00.802690
1844,201610163979982,PRIN,8,33,200,1902,380400.00,2016-10-16 03:09:00.799820
1845,201610063979708,PRIN,49,38,100,1864,186400.00,2016-10-06 03:09:00.797080
1846,201610063979709,PRIN,49,42,385,1865,718025.00,2016-10-06 03:09:00.797090
1847,201610063979632,PRIN,53,53,300,1865,559500.00,2016-10-06 03:09:00.796320
1848,201610063979602,PRIN,26,38,100,1862,186200.00,2016-10-06 03:09:00.796020
1849,201610063979612,PRIN,26,32,50,1861,93050.00,2016-10-06 03:09:00.796120
1850,201610063979613,PRIN,59,32,150,1861,279150.00,2016-10-06 03:09:00.796130
1851,201610063979464,PRIN,33,53,40,1865,74600.00,2016-10-06 03:09:00.794640
1852,201610063979405,PRIN,51,53,50,1865,93250.00,2016-10-06 03:09:00.794050
1853,201610063979406,PRIN,57,53,100,1865,186500.00,2016-10-06 03:09:00.794060
1854,201610063979383,PRIN,59,17,155,1868,289540.00,2016-10-06 03:09:00.793830
1855,201610063979352,PRIN,57,41,100,1865,186500.00,2016-10-06 03:09:00.793520
1856,201610063979283,PRIN,51,45,50,1865,93250.00,2016-10-06 03:09:00.792830
1857,201610063979248,PRIN,57,28,100,1866,186600.00,2016-10-06 03:09:00.792480
1858,201610063979272,PRIN,57,34,187,1866,348942.00,2016-10-06 03:09:00.792720
1859,201610063979034,PRIN,33,17,200,1865,373000.00,2016-10-06 03:09:00.790340
1860,201610063979015,PRIN,33,37,50,1868,93400.00,2016-10-06 03:09:00.790150
1861,201610063979018,PRIN,33,11,20,1868,37360.00,2016-10-06 03:09:00.790180
1862,201610063978933,PRIN,49,34,70,1866,130620.00,2016-10-06 03:09:00.789330
1863,201610063978934,PRIN,57,34,60,1866,111960.00,2016-10-06 03:09:00.789340
1864,201610063978913,PRIN,51,34,50,1867,93350.00,2016-10-06 03:09:00.789130
1865,201610063978917,PRIN,59,58,200,1867,373400.00,2016-10-06 03:09:00.789170
1866,201610063978918,PRIN,59,26,200,1868,373600.00,2016-10-06 03:09:00.789180
1867,201610063978919,PRIN,59,37,50,1868,93400.00,2016-10-06 03:09:00.789190
1868,201610063978762,PRIN,43,37,50,1868,93400.00,2016-10-06 03:09:00.787620
1869,201610063978700,PRIN,57,28,340,1866,634440.00,2016-10-06 03:09:00.787000
1870,201610063978701,PRIN,57,17,100,1866,186600.00,2016-10-06 03:09:00.787010
1871,201610063978602,PRIN,49,44,110,1866,205260.00,2016-10-06 03:09:00.786020
1872,201610063978606,PRIN,49,29,20,1866,37320.00,2016-10-06 03:09:00.786060
1873,201610063978595,PRIN,33,44,10,1867,18670.00,2016-10-06 03:09:00.785950
1874,201610063978596,PRIN,33,44,100,1866,186600.00,2016-10-06 03:09:00.785960
1875,201610063978599,PRIN,59,39,110,1861,204710.00,2016-10-06 03:09:00.785990
1876,201610063978578,PRIN,33,26,100,1867,186700.00,2016-10-06 03:09:00.785780
1877,201610063978535,PRIN,33,37,290,1864,540560.00,2016-10-06 03:09:00.785350
1878,201610063978536,PRIN,33,17,100,1865,186500.00,2016-10-06 03:09:00.785360
1879,201610063978478,PRIN,32,39,261,1863,486243.00,2016-10-06 03:09:00.784780
1880,201610063978446,PRIN,34,32,100,1862,186200.00,2016-10-06 03:09:00.784460
1881,201610063978252,PRIN,59,20,50,1860,93000.00,2016-10-06 03:09:00.782520
1882,201610063978156,PRIN,7,10,50,1858,92900.00,2016-10-06 03:09:00.781560
1883,201610063978157,PRIN,58,10,50,1857,92850.00,2016-10-06 03:09:00.781570
1884,201610063978117,PRIN,6,37,60,1861,111660.00,2016-10-06 03:09:00.781170
1885,201610063978118,PRIN,34,37,250,1861,465250.00,2016-10-06 03:09:00.781180
1886,201610063978119,PRIN,59,37,500,1861,930500.00,2016-10-06 03:09:00.781190
1887,201610063978120,PRIN,33,37,50,1860,93000.00,2016-10-06 03:09:00.781200
1888,201610063978121,PRIN,50,37,50,1860,93000.00,2016-10-06 03:09:00.781210
1889,201610063978122,PRIN,19,37,100,1860,186000.00,2016-10-06 03:09:00.781220
1890,201610063978093,PRIN,50,41,200,1860,372000.00,2016-10-06 03:09:00.780930
1891,201610063977950,PRIN,6,28,100,1864,186400.00,2016-10-06 03:09:00.779500
1892,201610063977951,PRIN,37,28,60,1863,111780.00,2016-10-06 03:09:00.779510
1893,201610063977952,PRIN,59,28,500,1862,931000.00,2016-10-06 03:09:00.779520
1894,201610063977868,PRIN,5,49,30,1864,55920.00,2016-10-06 03:09:00.778680
1895,201610063977869,PRIN,59,49,170,1862,316540.00,2016-10-06 03:09:00.778690
1896,201610063977824,PRIN,33,59,130,1864,242320.00,2016-10-06 03:09:00.778240
1897,201610063977825,PRIN,5,59,70,1864,130480.00,2016-10-06 03:09:00.778250
1898,201610063977772,PRIN,5,58,250,1867,466750.00,2016-10-06 03:09:00.777720
1899,201610063977665,PRIN,57,58,150,1867,280050.00,2016-10-06 03:09:00.776650
1900,201610063977640,PRIN,33,14,100,1866,186600.00,2016-10-06 03:09:00.776400
1901,201610063977615,PRIN,33,41,98,1866,182868.00,2016-10-06 03:09:00.776150
1902,201610063977620,PRIN,33,41,500,1866,933000.00,2016-10-06 03:09:00.776200
1903,201610063977546,PRIN,33,48,300,1864,559200.00,2016-10-06 03:09:00.775460
1904,201610063977547,PRIN,33,14,70,1866,130620.00,2016-10-06 03:09:00.775470
1905,201610063977489,PRIN,50,17,150,1860,279000.00,2016-10-06 03:09:00.774890
1906,201610063977379,PRIN,59,26,200,1865,373000.00,2016-10-06 03:09:00.773790
1907,201610063977318,PRIN,33,37,70,1865,130550.00,2016-10-06 03:09:00.773180
1908,201610063977319,PRIN,33,20,550,1865,1025750.00,2016-10-06 03:09:00.773190
1909,201610063977320,PRIN,33,42,50,1865,93250.00,2016-10-06 03:09:00.773200
1910,201610063977321,PRIN,33,14,66,1865,123090.00,2016-10-06 03:09:00.773210
1911,201610063977335,PRIN,33,41,200,1865,373000.00,2016-10-06 03:09:00.773350
1912,201610063977336,PRIN,33,6,700,1865,1305500.00,2016-10-06 03:09:00.773360
1913,201610063977337,PRIN,33,26,150,1865,279750.00,2016-10-06 03:09:00.773370
1914,201610063977241,PRIN,57,26,10,1864,18640.00,2016-10-06 03:09:00.772410
1915,201610063977242,PRIN,57,1,150,1865,279750.00,2016-10-06 03:09:00.772420
1916,201610063977243,PRIN,57,37,140,1865,261100.00,2016-10-06 03:09:00.772430
1917,201610063977216,PRIN,33,49,200,1864,372800.00,2016-10-06 03:09:00.772160
1918,201610063977189,PRIN,33,45,100,1864,186400.00,2016-10-06 03:09:00.771890
1919,201610063977190,PRIN,33,21,200,1864,372800.00,2016-10-06 03:09:00.771900
1920,201610063977191,PRIN,33,41,350,1864,652400.00,2016-10-06 03:09:00.771910
1921,201610063977074,PRIN,33,10,250,1860,465000.00,2016-10-06 03:09:00.770740
1922,201610063977081,PRIN,57,41,300,1860,558000.00,2016-10-06 03:09:00.770810
1923,201610063977082,PRIN,57,39,100,1863,186300.00,2016-10-06 03:09:00.770820
1924,201610063977083,PRIN,57,45,100,1864,186400.00,2016-10-06 03:09:00.770830
1925,201610063977058,PRIN,47,10,100,1861,186100.00,2016-10-06 03:09:00.770580
1926,201610063977059,PRIN,55,10,300,1860,558000.00,2016-10-06 03:09:00.770590
1927,201610063977060,PRIN,33,10,100,1860,186000.00,2016-10-06 03:09:00.770600
1928,201610063977010,PRIN,50,48,200,1862,372400.00,2016-10-06 03:09:00.770100
1929,201610063977003,PRIN,5,49,100,1864,186400.00,2016-10-06 03:09:00.770030
1930,201610063976982,PRIN,57,49,100,1864,186400.00,2016-10-06 03:09:00.769820
1931,201610063976923,PRIN,55,50,200,1860,372000.00,2016-10-06 03:09:00.769230
1932,201610063976895,PRIN,57,8,500,1859,929500.00,2016-10-06 03:09:00.768950
1933,201610063976896,PRIN,57,39,100,1859,185900.00,2016-10-06 03:09:00.768960
1934,201610063976841,PRIN,57,50,300,1860,558000.00,2016-10-06 03:09:00.768410
1935,201610063976775,PRIN,41,26,200,1863,372600.00,2016-10-06 03:09:00.767750
1936,201610063976729,PRIN,59,6,200,1860,372000.00,2016-10-06 03:09:00.767290
1937,201610063976742,PRIN,57,36,100,1862,186200.00,2016-10-06 03:09:00.767420
1938,201610063976743,PRIN,57,6,100,1863,186300.00,2016-10-06 03:09:00.767430
1939,201610063976700,PRIN,33,32,100,1861,186100.00,2016-10-06 03:09:00.767000
1940,201610063976701,PRIN,33,37,100,1862,186200.00,2016-10-06 03:09:00.767010
1941,201610063976651,PRIN,57,26,159,1860,295740.00,2016-10-06 03:09:00.766510
1942,201610063976627,PRIN,57,51,76,1860,141360.00,2016-10-06 03:09:00.766270
1943,201610063976635,PRIN,57,21,158,1860,293880.00,2016-10-06 03:09:00.766350
1944,201610063976602,PRIN,57,6,200,1854,370800.00,2016-10-06 03:09:00.766020
1945,201610063976603,PRIN,57,45,200,1855,371000.00,2016-10-06 03:09:00.766030
1946,201610063976604,PRIN,57,37,66,1858,122628.00,2016-10-06 03:09:00.766040
1947,201610063976573,PRIN,50,40,100,1854,185400.00,2016-10-06 03:09:00.765730
1948,201610063976397,PRIN,57,14,400,1850,740000.00,2016-10-06 03:09:00.763970
1949,201610063976382,PRIN,19,44,200,1850,370000.00,2016-10-06 03:09:00.763820
1950,201610063976383,PRIN,19,11,302,1850,558700.00,2016-10-06 03:09:00.763830
1951,201610063976249,PRIN,42,44,300,1850,555000.00,2016-10-06 03:09:00.762490
1952,201610063976210,PRIN,57,6,200,1858,371600.00,2016-10-06 03:09:00.762100
1953,201610063976199,PRIN,36,37,100,1855,185500.00,2016-10-06 03:09:00.761990
1954,201610063976069,PRIN,50,48,100,1845,184500.00,2016-10-06 03:09:00.760690
1955,201610063976040,PRIN,50,20,90,1855,166950.00,2016-10-06 03:09:00.760400
1956,201610063976052,PRIN,50,37,10,1855,18550.00,2016-10-06 03:09:00.760520
1957,201610063976053,PRIN,49,37,130,1850,240500.00,2016-10-06 03:09:00.760530
1958,201610063976054,PRIN,32,37,50,1850,92500.00,2016-10-06 03:09:00.760540
1959,201610063975990,PRIN,50,20,200,1860,372000.00,2016-10-06 03:09:00.759900
1960,201610063975991,PRIN,50,20,50,1860,93000.00,2016-10-06 03:09:00.759910
1961,201610063975992,PRIN,50,20,250,1860,465000.00,2016-10-06 03:09:00.759920
1962,201610063975993,PRIN,50,20,200,1860,372000.00,2016-10-06 03:09:00.759930
1963,201610063975976,PRIN,7,21,10,1862,18620.00,2016-10-06 03:09:00.759760
1964,201610063975977,PRIN,43,21,50,1861,93050.00,2016-10-06 03:09:00.759770
1965,201610063975978,PRIN,43,21,50,1861,93050.00,2016-10-06 03:09:00.759780
1966,201610063975979,PRIN,49,21,190,1860,353400.00,2016-10-06 03:09:00.759790
1967,201610063975989,PRIN,49,20,210,1860,390600.00,2016-10-06 03:09:00.759890
1968,201610063975874,PRIN,49,14,200,1865,373000.00,2016-10-06 03:09:00.758740
1969,201610063975763,PRIN,43,14,100,1861,186100.00,2016-10-06 03:09:00.757630
1970,201610063975709,PRIN,49,32,100,1862,186200.00,2016-10-06 03:09:00.757090
1971,201610063975710,PRIN,49,16,100,1864,186400.00,2016-10-06 03:09:00.757100
1972,201610063975711,PRIN,49,6,100,1864,186400.00,2016-10-06 03:09:00.757110
1973,201610063975684,PRIN,49,6,50,1864,93200.00,2016-10-06 03:09:00.756840
1974,201610063975697,PRIN,19,36,200,1860,372000.00,2016-10-06 03:09:00.756970
1975,201610063975623,PRIN,49,37,88,1864,164032.00,2016-10-06 03:09:00.756230
1976,201610063975459,PRIN,16,51,100,1859,185900.00,2016-10-06 03:09:00.754590
1977,201610063975460,PRIN,16,48,100,1863,186300.00,2016-10-06 03:09:00.754600
1978,201610063975347,PRIN,50,37,62,1863,115506.00,2016-10-06 03:09:00.753470
1979,201610063975182,PRIN,19,14,200,1860,372000.00,2016-10-06 03:09:00.751820
1980,201610063975156,PRIN,59,5,100,1850,185000.00,2016-10-06 03:09:00.751560
1981,201610063975118,PRIN,49,53,150,1855,278250.00,2016-10-06 03:09:00.751180
1982,201610063975119,PRIN,49,53,150,1855,278250.00,2016-10-06 03:09:00.751190
1983,201610063975120,PRIN,49,14,110,1858,204380.00,2016-10-06 03:09:00.751200
1984,201610063975124,PRIN,49,57,10,1860,18600.00,2016-10-06 03:09:00.751240
1985,201610063975125,PRIN,49,28,60,1860,111600.00,2016-10-06 03:09:00.751250
1986,201610063975126,PRIN,49,38,100,1860,186000.00,2016-10-06 03:09:00.751260
1987,201610063975127,PRIN,49,41,200,1865,373000.00,2016-10-06 03:09:00.751270
1988,201610063975090,PRIN,36,57,100,1860,186000.00,2016-10-06 03:09:00.750900
1989,201610063975063,PRIN,42,57,250,1850,462500.00,2016-10-06 03:09:00.750630
1990,201610063975006,PRIN,35,48,100,1849,184900.00,2016-10-06 03:09:00.750060
1991,201610053974806,PRIN,43,17,450,1840,828000.00,2016-10-05 03:09:00.748060
1992,201610053974723,PRIN,43,38,90,1839,165510.00,2016-10-05 03:09:00.747230
1993,201610053974724,PRIN,43,55,100,1840,184000.00,2016-10-05 03:09:00.747240
1994,201610053974686,PRIN,43,50,200,1840,368000.00,2016-10-05 03:09:00.746860
1995,201610053974687,PRIN,43,55,100,1840,184000.00,2016-10-05 03:09:00.746870
1996,201610053974716,PRIN,43,29,200,1838,367600.00,2016-10-05 03:09:00.747160
1997,201610053974596,PRIN,25,28,500,1838,919000.00,2016-10-05 03:09:00.745960
1998,201610053974607,PRIN,43,11,300,1833,549900.00,2016-10-05 03:09:00.746070
1999,201610053974608,PRIN,50,11,200,1832,366400.00,2016-10-05 03:09:00.746080
2000,201610053974531,PRIN,43,21,200,1839,367800.00,2016-10-05 03:09:00.745310
2001,201610053974492,PRIN,43,55,31,1835,56885.00,2016-10-05 03:09:00.744920
2002,201610053974409,PRIN,50,5,400,1839,735600.00,2016-10-05 03:09:00.744090
2003,201610053974328,PRIN,50,39,30,1828,54840.00,2016-10-05 03:09:00.743280
2004,201610053974333,PRIN,33,21,443,1828,809804.00,2016-10-05 03:09:00.743330
2005,201610053974335,PRIN,33,57,100,1830,183000.00,2016-10-05 03:09:00.743350
2006,201610053974284,PRIN,50,8,70,1827,127890.00,2016-10-05 03:09:00.742840
2007,201610053974296,PRIN,50,17,300,1828,548400.00,2016-10-05 03:09:00.742960
2008,201610053974191,PRIN,46,8,120,1827,219240.00,2016-10-05 03:09:00.741910
2009,201610053974192,PRIN,46,8,110,1827,200970.00,2016-10-05 03:09:00.741920
2010,201610053974160,PRIN,36,5,230,1827,420210.00,2016-10-05 03:09:00.741600
2011,201610053974114,PRIN,33,5,60,1827,109620.00,2016-10-05 03:09:00.741140
2012,201610053974099,PRIN,36,5,100,1827,182700.00,2016-10-05 03:09:00.740990
2013,201610053974100,PRIN,53,14,150,1826,273900.00,2016-10-05 03:09:00.741000
2014,201610053974077,PRIN,50,55,100,1825,182500.00,2016-10-05 03:09:00.740770
2015,201610053973981,PRIN,35,5,100,1827,182700.00,2016-10-05 03:09:00.739810
2016,201610053973962,PRIN,17,28,200,1825,365000.00,2016-10-05 03:09:00.739620
2017,201610053973944,PRIN,47,14,100,1826,182600.00,2016-10-05 03:09:00.739440
2018,201610053973835,PRIN,57,49,65,1824,118560.00,2016-10-05 03:09:00.738350
2019,201610053973840,PRIN,57,37,50,1825,91250.00,2016-10-05 03:09:00.738400
2020,201610053973783,PRIN,21,1,200,1825,365000.00,2016-10-05 03:09:00.737830
2021,201610053973715,PRIN,35,5,500,1815,907500.00,2016-10-05 03:09:00.737150
2022,201610053973720,PRIN,33,37,500,1822,911000.00,2016-10-05 03:09:00.737200
2023,201610053973721,PRIN,33,58,320,1823,583360.00,2016-10-05 03:09:00.737210
2024,201610053973722,PRIN,33,58,313,1823,570599.00,2016-10-05 03:09:00.737220
2025,201610053973643,PRIN,25,37,50,1815,90750.00,2016-10-05 03:09:00.736430
2026,201610053973370,PRIN,34,59,400,1801,720400.00,2016-10-05 03:09:00.733700
2027,201610053973315,PRIN,38,5,100,1806,180600.00,2016-10-05 03:09:00.733150
2028,201610053973316,PRIN,17,5,200,1805,361000.00,2016-10-05 03:09:00.733160
2029,201610053973317,PRIN,46,5,100,1800,180000.00,2016-10-05 03:09:00.733170
2030,201610053973318,PRIN,34,5,100,1800,180000.00,2016-10-05 03:09:00.733180
2031,201610053973319,PRIN,14,5,150,1800,270000.00,2016-10-05 03:09:00.733190
2032,201610053973163,PRIN,11,58,30,1823,54690.00,2016-10-05 03:09:00.731630
2033,201610053973165,PRIN,57,57,60,1822,109320.00,2016-10-05 03:09:00.731650
2034,201610053973153,PRIN,33,59,60,1813,108780.00,2016-10-05 03:09:00.731530
2035,201610053973154,PRIN,34,59,100,1810,181000.00,2016-10-05 03:09:00.731540
2036,201610053973155,PRIN,35,59,300,1810,543000.00,2016-10-05 03:09:00.731550
2037,201610053973158,PRIN,57,59,40,1810,72400.00,2016-10-05 03:09:00.731580
2038,201610053973134,PRIN,10,32,150,1815,272250.00,2016-10-05 03:09:00.731340
2039,201610053973135,PRIN,41,32,30,1815,54450.00,2016-10-05 03:09:00.731350
2040,201610053973136,PRIN,33,32,320,1813,580160.00,2016-10-05 03:09:00.731360
2041,201610053973119,PRIN,50,59,150,1815,272250.00,2016-10-05 03:09:00.731190
2042,201610053973120,PRIN,10,59,150,1815,272250.00,2016-10-05 03:09:00.731200
2043,201610053973057,PRIN,10,57,200,1815,363000.00,2016-10-05 03:09:00.730570
2044,201610053972977,PRIN,33,21,500,1823,911500.00,2016-10-05 03:09:00.729770
2045,201610053972941,PRIN,50,45,50,1815,90750.00,2016-10-05 03:09:00.729410
2046,201610053972815,PRIN,50,59,3000,1810,5430000.00,2016-10-05 03:09:00.728150
2047,201610053972753,PRIN,47,58,30,1815,54450.00,2016-10-05 03:09:00.727530
2048,201610053972754,PRIN,5,58,100,1813,181300.00,2016-10-05 03:09:00.727540
2049,201610053972755,PRIN,33,58,370,1813,670810.00,2016-10-05 03:09:00.727550
2050,201610053972678,PRIN,5,17,400,1813,725200.00,2016-10-05 03:09:00.726780
2051,201610053972322,PRIN,41,5,40,1820,72800.00,2016-10-05 03:09:00.723220
2052,201610053972190,PRIN,33,42,200,1800,360000.00,2016-10-05 03:09:00.721900
2053,201610053972191,PRIN,33,59,50,1800,90000.00,2016-10-05 03:09:00.721910
2054,201610053972137,PRIN,50,59,1000,1805,1805000.00,2016-10-05 03:09:00.721370
2055,201610053972146,PRIN,22,59,300,1800,540000.00,2016-10-05 03:09:00.721460
2056,201610053972147,PRIN,22,59,50,1800,90000.00,2016-10-05 03:09:00.721470
2057,201610053972056,PRIN,28,5,100,1820,182000.00,2016-10-05 03:09:00.720560
2058,201610053971946,PRIN,28,28,100,1820,182000.00,2016-10-05 03:09:00.719460
2059,201610053971813,PRIN,17,59,100,1821,182100.00,2016-10-05 03:09:00.718130
2060,201610053971814,PRIN,38,59,200,1820,364000.00,2016-10-05 03:09:00.718140
2061,201610053971815,PRIN,43,59,100,1820,182000.00,2016-10-05 03:09:00.718150
2062,201610053971816,PRIN,46,59,200,1820,364000.00,2016-10-05 03:09:00.718160
2063,201610053971717,PRIN,41,40,100,1825,182500.00,2016-10-05 03:09:00.717170
2064,201610053971702,PRIN,34,5,160,1825,292000.00,2016-10-05 03:09:00.717020
2065,201610053971706,PRIN,41,40,100,1825,182500.00,2016-10-05 03:09:00.717060
2066,201610053971681,PRIN,34,34,100,1826,182600.00,2016-10-05 03:09:00.716810
2067,201610053971682,PRIN,34,34,100,1826,182600.00,2016-10-05 03:09:00.716820
2068,201610053971683,PRIN,34,34,100,1826,182600.00,2016-10-05 03:09:00.716830
2069,201610053971684,PRIN,34,34,40,1825,73000.00,2016-10-05 03:09:00.716840
2070,201610053971658,PRIN,34,14,50,1826,91300.00,2016-10-05 03:09:00.716580
2071,201610053971664,PRIN,33,52,205,1822,373510.00,2016-10-05 03:09:00.716640
2072,201610053971627,PRIN,50,59,500,1830,915000.00,2016-10-05 03:09:00.716270
2073,201610053971631,PRIN,35,57,793,1825,1447225.00,2016-10-05 03:09:00.716310
2074,201610053971598,PRIN,50,32,500,1830,915000.00,2016-10-05 03:09:00.715980
2075,201610053971600,PRIN,35,59,1000,1826,1826000.00,2016-10-05 03:09:00.716000
2076,201610053971588,PRIN,34,59,25,1831,45775.00,2016-10-05 03:09:00.715880
2077,201610053971589,PRIN,46,37,500,1830,915000.00,2016-10-05 03:09:00.715890
2078,201610053971594,PRIN,50,59,500,1834,917000.00,2016-10-05 03:09:00.715940
2079,201610053971568,PRIN,35,35,1000,1835,1835000.00,2016-10-05 03:09:00.715680
2080,201610053971550,PRIN,17,17,200,1835,367000.00,2016-10-05 03:09:00.715500
2081,201610053971514,PRIN,50,59,500,1835,917500.00,2016-10-05 03:09:00.715140
2082,201610053971474,PRIN,34,59,500,1827,913500.00,2016-10-05 03:09:00.714740
2083,201610053971354,PRIN,35,58,20,1850,37000.00,2016-10-05 03:09:00.713540
2084,201610053971319,PRIN,34,34,1000,1848,1848000.00,2016-10-05 03:09:00.713190
2085,201610053971255,PRIN,35,58,80,1850,148000.00,2016-10-05 03:09:00.712550
2086,201610053971239,PRIN,35,58,270,1845,498150.00,2016-10-05 03:09:00.712390
2087,201610053971240,PRIN,35,48,100,1849,184900.00,2016-10-05 03:09:00.712400
2088,201610053971241,PRIN,35,8,200,1850,370000.00,2016-10-05 03:09:00.712410
2089,201610053971242,PRIN,35,48,50,1850,92500.00,2016-10-05 03:09:00.712420
2090,201610053971226,PRIN,35,32,200,1840,368000.00,2016-10-05 03:09:00.712260
2091,201610053971227,PRIN,35,32,62,1845,114390.00,2016-10-05 03:09:00.712270
2092,201610043970523,PRIN,8,38,10,1828,18280.00,2016-10-04 03:09:00.705230
2093,201610043970459,PRIN,7,34,50,1827,91350.00,2016-10-04 03:09:00.704590
2094,201610043970406,PRIN,7,55,100,1827,182700.00,2016-10-04 03:09:00.704060
2095,201610043970348,PRIN,33,8,22,1825,40150.00,2016-10-04 03:09:00.703480
2096,201610043970354,PRIN,33,35,210,1827,383670.00,2016-10-04 03:09:00.703540
2097,201610043970341,PRIN,51,53,50,1820,91000.00,2016-10-04 03:09:00.703410
2098,201610043970342,PRIN,33,53,270,1816,490320.00,2016-10-04 03:09:00.703420
2099,201610043969746,PRIN,33,26,100,1820,182000.00,2016-10-04 03:09:00.697460
2100,201610043969713,PRIN,58,26,100,1820,182000.00,2016-10-04 03:09:00.697130
2101,201610043969606,PRIN,34,11,10,1840,18400.00,2016-10-04 03:09:00.696060
2102,201610043969607,PRIN,25,11,20,1830,36600.00,2016-10-04 03:09:00.696070
2103,201610043969608,PRIN,14,11,150,1826,273900.00,2016-10-04 03:09:00.696080
2104,201610043969609,PRIN,33,11,500,1825,912500.00,2016-10-04 03:09:00.696090
2105,201610043969415,PRIN,33,14,200,1841,368200.00,2016-10-04 03:09:00.694150
2106,201610043969418,PRIN,34,34,200,1840,368000.00,2016-10-04 03:09:00.694180
2107,201610043969306,PRIN,33,14,50,1850,92500.00,2016-10-04 03:09:00.693060
2108,201610043969307,PRIN,33,37,150,1850,277500.00,2016-10-04 03:09:00.693070
2109,201610043969322,PRIN,33,21,310,1849,573190.00,2016-10-04 03:09:00.693220
2110,201610043969327,PRIN,43,34,200,1841,368200.00,2016-10-04 03:09:00.693270
2111,201610043969328,PRIN,33,34,10,1840,18400.00,2016-10-04 03:09:00.693280
2112,201610043969329,PRIN,34,34,290,1840,533600.00,2016-10-04 03:09:00.693290
2113,201610043969289,PRIN,51,37,40,1850,74000.00,2016-10-04 03:09:00.692890
2114,201610043969233,PRIN,45,8,40,1851,74040.00,2016-10-04 03:09:00.692330
2115,201610043969263,PRIN,45,37,10,1851,18510.00,2016-10-04 03:09:00.692630
2116,201610043969224,PRIN,33,33,100,1850,185000.00,2016-10-04 03:09:00.692240
2117,201610043969190,PRIN,41,14,100,1848,184800.00,2016-10-04 03:09:00.691900
2118,201610043969191,PRIN,34,29,50,1849,92450.00,2016-10-04 03:09:00.691910
2119,201610043969192,PRIN,34,53,100,1850,185000.00,2016-10-04 03:09:00.691920
2120,201610043969193,PRIN,34,19,100,1850,185000.00,2016-10-04 03:09:00.691930
2121,201610043969194,PRIN,34,47,50,1850,92500.00,2016-10-04 03:09:00.691940
2122,201610043969195,PRIN,34,17,100,1850,185000.00,2016-10-04 03:09:00.691950
2123,201610043969196,PRIN,34,53,193,1850,357050.00,2016-10-04 03:09:00.691960
2124,201610043969201,PRIN,34,32,50,1850,92500.00,2016-10-04 03:09:00.692010
2125,201610043969202,PRIN,34,38,85,1850,157250.00,2016-10-04 03:09:00.692020
2126,201610043969206,PRIN,33,20,100,1850,185000.00,2016-10-04 03:09:00.692060
2127,201610043969172,PRIN,33,46,20,1849,36980.00,2016-10-04 03:09:00.691720
2128,201610043969181,PRIN,33,46,460,1845,848700.00,2016-10-04 03:09:00.691810
2129,201610043969140,PRIN,33,38,45,1840,82800.00,2016-10-04 03:09:00.691400
2130,201610043969144,PRIN,33,58,200,1845,369000.00,2016-10-04 03:09:00.691440
2131,201610043969122,PRIN,33,11,50,1840,92000.00,2016-10-04 03:09:00.691220
2132,201610043969018,PRIN,28,58,200,1839,367800.00,2016-10-04 03:09:00.690180
2133,201610043968996,PRIN,8,10,29,1833,53157.00,2016-10-04 03:09:00.689960
2134,201610043968960,PRIN,33,38,200,1831,366200.00,2016-10-04 03:09:00.689600
2135,201610043968961,PRIN,33,50,500,1832,916000.00,2016-10-04 03:09:00.689610
2136,201610043968931,PRIN,33,46,150,1825,273750.00,2016-10-04 03:09:00.689310
2137,201610043968948,PRIN,55,17,100,1830,183000.00,2016-10-04 03:09:00.689480
2138,201610043968922,PRIN,33,14,60,1824,109440.00,2016-10-04 03:09:00.689220
2139,201610043968923,PRIN,33,58,200,1824,364800.00,2016-10-04 03:09:00.689230
2140,201610043968897,PRIN,53,53,332,1820,604240.00,2016-10-04 03:09:00.688970
2141,201610043968866,PRIN,38,58,200,1820,364000.00,2016-10-04 03:09:00.688660
2142,201610043968805,PRIN,53,8,870,1820,1583400.00,2016-10-04 03:09:00.688050
2143,201610043968784,PRIN,25,17,200,1820,364000.00,2016-10-04 03:09:00.687840
2144,201610043968785,PRIN,25,47,70,1820,127400.00,2016-10-04 03:09:00.687850
2145,201610043968786,PRIN,25,8,130,1820,236600.00,2016-10-04 03:09:00.687860
2146,201610043968775,PRIN,25,58,113,1820,205660.00,2016-10-04 03:09:00.687750
2147,201610043968682,PRIN,33,59,200,1819,363800.00,2016-10-04 03:09:00.686820
2148,201610043968659,PRIN,41,48,100,1810,181000.00,2016-10-04 03:09:00.686590
2149,201610043968660,PRIN,41,17,100,1814,181400.00,2016-10-04 03:09:00.686600
2150,201610043968661,PRIN,41,37,150,1819,272850.00,2016-10-04 03:09:00.686610
2151,201610043968626,PRIN,4,38,50,1815,90750.00,2016-10-04 03:09:00.686260
2152,201610043968609,PRIN,33,25,500,1810,905000.00,2016-10-04 03:09:00.686090
2153,201610043968453,PRIN,33,59,500,1803,901500.00,2016-10-04 03:09:00.684530
2154,201610043968454,PRIN,33,17,160,1804,288640.00,2016-10-04 03:09:00.684540
2155,201610043968455,PRIN,33,32,200,1805,361000.00,2016-10-04 03:09:00.684550
2156,201610043968477,PRIN,8,8,500,1800,900000.00,2016-10-04 03:09:00.684770
2157,201610043968181,PRIN,36,58,64,1800,115200.00,2016-10-04 03:09:00.681810
2158,201610043968182,PRIN,36,29,100,1801,180100.00,2016-10-04 03:09:00.681820
2159,201610043968091,PRIN,50,59,500,1795,897500.00,2016-10-04 03:09:00.680910
2160,201610043968005,PRIN,50,59,370,1795,664150.00,2016-10-04 03:09:00.680050
2161,201610043967973,PRIN,7,59,30,1795,53850.00,2016-10-04 03:09:00.679730
2162,201610043967974,PRIN,34,59,200,1795,359000.00,2016-10-04 03:09:00.679740
2163,201610043967975,PRIN,14,59,100,1795,179500.00,2016-10-04 03:09:00.679750
2164,201610043967976,PRIN,45,59,170,1795,305150.00,2016-10-04 03:09:00.679760
2165,201610043967988,PRIN,45,59,130,1795,233350.00,2016-10-04 03:09:00.679880
2166,201610043967858,PRIN,17,39,187,1790,334730.00,2016-10-04 03:09:00.678580
2167,201610043967832,PRIN,50,58,200,1800,360000.00,2016-10-04 03:09:00.678320
2168,201610043967819,PRIN,51,59,300,1795,538500.00,2016-10-04 03:09:00.678190
2169,201610043967613,PRIN,26,17,40,1804,72160.00,2016-10-04 03:09:00.676130
2170,201610043967591,PRIN,33,59,500,1799,899500.00,2016-10-04 03:09:00.675910
2171,201610043967592,PRIN,33,36,100,1800,180000.00,2016-10-04 03:09:00.675920
2172,201610043967593,PRIN,33,25,500,1800,900000.00,2016-10-04 03:09:00.675930
2173,201610043967594,PRIN,33,28,300,1800,540000.00,2016-10-04 03:09:00.675940
2174,201610043967458,PRIN,33,59,500,1795,897500.00,2016-10-04 03:09:00.674580
2175,201610043967433,PRIN,50,53,350,1795,628250.00,2016-10-04 03:09:00.674330
2176,201610043967260,PRIN,33,59,500,1790,895000.00,2016-10-04 03:09:00.672600
2177,201610043967162,PRIN,14,28,110,1780,195800.00,2016-10-04 03:09:00.671620
2178,201610043967071,PRIN,50,59,500,1780,890000.00,2016-10-04 03:09:00.670710
2179,201610043967054,PRIN,11,7,214,1782,381348.00,2016-10-04 03:09:00.670540
2180,201610043967034,PRIN,11,32,80,1780,142400.00,2016-10-04 03:09:00.670340
2181,201610043967011,PRIN,51,32,20,1780,35600.00,2016-10-04 03:09:00.670110
2182,201610043967012,PRIN,57,32,100,1780,178000.00,2016-10-04 03:09:00.670120
2183,201610043966976,PRIN,57,29,100,1780,178000.00,2016-10-04 03:09:00.669760
2184,201610043966936,PRIN,34,59,500,1780,890000.00,2016-10-04 03:09:00.669360
2185,201610043966842,PRIN,48,53,100,1780,178000.00,2016-10-04 03:09:00.668420
2186,201610043966833,PRIN,48,38,140,1780,249200.00,2016-10-04 03:09:00.668330
2187,201610043966759,PRIN,10,22,40,1790,71600.00,2016-10-04 03:09:00.667590
2188,201610043966760,PRIN,34,22,200,1785,357000.00,2016-10-04 03:09:00.667600
2189,201610043966761,PRIN,19,22,200,1784,356800.00,2016-10-04 03:09:00.667610
2190,201610043966762,PRIN,50,22,200,1783,356600.00,2016-10-04 03:09:00.667620
2191,201610043966763,PRIN,48,22,360,1780,640800.00,2016-10-04 03:09:00.667630
2192,201610043966625,PRIN,10,53,100,1790,179000.00,2016-10-04 03:09:00.666250
2193,201610043966463,PRIN,46,32,100,1804,180400.00,2016-10-04 03:09:00.664630
2194,201610043966444,PRIN,51,53,50,1810,90500.00,2016-10-04 03:09:00.664440
2195,201610043966379,PRIN,51,14,100,1810,181000.00,2016-10-04 03:09:00.663790
2196,201610043966384,PRIN,49,49,400,1819,727600.00,2016-10-04 03:09:00.663840
2197,201610043966372,PRIN,51,14,100,1810,181000.00,2016-10-04 03:09:00.663720
2198,201610043966331,PRIN,49,49,100,1829,182900.00,2016-10-04 03:09:00.663310
2199,201610043966270,PRIN,28,34,100,1834,183400.00,2016-10-04 03:09:00.662700
2200,201610043966271,PRIN,28,4,50,1835,91750.00,2016-10-04 03:09:00.662710
2201,201610043966272,PRIN,28,53,50,1835,91750.00,2016-10-04 03:09:00.662720
2202,201610043966214,PRIN,5,14,100,1840,184000.00,2016-10-04 03:09:00.662140
2203,201610043966148,PRIN,5,8,40,1815,72600.00,2016-10-04 03:09:00.661480
2204,201610033965934,PRIN,46,59,500,1780,890000.00,2016-10-03 03:09:00.659340
2205,201610033965644,PRIN,50,8,80,1785,142800.00,2016-10-03 03:09:00.656440
2206,201610033965645,PRIN,34,8,200,1782,356400.00,2016-10-03 03:09:00.656450
2207,201610033965646,PRIN,45,8,100,1781,178100.00,2016-10-03 03:09:00.656460
2208,201610033965647,PRIN,19,8,100,1781,178100.00,2016-10-03 03:09:00.656470
2209,201610033965648,PRIN,50,8,190,1780,338200.00,2016-10-03 03:09:00.656480
2210,201610033965097,PRIN,34,33,100,1782,178200.00,2016-10-03 03:09:00.650970
2211,201610033965098,PRIN,33,33,300,1782,534600.00,2016-10-03 03:09:00.650980
2212,201610033965099,PRIN,45,33,100,1781,178100.00,2016-10-03 03:09:00.650990
2213,201610033965048,PRIN,34,49,100,1782,178200.00,2016-10-03 03:09:00.650480
2214,201610033964863,PRIN,34,49,50,1784,89200.00,2016-10-03 03:09:00.648630
2215,201610033964864,PRIN,26,49,250,1783,445750.00,2016-10-03 03:09:00.648640
2216,201610033964838,PRIN,50,28,200,1785,357000.00,2016-10-03 03:09:00.648380
2217,201610033964731,PRIN,17,28,40,1790,71600.00,2016-10-03 03:09:00.647310
2218,201610033964732,PRIN,50,28,350,1785,624750.00,2016-10-03 03:09:00.647320
2219,201610033964718,PRIN,17,17,500,1790,895000.00,2016-10-03 03:09:00.647180
2220,201610033964260,PRIN,50,54,127,1780,226060.00,2016-10-03 03:09:00.642600
2221,201610033964118,PRIN,49,39,54,1789,96606.00,2016-10-03 03:09:00.641180
2222,201610033963971,PRIN,25,39,20,1790,35800.00,2016-10-03 03:09:00.639710
2223,201610033963777,PRIN,17,8,100,1791,179100.00,2016-10-03 03:09:00.637770
2224,201610033963787,PRIN,25,16,80,1790,143200.00,2016-10-03 03:09:00.637870
2225,201610033963744,PRIN,45,26,300,1806,541800.00,2016-10-03 03:09:00.637440
2226,201610033963747,PRIN,45,37,180,1806,325080.00,2016-10-03 03:09:00.637470
2227,201610033963748,PRIN,45,16,20,1806,36120.00,2016-10-03 03:09:00.637480
2228,201610033963758,PRIN,6,37,100,1805,180500.00,2016-10-03 03:09:00.637580
2229,201610033963728,PRIN,26,1,80,1810,144800.00,2016-10-03 03:09:00.637280
2230,201610033963729,PRIN,46,1,100,1808,180800.00,2016-10-03 03:09:00.637290
2231,201610033963693,PRIN,36,14,100,1815,181500.00,2016-10-03 03:09:00.636930
2232,201610033963694,PRIN,26,37,50,1815,90750.00,2016-10-03 03:09:00.636940
2233,201610033963695,PRIN,36,37,60,1815,108900.00,2016-10-03 03:09:00.636950
2234,201610033963710,PRIN,39,37,10,1818,18180.00,2016-10-03 03:09:00.637100
2235,201610033963668,PRIN,26,29,150,1816,272400.00,2016-10-03 03:09:00.636680
2236,201610033963669,PRIN,26,29,50,1815,90750.00,2016-10-03 03:09:00.636690
2237,201610033963421,PRIN,45,45,500,1820,910000.00,2016-10-03 03:09:00.634210
2238,201610033963434,PRIN,26,26,32,1824,58368.00,2016-10-03 03:09:00.634340
2239,201610033963196,PRIN,7,8,500,1820,910000.00,2016-10-03 03:09:00.631960
2240,201610033963004,PRIN,11,38,150,1800,270000.00,2016-10-03 03:09:00.630040
2241,201610033963005,PRIN,11,8,20,1815,36300.00,2016-10-03 03:09:00.630050
2242,201610033962967,PRIN,34,17,500,1790,895000.00,2016-10-03 03:09:00.629670
2243,201610033962971,PRIN,25,14,100,1790,179000.00,2016-10-03 03:09:00.629710
2244,201610033962872,PRIN,25,49,60,1789,107340.00,2016-10-03 03:09:00.628720
2245,201610033962873,PRIN,25,46,30,1790,53700.00,2016-10-03 03:09:00.628730
2246,201610033962773,PRIN,45,45,500,1787,893500.00,2016-10-03 03:09:00.627730
2247,201610033962578,PRIN,33,45,500,1780,890000.00,2016-10-03 03:09:00.625780
2248,201610033962451,PRIN,33,17,200,1780,356000.00,2016-10-03 03:09:00.624510
2249,201610023962184,PRIN,22,45,150,1749,262350.00,2016-10-02 03:09:00.621840
2250,201610023961977,PRIN,14,55,100,1746,174600.00,2016-10-02 03:09:00.619770
2251,201610023961979,PRIN,26,45,60,1750,105000.00,2016-10-02 03:09:00.619790
2252,201610023961797,PRIN,25,45,100,1749,174900.00,2016-10-02 03:09:00.617970
2253,201610023961685,PRIN,5,45,100,1750,175000.00,2016-10-02 03:09:00.616850
2254,201610023961599,PRIN,33,16,50,1745,87250.00,2016-10-02 03:09:00.615990
2255,201610023961442,PRIN,50,29,110,1750,192500.00,2016-10-02 03:09:00.614420
2256,201610023961443,PRIN,50,45,290,1750,507500.00,2016-10-02 03:09:00.614430
2257,201610023961368,PRIN,33,29,40,1750,70000.00,2016-10-02 03:09:00.613680
2258,201610023961018,PRIN,45,40,36,1750,63000.00,2016-10-02 03:09:00.610180
2259,201610023960704,PRIN,37,57,150,1736,260400.00,2016-10-02 03:09:00.607040
2260,201610023960493,PRIN,38,40,200,1740,348000.00,2016-10-02 03:09:00.604930
2261,201610023960331,PRIN,50,45,300,1747,524100.00,2016-10-02 03:09:00.603310
2262,201610023960336,PRIN,33,45,70,1750,122500.00,2016-10-02 03:09:00.603360
2263,201610023960121,PRIN,33,40,30,1750,52500.00,2016-10-02 03:09:00.601210
2264,201610023960027,PRIN,5,40,70,1750,122500.00,2016-10-02 03:09:00.600270
2265,201610023959979,PRIN,50,45,200,1760,352000.00,2016-10-02 03:09:00.599790
2266,201610023959929,PRIN,50,45,250,1755,438750.00,2016-10-02 03:09:00.599290
2267,201610023959923,PRIN,50,53,50,1755,87750.00,2016-10-02 03:09:00.599230
2268,201610023959909,PRIN,22,35,200,1760,352000.00,2016-10-02 03:09:00.599090
2269,201610023959875,PRIN,33,38,100,1750,175000.00,2016-10-02 03:09:00.598750
2270,201610023959876,PRIN,33,28,319,1755,559845.00,2016-10-02 03:09:00.598760
2271,201610023959868,PRIN,33,21,85,1750,148750.00,2016-10-02 03:09:00.598680
2272,201610023959349,PRIN,46,50,500,1750,875000.00,2016-10-02 03:09:00.593490
2273,201610023959350,PRIN,46,25,300,1755,526500.00,2016-10-02 03:09:00.593500
2274,201610023959332,PRIN,33,45,100,1740,174000.00,2016-10-02 03:09:00.593320
2275,201610023958913,PRIN,14,19,40,1720,68800.00,2016-10-02 03:09:00.589130
2276,201610023958914,PRIN,14,50,300,1725,517500.00,2016-10-02 03:09:00.589140
2277,201609293957592,PRIN,25,45,100,1712,171200.00,2016-09-29 03:09:00.575920
2278,201609293957544,PRIN,45,45,500,1708,854000.00,2016-09-29 03:09:00.575440
2279,201609293957345,PRIN,49,49,953,1719,1638207.00,2016-09-29 03:09:00.573450
2280,201609293956784,PRIN,29,5,100,1715,171500.00,2016-09-29 03:09:00.567840
2281,201609293956785,PRIN,29,5,50,1715,85750.00,2016-09-29 03:09:00.567850
2282,201609293956786,PRIN,32,5,400,1715,686000.00,2016-09-29 03:09:00.567860
2283,201609293956631,PRIN,19,45,200,1720,344000.00,2016-09-29 03:09:00.566310
2284,201609293956483,PRIN,26,28,41,1721,70561.00,2016-09-29 03:09:00.564830
2285,201609293956422,PRIN,26,34,100,1721,172100.00,2016-09-29 03:09:00.564220
2286,201609293956398,PRIN,53,34,300,1722,516600.00,2016-09-29 03:09:00.563980
2287,201609293956378,PRIN,25,32,108,1723,186084.00,2016-09-29 03:09:00.563780
2288,201609293956221,PRIN,36,45,200,1730,346000.00,2016-09-29 03:09:00.562210
2289,201609293955968,PRIN,34,5,500,1720,860000.00,2016-09-29 03:09:00.559680
2290,201609293955953,PRIN,34,45,500,1720,860000.00,2016-09-29 03:09:00.559530
2291,201609293955930,PRIN,32,45,300,1719,515700.00,2016-09-29 03:09:00.559300
2292,201609293955943,PRIN,35,34,55,1720,94600.00,2016-09-29 03:09:00.559430
2293,201609293955915,PRIN,36,45,200,1719,343800.00,2016-09-29 03:09:00.559150
2294,201609293955715,PRIN,48,34,100,1719,171900.00,2016-09-29 03:09:00.557150
2295,201609293955657,PRIN,5,5,100,1717,171700.00,2016-09-29 03:09:00.556570
2296,201609293955642,PRIN,5,26,35,1719,60165.00,2016-09-29 03:09:00.556420
2297,201609293955579,PRIN,29,45,150,1715,257250.00,2016-09-29 03:09:00.555790
2298,201609293955559,PRIN,48,45,50,1710,85500.00,2016-09-29 03:09:00.555590
2299,201609293955547,PRIN,45,45,800,1705,1364000.00,2016-09-29 03:09:00.555470
2300,201609293955366,PRIN,14,45,500,1710,855000.00,2016-09-29 03:09:00.553660
2301,201609293955367,PRIN,14,45,200,1711,342200.00,2016-09-29 03:09:00.553670
2302,201609293955345,PRIN,56,5,300,1703,510900.00,2016-09-29 03:09:00.553450
2303,201609293955321,PRIN,6,5,200,1702,340400.00,2016-09-29 03:09:00.553210
2304,201609293955284,PRIN,53,5,500,1705,852500.00,2016-09-29 03:09:00.552840
2305,201609293955295,PRIN,37,45,500,1705,852500.00,2016-09-29 03:09:00.552950
2306,201609293954906,PRIN,17,5,50,1700,85000.00,2016-09-29 03:09:00.549060
2307,201609293954907,PRIN,21,5,30,1700,51000.00,2016-09-29 03:09:00.549070
2308,201609293954830,PRIN,53,45,1000,1709,1709000.00,2016-09-29 03:09:00.548300
2309,201609293954789,PRIN,45,45,200,1702,340400.00,2016-09-29 03:09:00.547890
2310,201609293954614,PRIN,41,45,100,1698,169800.00,2016-09-29 03:09:00.546140
2311,201609293954613,PRIN,45,45,1100,1690,1859000.00,2016-09-29 03:09:00.546130
2312,201609293954588,PRIN,21,45,400,1700,680000.00,2016-09-29 03:09:00.545880
2313,201609293954565,PRIN,48,45,100,1700,170000.00,2016-09-29 03:09:00.545650
2314,201609293954547,PRIN,34,45,100,1700,170000.00,2016-09-29 03:09:00.545470
2315,201609293954542,PRIN,48,19,200,1700,340000.00,2016-09-29 03:09:00.545420
2316,201609293954473,PRIN,48,19,100,1700,170000.00,2016-09-29 03:09:00.544730
2317,201609293954452,PRIN,48,45,500,1697,848500.00,2016-09-29 03:09:00.544520
2318,201609293954395,PRIN,34,45,100,1700,170000.00,2016-09-29 03:09:00.543950
2319,201609293954396,PRIN,46,45,100,1700,170000.00,2016-09-29 03:09:00.543960
2320,201609293954313,PRIN,53,45,600,1697,1018200.00,2016-09-29 03:09:00.543130
2321,201609293954067,PRIN,10,45,200,1701,340200.00,2016-09-29 03:09:00.540670
2322,201609293954068,PRIN,38,45,300,1700,510000.00,2016-09-29 03:09:00.540680
2323,201609293954069,PRIN,37,45,100,1700,170000.00,2016-09-29 03:09:00.540690
2324,201609293953901,PRIN,53,45,500,1710,855000.00,2016-09-29 03:09:00.539010
2325,201609293953763,PRIN,53,36,43,1710,73530.00,2016-09-29 03:09:00.537630
2326,201609293953736,PRIN,53,45,400,1710,684000.00,2016-09-29 03:09:00.537360
2327,201609293953645,PRIN,53,49,450,1710,769500.00,2016-09-29 03:09:00.536450
2328,201609283952843,PRIN,21,5,50,1711,85550.00,2016-09-28 03:09:00.528430
2329,201609283952712,PRIN,36,38,170,1710,290700.00,2016-09-28 03:09:00.527120
2330,201609283952665,PRIN,41,41,15,1709,25635.00,2016-09-28 03:09:00.526650
2331,201609283952623,PRIN,8,5,100,1708,170800.00,2016-09-28 03:09:00.526230
2332,201609283952249,PRIN,33,57,200,1700,340000.00,2016-09-28 03:09:00.522490
2333,201609283952000,PRIN,25,5,50,1700,85000.00,2016-09-28 03:09:00.520000
2334,201609283951953,PRIN,14,5,100,1700,170000.00,2016-09-28 03:09:00.519530
2335,201609283951924,PRIN,14,41,100,1705,170500.00,2016-09-28 03:09:00.519240
2336,201609283951727,PRIN,47,5,50,1700,85000.00,2016-09-28 03:09:00.517270
2337,201609283951419,PRIN,45,38,50,1705,85250.00,2016-09-28 03:09:00.514190
2338,201609283951420,PRIN,17,38,100,1700,170000.00,2016-09-28 03:09:00.514200
2339,201609283951300,PRIN,36,5,10,1710,17100.00,2016-09-28 03:09:00.513000
2340,201609283951294,PRIN,36,5,10,1710,17100.00,2016-09-28 03:09:00.512940
2341,201609283951126,PRIN,54,5,50,1700,85000.00,2016-09-28 03:09:00.511260
2342,201609283950616,PRIN,33,5,200,1700,340000.00,2016-09-28 03:09:00.506160
2343,201609283950375,PRIN,38,5,50,1700,85000.00,2016-09-28 03:09:00.503750
2344,201609283950377,PRIN,42,52,100,1720,172000.00,2016-09-28 03:09:00.503770
2345,201609283950308,PRIN,47,57,200,1710,342000.00,2016-09-28 03:09:00.503080
2346,201609283950190,PRIN,17,42,150,1700,255000.00,2016-09-28 03:09:00.501900
2347,201609283950007,PRIN,53,49,20,1695,33900.00,2016-09-28 03:09:00.500070
2348,201609283949889,PRIN,38,47,148,1700,251600.00,2016-09-28 03:09:00.498890
2349,201609283949895,PRIN,21,42,50,1700,85000.00,2016-09-28 03:09:00.498950
2350,201609283949752,PRIN,22,49,180,1710,307800.00,2016-09-28 03:09:00.497520
2351,201609273948574,PRIN,32,6,100,1729,172900.00,2016-09-27 03:09:00.485740
2352,201609273948415,PRIN,29,35,400,1729,691600.00,2016-09-27 03:09:00.484150
2353,201609273948173,PRIN,56,6,50,1729,86450.00,2016-09-27 03:09:00.481730
2354,201609273948154,PRIN,42,51,200,1725,345000.00,2016-09-27 03:09:00.481540
2355,201609273948027,PRIN,22,35,100,1725,172500.00,2016-09-27 03:09:00.480270
2356,201609273947597,PRIN,50,45,150,1729,259350.00,2016-09-27 03:09:00.475970
2357,201609273947598,PRIN,50,55,390,1730,674700.00,2016-09-27 03:09:00.475980
2358,201609273947532,PRIN,26,35,200,1728,345600.00,2016-09-27 03:09:00.475320
2359,201609273947377,PRIN,26,56,39,1721,67119.00,2016-09-27 03:09:00.473770
2360,201609273947367,PRIN,26,46,50,1723,86150.00,2016-09-27 03:09:00.473670
2361,201609273947232,PRIN,45,35,200,1724,344800.00,2016-09-27 03:09:00.472320
2362,201609273947041,PRIN,33,52,100,1724,172400.00,2016-09-27 03:09:00.470410
2363,201609273947042,PRIN,33,33,310,1724,534440.00,2016-09-27 03:09:00.470420
2364,201609273947034,PRIN,49,34,100,1723,172300.00,2016-09-27 03:09:00.470340
2365,201609273946696,PRIN,53,16,50,1725,86250.00,2016-09-27 03:09:00.466960
2366,201609273946376,PRIN,11,49,100,1720,172000.00,2016-09-27 03:09:00.463760
2367,201609273945318,PRIN,29,5,100,1737,173700.00,2016-09-27 03:09:00.453180
2368,201609273945319,PRIN,53,5,100,1736,173600.00,2016-09-27 03:09:00.453190
2369,201609273945320,PRIN,29,5,100,1735,173500.00,2016-09-27 03:09:00.453200
2370,201609273945270,PRIN,54,42,100,1740,174000.00,2016-09-27 03:09:00.452700
2371,201609273945271,PRIN,16,42,600,1740,1044000.00,2016-09-27 03:09:00.452710
2372,201609273945188,PRIN,26,7,100,1748,174800.00,2016-09-27 03:09:00.451880
2373,201609273945136,PRIN,41,5,200,1741,348200.00,2016-09-27 03:09:00.451360
2374,201609273945142,PRIN,26,49,100,1748,174800.00,2016-09-27 03:09:00.451420
2375,201609273945068,PRIN,41,32,200,1741,348200.00,2016-09-27 03:09:00.450680
2376,201609273944646,PRIN,54,14,100,1750,175000.00,2016-09-27 03:09:00.446460
2377,201609273944657,PRIN,54,14,100,1750,175000.00,2016-09-27 03:09:00.446570
2378,201609273944567,PRIN,49,14,40,1755,70200.00,2016-09-27 03:09:00.445670
2379,201609273944414,PRIN,49,34,10,1755,17550.00,2016-09-27 03:09:00.444140
2380,201609263943496,PRIN,29,29,50,1735,86750.00,2016-09-26 03:09:00.434960
2381,201609263943497,PRIN,55,29,100,1730,173000.00,2016-09-26 03:09:00.434970
2382,201609263943428,PRIN,59,25,200,1739,347800.00,2016-09-26 03:09:00.434280
2383,201609263943390,PRIN,17,36,100,1728,172800.00,2016-09-26 03:09:00.433900
2384,201609263943375,PRIN,25,36,200,1735,347000.00,2016-09-26 03:09:00.433750
2385,201609263943376,PRIN,32,36,50,1732,86600.00,2016-09-26 03:09:00.433760
2386,201609263943377,PRIN,13,36,100,1730,173000.00,2016-09-26 03:09:00.433770
2387,201609263943378,PRIN,53,36,150,1730,259500.00,2016-09-26 03:09:00.433780
2388,201609263943311,PRIN,45,42,250,1740,435000.00,2016-09-26 03:09:00.433110
2389,201609263943266,PRIN,55,42,100,1740,174000.00,2016-09-26 03:09:00.432660
2390,201609263943230,PRIN,17,20,150,1735,260250.00,2016-09-26 03:09:00.432300
2391,201609263942791,PRIN,4,42,200,1736,347200.00,2016-09-26 03:09:00.427910
2392,201609263942792,PRIN,16,42,200,1735,347000.00,2016-09-26 03:09:00.427920
2393,201609263942580,PRIN,57,25,50,1745,87250.00,2016-09-26 03:09:00.425800
2394,201609263942581,PRIN,21,25,150,1740,261000.00,2016-09-26 03:09:00.425810
2395,201609263942561,PRIN,57,21,50,1745,87250.00,2016-09-26 03:09:00.425610
2396,201609263942492,PRIN,21,59,100,1740,174000.00,2016-09-26 03:09:00.424920
2397,201609263942438,PRIN,21,44,50,1738,86900.00,2016-09-26 03:09:00.424380
2398,201609263942439,PRIN,21,52,100,1738,173800.00,2016-09-26 03:09:00.424390
2399,201609263942378,PRIN,32,49,150,1734,260100.00,2016-09-26 03:09:00.423780
2400,201609263942379,PRIN,32,34,100,1735,173500.00,2016-09-26 03:09:00.423790
2401,201609263942380,PRIN,32,38,100,1735,173500.00,2016-09-26 03:09:00.423800
2402,201609263942282,PRIN,50,42,500,1733,866500.00,2016-09-26 03:09:00.422820
2403,201609263942174,PRIN,50,38,696,1733,1206168.00,2016-09-26 03:09:00.421740
2404,201609263941747,PRIN,58,6,500,1727,863500.00,2016-09-26 03:09:00.417470
2405,201609263941659,PRIN,41,34,100,1730,173000.00,2016-09-26 03:09:00.416590
2406,201609263941619,PRIN,26,47,30,1738,52140.00,2016-09-26 03:09:00.416190
2407,201609263941334,PRIN,29,34,200,1728,345600.00,2016-09-26 03:09:00.413340
2408,201609263941336,PRIN,26,34,70,1728,120960.00,2016-09-26 03:09:00.413360
2409,201609263940827,PRIN,8,34,420,1735,728700.00,2016-09-26 03:09:00.408270
2410,201609263940787,PRIN,28,34,80,1735,138800.00,2016-09-26 03:09:00.407870
2411,201609263940650,PRIN,54,53,100,1725,172500.00,2016-09-26 03:09:00.406500
2412,201609263940528,PRIN,14,34,200,1725,345000.00,2016-09-26 03:09:00.405280
2413,201609263940529,PRIN,14,34,100,1723,172300.00,2016-09-26 03:09:00.405290
2414,201609263940530,PRIN,26,34,20,1722,34440.00,2016-09-26 03:09:00.405300
2415,201609263940531,PRIN,26,34,180,1721,309780.00,2016-09-26 03:09:00.405310
2416,201609263940443,PRIN,58,34,500,1726,863000.00,2016-09-26 03:09:00.404430
2417,201609263940392,PRIN,33,34,200,1730,346000.00,2016-09-26 03:09:00.403920
2418,201609263940153,PRIN,58,34,500,1740,870000.00,2016-09-26 03:09:00.401530
2419,201609263940069,PRIN,58,34,100,1739,173900.00,2016-09-26 03:09:00.400690
2420,201609263939490,PRIN,26,43,200,1747,349400.00,2016-09-26 03:09:00.394900
2421,201609263939491,PRIN,26,3,100,1747,174700.00,2016-09-26 03:09:00.394910
2422,201609263939320,PRIN,10,11,100,1710,171000.00,2016-09-26 03:09:00.393200
2423,201609263939324,PRIN,34,38,1000,1709,1709000.00,2016-09-26 03:09:00.393240
2424,201609263939327,PRIN,45,33,100,1710,171000.00,2016-09-26 03:09:00.393270
2425,201609263939328,PRIN,45,14,100,1712,171200.00,2016-09-26 03:09:00.393280
2426,201609263939332,PRIN,45,34,200,1713,342600.00,2016-09-26 03:09:00.393320
2427,201609263939300,PRIN,37,6,50,1706,85300.00,2016-09-26 03:09:00.393000
2428,201609263939311,PRIN,16,47,100,1707,170700.00,2016-09-26 03:09:00.393110
2429,201609263939278,PRIN,41,37,50,1705,85250.00,2016-09-26 03:09:00.392780
2430,201609263939279,PRIN,41,6,250,1706,426500.00,2016-09-26 03:09:00.392790
2431,201609263939241,PRIN,36,6,100,1700,170000.00,2016-09-26 03:09:00.392410
2432,201609263939176,PRIN,37,46,100,1700,170000.00,2016-09-26 03:09:00.391760
2433,201609263939177,PRIN,37,52,200,1700,340000.00,2016-09-26 03:09:00.391770
2434,201609263938868,PRIN,5,5,11,1699,18689.00,2016-09-26 03:09:00.388680
2435,201609263938654,PRIN,10,20,20,1700,34000.00,2016-09-26 03:09:00.386540
2436,201609263938569,PRIN,48,19,50,1710,85500.00,2016-09-26 03:09:00.385690
2437,201609253938374,PRIN,26,34,80,1680,134400.00,2016-09-25 03:09:00.383740
2438,201609253938325,PRIN,14,34,200,1680,336000.00,2016-09-25 03:09:00.383250
2439,201609253938064,PRIN,49,28,200,1675,335000.00,2016-09-25 03:09:00.380640
2440,201609253938072,PRIN,49,22,250,1675,418750.00,2016-09-25 03:09:00.380720
2441,201609253937851,PRIN,54,34,50,1680,84000.00,2016-09-25 03:09:00.378510
2442,201609253937818,PRIN,54,34,50,1680,84000.00,2016-09-25 03:09:00.378180
2443,201609253937699,PRIN,50,34,100,1680,168000.00,2016-09-25 03:09:00.376990
2444,201609253937671,PRIN,49,34,20,1680,33600.00,2016-09-25 03:09:00.376710
2445,201609253937293,PRIN,53,22,100,1690,169000.00,2016-09-25 03:09:00.372930
2446,201609253937294,PRIN,49,41,300,1680,504000.00,2016-09-25 03:09:00.372940
2447,201609253937271,PRIN,39,22,100,1690,169000.00,2016-09-25 03:09:00.372710
2448,201609253937160,PRIN,32,36,20,1685,33700.00,2016-09-25 03:09:00.371600
2449,201609253937161,PRIN,48,36,100,1681,168100.00,2016-09-25 03:09:00.371610
2450,201609253937162,PRIN,49,36,80,1680,134400.00,2016-09-25 03:09:00.371620
2451,201609253937058,PRIN,57,22,100,1690,169000.00,2016-09-25 03:09:00.370580
2452,201609253937065,PRIN,53,22,100,1690,169000.00,2016-09-25 03:09:00.370650
2453,201609253936907,PRIN,48,17,47,1680,78960.00,2016-09-25 03:09:00.369070
2454,201609253936544,PRIN,55,42,100,1680,168000.00,2016-09-25 03:09:00.365440
2455,201609253936545,PRIN,14,42,100,1671,167100.00,2016-09-25 03:09:00.365450
2456,201609253936546,PRIN,36,42,100,1671,167100.00,2016-09-25 03:09:00.365460
2457,201609253936547,PRIN,45,42,100,1670,167000.00,2016-09-25 03:09:00.365470
2458,201609253936552,PRIN,45,42,98,1670,163660.00,2016-09-25 03:09:00.365520
2459,201609253936267,PRIN,5,38,250,1680,420000.00,2016-09-25 03:09:00.362670
2460,201609253936282,PRIN,5,14,50,1680,84000.00,2016-09-25 03:09:00.362820
2461,201609253936102,PRIN,34,33,300,1675,502500.00,2016-09-25 03:09:00.361020
2462,201609253935855,PRIN,57,46,200,1670,334000.00,2016-09-25 03:09:00.358550
2463,201609253935746,PRIN,14,42,50,1708,85400.00,2016-09-25 03:09:00.357460
2464,201609253935747,PRIN,47,42,50,1707,85350.00,2016-09-25 03:09:00.357470
2465,201609253935748,PRIN,48,42,100,1700,170000.00,2016-09-25 03:09:00.357480
2466,201609253935749,PRIN,19,42,100,1700,170000.00,2016-09-25 03:09:00.357490
2467,201609253935710,PRIN,57,37,100,1726,172600.00,2016-09-25 03:09:00.357100
2468,201609253935711,PRIN,57,26,100,1727,172700.00,2016-09-25 03:09:00.357110
2469,201609253935720,PRIN,28,42,10,1715,17150.00,2016-09-25 03:09:00.357200
2470,201609253935721,PRIN,26,42,100,1712,171200.00,2016-09-25 03:09:00.357210
2471,201609253935722,PRIN,14,42,50,1712,85600.00,2016-09-25 03:09:00.357220
2472,201609253935723,PRIN,21,42,100,1711,171100.00,2016-09-25 03:09:00.357230
2473,201609253935724,PRIN,57,42,200,1710,342000.00,2016-09-25 03:09:00.357240
2474,201609253935725,PRIN,58,42,20,1710,34200.00,2016-09-25 03:09:00.357250
2475,201609253935726,PRIN,38,42,100,1710,171000.00,2016-09-25 03:09:00.357260
2476,201609253935697,PRIN,57,25,60,1715,102900.00,2016-09-25 03:09:00.356970
2477,201609253935634,PRIN,28,36,50,1715,85750.00,2016-09-25 03:09:00.356340
2478,201609253935572,PRIN,11,1,100,1717,171700.00,2016-09-25 03:09:00.355720
2479,201609253935573,PRIN,10,1,500,1717,858500.00,2016-09-25 03:09:00.355730
2480,201609253935574,PRIN,32,1,100,1716,171600.00,2016-09-25 03:09:00.355740
2481,201609253935575,PRIN,55,1,100,1716,171600.00,2016-09-25 03:09:00.355750
2482,201609253935576,PRIN,7,1,50,1715,85750.00,2016-09-25 03:09:00.355760
2483,201609253935577,PRIN,28,1,140,1715,240100.00,2016-09-25 03:09:00.355770
2484,201609253935450,PRIN,11,1,100,1717,171700.00,2016-09-25 03:09:00.354500
2485,201609253935120,PRIN,32,44,100,1716,171600.00,2016-09-25 03:09:00.351200
2486,201609253935029,PRIN,53,21,400,1716,686400.00,2016-09-25 03:09:00.350290
2487,201609253934866,PRIN,28,37,200,1729,345800.00,2016-09-25 03:09:00.348660
2488,201609253934592,PRIN,14,32,13,1720,22360.00,2016-09-25 03:09:00.345920
2489,201609253934564,PRIN,36,32,100,1720,172000.00,2016-09-25 03:09:00.345640
2490,201609253934565,PRIN,14,32,50,1716,85800.00,2016-09-25 03:09:00.345650
2491,201609253934566,PRIN,5,32,100,1715,171500.00,2016-09-25 03:09:00.345660
2492,201609253934567,PRIN,29,32,50,1715,85750.00,2016-09-25 03:09:00.345670
2493,201609253934373,PRIN,57,59,120,1722,206640.00,2016-09-25 03:09:00.343730
2494,201609253933981,PRIN,57,28,40,1722,68880.00,2016-09-25 03:09:00.339810
2495,201609253933956,PRIN,57,4,41,1720,70520.00,2016-09-25 03:09:00.339560
2496,201609253933909,PRIN,58,28,100,1726,172600.00,2016-09-25 03:09:00.339090
2497,201609253933910,PRIN,11,28,100,1725,172500.00,2016-09-25 03:09:00.339100
2498,201609253933787,PRIN,11,8,35,1740,60900.00,2016-09-25 03:09:00.337870
2499,201609253933778,PRIN,11,29,65,1735,112775.00,2016-09-25 03:09:00.337780
2500,201609253933174,PRIN,57,28,100,1744,174400.00,2016-09-25 03:09:00.331740
2501,201609253932847,PRIN,49,49,300,1779,533700.00,2016-09-25 03:09:00.328470
2502,201609223932488,PRIN,1,34,500,1754,877000.00,2016-09-22 03:09:00.324880
2503,201609223932489,PRIN,14,34,50,1753,87650.00,2016-09-22 03:09:00.324890
2504,201609223932490,PRIN,1,34,100,1753,175300.00,2016-09-22 03:09:00.324900
2505,201609223932491,PRIN,29,34,100,1752,175200.00,2016-09-22 03:09:00.324910
2506,201609223932492,PRIN,32,34,200,1752,350400.00,2016-09-22 03:09:00.324920
2507,201609223932493,PRIN,14,34,50,1751,87550.00,2016-09-22 03:09:00.324930
2508,201609223932505,PRIN,14,13,11,1751,19261.00,2016-09-22 03:09:00.325050
2509,201609223932438,PRIN,14,46,50,1753,87650.00,2016-09-22 03:09:00.324380
2510,201609223932389,PRIN,6,46,50,1756,87800.00,2016-09-22 03:09:00.323890
2511,201609223932390,PRIN,50,46,200,1756,351200.00,2016-09-22 03:09:00.323900
2512,201609223932237,PRIN,50,58,100,1756,175600.00,2016-09-22 03:09:00.322370
2513,201609223932087,PRIN,32,21,161,1755,282555.00,2016-09-22 03:09:00.320870
2514,201609223932009,PRIN,50,46,200,1761,352200.00,2016-09-22 03:09:00.320090
2515,201609223931223,PRIN,43,11,20,1762,35240.00,2016-09-22 03:09:00.312230
2516,201609223931224,PRIN,49,11,100,1761,176100.00,2016-09-22 03:09:00.312240
2517,201609223931225,PRIN,26,11,50,1760,88000.00,2016-09-22 03:09:00.312250
2518,201609223930968,PRIN,1,39,20,1770,35400.00,2016-09-22 03:09:00.309680
2519,201609223930652,PRIN,50,46,500,1770,885000.00,2016-09-22 03:09:00.306520
2520,201609223930200,PRIN,58,26,100,1769,176900.00,2016-09-22 03:09:00.302000
2521,201609223930201,PRIN,58,21,200,1770,354000.00,2016-09-22 03:09:00.302010
2522,201609223930202,PRIN,58,21,13,1770,23010.00,2016-09-22 03:09:00.302020
2523,201609223930154,PRIN,47,37,100,1761,176100.00,2016-09-22 03:09:00.301540
2524,201609223930161,PRIN,53,34,120,1764,211680.00,2016-09-22 03:09:00.301610
2525,201609223930162,PRIN,53,17,180,1765,317700.00,2016-09-22 03:09:00.301620
2526,201609223930163,PRIN,53,17,700,1768,1237600.00,2016-09-22 03:09:00.301630
2527,201609223930151,PRIN,37,37,100,1761,176100.00,2016-09-22 03:09:00.301510
2528,201609223929907,PRIN,32,53,27,1757,47439.00,2016-09-22 03:09:00.299070
2529,201609223929812,PRIN,32,32,68,1757,119476.00,2016-09-22 03:09:00.298120
2530,201609223929756,PRIN,45,17,220,1765,388300.00,2016-09-22 03:09:00.297560
2531,201609223929693,PRIN,45,17,100,1760,176000.00,2016-09-22 03:09:00.296930
2532,201609223929539,PRIN,45,32,50,1765,88250.00,2016-09-22 03:09:00.295390
2533,201609223929540,PRIN,45,49,45,1768,79560.00,2016-09-22 03:09:00.295400
2534,201609223929456,PRIN,37,37,500,1760,880000.00,2016-09-22 03:09:00.294560
2535,201609223929419,PRIN,34,46,540,1760,950400.00,2016-09-22 03:09:00.294190
2536,201609223929379,PRIN,36,46,50,1760,88000.00,2016-09-22 03:09:00.293790
2537,201609223929338,PRIN,47,38,100,1761,176100.00,2016-09-22 03:09:00.293380
2538,201609223929339,PRIN,58,38,50,1760,88000.00,2016-09-22 03:09:00.293390
2539,201609223929340,PRIN,56,38,100,1760,176000.00,2016-09-22 03:09:00.293400
2540,201609223929341,PRIN,36,38,50,1760,88000.00,2016-09-22 03:09:00.293410
2541,201609223929296,PRIN,47,38,100,1761,176100.00,2016-09-22 03:09:00.292960
2542,201609223929097,PRIN,58,18,100,1760,176000.00,2016-09-22 03:09:00.290970
2543,201609223929044,PRIN,4,47,100,1755,175500.00,2016-09-22 03:09:00.290440
2544,201609223928902,PRIN,14,38,150,1751,262650.00,2016-09-22 03:09:00.289020
2545,201609223928665,PRIN,32,38,100,1752,175200.00,2016-09-22 03:09:00.286650
2546,201609223928666,PRIN,1,38,500,1752,876000.00,2016-09-22 03:09:00.286660
2547,201609223928667,PRIN,14,38,210,1751,367710.00,2016-09-22 03:09:00.286670
2548,201609223928209,PRIN,56,29,200,1752,350400.00,2016-09-22 03:09:00.282090
2549,201609223927907,PRIN,14,41,100,1752,175200.00,2016-09-22 03:09:00.279070
2550,201609223927908,PRIN,14,41,100,1751,175100.00,2016-09-22 03:09:00.279080
2551,201609223927352,PRIN,22,45,100,1770,177000.00,2016-09-22 03:09:00.273520
2552,201609213927131,PRIN,46,29,150,1788,268200.00,2016-09-21 03:09:00.271310
2553,201609213927132,PRIN,46,19,350,1789,626150.00,2016-09-21 03:09:00.271320
2554,201609213927133,PRIN,46,38,200,1790,358000.00,2016-09-21 03:09:00.271330
2555,201609213927050,PRIN,58,36,100,1783,178300.00,2016-09-21 03:09:00.270500
2556,201609213926770,PRIN,58,21,250,1781,445250.00,2016-09-21 03:09:00.267700
2557,201609213926685,PRIN,33,8,124,1780,220720.00,2016-09-21 03:09:00.266850
2558,201609213926625,PRIN,5,34,100,1788,178800.00,2016-09-21 03:09:00.266250
2559,201609213926478,PRIN,58,50,59,1780,105020.00,2016-09-21 03:09:00.264780
2560,201609213926355,PRIN,32,56,40,1777,71080.00,2016-09-21 03:09:00.263550
2561,201609213926356,PRIN,58,34,310,1780,551800.00,2016-09-21 03:09:00.263560
2562,201609213926374,PRIN,38,17,50,1789,89450.00,2016-09-21 03:09:00.263740
2563,201609213926375,PRIN,38,19,50,1789,89450.00,2016-09-21 03:09:00.263750
2564,201609213926194,PRIN,7,34,150,1781,267150.00,2016-09-21 03:09:00.261940
2565,201609213926195,PRIN,56,34,250,1781,445250.00,2016-09-21 03:09:00.261950
2566,201609213926196,PRIN,7,34,40,1780,71200.00,2016-09-21 03:09:00.261960
2567,201609213925958,PRIN,41,56,60,1785,107100.00,2016-09-21 03:09:00.259580
2568,201609213925807,PRIN,45,36,250,1789,447250.00,2016-09-21 03:09:00.258070
2569,201609213925718,PRIN,41,29,140,1785,249900.00,2016-09-21 03:09:00.257180
2570,201609213925648,PRIN,45,29,10,1790,17900.00,2016-09-21 03:09:00.256480
2571,201609213925649,PRIN,46,29,50,1785,89250.00,2016-09-21 03:09:00.256490
2572,201609213925548,PRIN,46,11,50,1785,89250.00,2016-09-21 03:09:00.255480
2573,201609213925347,PRIN,46,26,100,1789,178900.00,2016-09-21 03:09:00.253470
2574,201609213925263,PRIN,45,14,40,1790,71600.00,2016-09-21 03:09:00.252630
2575,201609213925246,PRIN,17,14,30,1790,53700.00,2016-09-21 03:09:00.252460
2576,201609213925206,PRIN,52,14,60,1790,107400.00,2016-09-21 03:09:00.252060
2577,201609213925182,PRIN,46,14,40,1795,71800.00,2016-09-21 03:09:00.251820
2578,201609213925183,PRIN,42,14,100,1795,179500.00,2016-09-21 03:09:00.251830
2579,201609213925184,PRIN,14,14,50,1794,89700.00,2016-09-21 03:09:00.251840
2580,201609213925185,PRIN,14,14,100,1794,179400.00,2016-09-21 03:09:00.251850
2581,201609213925186,PRIN,43,14,20,1790,35800.00,2016-09-21 03:09:00.251860
2582,201609213925033,PRIN,49,10,56,1795,100520.00,2016-09-21 03:09:00.250330
2583,201609213924961,PRIN,37,26,300,1795,538500.00,2016-09-21 03:09:00.249610
2584,201609213924953,PRIN,46,17,160,1795,287200.00,2016-09-21 03:09:00.249530
2585,201609213924896,PRIN,6,37,100,1794,179400.00,2016-09-21 03:09:00.248960
2586,201609213924869,PRIN,6,41,50,1794,89700.00,2016-09-21 03:09:00.248690
2587,201609213924847,PRIN,14,19,22,1789,39358.00,2016-09-21 03:09:00.248470
2588,201609213924850,PRIN,17,40,50,1790,89500.00,2016-09-21 03:09:00.248500
2589,201609213924832,PRIN,57,19,100,1784,178400.00,2016-09-21 03:09:00.248320
2590,201609213924833,PRIN,58,19,550,1784,981200.00,2016-09-21 03:09:00.248330
2591,201609213924834,PRIN,58,49,200,1785,357000.00,2016-09-21 03:09:00.248340
2592,201609213924823,PRIN,6,5,32,1780,56960.00,2016-09-21 03:09:00.248230
2593,201609213924639,PRIN,58,29,100,1775,177500.00,2016-09-21 03:09:00.246390
2594,201609213924612,PRIN,14,17,50,1774,88700.00,2016-09-21 03:09:00.246120
2595,201609213924534,PRIN,53,45,250,1765,441250.00,2016-09-21 03:09:00.245340
2596,201609213924517,PRIN,58,57,200,1764,352800.00,2016-09-21 03:09:00.245170
2597,201609213924505,PRIN,49,19,200,1764,352800.00,2016-09-21 03:09:00.245050
2598,201609213924442,PRIN,28,6,100,1753,175300.00,2016-09-21 03:09:00.244420
2599,201609213924456,PRIN,14,38,200,1755,351000.00,2016-09-21 03:09:00.244560
2600,201609213924405,PRIN,14,38,50,1752,87600.00,2016-09-21 03:09:00.244050
2601,201609213924380,PRIN,14,50,521,1750,911750.00,2016-09-21 03:09:00.243800
2602,201609213924388,PRIN,14,38,244,1750,427000.00,2016-09-21 03:09:00.243880
2603,201609213924368,PRIN,14,13,499,1750,873250.00,2016-09-21 03:09:00.243680
2604,201609213924256,PRIN,19,34,100,1749,174900.00,2016-09-21 03:09:00.242560
2605,201609213924261,PRIN,14,34,100,1749,174900.00,2016-09-21 03:09:00.242610
2606,201609213923951,PRIN,29,38,100,1752,175200.00,2016-09-21 03:09:00.239510
2607,201609213923908,PRIN,28,19,99,1750,173250.00,2016-09-21 03:09:00.239080
2608,201609213923886,PRIN,58,38,200,1752,350400.00,2016-09-21 03:09:00.238860
2609,201609213923890,PRIN,32,38,50,1751,87550.00,2016-09-21 03:09:00.238900
2610,201609213923883,PRIN,53,38,100,1753,175300.00,2016-09-21 03:09:00.238830
2611,201609213923884,PRIN,53,38,100,1753,175300.00,2016-09-21 03:09:00.238840
2612,201609213923670,PRIN,5,6,100,1760,176000.00,2016-09-21 03:09:00.236700
2613,201609213923586,PRIN,53,38,200,1752,350400.00,2016-09-21 03:09:00.235860
2614,201609213923587,PRIN,17,38,450,1751,787950.00,2016-09-21 03:09:00.235870
2615,201609213923600,PRIN,28,8,30,1750,52500.00,2016-09-21 03:09:00.236000
2616,201609213923532,PRIN,17,7,50,1751,87550.00,2016-09-21 03:09:00.235320
2617,201609213923494,PRIN,28,38,190,1750,332500.00,2016-09-21 03:09:00.234940
2618,201609213923448,PRIN,41,41,150,1750,262500.00,2016-09-21 03:09:00.234480
2619,201609213923449,PRIN,41,41,500,1750,875000.00,2016-09-21 03:09:00.234490
2620,201609213923390,PRIN,14,41,50,1755,87750.00,2016-09-21 03:09:00.233900
2621,201609213923391,PRIN,14,41,50,1751,87550.00,2016-09-21 03:09:00.233910
2622,201609213923392,PRIN,41,41,200,1750,350000.00,2016-09-21 03:09:00.233920
2623,201609213923319,PRIN,14,6,150,1760,264000.00,2016-09-21 03:09:00.233190
2624,201609213923284,PRIN,14,45,50,1765,88250.00,2016-09-21 03:09:00.232840
2625,201609213922995,PRIN,53,45,100,1765,176500.00,2016-09-21 03:09:00.229950
2626,201609213922950,PRIN,32,6,250,1760,440000.00,2016-09-21 03:09:00.229500
2627,201609213922943,PRIN,32,38,50,1760,88000.00,2016-09-21 03:09:00.229430
2628,201609213922944,PRIN,57,38,200,1760,352000.00,2016-09-21 03:09:00.229440
2629,201609213922627,PRIN,49,49,200,1795,359000.00,2016-09-21 03:09:00.226270
2630,201609213922549,PRIN,57,5,70,1760,123200.00,2016-09-21 03:09:00.225490
2631,201609213922535,PRIN,57,40,130,1760,228800.00,2016-09-21 03:09:00.225350
2632,201609203922135,PRIN,6,34,100,1795,179500.00,2016-09-20 03:09:00.221350
2633,201609203922136,PRIN,43,34,100,1792,179200.00,2016-09-20 03:09:00.221360
2634,201609203922137,PRIN,32,34,200,1790,358000.00,2016-09-20 03:09:00.221370
2635,201609203921907,PRIN,49,17,200,1800,360000.00,2016-09-20 03:09:00.219070
2636,201609203921794,PRIN,1,56,50,1800,90000.00,2016-09-20 03:09:00.217940
2637,201609203921795,PRIN,1,38,150,1800,270000.00,2016-09-20 03:09:00.217950
2638,201609203921730,PRIN,40,51,50,1798,89900.00,2016-09-20 03:09:00.217300
2639,201609203921731,PRIN,45,51,50,1795,89750.00,2016-09-20 03:09:00.217310
2640,201609203921732,PRIN,6,51,100,1795,179500.00,2016-09-20 03:09:00.217320
2641,201609203921668,PRIN,14,26,300,1795,538500.00,2016-09-20 03:09:00.216680
2642,201609203921332,PRIN,45,8,50,1795,89750.00,2016-09-20 03:09:00.213320
2643,201609203921127,PRIN,26,8,50,1790,89500.00,2016-09-20 03:09:00.211270
2644,201609203921064,PRIN,14,48,200,1790,358000.00,2016-09-20 03:09:00.210640
2645,201609203920653,PRIN,46,56,50,1800,90000.00,2016-09-20 03:09:00.206530
2646,201609203920464,PRIN,25,34,100,1790,179000.00,2016-09-20 03:09:00.204640
2647,201609203920465,PRIN,36,34,300,1790,537000.00,2016-09-20 03:09:00.204650
2648,201609203920446,PRIN,49,36,500,1795,897500.00,2016-09-20 03:09:00.204460
2649,201609203920447,PRIN,34,36,30,1795,53850.00,2016-09-20 03:09:00.204470
2650,201609203920448,PRIN,49,36,270,1793,484110.00,2016-09-20 03:09:00.204480
2651,201609203919987,PRIN,32,26,300,1805,541500.00,2016-09-20 03:09:00.199870
2652,201609203919852,PRIN,5,56,200,1790,358000.00,2016-09-20 03:09:00.198520
2653,201609203919857,PRIN,53,36,90,1800,162000.00,2016-09-20 03:09:00.198570
2654,201609203919858,PRIN,53,26,50,1805,90250.00,2016-09-20 03:09:00.198580
2655,201609203919859,PRIN,53,38,200,1808,361600.00,2016-09-20 03:09:00.198590
2656,201609203919860,PRIN,53,10,60,1809,108540.00,2016-09-20 03:09:00.198600
2657,201609203919818,PRIN,49,36,110,1800,198000.00,2016-09-20 03:09:00.198180
2658,201609203919785,PRIN,32,41,485,1805,875425.00,2016-09-20 03:09:00.197850
2659,201609203919761,PRIN,32,41,200,1800,360000.00,2016-09-20 03:09:00.197610
2660,201609203919762,PRIN,32,36,130,1800,234000.00,2016-09-20 03:09:00.197620
2661,201609203919763,PRIN,32,38,100,1800,180000.00,2016-09-20 03:09:00.197630
2662,201609203919715,PRIN,54,36,100,1791,179100.00,2016-09-20 03:09:00.197150
2663,201609203919720,PRIN,14,36,100,1791,179100.00,2016-09-20 03:09:00.197200
2664,201609203919724,PRIN,32,36,200,1791,358200.00,2016-09-20 03:09:00.197240
2665,201609203919687,PRIN,38,36,20,1791,35820.00,2016-09-20 03:09:00.196870
2666,201609203919630,PRIN,34,36,400,1791,716400.00,2016-09-20 03:09:00.196300
2667,201609203919579,PRIN,5,36,10,1799,17990.00,2016-09-20 03:09:00.195790
2668,201609203919580,PRIN,38,36,100,1791,179100.00,2016-09-20 03:09:00.195800
2669,201609203919581,PRIN,19,36,600,1791,1074600.00,2016-09-20 03:09:00.195810
2670,201609203919438,PRIN,44,36,100,1800,180000.00,2016-09-20 03:09:00.194380
2671,201609203919338,PRIN,5,26,70,1799,125930.00,2016-09-20 03:09:00.193380
2672,201609203919059,PRIN,53,38,200,1799,359800.00,2016-09-20 03:09:00.190590
2673,201609203919012,PRIN,28,38,100,1799,179900.00,2016-09-20 03:09:00.190120
2674,201609203919008,PRIN,32,28,350,1786,625100.00,2016-09-20 03:09:00.190080
2675,201609203918898,PRIN,56,38,100,1786,178600.00,2016-09-20 03:09:00.188980
2676,201609203918843,PRIN,58,38,50,1787,89350.00,2016-09-20 03:09:00.188430
2677,201609203918844,PRIN,5,38,100,1787,178700.00,2016-09-20 03:09:00.188440
2678,201609203918869,PRIN,53,38,50,1787,89350.00,2016-09-20 03:09:00.188690
2679,201609203918822,PRIN,53,38,100,1790,179000.00,2016-09-20 03:09:00.188220
2680,201609203918823,PRIN,58,38,50,1787,89350.00,2016-09-20 03:09:00.188230
2681,201609203918589,PRIN,34,38,300,1787,536100.00,2016-09-20 03:09:00.185890
2682,201609203918510,PRIN,14,22,100,1790,179000.00,2016-09-20 03:09:00.185100
2683,201609203918491,PRIN,32,22,140,1790,250600.00,2016-09-20 03:09:00.184910
2684,201609203918343,PRIN,49,36,40,1790,71600.00,2016-09-20 03:09:00.183430
2685,201609203918344,PRIN,49,22,60,1790,107400.00,2016-09-20 03:09:00.183440
2686,201609203918282,PRIN,26,36,10,1792,17920.00,2016-09-20 03:09:00.182820
2687,201609203918283,PRIN,32,36,50,1791,89550.00,2016-09-20 03:09:00.182830
2688,201609203918232,PRIN,34,36,100,1800,180000.00,2016-09-20 03:09:00.182320
2689,201609203918233,PRIN,34,36,170,1800,306000.00,2016-09-20 03:09:00.182330
2690,201609203918222,PRIN,50,45,150,1799,269850.00,2016-09-20 03:09:00.182220
2691,201609203918179,PRIN,26,36,100,1800,180000.00,2016-09-20 03:09:00.181790
2692,201609203917632,PRIN,14,36,100,1800,180000.00,2016-09-20 03:09:00.176320
2693,201609203917590,PRIN,14,53,100,1800,180000.00,2016-09-20 03:09:00.175900
2694,201609203917230,PRIN,34,41,200,1790,358000.00,2016-09-20 03:09:00.172300
2695,201609203917159,PRIN,14,56,100,1790,179000.00,2016-09-20 03:09:00.171590
2696,201609203917160,PRIN,40,56,100,1790,179000.00,2016-09-20 03:09:00.171600
2697,201609203917164,PRIN,46,16,150,1792,268800.00,2016-09-20 03:09:00.171640
2698,201609203917095,PRIN,57,6,100,1790,179000.00,2016-09-20 03:09:00.170950
2699,201609203917099,PRIN,57,6,93,1790,166470.00,2016-09-20 03:09:00.170990
2700,201609203917079,PRIN,32,16,50,1800,90000.00,2016-09-20 03:09:00.170790
2701,201609203917080,PRIN,47,16,50,1795,89750.00,2016-09-20 03:09:00.170800
2702,201609203917081,PRIN,1,16,50,1795,89750.00,2016-09-20 03:09:00.170810
2703,201609203917082,PRIN,14,16,200,1792,358400.00,2016-09-20 03:09:00.170820
2704,201609203916977,PRIN,4,43,50,1798,89900.00,2016-09-20 03:09:00.169770
2705,201609203916978,PRIN,34,43,200,1797,359400.00,2016-09-20 03:09:00.169780
2706,201609203916979,PRIN,33,43,200,1796,359200.00,2016-09-20 03:09:00.169790
2707,201609203916980,PRIN,47,43,50,1795,89750.00,2016-09-20 03:09:00.169800
2708,201609203916885,PRIN,5,5,35,1796,62860.00,2016-09-20 03:09:00.168850
2709,201609203916812,PRIN,5,5,24,1801,43224.00,2016-09-20 03:09:00.168120
2710,201609203916818,PRIN,57,6,100,1790,179000.00,2016-09-20 03:09:00.168180
2711,201609203916800,PRIN,53,50,100,1800,180000.00,2016-09-20 03:09:00.168000
2712,201609203916742,PRIN,5,39,11,1801,19811.00,2016-09-20 03:09:00.167420
2713,201609203916680,PRIN,26,43,300,1815,544500.00,2016-09-20 03:09:00.166800
2714,201609203916561,PRIN,32,43,700,1821,1274700.00,2016-09-20 03:09:00.165610
2715,201609203916569,PRIN,17,37,500,1820,910000.00,2016-09-20 03:09:00.165690
2716,201609203916570,PRIN,33,37,500,1820,910000.00,2016-09-20 03:09:00.165700
2717,201609203916522,PRIN,32,36,300,1821,546300.00,2016-09-20 03:09:00.165220
2718,201609203916475,PRIN,32,22,150,1836,275400.00,2016-09-20 03:09:00.164750
2719,201609203916476,PRIN,50,22,450,1835,825750.00,2016-09-20 03:09:00.164760
2720,201609203916488,PRIN,57,59,500,1830,915000.00,2016-09-20 03:09:00.164880
2721,201609203916208,PRIN,32,34,50,1837,91850.00,2016-09-20 03:09:00.162080
2722,201609203916209,PRIN,32,34,50,1836,91800.00,2016-09-20 03:09:00.162090
2723,201609203916083,PRIN,26,6,50,1840,92000.00,2016-09-20 03:09:00.160830
2724,201609203915993,PRIN,53,8,27,1835,49545.00,2016-09-20 03:09:00.159930
2725,201609203915940,PRIN,7,6,50,1842,92100.00,2016-09-20 03:09:00.159400
2726,201609203915941,PRIN,33,6,300,1841,552300.00,2016-09-20 03:09:00.159410
2727,201609203915942,PRIN,21,6,100,1840,184000.00,2016-09-20 03:09:00.159420
2728,201609203915807,PRIN,32,25,13,1841,23933.00,2016-09-20 03:09:00.158070
2729,201609203915772,PRIN,32,14,500,1840,920000.00,2016-09-20 03:09:00.157720
2730,201609203915607,PRIN,45,29,200,1850,370000.00,2016-09-20 03:09:00.156070
2731,201609203915587,PRIN,45,34,300,1850,555000.00,2016-09-20 03:09:00.155870
2732,201609203915397,PRIN,32,14,100,1876,187600.00,2016-09-20 03:09:00.153970
2733,201609183915341,PRIN,26,28,180,1840,331200.00,2016-09-18 03:09:00.153410
2734,201609183915342,PRIN,26,28,58,1840,106720.00,2016-09-18 03:09:00.153420
2735,201609183915293,PRIN,43,28,20,1840,36800.00,2016-09-18 03:09:00.152930
2736,201609183915163,PRIN,6,6,40,1839,73560.00,2016-09-18 03:09:00.151630
2737,201609183915181,PRIN,32,28,100,1840,184000.00,2016-09-18 03:09:00.151810
2738,201609183915093,PRIN,57,59,300,1840,552000.00,2016-09-18 03:09:00.150930
2739,201609183914972,PRIN,11,38,100,1842,184200.00,2016-09-18 03:09:00.149720
2740,201609183914992,PRIN,11,6,60,1844,110640.00,2016-09-18 03:09:00.149920
2741,201609183914828,PRIN,53,38,20,1830,36600.00,2016-09-18 03:09:00.148280
2742,201609183914798,PRIN,38,38,100,1830,183000.00,2016-09-18 03:09:00.147980
2743,201609183914707,PRIN,53,59,250,1830,457500.00,2016-09-18 03:09:00.147070
2744,201609183914458,PRIN,50,38,350,1835,642250.00,2016-09-18 03:09:00.144580
2745,201609183914459,PRIN,21,38,50,1835,91750.00,2016-09-18 03:09:00.144590
2746,201609183914460,PRIN,21,38,50,1835,91750.00,2016-09-18 03:09:00.144600
2747,201609183914461,PRIN,7,38,200,1830,366000.00,2016-09-18 03:09:00.144610
2748,201609183914397,PRIN,50,56,150,1835,275250.00,2016-09-18 03:09:00.143970
2749,201609183914380,PRIN,38,38,200,1840,368000.00,2016-09-18 03:09:00.143800
2750,201609183914314,PRIN,38,38,88,1840,161920.00,2016-09-18 03:09:00.143140
2751,201609183914284,PRIN,53,41,62,1840,114080.00,2016-09-18 03:09:00.142840
2752,201609183914231,PRIN,38,47,100,1847,184700.00,2016-09-18 03:09:00.142310
2753,201609183914232,PRIN,50,47,100,1846,184600.00,2016-09-18 03:09:00.142320
2754,201609183914233,PRIN,14,47,200,1841,368200.00,2016-09-18 03:09:00.142330
2755,201609183914234,PRIN,49,47,100,1840,184000.00,2016-09-18 03:09:00.142340
2756,201609183914235,PRIN,22,47,100,1840,184000.00,2016-09-18 03:09:00.142350
2757,201609183914203,PRIN,56,34,100,1850,185000.00,2016-09-18 03:09:00.142030
2758,201609183914219,PRIN,32,34,100,1850,185000.00,2016-09-18 03:09:00.142190
2759,201609183914161,PRIN,38,20,100,1847,184700.00,2016-09-18 03:09:00.141610
2760,201609183913950,PRIN,54,38,340,1850,629000.00,2016-09-18 03:09:00.139500
2761,201609183913741,PRIN,57,38,50,1850,92500.00,2016-09-18 03:09:00.137410
2762,201609183913742,PRIN,58,38,500,1850,925000.00,2016-09-18 03:09:00.137420
2763,201609183913743,PRIN,34,38,100,1850,185000.00,2016-09-18 03:09:00.137430
2764,201609183913697,PRIN,34,38,50,1856,92800.00,2016-09-18 03:09:00.136970
2765,201609183913698,PRIN,59,38,100,1855,185500.00,2016-09-18 03:09:00.136980
2766,201609183913699,PRIN,38,38,200,1853,370600.00,2016-09-18 03:09:00.136990
2767,201609183913705,PRIN,57,59,400,1850,740000.00,2016-09-18 03:09:00.137050
2768,201609183913595,PRIN,53,34,50,1858,92900.00,2016-09-18 03:09:00.135950
2769,201609183913596,PRIN,53,34,200,1855,371000.00,2016-09-18 03:09:00.135960
2770,201609183913597,PRIN,56,34,50,1855,92750.00,2016-09-18 03:09:00.135970
2771,201609183913598,PRIN,34,34,200,1854,370800.00,2016-09-18 03:09:00.135980
2772,201609183913514,PRIN,34,34,200,1860,372000.00,2016-09-18 03:09:00.135140
2773,201609183913515,PRIN,5,34,100,1859,185900.00,2016-09-18 03:09:00.135150
2774,201609183913341,PRIN,26,28,300,1860,558000.00,2016-09-18 03:09:00.133410
2775,201609183913296,PRIN,34,28,200,1861,372200.00,2016-09-18 03:09:00.132960
2776,201609183913164,PRIN,33,45,100,1861,186100.00,2016-09-18 03:09:00.131640
2777,201609183913112,PRIN,14,58,15,1865,27975.00,2016-09-18 03:09:00.131120
2778,201609183913090,PRIN,34,41,100,1862,186200.00,2016-09-18 03:09:00.130900
2779,201609183913083,PRIN,53,26,200,1858,371600.00,2016-09-18 03:09:00.130830
2780,201609183913030,PRIN,14,36,180,1865,335700.00,2016-09-18 03:09:00.130300
2781,201609183913031,PRIN,14,41,100,1862,186200.00,2016-09-18 03:09:00.130310
2782,201609183912993,PRIN,43,41,100,1865,186500.00,2016-09-18 03:09:00.129930
2783,201609183913018,PRIN,14,41,50,1862,93100.00,2016-09-18 03:09:00.130180
2784,201609183913022,PRIN,43,36,20,1865,37300.00,2016-09-18 03:09:00.130220
2785,201609183912949,PRIN,43,41,50,1865,93250.00,2016-09-18 03:09:00.129490
2786,201609183912953,PRIN,43,17,30,1865,55950.00,2016-09-18 03:09:00.129530
2787,201609183912956,PRIN,49,39,17,1866,31722.00,2016-09-18 03:09:00.129560
2788,201609183912825,PRIN,33,34,50,1867,93350.00,2016-09-18 03:09:00.128250
2789,201609183912739,PRIN,33,17,450,1870,841500.00,2016-09-18 03:09:00.127390
2790,201609183912534,PRIN,14,57,50,1862,93100.00,2016-09-18 03:09:00.125340
2791,201609183912314,PRIN,53,17,181,1860,336660.00,2016-09-18 03:09:00.123140
2792,201609183912294,PRIN,45,45,100,1860,186000.00,2016-09-18 03:09:00.122940
2793,201609183912281,PRIN,45,50,100,1860,186000.00,2016-09-18 03:09:00.122810
2794,201609183912045,PRIN,26,11,300,1851,555300.00,2016-09-18 03:09:00.120450
2795,201609183912046,PRIN,25,11,100,1850,185000.00,2016-09-18 03:09:00.120460
2796,201609183912047,PRIN,43,11,50,1850,92500.00,2016-09-18 03:09:00.120470
2797,201609183912048,PRIN,57,11,50,1850,92500.00,2016-09-18 03:09:00.120480
2798,201609183911871,PRIN,49,46,100,1855,185500.00,2016-09-18 03:09:00.118710
2799,201609183911780,PRIN,53,28,100,1855,185500.00,2016-09-18 03:09:00.117800
2800,201609183911372,PRIN,33,1,750,1855,1391250.00,2016-09-18 03:09:00.113720
2801,201609183911316,PRIN,32,17,100,1850,185000.00,2016-09-18 03:09:00.113160
2802,201609183911021,PRIN,28,7,150,1850,277500.00,2016-09-18 03:09:00.110210
2803,201609183910949,PRIN,28,46,50,1845,92250.00,2016-09-18 03:09:00.109490
2804,201609183910630,PRIN,40,47,17,1845,31365.00,2016-09-18 03:09:00.106300
2805,201609183910639,PRIN,34,45,200,1850,370000.00,2016-09-18 03:09:00.106390
2806,201609183910478,PRIN,55,28,200,1850,370000.00,2016-09-18 03:09:00.104780
2807,201609183910489,PRIN,55,5,76,1855,140980.00,2016-09-18 03:09:00.104890
2808,201609183910503,PRIN,55,42,100,1850,185000.00,2016-09-18 03:09:00.105030
2809,201609183910473,PRIN,49,45,200,1840,368000.00,2016-09-18 03:09:00.104730
2810,201609183910308,PRIN,19,45,100,1855,185500.00,2016-09-18 03:09:00.103080
2811,201609183910238,PRIN,21,17,50,1870,93500.00,2016-09-18 03:09:00.102380
2812,201609183910192,PRIN,16,39,50,1867,93350.00,2016-09-18 03:09:00.101920
2813,201609183910202,PRIN,16,58,300,1866,559800.00,2016-09-18 03:09:00.102020
2814,201609183910203,PRIN,53,58,100,1865,186500.00,2016-09-18 03:09:00.102030
2815,201609183910213,PRIN,53,58,107,1865,199555.00,2016-09-18 03:09:00.102130
2816,201609183910154,PRIN,17,11,100,1870,187000.00,2016-09-18 03:09:00.101540
2817,201609183910163,PRIN,46,11,37,1871,69227.00,2016-09-18 03:09:00.101630
2818,201609183910131,PRIN,21,58,150,1875,281250.00,2016-09-18 03:09:00.101310
2819,201609183910132,PRIN,26,58,150,1875,281250.00,2016-09-18 03:09:00.101320
2820,201609183910134,PRIN,26,34,100,1875,187500.00,2016-09-18 03:09:00.101340
2821,201609183909939,PRIN,53,6,25,1879,46975.00,2016-09-18 03:09:00.099390
2822,201609183909511,PRIN,49,49,200,1879,375800.00,2016-09-18 03:09:00.095110
2823,201609183909512,PRIN,49,49,300,1879,563700.00,2016-09-18 03:09:00.095120
2824,201609183909516,PRIN,49,49,200,1879,375800.00,2016-09-18 03:09:00.095160
2825,201609183909502,PRIN,49,49,300,1879,563700.00,2016-09-18 03:09:00.095020
2826,201609183909433,PRIN,45,58,25,1875,46875.00,2016-09-18 03:09:00.094330
2827,201609183909420,PRIN,7,25,100,1876,187600.00,2016-09-18 03:09:00.094200
2828,201609183909430,PRIN,7,58,200,1876,375200.00,2016-09-18 03:09:00.094300
2829,201609183909431,PRIN,45,58,100,1875,187500.00,2016-09-18 03:09:00.094310
2830,201609183909328,PRIN,20,25,100,1880,188000.00,2016-09-18 03:09:00.093280
2831,201609183909317,PRIN,29,53,150,1880,282000.00,2016-09-18 03:09:00.093170
2832,201609183909205,PRIN,7,44,50,1885,94250.00,2016-09-18 03:09:00.092050
2833,201609183909173,PRIN,29,4,50,1880,94000.00,2016-09-18 03:09:00.091730
2834,201609183909143,PRIN,43,44,50,1885,94250.00,2016-09-18 03:09:00.091430
2835,201609183909067,PRIN,43,4,50,1885,94250.00,2016-09-18 03:09:00.090670
2836,201609183909030,PRIN,58,58,250,1890,472500.00,2016-09-18 03:09:00.090300
2837,201609183908858,PRIN,55,33,100,1899,189900.00,2016-09-18 03:09:00.088580
2838,201609183908859,PRIN,55,58,390,1900,741000.00,2016-09-18 03:09:00.088590
2839,201609183908842,PRIN,45,59,200,1900,380000.00,2016-09-18 03:09:00.088420
2840,201609183908816,PRIN,55,52,100,1900,190000.00,2016-09-18 03:09:00.088160
2841,201609183908817,PRIN,55,52,100,1906,190600.00,2016-09-18 03:09:00.088170
2842,201609183908789,PRIN,51,48,100,1900,190000.00,2016-09-18 03:09:00.087890
2843,201609183908674,PRIN,33,11,50,1874,93700.00,2016-09-18 03:09:00.086740
2844,201609143908196,PRIN,45,28,100,1870,187000.00,2016-09-14 03:09:00.081960
2845,201609143908197,PRIN,13,28,200,1870,374000.00,2016-09-14 03:09:00.081970
2846,201609143908181,PRIN,25,28,400,1872,748800.00,2016-09-14 03:09:00.081810
2847,201609143908061,PRIN,55,28,397,1875,744375.00,2016-09-14 03:09:00.080610
2848,201609143908068,PRIN,6,41,45,1873,84285.00,2016-09-14 03:09:00.080680
2849,201609143908107,PRIN,26,44,100,1880,188000.00,2016-09-14 03:09:00.081070
2850,201609143907997,PRIN,26,34,30,1880,56400.00,2016-09-14 03:09:00.079970
2851,201609143907998,PRIN,57,34,300,1875,562500.00,2016-09-14 03:09:00.079980
2852,201609143907999,PRIN,33,34,350,1874,655900.00,2016-09-14 03:09:00.079990
2853,201609143908000,PRIN,6,34,320,1873,599360.00,2016-09-14 03:09:00.080000
2854,201609143907963,PRIN,55,58,350,1879,657650.00,2016-09-14 03:09:00.079630
2855,201609143907964,PRIN,55,26,300,1880,564000.00,2016-09-14 03:09:00.079640
2856,201609143907965,PRIN,55,56,50,1880,94000.00,2016-09-14 03:09:00.079650
2857,201609143907966,PRIN,55,34,500,1882,941000.00,2016-09-14 03:09:00.079660
2858,201609143907932,PRIN,55,14,77,1879,144683.00,2016-09-14 03:09:00.079320
2859,201609143907858,PRIN,7,49,100,1879,187900.00,2016-09-14 03:09:00.078580
2860,201609143907711,PRIN,6,6,150,1879,281850.00,2016-09-14 03:09:00.077110
2861,201609143907664,PRIN,59,56,50,1880,94000.00,2016-09-14 03:09:00.076640
2862,201609143907543,PRIN,8,49,200,1881,376200.00,2016-09-14 03:09:00.075430
2863,201609143907464,PRIN,33,28,100,1874,187400.00,2016-09-14 03:09:00.074640
2864,201609143907414,PRIN,33,11,50,1874,93700.00,2016-09-14 03:09:00.074140
2865,201609143907365,PRIN,1,11,60,1881,112860.00,2016-09-14 03:09:00.073650
2866,201609143907366,PRIN,1,49,550,1881,1034550.00,2016-09-14 03:09:00.073660
2867,201609143907288,PRIN,47,49,100,1873,187300.00,2016-09-14 03:09:00.072880
2868,201609143907289,PRIN,52,49,100,1873,187300.00,2016-09-14 03:09:00.072890
2869,201609143907290,PRIN,25,49,600,1872,1123200.00,2016-09-14 03:09:00.072900
2870,201609143907313,PRIN,57,58,140,1879,263060.00,2016-09-14 03:09:00.073130
2871,201609143907314,PRIN,57,40,300,1880,564000.00,2016-09-14 03:09:00.073140
2872,201609143907315,PRIN,57,6,150,1881,282150.00,2016-09-14 03:09:00.073150
2873,201609143907321,PRIN,57,10,63,1881,118503.00,2016-09-14 03:09:00.073210
2874,201609143907201,PRIN,10,58,100,1879,187900.00,2016-09-14 03:09:00.072010
2875,201609143907001,PRIN,28,1,200,1879,375800.00,2016-09-14 03:09:00.070010
2876,201609143907006,PRIN,32,58,300,1877,563100.00,2016-09-14 03:09:00.070060
2877,201609143907007,PRIN,56,58,60,1876,112560.00,2016-09-14 03:09:00.070070
2878,201609143907008,PRIN,32,58,500,1876,938000.00,2016-09-14 03:09:00.070080
2879,201609143907009,PRIN,53,58,100,1875,187500.00,2016-09-14 03:09:00.070090
2880,201609143907010,PRIN,32,58,200,1875,375000.00,2016-09-14 03:09:00.070100
2881,201609143907011,PRIN,32,58,100,1875,187500.00,2016-09-14 03:09:00.070110
2882,201609143907012,PRIN,14,58,500,1874,937000.00,2016-09-14 03:09:00.070120
2883,201609143906915,PRIN,45,42,100,1880,188000.00,2016-09-14 03:09:00.069150
2884,201609143906841,PRIN,45,45,200,1880,376000.00,2016-09-14 03:09:00.068410
2885,201609143906683,PRIN,56,19,800,1881,1504800.00,2016-09-14 03:09:00.066830
2886,201609143906654,PRIN,56,33,200,1880,376000.00,2016-09-14 03:09:00.066540
2887,201609143906655,PRIN,56,33,785,1880,1475800.00,2016-09-14 03:09:00.066550
2888,201609143906665,PRIN,56,48,42,1880,78960.00,2016-09-14 03:09:00.066650
2889,201609143906598,PRIN,33,56,200,1880,376000.00,2016-09-14 03:09:00.065980
2890,201609143906578,PRIN,29,40,200,1880,376000.00,2016-09-14 03:09:00.065780
2891,201609143906366,PRIN,52,48,100,1880,188000.00,2016-09-14 03:09:00.063660
2892,201609143906367,PRIN,5,58,100,1885,188500.00,2016-09-14 03:09:00.063670
2893,201609143906319,PRIN,10,36,50,1881,94050.00,2016-09-14 03:09:00.063190
2894,201609143906320,PRIN,17,36,50,1880,94000.00,2016-09-14 03:09:00.063200
2895,201609143906321,PRIN,52,36,400,1880,752000.00,2016-09-14 03:09:00.063210
2896,201609143905338,PRIN,21,19,37,1885,69745.00,2016-09-14 03:09:00.053380
2897,201609143905287,PRIN,53,47,50,1891,94550.00,2016-09-14 03:09:00.052870
2898,201609143904820,PRIN,33,36,63,1885,118755.00,2016-09-14 03:09:00.048200
2899,201609143904786,PRIN,39,36,100,1890,189000.00,2016-09-14 03:09:00.047860
2900,201609143904635,PRIN,36,11,20,1883,37660.00,2016-09-14 03:09:00.046350
2901,201609143904636,PRIN,29,11,40,1882,75280.00,2016-09-14 03:09:00.046360
2902,201609143904637,PRIN,36,11,200,1881,376200.00,2016-09-14 03:09:00.046370
2903,201609143904638,PRIN,54,11,50,1880,94000.00,2016-09-14 03:09:00.046380
2904,201609143904639,PRIN,1,11,100,1880,188000.00,2016-09-14 03:09:00.046390
2905,201609143904640,PRIN,25,11,200,1880,376000.00,2016-09-14 03:09:00.046400
2906,201609143904631,PRIN,36,26,100,1889,188900.00,2016-09-14 03:09:00.046310
2907,201609143904294,PRIN,53,17,150,1884,282600.00,2016-09-14 03:09:00.042940
2908,201609143904309,PRIN,33,46,200,1885,377000.00,2016-09-14 03:09:00.043090
2909,201609143904310,PRIN,33,26,200,1885,377000.00,2016-09-14 03:09:00.043100
2910,201609143904236,PRIN,38,17,144,1883,271152.00,2016-09-14 03:09:00.042360
2911,201609143904240,PRIN,36,33,30,1883,56490.00,2016-09-14 03:09:00.042400
2912,201609143904210,PRIN,21,17,50,1885,94250.00,2016-09-14 03:09:00.042100
2913,201609143903940,PRIN,33,46,200,1884,376800.00,2016-09-14 03:09:00.039400
2914,201609143903741,PRIN,33,33,500,1885,942500.00,2016-09-14 03:09:00.037410
2915,201609143903706,PRIN,36,14,100,1895,189500.00,2016-09-14 03:09:00.037060
2916,201609143903666,PRIN,36,34,100,1895,189500.00,2016-09-14 03:09:00.036660
2917,201609143903594,PRIN,26,21,39,1883,73437.00,2016-09-14 03:09:00.035940
2918,201609143903590,PRIN,41,32,120,1885,226200.00,2016-09-14 03:09:00.035900
2919,201609143903542,PRIN,34,32,200,1885,377000.00,2016-09-14 03:09:00.035420
2920,201609143903511,PRIN,53,32,400,1885,754000.00,2016-09-14 03:09:00.035110
2921,201609143903470,PRIN,58,45,250,1885,471250.00,2016-09-14 03:09:00.034700
2922,201609143903488,PRIN,34,58,300,1883,564900.00,2016-09-14 03:09:00.034880
2923,201609143903496,PRIN,7,45,70,1885,131950.00,2016-09-14 03:09:00.034960
2924,201609143903497,PRIN,7,32,230,1885,433550.00,2016-09-14 03:09:00.034970
2925,201609143903498,PRIN,53,32,50,1885,94250.00,2016-09-14 03:09:00.034980
2926,201609143903438,PRIN,36,17,150,1883,282450.00,2016-09-14 03:09:00.034380
2927,201609143903453,PRIN,58,25,57,1885,107445.00,2016-09-14 03:09:00.034530
2928,201609143903456,PRIN,36,45,180,1885,339300.00,2016-09-14 03:09:00.034560
2929,201609143903414,PRIN,25,45,500,1882,941000.00,2016-09-14 03:09:00.034140
2930,201609143903430,PRIN,36,26,23,1883,43309.00,2016-09-14 03:09:00.034300
2931,201609143903344,PRIN,39,8,200,1881,376200.00,2016-09-14 03:09:00.033440
2932,201609143903347,PRIN,36,19,100,1880,188000.00,2016-09-14 03:09:00.033470
2933,201609143903357,PRIN,36,8,300,1881,564300.00,2016-09-14 03:09:00.033570
2934,201609143903315,PRIN,36,14,100,1880,188000.00,2016-09-14 03:09:00.033150
2935,201609143903292,PRIN,6,33,20,1880,37600.00,2016-09-14 03:09:00.032920
2936,201609143903293,PRIN,45,33,200,1876,375200.00,2016-09-14 03:09:00.032930
2937,201609143903294,PRIN,17,33,50,1875,93750.00,2016-09-14 03:09:00.032940
2938,201609143903295,PRIN,33,33,300,1875,562500.00,2016-09-14 03:09:00.032950
2939,201609143903301,PRIN,36,50,493,1879,926347.00,2016-09-14 03:09:00.033010
2940,201609143903260,PRIN,45,50,500,1876,938000.00,2016-09-14 03:09:00.032600
2941,201609143903222,PRIN,41,32,100,1880,188000.00,2016-09-14 03:09:00.032220
2942,201609143903223,PRIN,58,32,200,1880,376000.00,2016-09-14 03:09:00.032230
2943,201609143903230,PRIN,6,32,80,1880,150400.00,2016-09-14 03:09:00.032300
2944,201609143903204,PRIN,41,25,200,1880,376000.00,2016-09-14 03:09:00.032040
2945,201609143903144,PRIN,33,33,500,1876,938000.00,2016-09-14 03:09:00.031440
2946,201609143903028,PRIN,36,50,60,1880,112800.00,2016-09-14 03:09:00.030280
2947,201609143903029,PRIN,34,50,300,1870,561000.00,2016-09-14 03:09:00.030290
2948,201609143903030,PRIN,34,50,100,1868,186800.00,2016-09-14 03:09:00.030300
2949,201609143903031,PRIN,34,50,100,1868,186800.00,2016-09-14 03:09:00.030310
2950,201609143903032,PRIN,56,50,210,1867,392070.00,2016-09-14 03:09:00.030320
2951,201609143903033,PRIN,42,50,200,1866,373200.00,2016-09-14 03:09:00.030330
2952,201609143903034,PRIN,53,50,300,1865,559500.00,2016-09-14 03:09:00.030340
2953,201609143903035,PRIN,53,50,230,1865,428950.00,2016-09-14 03:09:00.030350
2954,201609143903020,PRIN,36,26,100,1879,187900.00,2016-09-14 03:09:00.030200
2955,201609143903021,PRIN,36,26,40,1880,75200.00,2016-09-14 03:09:00.030210
2956,201609143903022,PRIN,36,22,100,1880,188000.00,2016-09-14 03:09:00.030220
2957,201609143902969,PRIN,10,58,200,1870,374000.00,2016-09-14 03:09:00.029690
2958,201609143902905,PRIN,33,38,500,1870,935000.00,2016-09-14 03:09:00.029050
2959,201609143902765,PRIN,53,14,50,1870,93500.00,2016-09-14 03:09:00.027650
2960,201609143902559,PRIN,53,34,200,1880,376000.00,2016-09-14 03:09:00.025590
2961,201609143902560,PRIN,53,33,200,1881,376200.00,2016-09-14 03:09:00.025600
2962,201609143902582,PRIN,54,33,200,1881,376200.00,2016-09-14 03:09:00.025820
2963,201609143902531,PRIN,38,34,27,1880,50760.00,2016-09-14 03:09:00.025310
2964,201609143902543,PRIN,38,45,100,1880,188000.00,2016-09-14 03:09:00.025430
2965,201609143902544,PRIN,38,14,100,1880,188000.00,2016-09-14 03:09:00.025440
2966,201609143902545,PRIN,38,34,300,1880,564000.00,2016-09-14 03:09:00.025450
2967,201609143902501,PRIN,33,33,500,1860,930000.00,2016-09-14 03:09:00.025010
2968,201609143902466,PRIN,49,50,167,1870,312290.00,2016-09-14 03:09:00.024660
2969,201609143902221,PRIN,53,32,200,1861,372200.00,2016-09-14 03:09:00.022210
2970,201609143902222,PRIN,41,32,100,1860,186000.00,2016-09-14 03:09:00.022220
2971,201609143902013,PRIN,49,26,200,1865,373000.00,2016-09-14 03:09:00.020130
2972,201609143901800,PRIN,46,34,500,1875,937500.00,2016-09-14 03:09:00.018000
2973,201609143901801,PRIN,26,57,100,1860,186000.00,2016-09-14 03:09:00.018010
2974,201609143901802,PRIN,45,57,100,1860,186000.00,2016-09-14 03:09:00.018020
2975,201609143901771,PRIN,17,34,300,1875,562500.00,2016-09-14 03:09:00.017710
2976,201609143901742,PRIN,53,45,200,1880,376000.00,2016-09-14 03:09:00.017420
2977,201609143901743,PRIN,50,45,500,1880,940000.00,2016-09-14 03:09:00.017430
2978,201609143901744,PRIN,38,45,200,1880,376000.00,2016-09-14 03:09:00.017440
2979,201609143901754,PRIN,33,33,500,1880,940000.00,2016-09-14 03:09:00.017540
2980,201609143901705,PRIN,36,25,200,1882,376400.00,2016-09-14 03:09:00.017050
2981,201609143901706,PRIN,51,25,50,1881,94050.00,2016-09-14 03:09:00.017060
2982,201609143901707,PRIN,43,25,100,1880,188000.00,2016-09-14 03:09:00.017070
2983,201609143901708,PRIN,13,25,93,1880,174840.00,2016-09-14 03:09:00.017080
2984,201609143901709,PRIN,49,59,93,1885,175305.00,2016-09-14 03:09:00.017090
2985,201609143901675,PRIN,38,58,300,1880,564000.00,2016-09-14 03:09:00.016750
2986,201609143901641,PRIN,8,33,200,1885,377000.00,2016-09-14 03:09:00.016410
2987,201609143901627,PRIN,53,34,100,1886,188600.00,2016-09-14 03:09:00.016270
2988,201609143901628,PRIN,46,34,100,1885,188500.00,2016-09-14 03:09:00.016280
2989,201609143901636,PRIN,38,58,200,1880,376000.00,2016-09-14 03:09:00.016360
2990,201609143901606,PRIN,10,58,150,1894,284100.00,2016-09-14 03:09:00.016060
2991,201609143901586,PRIN,10,26,200,1894,378800.00,2016-09-14 03:09:00.015860
2992,201609143901590,PRIN,10,29,50,1895,94750.00,2016-09-14 03:09:00.015900
2993,201609143901453,PRIN,17,36,100,1895,189500.00,2016-09-14 03:09:00.014530
2994,201609143901431,PRIN,33,33,500,1900,950000.00,2016-09-14 03:09:00.014310
2995,201609143901410,PRIN,49,8,100,1905,190500.00,2016-09-14 03:09:00.014100
2996,201609143901411,PRIN,45,8,100,1905,190500.00,2016-09-14 03:09:00.014110
2997,201609143901412,PRIN,53,8,300,1901,570300.00,2016-09-14 03:09:00.014120
2998,201609143901347,PRIN,49,41,12,1899,22788.00,2016-09-14 03:09:00.013470
2999,201609143901350,PRIN,49,14,100,1899,189900.00,2016-09-14 03:09:00.013500
3000,201609143901352,PRIN,33,21,300,1900,570000.00,2016-09-14 03:09:00.013520
3001,201609143901315,PRIN,49,34,370,1885,697450.00,2016-09-14 03:09:00.013150
3002,201609143901318,PRIN,33,34,200,1885,377000.00,2016-09-14 03:09:00.013180
3003,201609143901319,PRIN,33,48,200,1894,378800.00,2016-09-14 03:09:00.013190
3004,201609143901320,PRIN,33,53,150,1905,285750.00,2016-09-14 03:09:00.013200
3005,201609143901302,PRIN,49,53,50,1895,94750.00,2016-09-14 03:09:00.013020
3006,201609143901303,PRIN,49,8,100,1895,189500.00,2016-09-14 03:09:00.013030
3007,201609143901309,PRIN,49,34,100,1893,189300.00,2016-09-14 03:09:00.013090
3008,201609143901283,PRIN,17,58,100,1890,189000.00,2016-09-14 03:09:00.012830
3009,201609143901284,PRIN,49,48,154,1890,291060.00,2016-09-14 03:09:00.012840
3010,201609143901296,PRIN,45,58,100,1890,189000.00,2016-09-14 03:09:00.012960
3011,201609143901279,PRIN,49,26,130,1885,245050.00,2016-09-14 03:09:00.012790
3012,201609143901281,PRIN,17,58,100,1890,189000.00,2016-09-14 03:09:00.012810
3013,201609143901217,PRIN,49,22,89,1880,167320.00,2016-09-14 03:09:00.012170
3014,201609143901215,PRIN,49,58,100,1879,187900.00,2016-09-14 03:09:00.012150
3015,201609123901206,PRIN,58,32,20,1849,36980.00,2016-09-12 03:09:00.012060
3016,201609123901172,PRIN,46,55,200,1850,370000.00,2016-09-12 03:09:00.011720
3017,201609123901099,PRIN,46,38,100,1844,184400.00,2016-09-12 03:09:00.010990
3018,201609123901049,PRIN,58,59,305,1845,562725.00,2016-09-12 03:09:00.010490
3019,201609123900910,PRIN,58,37,200,1840,368000.00,2016-09-12 03:09:00.009100
3020,201609123900933,PRIN,25,59,100,1850,185000.00,2016-09-12 03:09:00.009330
3021,201609123900862,PRIN,58,6,50,1840,92000.00,2016-09-12 03:09:00.008620
3022,201609123900840,PRIN,39,6,100,1840,184000.00,2016-09-12 03:09:00.008400
3023,201609123900745,PRIN,29,6,50,1856,92800.00,2016-09-12 03:09:00.007450
3024,201609123900749,PRIN,46,32,150,1850,277500.00,2016-09-12 03:09:00.007490
3025,201609123900751,PRIN,34,32,150,1850,277500.00,2016-09-12 03:09:00.007510
3026,201609123900696,PRIN,58,17,50,1845,92250.00,2016-09-12 03:09:00.006960
3027,201609123900697,PRIN,58,32,250,1845,461250.00,2016-09-12 03:09:00.006970
3028,201609123900705,PRIN,58,32,250,1845,461250.00,2016-09-12 03:09:00.007050
3029,201609123900720,PRIN,58,17,50,1850,92500.00,2016-09-12 03:09:00.007200
3030,201609123900721,PRIN,58,41,100,1850,185000.00,2016-09-12 03:09:00.007210
3031,201609123900640,PRIN,58,48,313,1842,576546.00,2016-09-12 03:09:00.006400
3032,201609123900649,PRIN,58,26,100,1844,184400.00,2016-09-12 03:09:00.006490
3033,201609123900592,PRIN,14,26,100,1836,183600.00,2016-09-12 03:09:00.005920
3034,201609123900593,PRIN,14,6,50,1837,91850.00,2016-09-12 03:09:00.005930
3035,201609123900594,PRIN,14,32,500,1838,919000.00,2016-09-12 03:09:00.005940
3036,201609123900595,PRIN,14,26,100,1840,184000.00,2016-09-12 03:09:00.005950
3037,201609123900596,PRIN,14,49,1000,1840,1840000.00,2016-09-12 03:09:00.005960
3038,201609123900597,PRIN,14,45,300,1840,552000.00,2016-09-12 03:09:00.005970
3039,201609123900552,PRIN,17,44,100,1836,183600.00,2016-09-12 03:09:00.005520
3040,201609123900553,PRIN,29,44,100,1831,183100.00,2016-09-12 03:09:00.005530
3041,201609123900491,PRIN,17,53,54,1836,99144.00,2016-09-12 03:09:00.004910
3042,201609123900521,PRIN,17,5,100,1836,183600.00,2016-09-12 03:09:00.005210
3043,201609123900522,PRIN,17,55,100,1836,183600.00,2016-09-12 03:09:00.005220
3044,201609123900482,PRIN,25,45,100,1835,183500.00,2016-09-12 03:09:00.004820
3045,201609123900339,PRIN,29,32,100,1830,183000.00,2016-09-12 03:09:00.003390
3046,201609123900340,PRIN,28,32,500,1830,915000.00,2016-09-12 03:09:00.003400
3047,201609123900345,PRIN,58,32,300,1830,549000.00,2016-09-12 03:09:00.003450
3048,201609123900355,PRIN,32,32,50,1830,91500.00,2016-09-12 03:09:00.003550
3049,201609123900357,PRIN,46,38,100,1835,183500.00,2016-09-12 03:09:00.003570
3050,201609123900358,PRIN,46,22,100,1835,183500.00,2016-09-12 03:09:00.003580
3051,201609123900363,PRIN,34,22,100,1835,183500.00,2016-09-12 03:09:00.003630
3052,201609123900377,PRIN,34,52,55,1835,100925.00,2016-09-12 03:09:00.003770
3053,201609123900310,PRIN,28,32,50,1836,91800.00,2016-09-12 03:09:00.003100
3054,201609123900317,PRIN,58,38,100,1832,183200.00,2016-09-12 03:09:00.003170
3055,201609123900327,PRIN,58,38,100,1832,183200.00,2016-09-12 03:09:00.003270
3056,201609123900273,PRIN,33,4,50,1833,91650.00,2016-09-12 03:09:00.002730
3057,201609123900274,PRIN,33,40,100,1834,183400.00,2016-09-12 03:09:00.002740
3058,201609123900275,PRIN,33,48,150,1836,275400.00,2016-09-12 03:09:00.002750
3059,201609123900231,PRIN,58,7,100,1830,183000.00,2016-09-12 03:09:00.002310
3060,201609123900233,PRIN,58,32,500,1832,916000.00,2016-09-12 03:09:00.002330
3061,201609123900224,PRIN,1,48,200,1828,365600.00,2016-09-12 03:09:00.002240
3062,201609123900225,PRIN,58,25,18,1830,32940.00,2016-09-12 03:09:00.002250
3063,201609123900174,PRIN,1,45,270,1828,493560.00,2016-09-12 03:09:00.001740
3064,201609123900075,PRIN,58,16,68,1825,124100.00,2016-09-12 03:09:00.000750
3065,201609123900060,PRIN,33,20,100,1825,182500.00,2016-09-12 03:09:00.000600
3066,201609123899996,PRIN,58,13,437,1830,799710.00,2016-09-12 03:08:00.999960
3067,201609123899924,PRIN,58,36,200,1825,365000.00,2016-09-12 03:08:00.999240
3068,201609123899925,PRIN,58,5,50,1825,91250.00,2016-09-12 03:08:00.999250
3069,201609123899926,PRIN,58,37,300,1825,547500.00,2016-09-12 03:08:00.999260
3070,201609123899927,PRIN,33,45,600,1812,1087200.00,2016-09-12 03:08:00.999270
3071,201609123899891,PRIN,33,17,100,1820,182000.00,2016-09-12 03:08:00.998910
3072,201609123899892,PRIN,45,45,2000,1801,3602000.00,2016-09-12 03:08:00.998920
3073,201609123899907,PRIN,7,48,50,1813,90650.00,2016-09-12 03:08:00.999070
3074,201609123899878,PRIN,58,22,296,1814,536944.00,2016-09-12 03:08:00.998780
3075,201609123899885,PRIN,58,16,200,1815,363000.00,2016-09-12 03:08:00.998850
3076,201609123899801,PRIN,5,19,100,1813,181300.00,2016-09-12 03:08:00.998010
3077,201609123899711,PRIN,58,29,200,1812,362400.00,2016-09-12 03:08:00.997110
3078,201609123899724,PRIN,59,45,400,1810,724000.00,2016-09-12 03:08:00.997240
3079,201609123899656,PRIN,58,38,500,1810,905000.00,2016-09-12 03:08:00.996560
3080,201609123899581,PRIN,53,45,500,1808,904000.00,2016-09-12 03:08:00.995810
3081,201609123899511,PRIN,36,45,80,1810,144800.00,2016-09-12 03:08:00.995110
3082,201609123899512,PRIN,41,45,100,1805,180500.00,2016-09-12 03:08:00.995120
3083,201609123899513,PRIN,32,45,100,1805,180500.00,2016-09-12 03:08:00.995130
3084,201609123899532,PRIN,36,45,100,1805,180500.00,2016-09-12 03:08:00.995320
3085,201609123899533,PRIN,56,45,620,1805,1119100.00,2016-09-12 03:08:00.995330
3086,201609123899534,PRIN,56,19,300,1810,543000.00,2016-09-12 03:08:00.995340
3087,201609123899480,PRIN,36,11,20,1809,36180.00,2016-09-12 03:08:00.994800
3088,201609123899481,PRIN,36,47,100,1810,181000.00,2016-09-12 03:08:00.994810
3089,201609123899482,PRIN,36,7,100,1810,181000.00,2016-09-12 03:08:00.994820
3090,201609123899483,PRIN,36,25,100,1810,181000.00,2016-09-12 03:08:00.994830
3091,201609123899484,PRIN,36,29,50,1810,90500.00,2016-09-12 03:08:00.994840
3092,201609123899485,PRIN,36,26,50,1810,90500.00,2016-09-12 03:08:00.994850
3093,201609123899423,PRIN,21,6,86,1808,155488.00,2016-09-12 03:08:00.994230
3094,201609123899403,PRIN,53,45,300,1805,541500.00,2016-09-12 03:08:00.994030
3095,201609123899411,PRIN,56,45,600,1805,1083000.00,2016-09-12 03:08:00.994110
3096,201609123899394,PRIN,53,45,100,1805,180500.00,2016-09-12 03:08:00.993940
3097,201609123899287,PRIN,33,45,1000,1800,1800000.00,2016-09-12 03:08:00.992870
3098,201609123899161,PRIN,19,45,300,1803,540900.00,2016-09-12 03:08:00.991610
3099,201609123899162,PRIN,32,45,500,1802,901000.00,2016-09-12 03:08:00.991620
3100,201609123899163,PRIN,55,45,300,1800,540000.00,2016-09-12 03:08:00.991630
3101,201609123899134,PRIN,38,38,100,1808,180800.00,2016-09-12 03:08:00.991340
3102,201609123899139,PRIN,4,45,50,1809,90450.00,2016-09-12 03:08:00.991390
3103,201609123898853,PRIN,36,45,100,1809,180900.00,2016-09-12 03:08:00.988530
3104,201609123898426,PRIN,53,45,400,1809,723600.00,2016-09-12 03:08:00.984260
3105,201609123898392,PRIN,5,55,100,1809,180900.00,2016-09-12 03:08:00.983920
3106,201609123898329,PRIN,50,59,500,1801,900500.00,2016-09-12 03:08:00.983290
3107,201609123898330,PRIN,38,59,20,1800,36000.00,2016-09-12 03:08:00.983300
3108,201609123898331,PRIN,7,59,100,1800,180000.00,2016-09-12 03:08:00.983310
3109,201609123898332,PRIN,14,59,100,1800,180000.00,2016-09-12 03:08:00.983320
3110,201609123898343,PRIN,21,37,100,1808,180800.00,2016-09-12 03:08:00.983430
3111,201609123898028,PRIN,7,21,104,1800,187200.00,2016-09-12 03:08:00.980280
3112,201609123898050,PRIN,46,21,300,1800,540000.00,2016-09-12 03:08:00.980500
3113,201609123897751,PRIN,40,45,100,1801,180100.00,2016-09-12 03:08:00.977510
3114,201609123897752,PRIN,32,45,100,1800,180000.00,2016-09-12 03:08:00.977520
3115,201609123897753,PRIN,13,45,90,1800,162000.00,2016-09-12 03:08:00.977530
3116,201609123897754,PRIN,38,45,130,1800,234000.00,2016-09-12 03:08:00.977540
3117,201609123897566,PRIN,50,45,500,1804,902000.00,2016-09-12 03:08:00.975660
3118,201609123897567,PRIN,46,45,300,1804,541200.00,2016-09-12 03:08:00.975670
3119,201609123897568,PRIN,14,45,100,1803,180300.00,2016-09-12 03:08:00.975680
3120,201609123897569,PRIN,14,45,100,1802,180200.00,2016-09-12 03:08:00.975690
3121,201609123897570,PRIN,14,45,300,1802,540600.00,2016-09-12 03:08:00.975700
3122,201609123897571,PRIN,6,45,30,1801,54030.00,2016-09-12 03:08:00.975710
3123,201609123897572,PRIN,22,45,250,1801,450250.00,2016-09-12 03:08:00.975720
3124,201609123897410,PRIN,21,45,50,1807,90350.00,2016-09-12 03:08:00.974100
3125,201609123897411,PRIN,50,45,1000,1805,1805000.00,2016-09-12 03:08:00.974110
3126,201609123897412,PRIN,50,45,300,1805,541500.00,2016-09-12 03:08:00.974120
3127,201609123897304,PRIN,6,45,80,1816,145280.00,2016-09-12 03:08:00.973040
3128,201609123897305,PRIN,14,45,350,1815,635250.00,2016-09-12 03:08:00.973050
3129,201609123897306,PRIN,25,45,100,1810,181000.00,2016-09-12 03:08:00.973060
3130,201609123897307,PRIN,47,45,200,1806,361200.00,2016-09-12 03:08:00.973070
3131,201609123897308,PRIN,49,45,500,1805,902500.00,2016-09-12 03:08:00.973080
3132,201609123897179,PRIN,14,54,100,1825,182500.00,2016-09-12 03:08:00.971790
3133,201609123897151,PRIN,13,32,50,1821,91050.00,2016-09-12 03:08:00.971510
3134,201609123897152,PRIN,50,32,300,1821,546300.00,2016-09-12 03:08:00.971520
3135,201609123897153,PRIN,14,32,150,1820,273000.00,2016-09-12 03:08:00.971530
3136,201609123897154,PRIN,14,17,200,1825,365000.00,2016-09-12 03:08:00.971540
3137,201609123897155,PRIN,14,59,100,1827,182700.00,2016-09-12 03:08:00.971550
3138,201609123897156,PRIN,14,26,200,1828,365600.00,2016-09-12 03:08:00.971560
3139,201609123897157,PRIN,14,39,100,1828,182800.00,2016-09-12 03:08:00.971570
3140,201609123897158,PRIN,14,49,380,1829,695020.00,2016-09-12 03:08:00.971580
3141,201609123897159,PRIN,14,21,100,1830,183000.00,2016-09-12 03:08:00.971590
3142,201609123897160,PRIN,14,53,39,1830,71370.00,2016-09-12 03:08:00.971600
3143,201609123897130,PRIN,7,36,50,1822,91100.00,2016-09-12 03:08:00.971300
3144,201609123897124,PRIN,26,36,150,1823,273450.00,2016-09-12 03:08:00.971240
3145,201609123897074,PRIN,59,32,100,1827,182700.00,2016-09-12 03:08:00.970740
3146,201609123897047,PRIN,59,55,100,1827,182700.00,2016-09-12 03:08:00.970470
3147,201609123896965,PRIN,50,34,121,1825,220825.00,2016-09-12 03:08:00.969650
3148,201609123896915,PRIN,47,34,200,1825,365000.00,2016-09-12 03:08:00.969150
3149,201609123896908,PRIN,47,6,300,1825,547500.00,2016-09-12 03:08:00.969080
3150,201609123896681,PRIN,14,26,100,1821,182100.00,2016-09-12 03:08:00.966810
3151,201609123896540,PRIN,32,49,50,1829,91450.00,2016-09-12 03:08:00.965400
3152,201609123896542,PRIN,17,49,120,1829,219480.00,2016-09-12 03:08:00.965420
3153,201609123896488,PRIN,50,34,200,1830,366000.00,2016-09-12 03:08:00.964880
3154,201609123896490,PRIN,36,49,50,1830,91500.00,2016-09-12 03:08:00.964900
3155,201609123896464,PRIN,32,34,50,1830,91500.00,2016-09-12 03:08:00.964640
3156,201609123896466,PRIN,32,34,100,1830,183000.00,2016-09-12 03:08:00.964660
3157,201609123896470,PRIN,50,49,300,1829,548700.00,2016-09-12 03:08:00.964700
3158,201609123896471,PRIN,50,34,490,1830,896700.00,2016-09-12 03:08:00.964710
3159,201609123896437,PRIN,17,48,30,1824,54720.00,2016-09-12 03:08:00.964370
3160,201609123896438,PRIN,17,1,200,1825,365000.00,2016-09-12 03:08:00.964380
3161,201609123896439,PRIN,17,48,150,1825,273750.00,2016-09-12 03:08:00.964390
3162,201609123896243,PRIN,34,40,200,1815,363000.00,2016-09-12 03:08:00.962430
3163,201609123896068,PRIN,33,6,26,1825,47450.00,2016-09-12 03:08:00.960680
3164,201609123896073,PRIN,33,17,100,1835,183500.00,2016-09-12 03:08:00.960730
3165,201609123896074,PRIN,33,39,100,1836,183600.00,2016-09-12 03:08:00.960740
3166,201609123896057,PRIN,32,55,100,1820,182000.00,2016-09-12 03:08:00.960570
3167,201609123896059,PRIN,33,36,212,1820,385840.00,2016-09-12 03:08:00.960590
3168,201609123896037,PRIN,38,22,100,1820,182000.00,2016-09-12 03:08:00.960370
3169,201609123896021,PRIN,8,21,200,1815,363000.00,2016-09-12 03:08:00.960210
3170,201609123895977,PRIN,8,14,200,1810,362000.00,2016-09-12 03:08:00.959770
3171,201609113895476,PRIN,51,28,300,1800,540000.00,2016-09-11 03:08:00.954760
3172,201609113895477,PRIN,51,36,100,1800,180000.00,2016-09-11 03:08:00.954770
3173,201609113895478,PRIN,51,11,100,1800,180000.00,2016-09-11 03:08:00.954780
3174,201609113895479,PRIN,51,38,200,1800,360000.00,2016-09-11 03:08:00.954790
3175,201609113895480,PRIN,51,38,100,1800,180000.00,2016-09-11 03:08:00.954800
3176,201609113895481,PRIN,51,50,200,1800,360000.00,2016-09-11 03:08:00.954810
3177,201609113895461,PRIN,11,28,100,1800,180000.00,2016-09-11 03:08:00.954610
3178,201609113895421,PRIN,49,36,200,1799,359800.00,2016-09-11 03:08:00.954210
3179,201609113895422,PRIN,49,39,150,1799,269850.00,2016-09-11 03:08:00.954220
3180,201609113895430,PRIN,14,43,250,1796,449000.00,2016-09-11 03:08:00.954300
3181,201609113895435,PRIN,42,28,130,1800,234000.00,2016-09-11 03:08:00.954350
3182,201609113895436,PRIN,42,28,100,1800,180000.00,2016-09-11 03:08:00.954360
3183,201609113895437,PRIN,42,28,270,1800,486000.00,2016-09-11 03:08:00.954370
3184,201609113895382,PRIN,51,19,88,1799,158312.00,2016-09-11 03:08:00.953820
3185,201609113895226,PRIN,14,29,200,1795,359000.00,2016-09-11 03:08:00.952260
3186,201609113895169,PRIN,51,48,60,1795,107700.00,2016-09-11 03:08:00.951690
3187,201609113895085,PRIN,59,50,47,1793,84271.00,2016-09-11 03:08:00.950850
3188,201609113895086,PRIN,51,37,100,1799,179900.00,2016-09-11 03:08:00.950860
3189,201609113894936,PRIN,33,19,100,1798,179800.00,2016-09-11 03:08:00.949360
3190,201609113894937,PRIN,33,28,200,1799,359800.00,2016-09-11 03:08:00.949370
3191,201609113894836,PRIN,46,19,100,1795,179500.00,2016-09-11 03:08:00.948360
3192,201609113894820,PRIN,56,29,200,1795,359000.00,2016-09-11 03:08:00.948200
3193,201609113894711,PRIN,42,11,150,1788,268200.00,2016-09-11 03:08:00.947110
3194,201609113894471,PRIN,49,38,300,1795,538500.00,2016-09-11 03:08:00.944710
3195,201609113894478,PRIN,36,39,200,1798,359600.00,2016-09-11 03:08:00.944780
3196,201609113894401,PRIN,36,51,400,1794,717600.00,2016-09-11 03:08:00.944010
3197,201609113894402,PRIN,36,32,188,1795,337460.00,2016-09-11 03:08:00.944020
3198,201609113894348,PRIN,42,35,100,1790,179000.00,2016-09-11 03:08:00.943480
3199,201609113894350,PRIN,11,28,30,1800,54000.00,2016-09-11 03:08:00.943500
3200,201609113894309,PRIN,49,21,200,1790,358000.00,2016-09-11 03:08:00.943090
3201,201609113893876,PRIN,56,26,100,1795,179500.00,2016-09-11 03:08:00.938760
3202,201609113893877,PRIN,21,26,100,1786,178600.00,2016-09-11 03:08:00.938770
3203,201609113893840,PRIN,56,51,100,1790,179000.00,2016-09-11 03:08:00.938400
3204,201609113893841,PRIN,56,6,185,1792,331520.00,2016-09-11 03:08:00.938410
3205,201609113893848,PRIN,56,40,100,1793,179300.00,2016-09-11 03:08:00.938480
3206,201609113893849,PRIN,56,32,105,1794,188370.00,2016-09-11 03:08:00.938490
3207,201609113893859,PRIN,56,5,150,1794,269100.00,2016-09-11 03:08:00.938590
3208,201609113893860,PRIN,56,36,200,1795,359000.00,2016-09-11 03:08:00.938600
3209,201609113893679,PRIN,10,5,200,1792,358400.00,2016-09-11 03:08:00.936790
3210,201609113893578,PRIN,52,59,66,1790,118140.00,2016-09-11 03:08:00.935780
3211,201609113893570,PRIN,54,21,100,1785,178500.00,2016-09-11 03:08:00.935700
3212,201609113893528,PRIN,56,29,70,1790,125300.00,2016-09-11 03:08:00.935280
3213,201609113893468,PRIN,56,29,80,1790,143200.00,2016-09-11 03:08:00.934680
3214,201609113893469,PRIN,56,29,50,1790,89500.00,2016-09-11 03:08:00.934690
3215,201609113893321,PRIN,56,5,200,1792,358400.00,2016-09-11 03:08:00.933210
3216,201609113893203,PRIN,56,56,220,1790,393800.00,2016-09-11 03:08:00.932030
3217,201609113893204,PRIN,56,13,100,1790,179000.00,2016-09-11 03:08:00.932040
3218,201609113892932,PRIN,56,29,100,1790,179000.00,2016-09-11 03:08:00.929320
3219,201609113892933,PRIN,56,29,300,1790,537000.00,2016-09-11 03:08:00.929330
3220,201609113892894,PRIN,52,16,105,1784,187320.00,2016-09-11 03:08:00.928940
3221,201609113892754,PRIN,33,33,130,1786,232180.00,2016-09-11 03:08:00.927540
3222,201609113892765,PRIN,10,37,50,1785,89250.00,2016-09-11 03:08:00.927650
3223,201609113892766,PRIN,14,37,40,1785,71400.00,2016-09-11 03:08:00.927660
3224,201609113892767,PRIN,13,37,200,1785,357000.00,2016-09-11 03:08:00.927670
3225,201609113892773,PRIN,13,37,10,1783,17830.00,2016-09-11 03:08:00.927730
3226,201609113892748,PRIN,55,33,70,1787,125090.00,2016-09-11 03:08:00.927480
3227,201609113892723,PRIN,26,29,100,1790,179000.00,2016-09-11 03:08:00.927230
3228,201609113892607,PRIN,33,33,171,1790,306090.00,2016-09-11 03:08:00.926070
3229,201609113892624,PRIN,26,34,70,1787,125090.00,2016-09-11 03:08:00.926240
3230,201609113892625,PRIN,55,34,130,1787,232310.00,2016-09-11 03:08:00.926250
3231,201609113892551,PRIN,26,28,30,1787,53610.00,2016-09-11 03:08:00.925510
3232,201609113892477,PRIN,36,56,337,1788,602556.00,2016-09-11 03:08:00.924770
3233,201609113892325,PRIN,33,42,200,1786,357200.00,2016-09-11 03:08:00.923250
3234,201609113892029,PRIN,45,37,200,1795,359000.00,2016-09-11 03:08:00.920290
3235,201609113892039,PRIN,46,13,200,1787,357400.00,2016-09-11 03:08:00.920390
3236,201609113891808,PRIN,33,57,37,1790,66230.00,2016-09-11 03:08:00.918080
3237,201609113891728,PRIN,49,45,700,1790,1253000.00,2016-09-11 03:08:00.917280
3238,201609113891612,PRIN,10,45,50,1790,89500.00,2016-09-11 03:08:00.916120
3239,201609113891613,PRIN,10,45,50,1790,89500.00,2016-09-11 03:08:00.916130
3240,201609113891614,PRIN,50,45,100,1790,179000.00,2016-09-11 03:08:00.916140
3241,201609113891615,PRIN,46,45,400,1790,716000.00,2016-09-11 03:08:00.916150
3242,201609113891617,PRIN,14,45,200,1788,357600.00,2016-09-11 03:08:00.916170
3243,201609113891387,PRIN,52,7,100,1795,179500.00,2016-09-11 03:08:00.913870
3244,201609113891351,PRIN,10,45,50,1790,89500.00,2016-09-11 03:08:00.913510
3245,201609113891245,PRIN,14,45,100,1791,179100.00,2016-09-11 03:08:00.912450
3246,201609113891246,PRIN,16,45,100,1790,179000.00,2016-09-11 03:08:00.912460
3247,201609113891247,PRIN,33,45,800,1790,1432000.00,2016-09-11 03:08:00.912470
3248,201609113891162,PRIN,36,29,253,1800,455400.00,2016-09-11 03:08:00.911620
3249,201609113891140,PRIN,38,37,200,1800,360000.00,2016-09-11 03:08:00.911400
3250,201609113891101,PRIN,48,38,100,1805,180500.00,2016-09-11 03:08:00.911010
3251,201609113891004,PRIN,55,45,300,1792,537600.00,2016-09-11 03:08:00.910040
3252,201609113890981,PRIN,55,56,20,1810,36200.00,2016-09-11 03:08:00.909810
3253,201609113890989,PRIN,19,45,150,1800,270000.00,2016-09-11 03:08:00.909890
3254,201609113890990,PRIN,58,45,500,1795,897500.00,2016-09-11 03:08:00.909900
3255,201609113890948,PRIN,55,42,100,1810,181000.00,2016-09-11 03:08:00.909480
3256,201609113890857,PRIN,49,59,100,1805,180500.00,2016-09-11 03:08:00.908570
3257,201609113890858,PRIN,49,53,200,1808,361600.00,2016-09-11 03:08:00.908580
3258,201609113890859,PRIN,49,40,100,1809,180900.00,2016-09-11 03:08:00.908590
3259,201609113890860,PRIN,49,37,400,1810,724000.00,2016-09-11 03:08:00.908600
3260,201609113890861,PRIN,49,38,100,1810,181000.00,2016-09-11 03:08:00.908610
3261,201609113890675,PRIN,25,56,30,1809,54270.00,2016-09-11 03:08:00.906750
3262,201609113890628,PRIN,49,21,100,1800,180000.00,2016-09-11 03:08:00.906280
3263,201609113890587,PRIN,16,41,200,1800,360000.00,2016-09-11 03:08:00.905870
3264,201609113890589,PRIN,49,49,200,1790,358000.00,2016-09-11 03:08:00.905890
3265,201609113890462,PRIN,33,33,1164,1795,2089380.00,2016-09-11 03:08:00.904620
3266,201609113890235,PRIN,36,45,1000,1800,1800000.00,2016-09-11 03:08:00.902350
3267,201609113890201,PRIN,49,45,500,1780,890000.00,2016-09-11 03:08:00.902010
3268,201609113890097,PRIN,42,39,50,1790,89500.00,2016-09-11 03:08:00.900970
3269,201609113890104,PRIN,39,56,200,1765,353000.00,2016-09-11 03:08:00.901040
3270,201609113889805,PRIN,21,56,100,1755,175500.00,2016-09-11 03:08:00.898050
3271,201609083889485,PRIN,47,45,50,1770,88500.00,2016-09-08 03:08:00.894850
3272,201609083889293,PRIN,22,49,100,1780,178000.00,2016-09-08 03:08:00.892930
3273,201609083889206,PRIN,36,41,100,1768,176800.00,2016-09-08 03:08:00.892060
3274,201609083889147,PRIN,36,14,50,1768,88400.00,2016-09-08 03:08:00.891470
3275,201609083889059,PRIN,34,26,500,1778,889000.00,2016-09-08 03:08:00.890590
3276,201609083889048,PRIN,34,40,40,1779,71160.00,2016-09-08 03:08:00.890480
3277,201609083889049,PRIN,34,22,250,1779,444750.00,2016-09-08 03:08:00.890490
3278,201609083889050,PRIN,34,47,50,1785,89250.00,2016-09-08 03:08:00.890500
3279,201609083888982,PRIN,19,22,200,1770,354000.00,2016-09-08 03:08:00.889820
3280,201609083888787,PRIN,37,22,50,1780,89000.00,2016-09-08 03:08:00.887870
3281,201609083888546,PRIN,7,59,190,1785,339150.00,2016-09-08 03:08:00.885460
3282,201609083888343,PRIN,42,59,110,1785,196350.00,2016-09-08 03:08:00.883430
3283,201609083888224,PRIN,42,59,100,1785,178500.00,2016-09-08 03:08:00.882240
3284,201609083887918,PRIN,50,17,150,1790,268500.00,2016-09-08 03:08:00.879180
3285,201609083887919,PRIN,50,11,50,1790,89500.00,2016-09-08 03:08:00.879190
3286,201609083887920,PRIN,50,56,250,1790,447500.00,2016-09-08 03:08:00.879200
3287,201609083887921,PRIN,50,48,1370,1790,2452300.00,2016-09-08 03:08:00.879210
3288,201609083887906,PRIN,50,36,51,1789,91239.00,2016-09-08 03:08:00.879060
3289,201609083887858,PRIN,50,33,500,1789,894500.00,2016-09-08 03:08:00.878580
3290,201609083887865,PRIN,42,48,100,1785,178500.00,2016-09-08 03:08:00.878650
3291,201609083887836,PRIN,26,6,200,1780,356000.00,2016-09-08 03:08:00.878360
3292,201609083887749,PRIN,1,59,300,1785,535500.00,2016-09-08 03:08:00.877490
3293,201609083887750,PRIN,1,57,150,1785,267750.00,2016-09-08 03:08:00.877500
3294,201609083887772,PRIN,41,48,100,1785,178500.00,2016-09-08 03:08:00.877720
3295,201609083887773,PRIN,1,48,50,1785,89250.00,2016-09-08 03:08:00.877730
3296,201609083887775,PRIN,37,59,250,1785,446250.00,2016-09-08 03:08:00.877750
3297,201609083887716,PRIN,37,32,200,1780,356000.00,2016-09-08 03:08:00.877160
3298,201609083887690,PRIN,19,56,25,1780,44500.00,2016-09-08 03:08:00.876900
3299,201609083887698,PRIN,19,54,100,1780,178000.00,2016-09-08 03:08:00.876980
3300,201609083887699,PRIN,19,26,200,1780,356000.00,2016-09-08 03:08:00.876990
3301,201609083887700,PRIN,19,26,100,1780,178000.00,2016-09-08 03:08:00.877000
3302,201609083887572,PRIN,41,26,100,1779,177900.00,2016-09-08 03:08:00.875720
3303,201609083887537,PRIN,36,33,250,1774,443500.00,2016-09-08 03:08:00.875370
3304,201609083887497,PRIN,17,33,250,1774,443500.00,2016-09-08 03:08:00.874970
3305,201609083887460,PRIN,56,59,100,1770,177000.00,2016-09-08 03:08:00.874600
3306,201609083887261,PRIN,50,18,150,1769,265350.00,2016-09-08 03:08:00.872610
3307,201609083887262,PRIN,50,32,43,1769,76067.00,2016-09-08 03:08:00.872620
3308,201609083887293,PRIN,50,59,300,1770,531000.00,2016-09-08 03:08:00.872930
3309,201609083887145,PRIN,38,38,600,1769,1061400.00,2016-09-08 03:08:00.871450
3310,201609083887053,PRIN,26,32,200,1762,352400.00,2016-09-08 03:08:00.870530
3311,201609083887054,PRIN,17,32,500,1761,880500.00,2016-09-08 03:08:00.870540
3312,201609083887055,PRIN,7,32,100,1760,176000.00,2016-09-08 03:08:00.870550
3313,201609083886501,PRIN,32,56,300,1766,529800.00,2016-09-08 03:08:00.865010
3314,201609083886502,PRIN,46,56,50,1765,88250.00,2016-09-08 03:08:00.865020
3315,201609083886503,PRIN,46,56,50,1765,88250.00,2016-09-08 03:08:00.865030
3316,201609083886504,PRIN,46,56,50,1765,88250.00,2016-09-08 03:08:00.865040
3317,201609083886505,PRIN,17,56,50,1760,88000.00,2016-09-08 03:08:00.865050
3318,201609083886474,PRIN,56,56,200,1766,353200.00,2016-09-08 03:08:00.864740
3319,201609083886179,PRIN,34,1,200,1770,354000.00,2016-09-08 03:08:00.861790
3320,201609083886130,PRIN,49,49,500,1769,884500.00,2016-09-08 03:08:00.861300
3321,201609083885894,PRIN,14,41,100,1760,176000.00,2016-09-08 03:08:00.858940
3322,201609083885839,PRIN,17,39,144,1760,253440.00,2016-09-08 03:08:00.858390
3323,201609083885832,PRIN,5,57,100,1760,176000.00,2016-09-08 03:08:00.858320
3324,201609083885833,PRIN,58,57,20,1760,35200.00,2016-09-08 03:08:00.858330
3325,201609083885834,PRIN,17,57,150,1760,264000.00,2016-09-08 03:08:00.858340
3326,201609083885629,PRIN,39,48,100,1760,176000.00,2016-09-08 03:08:00.856290
3327,201609083885582,PRIN,32,36,42,1760,73920.00,2016-09-08 03:08:00.855820
3328,201609083885517,PRIN,4,56,100,1768,176800.00,2016-09-08 03:08:00.855170
3329,201609083885524,PRIN,17,56,100,1761,176100.00,2016-09-08 03:08:00.855240
3330,201609083885525,PRIN,32,56,280,1760,492800.00,2016-09-08 03:08:00.855250
3331,201609083885530,PRIN,5,56,400,1767,706800.00,2016-09-08 03:08:00.855300
3332,201609083885469,PRIN,55,36,200,1780,356000.00,2016-09-08 03:08:00.854690
3333,201609083885470,PRIN,55,32,400,1780,712000.00,2016-09-08 03:08:00.854700
3334,201609083885471,PRIN,55,56,20,1780,35600.00,2016-09-08 03:08:00.854710
3335,201609083885481,PRIN,14,33,2000,1769,3538000.00,2016-09-08 03:08:00.854810
3336,201609083885278,PRIN,19,28,100,1770,177000.00,2016-09-08 03:08:00.852780
3337,201609083885204,PRIN,25,51,100,1770,177000.00,2016-09-08 03:08:00.852040
3338,201609083885211,PRIN,19,40,200,1770,354000.00,2016-09-08 03:08:00.852110
3339,201609083885104,PRIN,34,33,900,1776,1598400.00,2016-09-08 03:08:00.851040
3340,201609083885114,PRIN,39,56,100,1775,177500.00,2016-09-08 03:08:00.851140
3341,201609083885115,PRIN,26,56,50,1774,88700.00,2016-09-08 03:08:00.851150
3342,201609083885116,PRIN,38,56,50,1773,88650.00,2016-09-08 03:08:00.851160
3343,201609083885117,PRIN,39,56,200,1773,354600.00,2016-09-08 03:08:00.851170
3344,201609083885118,PRIN,21,56,100,1772,177200.00,2016-09-08 03:08:00.851180
3345,201609083885119,PRIN,47,56,50,1771,88550.00,2016-09-08 03:08:00.851190
3346,201609083884934,PRIN,50,48,150,1788,268200.00,2016-09-08 03:08:00.849340
3347,201609083884824,PRIN,50,6,200,1784,356800.00,2016-09-08 03:08:00.848240
3348,201609083884825,PRIN,50,38,100,1785,178500.00,2016-09-08 03:08:00.848250
3349,201609083884826,PRIN,50,59,600,1785,1071000.00,2016-09-08 03:08:00.848260
3350,201609083884827,PRIN,50,10,450,1788,804600.00,2016-09-08 03:08:00.848270
3351,201609083884690,PRIN,38,42,50,1773,88650.00,2016-09-08 03:08:00.846900
3352,201609083884633,PRIN,10,33,200,1781,356200.00,2016-09-08 03:08:00.846330
3353,201609083884466,PRIN,34,32,1000,1776,1776000.00,2016-09-08 03:08:00.844660
3354,201609083884428,PRIN,17,56,50,1777,88850.00,2016-09-08 03:08:00.844280
3355,201609083884441,PRIN,17,41,100,1777,177700.00,2016-09-08 03:08:00.844410
3356,201609083884410,PRIN,25,5,200,1781,356200.00,2016-09-08 03:08:00.844100
3357,201609083884422,PRIN,25,33,300,1781,534300.00,2016-09-08 03:08:00.844220
3358,201609083884397,PRIN,14,5,1600,1782,2851200.00,2016-09-08 03:08:00.843970
3359,201609083884368,PRIN,4,6,100,1783,178300.00,2016-09-08 03:08:00.843680
3360,201609083884369,PRIN,14,6,400,1782,712800.00,2016-09-08 03:08:00.843690
3361,201609083884298,PRIN,41,5,100,1786,178600.00,2016-09-08 03:08:00.842980
3362,201609083884299,PRIN,41,5,100,1786,178600.00,2016-09-08 03:08:00.842990
3363,201609083884300,PRIN,34,5,1000,1785,1785000.00,2016-09-08 03:08:00.843000
3364,201609083884312,PRIN,41,41,100,1790,179000.00,2016-09-08 03:08:00.843120
3365,201609083884277,PRIN,34,5,127,1786,226822.00,2016-09-08 03:08:00.842770
3366,201609083884234,PRIN,41,5,50,1790,89500.00,2016-09-08 03:08:00.842340
3367,201609083884156,PRIN,41,53,50,1790,89500.00,2016-09-08 03:08:00.841560
3368,201609083884041,PRIN,34,57,500,1787,893500.00,2016-09-08 03:08:00.840410
3369,201609083884045,PRIN,26,17,132,1783,235356.00,2016-09-08 03:08:00.840450
3370,201609083884000,PRIN,28,53,50,1790,89500.00,2016-09-08 03:08:00.840000
3371,201609083883881,PRIN,28,45,50,1790,89500.00,2016-09-08 03:08:00.838810
3372,201609083883809,PRIN,21,29,200,1796,359200.00,2016-09-08 03:08:00.838090
3373,201609083883780,PRIN,21,52,50,1796,89800.00,2016-09-08 03:08:00.837800
3374,201609083883769,PRIN,34,59,150,1796,269400.00,2016-09-08 03:08:00.837690
3375,201609083883665,PRIN,11,26,200,1799,359800.00,2016-09-08 03:08:00.836650
3376,201609083883666,PRIN,11,53,400,1800,720000.00,2016-09-08 03:08:00.836660
3377,201609083883667,PRIN,11,42,200,1800,360000.00,2016-09-08 03:08:00.836670
3378,201609083883668,PRIN,11,38,200,1800,360000.00,2016-09-08 03:08:00.836680
3379,201609083883586,PRIN,34,41,200,1797,359400.00,2016-09-08 03:08:00.835860
3380,201609083883587,PRIN,34,59,100,1798,179800.00,2016-09-08 03:08:00.835870
3381,201609083883588,PRIN,34,53,200,1799,359800.00,2016-09-08 03:08:00.835880
3382,201609083883564,PRIN,34,38,50,1790,89500.00,2016-09-08 03:08:00.835640
3383,201609083883504,PRIN,40,59,70,1787,125090.00,2016-09-08 03:08:00.835040
3384,201609083883505,PRIN,49,59,50,1785,89250.00,2016-09-08 03:08:00.835050
3385,201609083883506,PRIN,25,59,200,1780,356000.00,2016-09-08 03:08:00.835060
3386,201609083883507,PRIN,38,59,200,1780,356000.00,2016-09-08 03:08:00.835070
3387,201609083883494,PRIN,17,38,50,1790,89500.00,2016-09-08 03:08:00.834940
3388,201609083883431,PRIN,26,26,200,1796,359200.00,2016-09-08 03:08:00.834310
3389,201609083883320,PRIN,17,56,32,1791,57312.00,2016-09-08 03:08:00.833200
3390,201609083883325,PRIN,4,59,100,1791,179100.00,2016-09-08 03:08:00.833250
3391,201609083883326,PRIN,17,59,250,1790,447500.00,2016-09-08 03:08:00.833260
3392,201609083883302,PRIN,17,52,100,1790,179000.00,2016-09-08 03:08:00.833020
3393,201609083883305,PRIN,17,32,150,1795,269250.00,2016-09-08 03:08:00.833050
3394,201609083883272,PRIN,33,33,1000,1792,1792000.00,2016-09-08 03:08:00.832720
3395,201609083883255,PRIN,40,32,50,1795,89750.00,2016-09-08 03:08:00.832550
3396,201609083883192,PRIN,39,58,100,1786,178600.00,2016-09-08 03:08:00.831920
3397,201609083883193,PRIN,29,58,50,1786,89300.00,2016-09-08 03:08:00.831930
3398,201609083883194,PRIN,49,58,50,1785,89250.00,2016-09-08 03:08:00.831940
3399,201609083883163,PRIN,4,59,100,1791,179100.00,2016-09-08 03:08:00.831630
3400,201609083883164,PRIN,39,59,200,1790,358000.00,2016-09-08 03:08:00.831640
3401,201609083883168,PRIN,1,59,200,1790,358000.00,2016-09-08 03:08:00.831680
3402,201609083883169,PRIN,39,59,300,1786,535800.00,2016-09-08 03:08:00.831690
3403,201609083883145,PRIN,7,48,200,1801,360200.00,2016-09-08 03:08:00.831450
3404,201609083883070,PRIN,34,53,200,1805,361000.00,2016-09-08 03:08:00.830700
3405,201609083883071,PRIN,39,33,1067,1809,1930203.00,2016-09-08 03:08:00.830710
3406,201609073883032,PRIN,8,33,100,1775,177500.00,2016-09-07 03:08:00.830320
3407,201609073882995,PRIN,14,32,100,1780,178000.00,2016-09-07 03:08:00.829950
3408,201609073882913,PRIN,8,36,300,1775,532500.00,2016-09-07 03:08:00.829130
3409,201609073882914,PRIN,8,36,100,1775,177500.00,2016-09-07 03:08:00.829140
3410,201609073882874,PRIN,36,36,200,1775,355000.00,2016-09-07 03:08:00.828740
3411,201609073882880,PRIN,33,37,71,1761,125031.00,2016-09-07 03:08:00.828800
3412,201609073882744,PRIN,32,21,50,1765,88250.00,2016-09-07 03:08:00.827440
3413,201609073882773,PRIN,33,11,100,1761,176100.00,2016-09-07 03:08:00.827730
3414,201609073882643,PRIN,14,22,100,1765,176500.00,2016-09-07 03:08:00.826430
3415,201609073882644,PRIN,14,33,1000,1767,1767000.00,2016-09-07 03:08:00.826440
3416,201609073882645,PRIN,14,36,78,1768,137904.00,2016-09-07 03:08:00.826450
3417,201609073882658,PRIN,14,6,330,1769,583770.00,2016-09-07 03:08:00.826580
3418,201609073882659,PRIN,14,17,50,1770,88500.00,2016-09-07 03:08:00.826590
3419,201609073882660,PRIN,14,48,100,1770,177000.00,2016-09-07 03:08:00.826600
3420,201609073882570,PRIN,42,11,50,1765,88250.00,2016-09-07 03:08:00.825700
3421,201609073882571,PRIN,42,6,70,1769,123830.00,2016-09-07 03:08:00.825710
3422,201609073882538,PRIN,34,10,840,1765,1482600.00,2016-09-07 03:08:00.825380
3423,201609073882513,PRIN,34,22,160,1765,282400.00,2016-09-07 03:08:00.825130
3424,201609073882465,PRIN,5,6,100,1769,176900.00,2016-09-07 03:08:00.824650
3425,201609073882466,PRIN,25,10,1000,1760,1760000.00,2016-09-07 03:08:00.824660
3426,201609073882392,PRIN,54,59,20,1760,35200.00,2016-09-07 03:08:00.823920
3427,201609073882393,PRIN,14,59,720,1756,1264320.00,2016-09-07 03:08:00.823930
3428,201609073882267,PRIN,54,49,26,1760,45760.00,2016-09-07 03:08:00.822670
3429,201609073882283,PRIN,14,40,100,1756,175600.00,2016-09-07 03:08:00.822830
3430,201609073882287,PRIN,56,55,100,1760,176000.00,2016-09-07 03:08:00.822870
3431,201609073882292,PRIN,54,43,50,1760,88000.00,2016-09-07 03:08:00.822920
3432,201609073882228,PRIN,14,50,50,1772,88600.00,2016-09-07 03:08:00.822280
3433,201609073882229,PRIN,14,50,1550,1756,2721800.00,2016-09-07 03:08:00.822290
3434,201609073882232,PRIN,14,59,100,1765,176500.00,2016-09-07 03:08:00.822320
3435,201609073882233,PRIN,14,55,500,1770,885000.00,2016-09-07 03:08:00.822330
3436,201609073882234,PRIN,14,39,400,1772,708800.00,2016-09-07 03:08:00.822340
3437,201609073882235,PRIN,14,44,1000,1774,1774000.00,2016-09-07 03:08:00.822350
3438,201609073882250,PRIN,39,58,50,1775,88750.00,2016-09-07 03:08:00.822500
3439,201609073882255,PRIN,14,58,150,1775,266250.00,2016-09-07 03:08:00.822550
3440,201609073882256,PRIN,14,59,100,1775,177500.00,2016-09-07 03:08:00.822560
3441,201609073882257,PRIN,14,33,500,1779,889500.00,2016-09-07 03:08:00.822570
3442,201609073882258,PRIN,14,36,667,1779,1186593.00,2016-09-07 03:08:00.822580
3443,201609073882260,PRIN,14,50,1130,1756,1984280.00,2016-09-07 03:08:00.822600
3444,201609073882172,PRIN,19,49,100,1765,176500.00,2016-09-07 03:08:00.821720
3445,201609073882175,PRIN,19,48,100,1765,176500.00,2016-09-07 03:08:00.821750
3446,201609073882182,PRIN,6,50,100,1764,176400.00,2016-09-07 03:08:00.821820
3447,201609073882183,PRIN,38,50,100,1764,176400.00,2016-09-07 03:08:00.821830
3448,201609073882184,PRIN,43,50,70,1764,123480.00,2016-09-07 03:08:00.821840
3449,201609073882185,PRIN,59,50,100,1761,176100.00,2016-09-07 03:08:00.821850
3450,201609073882186,PRIN,56,50,1000,1760,1760000.00,2016-09-07 03:08:00.821860
3451,201609073882205,PRIN,14,36,200,1764,352800.00,2016-09-07 03:08:00.822050
3452,201609073882146,PRIN,5,33,200,1767,353400.00,2016-09-07 03:08:00.821460
3453,201609073882147,PRIN,19,33,500,1765,882500.00,2016-09-07 03:08:00.821470
3454,201609073881961,PRIN,59,33,500,1779,889500.00,2016-09-07 03:08:00.819610
3455,201609073881896,PRIN,14,32,500,1770,885000.00,2016-09-07 03:08:00.818960
3456,201609073881897,PRIN,14,33,1000,1770,1770000.00,2016-09-07 03:08:00.818970
3457,201609073881870,PRIN,54,26,100,1775,177500.00,2016-09-07 03:08:00.818700
3458,201609073881685,PRIN,45,21,200,1759,351800.00,2016-09-07 03:08:00.816850
3459,201609073881691,PRIN,56,21,91,1762,160342.00,2016-09-07 03:08:00.816910
3460,201609073881698,PRIN,41,38,280,1764,493920.00,2016-09-07 03:08:00.816980
3461,201609073881701,PRIN,56,38,20,1764,35280.00,2016-09-07 03:08:00.817010
3462,201609073881702,PRIN,56,5,50,1764,88200.00,2016-09-07 03:08:00.817020
3463,201609073881705,PRIN,16,33,500,1770,885000.00,2016-09-07 03:08:00.817050
3464,201609073881623,PRIN,56,53,200,1740,348000.00,2016-09-07 03:08:00.816230
3465,201609073881624,PRIN,56,10,100,1740,174000.00,2016-09-07 03:08:00.816240
3466,201609073881625,PRIN,56,42,51,1740,88740.00,2016-09-07 03:08:00.816250
3467,201609073881628,PRIN,22,42,50,1740,87000.00,2016-09-07 03:08:00.816280
3468,201609073881629,PRIN,22,42,50,1740,87000.00,2016-09-07 03:08:00.816290
3469,201609073881630,PRIN,22,59,100,1740,174000.00,2016-09-07 03:08:00.816300
3470,201609073881632,PRIN,46,32,200,1740,348000.00,2016-09-07 03:08:00.816320
3471,201609073881633,PRIN,14,32,100,1740,174000.00,2016-09-07 03:08:00.816330
3472,201609073881634,PRIN,14,48,116,1740,201840.00,2016-09-07 03:08:00.816340
3473,201609073881646,PRIN,14,28,200,1750,350000.00,2016-09-07 03:08:00.816460
3474,201609073881647,PRIN,14,22,100,1750,175000.00,2016-09-07 03:08:00.816470
3475,201609073881648,PRIN,14,41,500,1750,875000.00,2016-09-07 03:08:00.816480
3476,201609073881649,PRIN,14,21,50,1750,87500.00,2016-09-07 03:08:00.816490
3477,201609073881661,PRIN,14,26,222,1750,388500.00,2016-09-07 03:08:00.816610
3478,201609073881670,PRIN,34,57,500,1750,875000.00,2016-09-07 03:08:00.816700
3479,201609073881614,PRIN,59,45,2450,1735,4250750.00,2016-09-07 03:08:00.816140
3480,201609073881559,PRIN,19,45,100,1735,173500.00,2016-09-07 03:08:00.815590
3481,201609073881577,PRIN,21,45,200,1735,347000.00,2016-09-07 03:08:00.815770
3482,201609073881584,PRIN,19,45,50,1735,86750.00,2016-09-07 03:08:00.815840
3483,201609073881543,PRIN,41,53,92,1740,160080.00,2016-09-07 03:08:00.815430
3484,201609073881547,PRIN,19,45,200,1735,347000.00,2016-09-07 03:08:00.815470
3485,201609073881498,PRIN,54,39,300,1736,520800.00,2016-09-07 03:08:00.814980
3486,201609073881500,PRIN,33,32,90,1736,156240.00,2016-09-07 03:08:00.815000
3487,201609073881501,PRIN,33,32,150,1736,260400.00,2016-09-07 03:08:00.815010
3488,201609073881505,PRIN,34,32,260,1736,451360.00,2016-09-07 03:08:00.815050
3489,201609073881506,PRIN,20,56,100,1738,173800.00,2016-09-07 03:08:00.815060
3490,201609073881521,PRIN,4,56,100,1738,173800.00,2016-09-07 03:08:00.815210
3491,201609073881522,PRIN,4,21,50,1739,86950.00,2016-09-07 03:08:00.815220
3492,201609073881461,PRIN,33,13,10,1735,17350.00,2016-09-07 03:08:00.814610
3493,201609073881390,PRIN,46,1,180,1726,310680.00,2016-09-07 03:08:00.813900
3494,201609073881391,PRIN,46,32,300,1730,519000.00,2016-09-07 03:08:00.813910
3495,201609073881392,PRIN,46,36,200,1734,346800.00,2016-09-07 03:08:00.813920
3496,201609073881393,PRIN,46,36,100,1735,173500.00,2016-09-07 03:08:00.813930
3497,201609073881394,PRIN,46,52,30,1735,52050.00,2016-09-07 03:08:00.813940
3498,201609073881395,PRIN,46,13,190,1735,329650.00,2016-09-07 03:08:00.813950
3499,201609073881286,PRIN,5,25,63,1727,108801.00,2016-09-07 03:08:00.812860
3500,201609073881250,PRIN,33,39,200,1730,346000.00,2016-09-07 03:08:00.812500
3501,201609073881251,PRIN,33,32,300,1730,519000.00,2016-09-07 03:08:00.812510
3502,201609073880997,PRIN,34,11,159,1735,275865.00,2016-09-07 03:08:00.809970
3503,201609073880957,PRIN,36,5,270,1730,467100.00,2016-09-07 03:08:00.809570
3504,201609073880987,PRIN,34,13,16,1734,27744.00,2016-09-07 03:08:00.809870
3505,201609073880843,PRIN,28,57,800,1730,1384000.00,2016-09-07 03:08:00.808430
3506,201609073880844,PRIN,28,21,200,1731,346200.00,2016-09-07 03:08:00.808440
3507,201609073880789,PRIN,38,56,82,1726,141532.00,2016-09-07 03:08:00.807890
3508,201609073880784,PRIN,8,56,10,1730,17300.00,2016-09-07 03:08:00.807840
3509,201609073880488,PRIN,49,53,10,1730,17300.00,2016-09-07 03:08:00.804880
3510,201609073880489,PRIN,8,53,190,1730,328700.00,2016-09-07 03:08:00.804890
3511,201609073880389,PRIN,8,39,300,1730,519000.00,2016-09-07 03:08:00.803890
3512,201609073880048,PRIN,42,33,185,1735,320975.00,2016-09-07 03:08:00.800480
3513,201609073879967,PRIN,21,56,100,1734,173400.00,2016-09-07 03:08:00.799670
3514,201609073879981,PRIN,42,6,200,1735,347000.00,2016-09-07 03:08:00.799810
3515,201609073879757,PRIN,34,13,100,1730,173000.00,2016-09-07 03:08:00.797570
3516,201609073879507,PRIN,35,35,275,1732,476300.00,2016-09-07 03:08:00.795070
3517,201609073879417,PRIN,49,51,240,1730,415200.00,2016-09-07 03:08:00.794170
3518,201609073879379,PRIN,36,48,50,1739,86950.00,2016-09-07 03:08:00.793790
3519,201609073879380,PRIN,36,17,113,1740,196620.00,2016-09-07 03:08:00.793800
3520,201609073879311,PRIN,49,14,150,1730,259500.00,2016-09-07 03:08:00.793110
3521,201609073879312,PRIN,49,17,100,1730,173000.00,2016-09-07 03:08:00.793120
3522,201609073879278,PRIN,17,7,69,1720,118680.00,2016-09-07 03:08:00.792780
3523,201609073879279,PRIN,34,43,100,1720,172000.00,2016-09-07 03:08:00.792790
3524,201609073879290,PRIN,34,43,100,1724,172400.00,2016-09-07 03:08:00.792900
3525,201609073879291,PRIN,34,10,100,1725,172500.00,2016-09-07 03:08:00.792910
3526,201609073879292,PRIN,34,21,500,1725,862500.00,2016-09-07 03:08:00.792920
3527,201609073879293,PRIN,34,37,500,1725,862500.00,2016-09-07 03:08:00.792930
3528,201609073879253,PRIN,17,57,99,1718,170082.00,2016-09-07 03:08:00.792530
3529,201609073879274,PRIN,17,36,100,1718,171800.00,2016-09-07 03:08:00.792740
3530,201609073879275,PRIN,17,26,200,1719,343800.00,2016-09-07 03:08:00.792750
3531,201609073879276,PRIN,17,14,200,1720,344000.00,2016-09-07 03:08:00.792760
3532,201609073879277,PRIN,17,52,100,1720,172000.00,2016-09-07 03:08:00.792770
3533,201609073879218,PRIN,41,40,200,1713,342600.00,2016-09-07 03:08:00.792180
3534,201609073879227,PRIN,34,36,200,1710,342000.00,2016-09-07 03:08:00.792270
3535,201609073879168,PRIN,34,38,665,1710,1137150.00,2016-09-07 03:08:00.791680
3536,201609073879162,PRIN,34,47,50,1710,85500.00,2016-09-07 03:08:00.791620
3537,201609073879125,PRIN,34,13,116,1705,197780.00,2016-09-07 03:08:00.791250
3538,201609073879138,PRIN,28,10,125,1708,213500.00,2016-09-07 03:08:00.791380
3539,201609073879139,PRIN,34,10,250,1708,427000.00,2016-09-07 03:08:00.791390
3540,201609073879140,PRIN,34,1,100,1709,170900.00,2016-09-07 03:08:00.791400
3541,201609073879100,PRIN,41,42,200,1705,341000.00,2016-09-07 03:08:00.791000
3542,201609073879111,PRIN,19,48,200,1705,341000.00,2016-09-07 03:08:00.791110
3543,201609073879061,PRIN,19,26,100,1705,170500.00,2016-09-07 03:08:00.790610
3544,201609073878922,PRIN,11,48,50,1700,85000.00,2016-09-07 03:08:00.789220
3545,201609073878923,PRIN,11,54,300,1704,511200.00,2016-09-07 03:08:00.789230
3546,201609073878924,PRIN,11,58,300,1707,512100.00,2016-09-07 03:08:00.789240
3547,201609073878925,PRIN,11,47,100,1708,170800.00,2016-09-07 03:08:00.789250
3548,201609073878906,PRIN,35,48,450,1700,765000.00,2016-09-07 03:08:00.789060
3549,201609073878861,PRIN,35,44,150,1700,255000.00,2016-09-07 03:08:00.788610
3550,201609073878826,PRIN,5,46,400,1703,681200.00,2016-09-07 03:08:00.788260
3551,201609073878647,PRIN,55,44,50,1705,85250.00,2016-09-07 03:08:00.786470
3552,201609073878500,PRIN,55,4,50,1705,85250.00,2016-09-07 03:08:00.785000
3553,201609073878333,PRIN,59,53,120,1703,204360.00,2016-09-07 03:08:00.783330
3554,201609073878334,PRIN,59,59,100,1706,170600.00,2016-09-07 03:08:00.783340
3555,201609073878335,PRIN,59,46,100,1706,170600.00,2016-09-07 03:08:00.783350
3556,201609073878336,PRIN,59,55,100,1707,170700.00,2016-09-07 03:08:00.783360
3557,201609073878337,PRIN,59,6,100,1708,170800.00,2016-09-07 03:08:00.783370
3558,201609073878338,PRIN,59,26,200,1709,341800.00,2016-09-07 03:08:00.783380
3559,201609073878313,PRIN,35,37,100,1700,170000.00,2016-09-07 03:08:00.783130
3560,201609073878264,PRIN,59,53,30,1703,51090.00,2016-09-07 03:08:00.782640
3561,201609073878280,PRIN,35,43,300,1700,510000.00,2016-09-07 03:08:00.782800
3562,201609073878263,PRIN,35,21,500,1700,850000.00,2016-09-07 03:08:00.782630
3563,201609073878100,PRIN,35,48,500,1700,850000.00,2016-09-07 03:08:00.781000
3564,201609073877901,PRIN,36,54,100,1702,170200.00,2016-09-07 03:08:00.779010
3565,201609073877910,PRIN,36,53,100,1702,170200.00,2016-09-07 03:08:00.779100
3566,201609073877719,PRIN,36,11,100,1715,171500.00,2016-09-07 03:08:00.777190
3567,201609073877670,PRIN,49,4,100,1705,170500.00,2016-09-07 03:08:00.776700
3568,201609073877671,PRIN,49,57,400,1705,682000.00,2016-09-07 03:08:00.776710
3569,201609073877614,PRIN,7,59,100,1700,170000.00,2016-09-07 03:08:00.776140
3570,201609073877615,PRIN,28,59,120,1700,204000.00,2016-09-07 03:08:00.776150
3571,201609073877575,PRIN,48,41,100,1706,170600.00,2016-09-07 03:08:00.775750
3572,201609073877576,PRIN,55,41,100,1705,170500.00,2016-09-07 03:08:00.775760
3573,201609073877463,PRIN,22,47,30,1723,51690.00,2016-09-07 03:08:00.774630
3574,201609073877469,PRIN,22,7,260,1723,447980.00,2016-09-07 03:08:00.774690
3575,201609073877422,PRIN,56,44,50,1720,86000.00,2016-09-07 03:08:00.774220
3576,201609073877423,PRIN,56,22,87,1720,149640.00,2016-09-07 03:08:00.774230
3577,201609073877321,PRIN,57,55,100,1699,169900.00,2016-09-07 03:08:00.773210
3578,201609073877322,PRIN,57,5,400,1700,680000.00,2016-09-07 03:08:00.773220
3579,201609073877323,PRIN,57,6,100,1700,170000.00,2016-09-07 03:08:00.773230
3580,201609073877324,PRIN,57,43,30,1700,51000.00,2016-09-07 03:08:00.773240
3581,201609073877325,PRIN,57,37,50,1700,85000.00,2016-09-07 03:08:00.773250
3582,201609073877326,PRIN,57,14,40,1700,68000.00,2016-09-07 03:08:00.773260
3583,201609073877327,PRIN,57,38,500,1700,850000.00,2016-09-07 03:08:00.773270
3584,201609073877328,PRIN,57,4,100,1700,170000.00,2016-09-07 03:08:00.773280
3585,201609073877350,PRIN,58,6,100,1710,171000.00,2016-09-07 03:08:00.773500
3586,201609073877351,PRIN,58,47,100,1715,171500.00,2016-09-07 03:08:00.773510
3587,201609073877352,PRIN,58,42,100,1720,172000.00,2016-09-07 03:08:00.773520
3588,201609073877353,PRIN,58,37,100,1720,172000.00,2016-09-07 03:08:00.773530
3589,201609073877249,PRIN,22,17,250,1695,423750.00,2016-09-07 03:08:00.772490
3590,201609073877258,PRIN,5,43,100,1699,169900.00,2016-09-07 03:08:00.772580
3591,201609073877202,PRIN,22,43,166,1693,281038.00,2016-09-07 03:08:00.772020
3592,201609073877213,PRIN,34,36,100,1694,169400.00,2016-09-07 03:08:00.772130
3593,201609073877214,PRIN,34,8,100,1695,169500.00,2016-09-07 03:08:00.772140
3594,201609073877215,PRIN,34,36,300,1695,508500.00,2016-09-07 03:08:00.772150
3595,201609073877218,PRIN,22,36,200,1695,339000.00,2016-09-07 03:08:00.772180
3596,201609073877138,PRIN,56,21,100,1689,168900.00,2016-09-07 03:08:00.771380
3597,201609073877139,PRIN,56,52,100,1690,169000.00,2016-09-07 03:08:00.771390
3598,201609073876533,PRIN,34,1,210,1690,354900.00,2016-09-07 03:08:00.765330
3599,201609073876534,PRIN,34,35,50,1690,84500.00,2016-09-07 03:08:00.765340
3600,201609073876535,PRIN,34,38,50,1690,84500.00,2016-09-07 03:08:00.765350
3601,201609073876536,PRIN,34,46,140,1695,237300.00,2016-09-07 03:08:00.765360
3602,201609073876537,PRIN,34,38,100,1695,169500.00,2016-09-07 03:08:00.765370
3603,201609063875424,PRIN,36,57,250,1670,417500.00,2016-09-06 03:08:00.754240
3604,201609063875255,PRIN,26,38,100,1662,166200.00,2016-09-06 03:08:00.752550
3605,201609063875256,PRIN,22,38,100,1661,166100.00,2016-09-06 03:08:00.752560
3606,201609063875257,PRIN,59,38,200,1660,332000.00,2016-09-06 03:08:00.752570
3607,201609063875142,PRIN,22,55,100,1661,166100.00,2016-09-06 03:08:00.751420
3608,201609063875002,PRIN,59,17,200,1660,332000.00,2016-09-06 03:08:00.750020
3609,201609063874876,PRIN,13,33,93,1665,154845.00,2016-09-06 03:08:00.748760
3610,201609063874661,PRIN,56,36,215,1666,358190.00,2016-09-06 03:08:00.746610
3611,201609063874669,PRIN,37,37,100,1666,166600.00,2016-09-06 03:08:00.746690
3612,201609063874582,PRIN,44,42,13,1667,21671.00,2016-09-06 03:08:00.745820
3613,201609063874467,PRIN,45,19,50,1675,83750.00,2016-09-06 03:08:00.744670
3614,201609063874468,PRIN,8,19,100,1670,167000.00,2016-09-06 03:08:00.744680
3615,201609063874469,PRIN,5,19,10,1670,16700.00,2016-09-06 03:08:00.744690
3616,201609063874476,PRIN,5,19,15,1670,25050.00,2016-09-06 03:08:00.744760
3617,201609063874290,PRIN,49,45,200,1670,334000.00,2016-09-06 03:08:00.742900
3618,201609063874187,PRIN,21,34,100,1680,168000.00,2016-09-06 03:08:00.741870
3619,201609063874212,PRIN,21,36,100,1680,168000.00,2016-09-06 03:08:00.742120
3620,201609063874151,PRIN,35,29,500,1680,840000.00,2016-09-06 03:08:00.741510
3621,201609063874040,PRIN,35,19,100,1680,168000.00,2016-09-06 03:08:00.740400
3622,201609063873974,PRIN,49,4,100,1685,168500.00,2016-09-06 03:08:00.739740
3623,201609063873997,PRIN,49,19,700,1685,1179500.00,2016-09-06 03:08:00.739970
3624,201609063873998,PRIN,21,19,100,1685,168500.00,2016-09-06 03:08:00.739980
3625,201609063873791,PRIN,56,19,25,1692,42300.00,2016-09-06 03:08:00.737910
3626,201609063873808,PRIN,56,41,177,1686,298422.00,2016-09-06 03:08:00.738080
3627,201609063873757,PRIN,56,36,100,1686,168600.00,2016-09-06 03:08:00.737570
3628,201609063873619,PRIN,56,47,70,1687,118090.00,2016-09-06 03:08:00.736190
3629,201609063873476,PRIN,56,38,50,1687,84350.00,2016-09-06 03:08:00.734760
3630,201609063873480,PRIN,5,38,20,1687,33740.00,2016-09-06 03:08:00.734800
3631,201609063873481,PRIN,56,38,180,1687,303660.00,2016-09-06 03:08:00.734810
3632,201609063873335,PRIN,13,42,1000,1693,1693000.00,2016-09-06 03:08:00.733350
3633,201609063873066,PRIN,5,43,80,1687,134960.00,2016-09-06 03:08:00.730660
3634,201609063872784,PRIN,56,56,50,1690,84500.00,2016-09-06 03:08:00.727840
3635,201609063872785,PRIN,56,13,89,1690,150410.00,2016-09-06 03:08:00.727850
3636,201609063872204,PRIN,5,59,100,1690,169000.00,2016-09-06 03:08:00.722040
3637,201609063871754,PRIN,5,26,89,1695,150855.00,2016-09-06 03:08:00.717540
3638,201609063871759,PRIN,5,45,74,1699,125726.00,2016-09-06 03:08:00.717590
3639,201609063871304,PRIN,56,45,400,1695,678000.00,2016-09-06 03:08:00.713040
3640,201609063871290,PRIN,56,40,784,1692,1326528.00,2016-09-06 03:08:00.712900
3641,201609063871299,PRIN,56,26,451,1695,764445.00,2016-09-06 03:08:00.712990
3642,201609063871216,PRIN,35,54,200,1689,337800.00,2016-09-06 03:08:00.712160
3643,201609063871217,PRIN,35,26,200,1690,338000.00,2016-09-06 03:08:00.712170
3644,201609063871096,PRIN,33,7,100,1695,169500.00,2016-09-06 03:08:00.710960
3645,201609063871100,PRIN,36,26,100,1692,169200.00,2016-09-06 03:08:00.711000
3646,201609063871101,PRIN,6,26,200,1690,338000.00,2016-09-06 03:08:00.711010
3647,201609063870843,PRIN,37,45,200,1691,338200.00,2016-09-06 03:08:00.708430
3648,201609063870844,PRIN,36,45,300,1691,507300.00,2016-09-06 03:08:00.708440
3649,201609063870677,PRIN,33,39,100,1708,170800.00,2016-09-06 03:08:00.706770
3650,201609063870662,PRIN,33,13,15,1700,25500.00,2016-09-06 03:08:00.706620
3651,201609063870588,PRIN,37,48,200,1700,340000.00,2016-09-06 03:08:00.705880
3652,201609063870589,PRIN,37,48,150,1700,255000.00,2016-09-06 03:08:00.705890
3653,201609063870607,PRIN,33,48,100,1703,170300.00,2016-09-06 03:08:00.706070
3654,201609063870513,PRIN,33,43,100,1700,170000.00,2016-09-06 03:08:00.705130
3655,201609063870514,PRIN,33,48,100,1700,170000.00,2016-09-06 03:08:00.705140
3656,201609063870478,PRIN,33,38,100,1700,170000.00,2016-09-06 03:08:00.704780
3657,201609063870479,PRIN,33,43,134,1700,227800.00,2016-09-06 03:08:00.704790
3658,201609063870334,PRIN,6,58,100,1699,169900.00,2016-09-06 03:08:00.703340
3659,201609063870106,PRIN,55,26,100,1690,169000.00,2016-09-06 03:08:00.701060
3660,201609063870107,PRIN,55,17,100,1690,169000.00,2016-09-06 03:08:00.701070
3661,201609063870108,PRIN,55,47,200,1691,338200.00,2016-09-06 03:08:00.701080
3662,201609063870038,PRIN,35,33,100,1682,168200.00,2016-09-06 03:08:00.700380
3663,201609063870039,PRIN,35,45,1000,1685,1685000.00,2016-09-06 03:08:00.700390
3664,201609063869994,PRIN,55,40,50,1680,84000.00,2016-09-06 03:08:00.699940
3665,201609063869934,PRIN,5,45,68,1670,113560.00,2016-09-06 03:08:00.699340
3666,201609063869444,PRIN,34,48,275,1680,462000.00,2016-09-06 03:08:00.694440
3667,201609063869463,PRIN,34,38,72,1680,120960.00,2016-09-06 03:08:00.694630
3668,201609063869324,PRIN,34,22,35,1670,58450.00,2016-09-06 03:08:00.693240
3669,201609063868640,PRIN,59,21,25,1670,41750.00,2016-09-06 03:08:00.686400
3670,201609063868350,PRIN,17,45,100,1650,165000.00,2016-09-06 03:08:00.683500
3671,201609063867607,PRIN,34,42,200,1680,336000.00,2016-09-06 03:08:00.676070
3672,201609053867058,PRIN,7,58,150,1660,249000.00,2016-09-05 03:08:00.670580
3673,201609053867059,PRIN,55,58,50,1658,82900.00,2016-09-05 03:08:00.670590
3674,201609053866517,PRIN,7,45,50,1657,82850.00,2016-09-05 03:08:00.665170
3675,201609053866228,PRIN,55,14,144,1664,239616.00,2016-09-05 03:08:00.662280
3676,201609053865934,PRIN,55,47,61,1656,101016.00,2016-09-05 03:08:00.659340
3677,201609053865739,PRIN,55,29,138,1656,228528.00,2016-09-05 03:08:00.657390
3678,201609053865710,PRIN,55,22,110,1660,182600.00,2016-09-05 03:08:00.657100
3679,201609053865501,PRIN,49,22,10,1670,16700.00,2016-09-05 03:08:00.655010
3680,201609053865438,PRIN,55,41,112,1656,185472.00,2016-09-05 03:08:00.654380
3681,201609053864905,PRIN,20,26,100,1670,167000.00,2016-09-05 03:08:00.649050
3682,201609053864752,PRIN,33,26,100,1670,167000.00,2016-09-05 03:08:00.647520
3683,201609053864767,PRIN,21,26,200,1660,332000.00,2016-09-05 03:08:00.647670
3684,201609053864775,PRIN,19,26,100,1660,166000.00,2016-09-05 03:08:00.647750
3685,201609053864091,PRIN,59,14,405,1665,674325.00,2016-09-05 03:08:00.640910
3686,201609053863813,PRIN,49,38,190,1669,317110.00,2016-09-05 03:08:00.638130
3687,201609053862478,PRIN,18,38,180,1665,299700.00,2016-09-05 03:08:00.624780
3688,201609053862255,PRIN,18,51,120,1665,199800.00,2016-09-05 03:08:00.622550
3689,201609053862088,PRIN,22,51,80,1665,133200.00,2016-09-05 03:08:00.620880
3690,201609053861658,PRIN,22,46,100,1665,166500.00,2016-09-05 03:08:00.616580
3691,201609053861547,PRIN,22,8,21,1655,34755.00,2016-09-05 03:08:00.615470
3692,201609053860057,PRIN,17,41,38,1670,63460.00,2016-09-05 03:08:00.600570
3693,201609053859927,PRIN,17,53,200,1670,334000.00,2016-09-05 03:08:00.599270
3694,201609053858090,PRIN,21,22,150,1670,250500.00,2016-09-05 03:08:00.580900
3695,201609043856515,PRIN,53,33,93,1670,155310.00,2016-09-04 03:08:00.565150
3696,201609043856365,PRIN,46,50,100,1661,166100.00,2016-09-04 03:08:00.563650
3697,201609043856034,PRIN,46,48,100,1661,166100.00,2016-09-04 03:08:00.560340
3698,201609043855301,PRIN,19,58,10,1662,16620.00,2016-09-04 03:08:00.553010
3699,201609043855302,PRIN,21,58,190,1661,315590.00,2016-09-04 03:08:00.553020
3700,201609043854760,PRIN,19,11,40,1662,66480.00,2016-09-04 03:08:00.547600
3701,201609043854306,PRIN,21,48,100,1670,167000.00,2016-09-04 03:08:00.543060
3702,201609043853998,PRIN,17,7,100,1670,167000.00,2016-09-04 03:08:00.539980
3703,201609043853286,PRIN,26,26,200,1656,331200.00,2016-09-04 03:08:00.532860
3704,201609043852725,PRIN,26,14,20,1670,33400.00,2016-09-04 03:08:00.527250
3705,201609043852580,PRIN,19,59,100,1660,166000.00,2016-09-04 03:08:00.525800
3706,201609043852121,PRIN,35,48,500,1655,827500.00,2016-09-04 03:08:00.521210
3707,201609043851319,PRIN,19,28,200,1651,330200.00,2016-09-04 03:08:00.513190
3708,201609043851320,PRIN,49,28,300,1650,495000.00,2016-09-04 03:08:00.513200
3709,201609043850497,PRIN,49,48,442,1670,738140.00,2016-09-04 03:08:00.504970
3710,201609043850467,PRIN,44,48,171,1671,285741.00,2016-09-04 03:08:00.504670
3711,201609043850292,PRIN,44,1,100,1671,167100.00,2016-09-04 03:08:00.502920
3712,201609043850140,PRIN,49,28,20,1675,33500.00,2016-09-04 03:08:00.501400
3713,201609043850141,PRIN,19,28,100,1670,167000.00,2016-09-04 03:08:00.501410
3714,201609043850000,PRIN,49,8,80,1681,134480.00,2016-09-04 03:08:00.500000
3715,201609043849711,PRIN,21,53,100,1680,168000.00,2016-09-04 03:08:00.497110
3716,201609013847303,PRIN,19,37,100,1679,167900.00,2016-09-01 03:08:00.473030
3717,201609013846767,PRIN,28,36,100,1679,167900.00,2016-09-01 03:08:00.467670
3718,201609013846768,PRIN,28,22,200,1680,336000.00,2016-09-01 03:08:00.467680
3719,201609013846710,PRIN,57,38,300,1679,503700.00,2016-09-01 03:08:00.467100
3720,201609013846406,PRIN,28,29,50,1670,83500.00,2016-09-01 03:08:00.464060
3721,201609013846155,PRIN,21,28,50,1665,83250.00,2016-09-01 03:08:00.461550
3722,201609013846129,PRIN,45,25,350,1660,581000.00,2016-09-01 03:08:00.461290
3723,201609013846092,PRIN,5,45,580,1655,959900.00,2016-09-01 03:08:00.460920
3724,201609013845640,PRIN,28,38,58,1655,95990.00,2016-09-01 03:08:00.456400
3725,201609013845338,PRIN,13,45,20,1655,33100.00,2016-09-01 03:08:00.453380
3726,201609013845339,PRIN,21,45,50,1655,82750.00,2016-09-01 03:08:00.453390
3727,201609013845340,PRIN,29,45,100,1655,165500.00,2016-09-01 03:08:00.453400
3728,201609013845341,PRIN,38,45,100,1655,165500.00,2016-09-01 03:08:00.453410
3729,201609013845342,PRIN,32,45,100,1652,165200.00,2016-09-01 03:08:00.453420
3730,201609013845343,PRIN,39,45,250,1651,412750.00,2016-09-01 03:08:00.453430
3731,201609013845344,PRIN,6,45,100,1651,165100.00,2016-09-01 03:08:00.453440
3732,201609013845345,PRIN,37,45,400,1651,660400.00,2016-09-01 03:08:00.453450
3733,201609013845346,PRIN,21,45,200,1650,330000.00,2016-09-01 03:08:00.453460
3734,201609013845347,PRIN,33,45,400,1650,660000.00,2016-09-01 03:08:00.453470
3735,201609013845280,PRIN,13,14,80,1655,132400.00,2016-09-01 03:08:00.452800
3736,201609013845293,PRIN,13,45,100,1655,165500.00,2016-09-01 03:08:00.452930
3737,201609013844975,PRIN,5,26,20,1655,33100.00,2016-09-01 03:08:00.449750
3738,201609013844869,PRIN,5,10,100,1655,165500.00,2016-09-01 03:08:00.448690
3739,201609013844751,PRIN,5,33,100,1658,165800.00,2016-09-01 03:08:00.447510
3740,201609013844403,PRIN,49,1,603,1648,993744.00,2016-09-01 03:08:00.444030
3741,201609013844308,PRIN,26,19,50,1650,82500.00,2016-09-01 03:08:00.443080
3742,201609013844309,PRIN,21,19,100,1650,165000.00,2016-09-01 03:08:00.443090
3743,201609013844310,PRIN,49,19,350,1648,576800.00,2016-09-01 03:08:00.443100
3744,201609013844118,PRIN,49,45,1000,1650,1650000.00,2016-09-01 03:08:00.441180
3745,201609013843341,PRIN,22,45,150,1660,249000.00,2016-09-01 03:08:00.433410
3746,201609013843342,PRIN,20,45,200,1660,332000.00,2016-09-01 03:08:00.433420
3747,201609013843343,PRIN,16,45,100,1651,165100.00,2016-09-01 03:08:00.433430
3748,201609013843344,PRIN,8,45,100,1650,165000.00,2016-09-01 03:08:00.433440
3749,201609013843345,PRIN,35,45,100,1650,165000.00,2016-09-01 03:08:00.433450
3750,201609013843346,PRIN,21,45,50,1650,82500.00,2016-09-01 03:08:00.433460
3751,201609013843191,PRIN,35,41,200,1670,334000.00,2016-09-01 03:08:00.431910
3752,201609013842553,PRIN,14,45,1000,1650,1650000.00,2016-09-01 03:08:00.425530
3753,201609013841548,PRIN,5,56,100,1642,164200.00,2016-09-01 03:08:00.415480
3754,201609013841549,PRIN,11,56,200,1640,328000.00,2016-09-01 03:08:00.415490
3755,201609013841550,PRIN,36,56,200,1637,327400.00,2016-09-01 03:08:00.415500
3756,201609013840770,PRIN,48,38,300,1670,501000.00,2016-09-01 03:08:00.407700
3757,201609013840559,PRIN,26,56,100,1672,167200.00,2016-09-01 03:08:00.405590
3758,201609013840560,PRIN,21,56,500,1671,835500.00,2016-09-01 03:08:00.405600
3759,201608313839272,PRIN,51,38,200,1669,333800.00,2016-08-31 03:08:00.392720
3760,201608313839275,PRIN,5,57,70,1670,116900.00,2016-08-31 03:08:00.392750
3761,201608313839224,PRIN,17,4,300,1670,501000.00,2016-08-31 03:08:00.392240
3762,201608313839237,PRIN,17,57,150,1670,250500.00,2016-08-31 03:08:00.392370
3763,201608313839238,PRIN,5,57,130,1670,217100.00,2016-08-31 03:08:00.392380
3764,201608313839243,PRIN,51,57,100,1670,167000.00,2016-08-31 03:08:00.392430
3765,201608313839188,PRIN,17,57,50,1670,83500.00,2016-08-31 03:08:00.391880
3766,201608313839099,PRIN,5,47,100,1670,167000.00,2016-08-31 03:08:00.390990
3767,201608313839100,PRIN,8,47,500,1670,835000.00,2016-08-31 03:08:00.391000
3768,201608313839101,PRIN,8,47,500,1670,835000.00,2016-08-31 03:08:00.391010
3769,201608313839042,PRIN,35,47,500,1670,835000.00,2016-08-31 03:08:00.390420
3770,201608313838927,PRIN,5,38,300,1670,501000.00,2016-08-31 03:08:00.389270
3771,201608313838736,PRIN,51,11,200,1669,333800.00,2016-08-31 03:08:00.387360
3772,201608313838701,PRIN,7,45,50,1680,84000.00,2016-08-31 03:08:00.387010
3773,201608313838722,PRIN,53,17,100,1675,167500.00,2016-08-31 03:08:00.387220
3774,201608313838605,PRIN,7,47,50,1680,84000.00,2016-08-31 03:08:00.386050
3775,201608313838476,PRIN,7,47,19,1684,31996.00,2016-08-31 03:08:00.384760
3776,201608313838494,PRIN,7,59,200,1685,337000.00,2016-08-31 03:08:00.384940
3777,201608313838423,PRIN,49,47,60,1685,101100.00,2016-08-31 03:08:00.384230
3778,201608313838369,PRIN,49,36,100,1684,168400.00,2016-08-31 03:08:00.383690
3779,201608313838370,PRIN,49,58,40,1685,67400.00,2016-08-31 03:08:00.383700
3780,201608313838188,PRIN,57,7,37,1670,61790.00,2016-08-31 03:08:00.381880
3781,201608313838087,PRIN,26,7,200,1671,334200.00,2016-08-31 03:08:00.380870
3782,201608313837804,PRIN,19,58,60,1685,101100.00,2016-08-31 03:08:00.378040
3783,201608313837690,PRIN,19,11,10,1685,16850.00,2016-08-31 03:08:00.376900
3784,201608313837662,PRIN,26,11,20,1686,33720.00,2016-08-31 03:08:00.376620
3785,201608313837093,PRIN,17,45,100,1690,169000.00,2016-08-31 03:08:00.370930
3786,201608313836998,PRIN,55,14,201,1689,339489.00,2016-08-31 03:08:00.369980
3787,201608313837020,PRIN,55,14,200,1690,338000.00,2016-08-31 03:08:00.370200
3788,201608313837021,PRIN,55,38,200,1690,338000.00,2016-08-31 03:08:00.370210
3789,201608313837022,PRIN,55,53,100,1699,169900.00,2016-08-31 03:08:00.370220
3790,201608313836927,PRIN,59,42,200,1690,338000.00,2016-08-31 03:08:00.369270
3791,201608313836928,PRIN,59,48,100,1690,169000.00,2016-08-31 03:08:00.369280
3792,201608313836916,PRIN,59,21,131,1690,221390.00,2016-08-31 03:08:00.369160
3793,201608313836829,PRIN,19,21,400,1685,674000.00,2016-08-31 03:08:00.368290
3794,201608313836830,PRIN,19,21,100,1685,168500.00,2016-08-31 03:08:00.368300
3795,201608313836818,PRIN,19,6,200,1678,335600.00,2016-08-31 03:08:00.368180
3796,201608313836820,PRIN,19,14,230,1680,386400.00,2016-08-31 03:08:00.368200
3797,201608313836758,PRIN,36,13,478,1675,800650.00,2016-08-31 03:08:00.367580
3798,201608313836648,PRIN,6,45,200,1675,335000.00,2016-08-31 03:08:00.366480
3799,201608313836537,PRIN,35,19,300,1670,501000.00,2016-08-31 03:08:00.365370
3800,201608313835874,PRIN,59,6,100,1675,167500.00,2016-08-31 03:08:00.358740
3801,201608313835875,PRIN,59,47,200,1679,335800.00,2016-08-31 03:08:00.358750
3802,201608313835876,PRIN,59,10,110,1680,184800.00,2016-08-31 03:08:00.358760
3803,201608313835877,PRIN,59,54,100,1680,168000.00,2016-08-31 03:08:00.358770
3804,201608313835878,PRIN,59,56,150,1680,252000.00,2016-08-31 03:08:00.358780
3805,201608313835879,PRIN,59,25,300,1680,504000.00,2016-08-31 03:08:00.358790
3806,201608313835880,PRIN,59,57,200,1683,336600.00,2016-08-31 03:08:00.358800
3807,201608313835832,PRIN,51,34,100,1674,167400.00,2016-08-31 03:08:00.358320
3808,201608313835792,PRIN,26,6,100,1675,167500.00,2016-08-31 03:08:00.357920
3809,201608313835467,PRIN,17,34,500,1660,830000.00,2016-08-31 03:08:00.354670
3810,201608313835474,PRIN,57,36,100,1669,166900.00,2016-08-31 03:08:00.354740
3811,201608313835475,PRIN,57,56,100,1670,167000.00,2016-08-31 03:08:00.354750
3812,201608313835397,PRIN,21,54,300,1665,499500.00,2016-08-31 03:08:00.353970
3813,201608313835367,PRIN,36,54,100,1665,166500.00,2016-08-31 03:08:00.353670
3814,201608313835325,PRIN,57,34,200,1660,332000.00,2016-08-31 03:08:00.353250
3815,201608313835199,PRIN,53,38,100,1650,165000.00,2016-08-31 03:08:00.351990
3816,201608313834557,PRIN,38,45,350,1650,577500.00,2016-08-31 03:08:00.345570
3817,201608313834571,PRIN,38,45,150,1650,247500.00,2016-08-31 03:08:00.345710
3818,201608313834542,PRIN,36,5,300,1655,496500.00,2016-08-31 03:08:00.345420
3819,201608313834543,PRIN,36,45,150,1655,248250.00,2016-08-31 03:08:00.345430
3820,201608313834446,PRIN,53,54,350,1660,581000.00,2016-08-31 03:08:00.344460
3821,201608313834447,PRIN,36,54,50,1655,82750.00,2016-08-31 03:08:00.344470
3822,201608313834388,PRIN,56,45,50,1656,82800.00,2016-08-31 03:08:00.343880
3823,201608313834389,PRIN,57,45,100,1655,165500.00,2016-08-31 03:08:00.343890
3824,201608313834149,PRIN,53,34,699,1660,1160340.00,2016-08-31 03:08:00.341490
3825,201608313834050,PRIN,41,49,100,1656,165600.00,2016-08-31 03:08:00.340500
3826,201608313834051,PRIN,56,49,150,1656,248400.00,2016-08-31 03:08:00.340510
3827,201608313833376,PRIN,26,56,200,1650,330000.00,2016-08-31 03:08:00.333760
3828,201608313833359,PRIN,45,56,100,1640,164000.00,2016-08-31 03:08:00.333590
3829,201608303833109,PRIN,34,38,100,1643,164300.00,2016-08-30 03:08:00.331090
3830,201608303833068,PRIN,38,56,100,1650,165000.00,2016-08-30 03:08:00.330680
3831,201608303832976,PRIN,58,45,170,1650,280500.00,2016-08-30 03:08:00.329760
3832,201608303833011,PRIN,58,11,65,1650,107250.00,2016-08-30 03:08:00.330110
3833,201608303832963,PRIN,57,45,200,1656,331200.00,2016-08-30 03:08:00.329630
3834,201608303832964,PRIN,22,45,30,1655,49650.00,2016-08-30 03:08:00.329640
3835,201608303832965,PRIN,11,45,50,1655,82750.00,2016-08-30 03:08:00.329650
3836,201608303832687,PRIN,36,19,200,1660,332000.00,2016-08-30 03:08:00.326870
3837,201608303832651,PRIN,11,38,50,1655,82750.00,2016-08-30 03:08:00.326510
3838,201608303832437,PRIN,53,38,39,1656,64584.00,2016-08-30 03:08:00.324370
3839,201608303832242,PRIN,47,42,17,1657,28169.00,2016-08-30 03:08:00.322420
3840,201608303832091,PRIN,47,7,100,1657,165700.00,2016-08-30 03:08:00.320910
3841,201608303831985,PRIN,47,59,20,1660,33200.00,2016-08-30 03:08:00.319850
3842,201608303831986,PRIN,47,6,138,1665,229770.00,2016-08-30 03:08:00.319860
3843,201608303831945,PRIN,53,41,20,1656,33120.00,2016-08-30 03:08:00.319450
3844,201608303831817,PRIN,53,59,50,1664,83200.00,2016-08-30 03:08:00.318170
3845,201608303831818,PRIN,17,59,50,1660,83000.00,2016-08-30 03:08:00.318180
3846,201608303831715,PRIN,53,22,300,1664,499200.00,2016-08-30 03:08:00.317150
3847,201608303831451,PRIN,56,41,100,1657,165700.00,2016-08-30 03:08:00.314510
3848,201608303831452,PRIN,53,41,100,1656,165600.00,2016-08-30 03:08:00.314520
3849,201608303831480,PRIN,13,6,200,1660,332000.00,2016-08-30 03:08:00.314800
3850,201608303831481,PRIN,13,7,100,1662,166200.00,2016-08-30 03:08:00.314810
3851,201608303830870,PRIN,56,33,350,1660,581000.00,2016-08-30 03:08:00.308700
3852,201608303830623,PRIN,16,38,100,1658,165800.00,2016-08-30 03:08:00.306230
3853,201608303830624,PRIN,16,33,400,1660,664000.00,2016-08-30 03:08:00.306240
3854,201608303830415,PRIN,44,34,100,1658,165800.00,2016-08-30 03:08:00.304150
3855,201608303830416,PRIN,56,34,100,1657,165700.00,2016-08-30 03:08:00.304160
3856,201608303830417,PRIN,26,34,100,1656,165600.00,2016-08-30 03:08:00.304170
3857,201608303830418,PRIN,22,34,100,1655,165500.00,2016-08-30 03:08:00.304180
3858,201608303829938,PRIN,36,46,11,1670,18370.00,2016-08-30 03:08:00.299380
3859,201608303829929,PRIN,19,46,50,1671,83550.00,2016-08-30 03:08:00.299290
3860,201608303829930,PRIN,36,46,20,1670,33400.00,2016-08-30 03:08:00.299300
3861,201608303829931,PRIN,36,46,100,1670,167000.00,2016-08-30 03:08:00.299310
3862,201608303829538,PRIN,19,29,50,1678,83900.00,2016-08-30 03:08:00.295380
3863,201608303829489,PRIN,53,19,120,1677,201240.00,2016-08-30 03:08:00.294890
3864,201608303829478,PRIN,53,19,100,1677,167700.00,2016-08-30 03:08:00.294780
3865,201608303829180,PRIN,36,25,300,1670,501000.00,2016-08-30 03:08:00.291800
3866,201608303829153,PRIN,36,42,30,1670,50100.00,2016-08-30 03:08:00.291530
3867,201608303829154,PRIN,36,22,100,1670,167000.00,2016-08-30 03:08:00.291540
3868,201608303828793,PRIN,19,48,100,1665,166500.00,2016-08-30 03:08:00.287930
3869,201608303828614,PRIN,17,46,200,1660,332000.00,2016-08-30 03:08:00.286140
3870,201608303828538,PRIN,47,35,100,1650,165000.00,2016-08-30 03:08:00.285380
3871,201608303828235,PRIN,17,22,100,1650,165000.00,2016-08-30 03:08:00.282350
3872,201608303828098,PRIN,17,50,200,1640,328000.00,2016-08-30 03:08:00.280980
3873,201608303828014,PRIN,45,45,1000,1615,1615000.00,2016-08-30 03:08:00.280140
3874,201608303827865,PRIN,45,45,1000,1615,1615000.00,2016-08-30 03:08:00.278650
3875,201608303827805,PRIN,47,29,100,1630,163000.00,2016-08-30 03:08:00.278050
3876,201608303827806,PRIN,47,21,100,1630,163000.00,2016-08-30 03:08:00.278060
3877,201608303827787,PRIN,36,45,1000,1629,1629000.00,2016-08-30 03:08:00.277870
3878,201608303827492,PRIN,59,36,100,1605,160500.00,2016-08-30 03:08:00.274920
3879,201608303827385,PRIN,59,45,200,1605,321000.00,2016-08-30 03:08:00.273850
3880,201608303827319,PRIN,39,45,100,1612,161200.00,2016-08-30 03:08:00.273190
3881,201608303827320,PRIN,44,45,100,1607,160700.00,2016-08-30 03:08:00.273200
3882,201608303827321,PRIN,29,45,100,1606,160600.00,2016-08-30 03:08:00.273210
3883,201608303827322,PRIN,59,45,700,1605,1123500.00,2016-08-30 03:08:00.273220
3884,201608303827100,PRIN,50,38,100,1630,163000.00,2016-08-30 03:08:00.271000
3885,201608303826960,PRIN,58,55,200,1635,327000.00,2016-08-30 03:08:00.269600
3886,201608303826912,PRIN,58,17,100,1635,163500.00,2016-08-30 03:08:00.269120
3887,201608303826854,PRIN,7,34,125,1640,205000.00,2016-08-30 03:08:00.268540
3888,201608303826840,PRIN,58,38,100,1635,163500.00,2016-08-30 03:08:00.268400
3889,201608303826722,PRIN,50,21,200,1650,330000.00,2016-08-30 03:08:00.267220
3890,201608303826538,PRIN,26,45,100,1670,167000.00,2016-08-30 03:08:00.265380
3891,201608293826302,PRIN,56,49,20,1666,33320.00,2016-08-29 03:08:00.263020
3892,201608293826303,PRIN,38,49,80,1665,133200.00,2016-08-29 03:08:00.263030
3893,201608293826133,PRIN,38,42,100,1665,166500.00,2016-08-29 03:08:00.261330
3894,201608293826103,PRIN,56,48,100,1666,166600.00,2016-08-29 03:08:00.261030
3895,201608293825830,PRIN,21,26,200,1665,333000.00,2016-08-29 03:08:00.258300
3896,201608293825721,PRIN,55,44,100,1675,167500.00,2016-08-29 03:08:00.257210
3897,201608293825759,PRIN,55,34,100,1675,167500.00,2016-08-29 03:08:00.257590
3898,201608293825760,PRIN,45,34,100,1670,167000.00,2016-08-29 03:08:00.257600
3899,201608293825761,PRIN,4,34,100,1668,166800.00,2016-08-29 03:08:00.257610
3900,201608293825762,PRIN,8,34,500,1667,833500.00,2016-08-29 03:08:00.257620
3901,201608293825693,PRIN,55,58,200,1679,335800.00,2016-08-29 03:08:00.256930
3902,201608293825694,PRIN,55,26,300,1680,504000.00,2016-08-29 03:08:00.256940
3903,201608293825695,PRIN,55,48,300,1680,504000.00,2016-08-29 03:08:00.256950
3904,201608293825696,PRIN,38,44,200,1675,335000.00,2016-08-29 03:08:00.256960
3905,201608293825632,PRIN,39,34,50,1680,84000.00,2016-08-29 03:08:00.256320
3906,201608293824818,PRIN,5,47,500,1682,841000.00,2016-08-29 03:08:00.248180
3907,201608293824819,PRIN,11,47,300,1682,504600.00,2016-08-29 03:08:00.248190
3908,201608293824820,PRIN,50,47,200,1681,336200.00,2016-08-29 03:08:00.248200
3909,201608293824843,PRIN,50,56,50,1681,84050.00,2016-08-29 03:08:00.248430
3910,201608293824844,PRIN,17,56,50,1680,84000.00,2016-08-29 03:08:00.248440
3911,201608293824845,PRIN,32,56,300,1680,504000.00,2016-08-29 03:08:00.248450
3912,201608293824846,PRIN,8,56,1000,1680,1680000.00,2016-08-29 03:08:00.248460
3913,201608293824556,PRIN,8,52,20,1690,33800.00,2016-08-29 03:08:00.245560
3914,201608293824557,PRIN,8,48,65,1695,110175.00,2016-08-29 03:08:00.245570
3915,201608293824552,PRIN,8,50,64,1690,108160.00,2016-08-29 03:08:00.245520
3916,201608293824477,PRIN,8,53,68,1681,114308.00,2016-08-29 03:08:00.244770
3917,201608293824273,PRIN,39,36,170,1685,286450.00,2016-08-29 03:08:00.242730
3918,201608293824274,PRIN,55,36,30,1685,50550.00,2016-08-29 03:08:00.242740
3919,201608293824275,PRIN,55,36,24,1685,40440.00,2016-08-29 03:08:00.242750
3920,201608293824170,PRIN,7,34,30,1685,50550.00,2016-08-29 03:08:00.241700
3921,201608293824171,PRIN,50,34,70,1685,117950.00,2016-08-29 03:08:00.241710
3922,201608293824172,PRIN,39,34,130,1685,219050.00,2016-08-29 03:08:00.241720
3923,201608293824032,PRIN,50,56,150,1685,252750.00,2016-08-29 03:08:00.240320
3924,201608293823985,PRIN,50,11,100,1685,168500.00,2016-08-29 03:08:00.239850
3925,201608293823955,PRIN,46,45,640,1690,1081600.00,2016-08-29 03:08:00.239550
3926,201608293823956,PRIN,46,45,13,1690,21970.00,2016-08-29 03:08:00.239560
3927,201608293823900,PRIN,11,45,40,1690,67600.00,2016-08-29 03:08:00.239000
3928,201608293823879,PRIN,50,52,100,1685,168500.00,2016-08-29 03:08:00.238790
3929,201608293823855,PRIN,50,52,80,1685,134800.00,2016-08-29 03:08:00.238550
3930,201608293823792,PRIN,53,38,30,1685,50550.00,2016-08-29 03:08:00.237920
3931,201608293823793,PRIN,7,38,220,1685,370700.00,2016-08-29 03:08:00.237930
3932,201608293823800,PRIN,43,8,50,1686,84300.00,2016-08-29 03:08:00.238000
3933,201608293823801,PRIN,43,21,100,1688,168800.00,2016-08-29 03:08:00.238010
3934,201608293823807,PRIN,43,36,50,1688,84400.00,2016-08-29 03:08:00.238070
3935,201608293823808,PRIN,7,36,150,1685,252750.00,2016-08-29 03:08:00.238080
3936,201608293823760,PRIN,13,38,500,1687,843500.00,2016-08-29 03:08:00.237600
3937,201608293823762,PRIN,38,48,450,1686,758700.00,2016-08-29 03:08:00.237620
3938,201608293823769,PRIN,38,8,50,1686,84300.00,2016-08-29 03:08:00.237690
3939,201608293823772,PRIN,7,11,100,1685,168500.00,2016-08-29 03:08:00.237720
3940,201608293823742,PRIN,6,56,59,1687,99533.00,2016-08-29 03:08:00.237420
3941,201608293823684,PRIN,8,36,300,1687,506100.00,2016-08-29 03:08:00.236840
3942,201608293823666,PRIN,53,45,10,1690,16900.00,2016-08-29 03:08:00.236660
3943,201608293823516,PRIN,8,21,222,1687,374514.00,2016-08-29 03:08:00.235160
3944,201608293823476,PRIN,17,53,10,1697,16970.00,2016-08-29 03:08:00.234760
3945,201608293823488,PRIN,17,21,224,1690,378560.00,2016-08-29 03:08:00.234880
3946,201608293823398,PRIN,17,53,100,1697,169700.00,2016-08-29 03:08:00.233980
3947,201608293823318,PRIN,17,47,40,1697,67880.00,2016-08-29 03:08:00.233180
3948,201608293822939,PRIN,47,47,60,1697,101820.00,2016-08-29 03:08:00.229390
3949,201608293822774,PRIN,42,47,100,1695,169500.00,2016-08-29 03:08:00.227740
3950,201608293822775,PRIN,42,4,100,1696,169600.00,2016-08-29 03:08:00.227750
3951,201608293822537,PRIN,52,58,80,1691,135280.00,2016-08-29 03:08:00.225370
3952,201608293822538,PRIN,53,58,290,1690,490100.00,2016-08-29 03:08:00.225380
3953,201608293822530,PRIN,38,7,100,1692,169200.00,2016-08-29 03:08:00.225300
3954,201608293822352,PRIN,17,38,100,1695,169500.00,2016-08-29 03:08:00.223520
3955,201608293822306,PRIN,4,49,50,1694,84700.00,2016-08-29 03:08:00.223060
3956,201608293822318,PRIN,17,42,100,1695,169500.00,2016-08-29 03:08:00.223180
3957,201608293822147,PRIN,7,49,100,1694,169400.00,2016-08-29 03:08:00.221470
3958,201608293822142,PRIN,52,56,26,1691,43966.00,2016-08-29 03:08:00.221420
3959,201608293822030,PRIN,53,41,200,1690,338000.00,2016-08-29 03:08:00.220300
3960,201608293822031,PRIN,53,47,250,1690,422500.00,2016-08-29 03:08:00.220310
3961,201608293822032,PRIN,53,43,100,1690,169000.00,2016-08-29 03:08:00.220320
3962,201608293822012,PRIN,38,38,100,1686,168600.00,2016-08-29 03:08:00.220120
3963,201608293821913,PRIN,19,6,30,1686,50580.00,2016-08-29 03:08:00.219130
3964,201608293821914,PRIN,53,6,70,1685,117950.00,2016-08-29 03:08:00.219140
3965,201608293821881,PRIN,43,56,30,1690,50700.00,2016-08-29 03:08:00.218810
3966,201608293821823,PRIN,19,25,122,1686,205692.00,2016-08-29 03:08:00.218230
3967,201608293821638,PRIN,51,56,200,1686,337200.00,2016-08-29 03:08:00.216380
3968,201608293821624,PRIN,33,56,70,1690,118300.00,2016-08-29 03:08:00.216240
3969,201608293821536,PRIN,8,22,120,1700,204000.00,2016-08-29 03:08:00.215360
3970,201608293821537,PRIN,8,37,500,1700,850000.00,2016-08-29 03:08:00.215370
3971,201608293821538,PRIN,8,37,100,1700,170000.00,2016-08-29 03:08:00.215380
3972,201608293821539,PRIN,8,34,200,1700,340000.00,2016-08-29 03:08:00.215390
3973,201608293821380,PRIN,8,56,40,1689,67560.00,2016-08-29 03:08:00.213800
3974,201608293821381,PRIN,8,56,200,1690,338000.00,2016-08-29 03:08:00.213810
3975,201608293821311,PRIN,46,53,170,1685,286450.00,2016-08-29 03:08:00.213110
3976,201608293821216,PRIN,8,22,365,1680,613200.00,2016-08-29 03:08:00.212160
3977,201608293821166,PRIN,46,45,100,1680,168000.00,2016-08-29 03:08:00.211660
3978,201608293821107,PRIN,17,45,160,1675,268000.00,2016-08-29 03:08:00.211070
3979,201608293821061,PRIN,17,56,160,1674,267840.00,2016-08-29 03:08:00.210610
3980,201608293821044,PRIN,17,32,75,1670,125250.00,2016-08-29 03:08:00.210440
3981,201608293820702,PRIN,57,19,350,1650,577500.00,2016-08-29 03:08:00.207020
3982,201608293820669,PRIN,58,19,200,1650,330000.00,2016-08-29 03:08:00.206690
3983,201608293820638,PRIN,46,57,150,1651,247650.00,2016-08-29 03:08:00.206380
3984,201608293820659,PRIN,46,19,150,1651,247650.00,2016-08-29 03:08:00.206590
3985,201608293820660,PRIN,57,19,150,1651,247650.00,2016-08-29 03:08:00.206600
3986,201608293820159,PRIN,42,32,100,1650,165000.00,2016-08-29 03:08:00.201590
3987,201608293820099,PRIN,7,19,100,1658,165800.00,2016-08-29 03:08:00.200990
3988,201608293820074,PRIN,11,45,100,1680,168000.00,2016-08-29 03:08:00.200740
3989,201608293820079,PRIN,11,45,200,1675,335000.00,2016-08-29 03:08:00.200790
3990,201608293820086,PRIN,26,46,100,1657,165700.00,2016-08-29 03:08:00.200860
3991,201608293820056,PRIN,41,41,150,1692,253800.00,2016-08-29 03:08:00.200560
3992,201608293820068,PRIN,5,41,100,1685,168500.00,2016-08-29 03:08:00.200680
3993,201608293820004,PRIN,19,50,200,1686,337200.00,2016-08-29 03:08:00.200040
3994,201608293819994,PRIN,42,45,100,1695,169500.00,2016-08-29 03:08:00.199940
3995,201608293819867,PRIN,17,41,50,1692,84600.00,2016-08-29 03:08:00.198670
3996,201608293819868,PRIN,38,41,100,1690,169000.00,2016-08-29 03:08:00.198680
3997,201608293819869,PRIN,28,41,150,1690,253500.00,2016-08-29 03:08:00.198690
3998,201608293819880,PRIN,28,58,150,1690,253500.00,2016-08-29 03:08:00.198800
3999,201608293819850,PRIN,11,45,100,1700,170000.00,2016-08-29 03:08:00.198500
4000,201608293819859,PRIN,47,34,200,1693,338600.00,2016-08-29 03:08:00.198590
4001,201608293819833,PRIN,42,36,100,1719,171900.00,2016-08-29 03:08:00.198330
4002,201608293819834,PRIN,42,18,250,1720,430000.00,2016-08-29 03:08:00.198340
4003,201608293819835,PRIN,42,17,13,1720,22360.00,2016-08-29 03:08:00.198350
4004,201608293819844,PRIN,42,45,20,1700,34000.00,2016-08-29 03:08:00.198440
4005,201608293819845,PRIN,54,45,400,1700,680000.00,2016-08-29 03:08:00.198450
4006,201608293819760,PRIN,17,58,100,1722,172200.00,2016-08-29 03:08:00.197600
4007,201608293819761,PRIN,17,8,100,1723,172300.00,2016-08-29 03:08:00.197610
4008,201608293819749,PRIN,46,17,215,1700,365500.00,2016-08-29 03:08:00.197490
4009,201608293819755,PRIN,17,34,500,1720,860000.00,2016-08-29 03:08:00.197550
4010,201608293819745,PRIN,46,44,19,1700,32300.00,2016-08-29 03:08:00.197450
4011,201608293819714,PRIN,38,41,121,1692,204732.00,2016-08-29 03:08:00.197140
4012,201608283819541,PRIN,29,56,100,1690,169000.00,2016-08-28 03:08:00.195410
4013,201608283819555,PRIN,29,56,100,1690,169000.00,2016-08-28 03:08:00.195550
4014,201608283819579,PRIN,37,38,300,1690,507000.00,2016-08-28 03:08:00.195790
4015,201608283819520,PRIN,29,56,100,1690,169000.00,2016-08-28 03:08:00.195200
4016,201608283819349,PRIN,37,38,118,1690,199420.00,2016-08-28 03:08:00.193490
4017,201608283819292,PRIN,34,38,350,1685,589750.00,2016-08-28 03:08:00.192920
4018,201608283819258,PRIN,42,38,50,1692,84600.00,2016-08-28 03:08:00.192580
4019,201608283819198,PRIN,39,22,30,1694,50820.00,2016-08-28 03:08:00.191980
4020,201608283819150,PRIN,34,41,150,1685,252750.00,2016-08-28 03:08:00.191500
4021,201608283819102,PRIN,38,56,50,1690,84500.00,2016-08-28 03:08:00.191020
4022,201608283819103,PRIN,17,56,100,1690,169000.00,2016-08-28 03:08:00.191030
4023,201608283819104,PRIN,6,56,100,1687,168700.00,2016-08-28 03:08:00.191040
4024,201608283819105,PRIN,37,56,500,1687,843500.00,2016-08-28 03:08:00.191050
4025,201608283819106,PRIN,21,56,500,1686,843000.00,2016-08-28 03:08:00.191060
4026,201608283819122,PRIN,57,56,500,1684,842000.00,2016-08-28 03:08:00.191220
4027,201608283819059,PRIN,57,46,49,1690,82810.00,2016-08-28 03:08:00.190590
4028,201608283819011,PRIN,57,32,50,1690,84500.00,2016-08-28 03:08:00.190110
4029,201608283819021,PRIN,56,34,100,1695,169500.00,2016-08-28 03:08:00.190210
4030,201608283818907,PRIN,28,8,50,1696,84800.00,2016-08-28 03:08:00.189070
4031,201608283818910,PRIN,21,8,100,1696,169600.00,2016-08-28 03:08:00.189100
4032,201608283818914,PRIN,5,8,50,1696,84800.00,2016-08-28 03:08:00.189140
4033,201608283818915,PRIN,5,25,200,1696,339200.00,2016-08-28 03:08:00.189150
4034,201608283818898,PRIN,5,39,44,1695,74580.00,2016-08-28 03:08:00.188980
4035,201608283818839,PRIN,6,44,93,1687,156891.00,2016-08-28 03:08:00.188390
4036,201608283818788,PRIN,37,32,100,1695,169500.00,2016-08-28 03:08:00.187880
4037,201608283818805,PRIN,29,6,100,1697,169700.00,2016-08-28 03:08:00.188050
4038,201608283818762,PRIN,48,32,200,1695,339000.00,2016-08-28 03:08:00.187620
4039,201608283818722,PRIN,48,36,342,1695,579690.00,2016-08-28 03:08:00.187220
4040,201608283818728,PRIN,48,25,100,1696,169600.00,2016-08-28 03:08:00.187280
4041,201608283818729,PRIN,48,6,200,1697,339400.00,2016-08-28 03:08:00.187290
4042,201608283818697,PRIN,48,58,28,1690,47320.00,2016-08-28 03:08:00.186970
4043,201608283818705,PRIN,48,40,200,1690,338000.00,2016-08-28 03:08:00.187050
4044,201608283818706,PRIN,48,47,200,1694,338800.00,2016-08-28 03:08:00.187060
4045,201608283818707,PRIN,48,49,100,1695,169500.00,2016-08-28 03:08:00.187070
4046,201608283818654,PRIN,19,56,500,1686,843000.00,2016-08-28 03:08:00.186540
4047,201608283818633,PRIN,22,58,300,1690,507000.00,2016-08-28 03:08:00.186330
4048,201608283818634,PRIN,22,50,200,1693,338600.00,2016-08-28 03:08:00.186340
4049,201608283818538,PRIN,22,11,100,1688,168800.00,2016-08-28 03:08:00.185380
4050,201608283818539,PRIN,13,11,200,1687,337400.00,2016-08-28 03:08:00.185390
4051,201608283818399,PRIN,1,37,100,1695,169500.00,2016-08-28 03:08:00.183990
4052,201608283818104,PRIN,38,26,70,1699,118930.00,2016-08-28 03:08:00.181040
4053,201608283818116,PRIN,49,49,150,1695,254250.00,2016-08-28 03:08:00.181160
4054,201608283818095,PRIN,57,26,200,1695,339000.00,2016-08-28 03:08:00.180950
4055,201608283818096,PRIN,57,55,100,1696,169600.00,2016-08-28 03:08:00.180960
4056,201608283818097,PRIN,57,46,150,1697,254550.00,2016-08-28 03:08:00.180970
4057,201608283818058,PRIN,57,46,50,1695,84750.00,2016-08-28 03:08:00.180580
4058,201608283818021,PRIN,22,38,100,1682,168200.00,2016-08-28 03:08:00.180210
4059,201608283817946,PRIN,38,44,200,1681,336200.00,2016-08-28 03:08:00.179460
4060,201608283817930,PRIN,38,32,141,1690,238290.00,2016-08-28 03:08:00.179300
4061,201608283817898,PRIN,6,34,100,1682,168200.00,2016-08-28 03:08:00.178980
4062,201608283817901,PRIN,38,26,57,1695,96615.00,2016-08-28 03:08:00.179010
4063,201608283817840,PRIN,56,50,100,1694,169400.00,2016-08-28 03:08:00.178400
4064,201608283817819,PRIN,1,49,100,1695,169500.00,2016-08-28 03:08:00.178190
4065,201608283817800,PRIN,34,55,50,1698,84900.00,2016-08-28 03:08:00.178000
4066,201608283817802,PRIN,5,6,200,1696,339200.00,2016-08-28 03:08:00.178020
4067,201608283817604,PRIN,14,26,55,1700,93500.00,2016-08-28 03:08:00.176040
4068,201608283817605,PRIN,14,47,100,1700,170000.00,2016-08-28 03:08:00.176050
4069,201608283817606,PRIN,14,5,100,1700,170000.00,2016-08-28 03:08:00.176060
4070,201608283817616,PRIN,34,6,200,1699,339800.00,2016-08-28 03:08:00.176160
4071,201608283817540,PRIN,56,26,200,1699,339800.00,2016-08-28 03:08:00.175400
4072,201608283817518,PRIN,55,14,500,1693,846500.00,2016-08-28 03:08:00.175180
4073,201608283817528,PRIN,45,40,233,1695,394935.00,2016-08-28 03:08:00.175280
4074,201608283817385,PRIN,14,55,50,1690,84500.00,2016-08-28 03:08:00.173850
4075,201608283817386,PRIN,14,48,100,1693,169300.00,2016-08-28 03:08:00.173860
4076,201608283817334,PRIN,21,42,120,1680,201600.00,2016-08-28 03:08:00.173340
4077,201608283817279,PRIN,59,29,100,1689,168900.00,2016-08-28 03:08:00.172790
4078,201608283817280,PRIN,59,49,300,1690,507000.00,2016-08-28 03:08:00.172800
4079,201608283817068,PRIN,59,11,400,1675,670000.00,2016-08-28 03:08:00.170680
4080,201608283817020,PRIN,54,44,100,1665,166500.00,2016-08-28 03:08:00.170200
4081,201608283817021,PRIN,54,11,100,1670,167000.00,2016-08-28 03:08:00.170210
4082,201608283817025,PRIN,54,11,100,1670,167000.00,2016-08-28 03:08:00.170250
4083,201608283817015,PRIN,38,52,50,1659,82950.00,2016-08-28 03:08:00.170150
4084,201608283817016,PRIN,7,21,400,1662,664800.00,2016-08-28 03:08:00.170160
4085,201608283816967,PRIN,54,21,200,1652,330400.00,2016-08-28 03:08:00.169670
4086,201608283816977,PRIN,34,5,510,1655,844050.00,2016-08-28 03:08:00.169770
4087,201608283816947,PRIN,41,11,100,1650,165000.00,2016-08-28 03:08:00.169470
4088,201608283816948,PRIN,41,21,250,1650,412500.00,2016-08-28 03:08:00.169480
4089,201608283816949,PRIN,41,46,100,1650,165000.00,2016-08-28 03:08:00.169490
4090,201608283816933,PRIN,59,49,20,1640,32800.00,2016-08-28 03:08:00.169330
4091,201608283816934,PRIN,59,35,520,1642,853840.00,2016-08-28 03:08:00.169340
4092,201608283816935,PRIN,59,45,200,1645,329000.00,2016-08-28 03:08:00.169350
4093,201608283816936,PRIN,59,21,100,1645,164500.00,2016-08-28 03:08:00.169360
4094,201608283816899,PRIN,19,56,20,1640,32800.00,2016-08-28 03:08:00.168990
4095,201608283816900,PRIN,19,49,180,1640,295200.00,2016-08-28 03:08:00.169000
4096,201608283816818,PRIN,14,43,160,1629,260640.00,2016-08-28 03:08:00.168180
4097,201608283816819,PRIN,14,55,50,1630,81500.00,2016-08-28 03:08:00.168190
4098,201608283816820,PRIN,14,56,100,1630,163000.00,2016-08-28 03:08:00.168200
4099,201608283816780,PRIN,45,43,20,1629,32580.00,2016-08-28 03:08:00.167800
4100,201608283816738,PRIN,45,45,980,1616,1583680.00,2016-08-28 03:08:00.167380
4101,201608283816717,PRIN,36,45,100,1630,163000.00,2016-08-28 03:08:00.167170
4102,201608283816700,PRIN,10,45,350,1620,567000.00,2016-08-28 03:08:00.167000
4103,201608283816659,PRIN,25,52,92,1620,149040.00,2016-08-28 03:08:00.166590
4104,201608283816633,PRIN,10,44,148,1620,239760.00,2016-08-28 03:08:00.166330
4105,201608283816521,PRIN,38,56,100,1615,161500.00,2016-08-28 03:08:00.165210
4106,201608283816458,PRIN,38,45,200,1620,324000.00,2016-08-28 03:08:00.164580
4107,201608283816388,PRIN,39,45,80,1632,130560.00,2016-08-28 03:08:00.163880
4108,201608283816389,PRIN,6,45,100,1631,163100.00,2016-08-28 03:08:00.163890
4109,201608283816390,PRIN,50,45,200,1630,326000.00,2016-08-28 03:08:00.163900
4110,201608283816391,PRIN,14,45,500,1630,815000.00,2016-08-28 03:08:00.163910
4111,201608283816392,PRIN,5,45,100,1630,163000.00,2016-08-28 03:08:00.163920
4112,201608283816393,PRIN,45,45,40,1625,65000.00,2016-08-28 03:08:00.163930
4113,201608283816394,PRIN,47,45,50,1625,81250.00,2016-08-28 03:08:00.163940
4114,201608283816395,PRIN,38,45,300,1625,487500.00,2016-08-28 03:08:00.163950
4115,201608283816396,PRIN,38,45,500,1620,810000.00,2016-08-28 03:08:00.163960
4116,201608283816397,PRIN,47,45,200,1620,324000.00,2016-08-28 03:08:00.163970
4117,201608283816399,PRIN,39,45,200,1620,324000.00,2016-08-28 03:08:00.163990
4118,201608283816400,PRIN,6,45,500,1619,809500.00,2016-08-28 03:08:00.164000
4119,201608283816401,PRIN,37,45,500,1615,807500.00,2016-08-28 03:08:00.164010
4120,201608283816405,PRIN,17,45,100,1615,161500.00,2016-08-28 03:08:00.164050
4121,201608283816356,PRIN,39,56,20,1632,32640.00,2016-08-28 03:08:00.163560
4122,201608283816292,PRIN,46,22,300,1630,489000.00,2016-08-28 03:08:00.162920
4123,201608283816206,PRIN,36,14,100,1630,163000.00,2016-08-28 03:08:00.162060
4124,201608283816207,PRIN,36,38,200,1630,326000.00,2016-08-28 03:08:00.162070
4125,201608283816135,PRIN,45,38,60,1625,97500.00,2016-08-28 03:08:00.161350
4126,201608283816003,PRIN,26,17,451,1627,733777.00,2016-08-28 03:08:00.160030
4127,201608283816007,PRIN,36,19,100,1626,162600.00,2016-08-28 03:08:00.160070
4128,201608283816008,PRIN,45,19,900,1625,1462500.00,2016-08-28 03:08:00.160080
4129,201608283815884,PRIN,32,25,56,1638,91728.00,2016-08-28 03:08:00.158840
4130,201608283815896,PRIN,39,38,200,1627,325400.00,2016-08-28 03:08:00.158960
4131,201608283815897,PRIN,36,38,100,1626,162600.00,2016-08-28 03:08:00.158970
4132,201608283815756,PRIN,38,14,100,1638,163800.00,2016-08-28 03:08:00.157560
4133,201608283815655,PRIN,36,55,100,1635,163500.00,2016-08-28 03:08:00.156550
4134,201608283815590,PRIN,37,38,300,1637,491100.00,2016-08-28 03:08:00.155900
4135,201608283815602,PRIN,56,38,100,1635,163500.00,2016-08-28 03:08:00.156020
4136,201608283815546,PRIN,37,52,100,1637,163700.00,2016-08-28 03:08:00.155460
4137,201608283815499,PRIN,21,56,180,1640,295200.00,2016-08-28 03:08:00.154990
4138,201608283815471,PRIN,37,11,100,1637,163700.00,2016-08-28 03:08:00.154710
4139,201608283815475,PRIN,21,35,320,1640,524800.00,2016-08-28 03:08:00.154750
4140,201608283815450,PRIN,18,35,180,1640,295200.00,2016-08-28 03:08:00.154500
4141,201608283815436,PRIN,6,28,180,1641,295380.00,2016-08-28 03:08:00.154360
4142,201608283815437,PRIN,18,28,20,1640,32800.00,2016-08-28 03:08:00.154370
4143,201608283815339,PRIN,22,43,150,1645,246750.00,2016-08-28 03:08:00.153390
4144,201608283815340,PRIN,1,43,200,1645,329000.00,2016-08-28 03:08:00.153400
4145,201608283815332,PRIN,21,11,13,1645,21385.00,2016-08-28 03:08:00.153320
4146,201608283815306,PRIN,21,57,100,1645,164500.00,2016-08-28 03:08:00.153060
4147,201608283815257,PRIN,18,48,100,1648,164800.00,2016-08-28 03:08:00.152570
4148,201608283815279,PRIN,21,56,100,1645,164500.00,2016-08-28 03:08:00.152790
4149,201608283815218,PRIN,17,6,50,1648,82400.00,2016-08-28 03:08:00.152180
4150,201608283815229,PRIN,13,33,100,1647,164700.00,2016-08-28 03:08:00.152290
4151,201608283815230,PRIN,29,33,50,1647,82350.00,2016-08-28 03:08:00.152300
4152,201608283815231,PRIN,19,33,20,1646,32920.00,2016-08-28 03:08:00.152310
4153,201608283815232,PRIN,19,33,500,1646,823000.00,2016-08-28 03:08:00.152320
4154,201608283815233,PRIN,38,33,100,1646,164600.00,2016-08-28 03:08:00.152330
4155,201608283815234,PRIN,21,33,230,1645,378350.00,2016-08-28 03:08:00.152340
4156,201608283815012,PRIN,13,46,100,1647,164700.00,2016-08-28 03:08:00.150120
4157,201608283814951,PRIN,13,38,270,1647,444690.00,2016-08-28 03:08:00.149510
4158,201608283814955,PRIN,13,38,30,1647,49410.00,2016-08-28 03:08:00.149550
4159,201608283814958,PRIN,13,16,100,1647,164700.00,2016-08-28 03:08:00.149580
4160,201608283814939,PRIN,22,38,100,1650,165000.00,2016-08-28 03:08:00.149390
4161,201608283814894,PRIN,34,56,100,1650,165000.00,2016-08-28 03:08:00.148940
4162,201608283814848,PRIN,7,36,100,1648,164800.00,2016-08-28 03:08:00.148480
4163,201608283814849,PRIN,19,36,100,1646,164600.00,2016-08-28 03:08:00.148490
4164,201608283814783,PRIN,54,56,50,1648,82400.00,2016-08-28 03:08:00.147830
4165,201608283814784,PRIN,19,56,300,1646,493800.00,2016-08-28 03:08:00.147840
4166,201608283814752,PRIN,54,33,50,1648,82400.00,2016-08-28 03:08:00.147520
4167,201608283814721,PRIN,19,33,200,1646,329200.00,2016-08-28 03:08:00.147210
4168,201608283814639,PRIN,19,33,600,1648,988800.00,2016-08-28 03:08:00.146390
4169,201608283814649,PRIN,16,49,200,1647,329400.00,2016-08-28 03:08:00.146490
4170,201608283814651,PRIN,13,49,201,1647,331047.00,2016-08-28 03:08:00.146510
4171,201608283814605,PRIN,17,35,200,1652,330400.00,2016-08-28 03:08:00.146050
4172,201608283814611,PRIN,17,38,100,1652,165200.00,2016-08-28 03:08:00.146110
4173,201608283814612,PRIN,49,38,400,1651,660400.00,2016-08-28 03:08:00.146120
4174,201608283814618,PRIN,36,33,100,1650,165000.00,2016-08-28 03:08:00.146180
4175,201608283814619,PRIN,45,33,50,1650,82500.00,2016-08-28 03:08:00.146190
4176,201608283814620,PRIN,37,33,200,1650,330000.00,2016-08-28 03:08:00.146200
4177,201608283814562,PRIN,6,35,200,1652,330400.00,2016-08-28 03:08:00.145620
4178,201608283814493,PRIN,49,11,100,1651,165100.00,2016-08-28 03:08:00.144930
4179,201608283814412,PRIN,56,56,200,1650,330000.00,2016-08-28 03:08:00.144120
4180,201608283814384,PRIN,17,33,100,1651,165100.00,2016-08-28 03:08:00.143840
4181,201608283814385,PRIN,41,33,100,1650,165000.00,2016-08-28 03:08:00.143850
4182,201608283814386,PRIN,41,33,200,1650,330000.00,2016-08-28 03:08:00.143860
4183,201608283814356,PRIN,6,56,500,1652,826000.00,2016-08-28 03:08:00.143560
4184,201608283814371,PRIN,59,22,270,1652,446040.00,2016-08-28 03:08:00.143710
4185,201608283814302,PRIN,21,33,100,1655,165500.00,2016-08-28 03:08:00.143020
4186,201608283814303,PRIN,21,33,100,1655,165500.00,2016-08-28 03:08:00.143030
4187,201608283814258,PRIN,17,44,400,1651,660400.00,2016-08-28 03:08:00.142580
4188,201608283814223,PRIN,42,38,100,1667,166700.00,2016-08-28 03:08:00.142230
4189,201608283814217,PRIN,28,38,30,1667,50010.00,2016-08-28 03:08:00.142170
4190,201608283814099,PRIN,56,49,120,1669,200280.00,2016-08-28 03:08:00.140990
4191,201608283814100,PRIN,56,56,100,1670,167000.00,2016-08-28 03:08:00.141000
4192,201608283813944,PRIN,6,56,100,1650,165000.00,2016-08-28 03:08:00.139440
4193,201608283813949,PRIN,50,56,200,1645,329000.00,2016-08-28 03:08:00.139490
4194,201608283813950,PRIN,6,56,100,1640,164000.00,2016-08-28 03:08:00.139500
4195,201608283813907,PRIN,53,11,100,1660,166000.00,2016-08-28 03:08:00.139070
4196,201608283813909,PRIN,18,56,100,1651,165100.00,2016-08-28 03:08:00.139090
4197,201608283813910,PRIN,29,56,300,1650,495000.00,2016-08-28 03:08:00.139100
4198,201608283813846,PRIN,10,8,100,1660,166000.00,2016-08-28 03:08:00.138460
4199,201608283813801,PRIN,6,38,20,1632,32640.00,2016-08-28 03:08:00.138010
4200,201608283813779,PRIN,10,56,100,1621,162100.00,2016-08-28 03:08:00.137790
4201,201608283813780,PRIN,17,56,400,1620,648000.00,2016-08-28 03:08:00.137800
4202,201608283813781,PRIN,38,56,200,1617,323400.00,2016-08-28 03:08:00.137810
4203,201608283813782,PRIN,26,56,100,1616,161600.00,2016-08-28 03:08:00.137820
4204,201608283813783,PRIN,20,56,100,1615,161500.00,2016-08-28 03:08:00.137830
4205,201608283813784,PRIN,6,56,500,1611,805500.00,2016-08-28 03:08:00.137840
4206,201608283813785,PRIN,17,56,100,1610,161000.00,2016-08-28 03:08:00.137850
4207,201608283813705,PRIN,41,56,50,1600,80000.00,2016-08-28 03:08:00.137050
4208,201608283813706,PRIN,28,56,500,1600,800000.00,2016-08-28 03:08:00.137060
4209,201608283813707,PRIN,38,56,1000,1600,1600000.00,2016-08-28 03:08:00.137070
4210,201608283813713,PRIN,41,56,150,1600,240000.00,2016-08-28 03:08:00.137130
4211,201608283813681,PRIN,56,56,200,1635,327000.00,2016-08-28 03:08:00.136810
4212,201608283813686,PRIN,50,56,150,1630,244500.00,2016-08-28 03:08:00.136860
4213,201608283813687,PRIN,38,56,150,1625,243750.00,2016-08-28 03:08:00.136870
4214,201608283813688,PRIN,11,56,100,1625,162500.00,2016-08-28 03:08:00.136880
4215,201608283813689,PRIN,58,56,200,1625,325000.00,2016-08-28 03:08:00.136890
4216,201608283813567,PRIN,19,49,150,1658,248700.00,2016-08-28 03:08:00.135670
4217,201608283813542,PRIN,13,26,170,1690,287300.00,2016-08-28 03:08:00.135420
4218,201608283813543,PRIN,13,49,30,1690,50700.00,2016-08-28 03:08:00.135430
4219,201608283813556,PRIN,46,49,100,1658,165800.00,2016-08-28 03:08:00.135560
4220,201608283813557,PRIN,38,49,100,1658,165800.00,2016-08-28 03:08:00.135570
4221,201608283813477,PRIN,45,38,100,1690,169000.00,2016-08-28 03:08:00.134770
4222,201608283813480,PRIN,57,32,50,1715,85750.00,2016-08-28 03:08:00.134800
4223,201608283813481,PRIN,57,33,100,1720,172000.00,2016-08-28 03:08:00.134810
4224,201608283813482,PRIN,57,4,20,1720,34400.00,2016-08-28 03:08:00.134820
4225,201608283813483,PRIN,45,4,200,1690,338000.00,2016-08-28 03:08:00.134830
4226,201608283813484,PRIN,57,26,30,1720,51600.00,2016-08-28 03:08:00.134840
4227,201608283813463,PRIN,13,4,100,1724,172400.00,2016-08-28 03:08:00.134630
4228,201608283813466,PRIN,13,33,100,1724,172400.00,2016-08-28 03:08:00.134660
4229,201608283813467,PRIN,33,53,100,1720,172000.00,2016-08-28 03:08:00.134670
4230,201608283813469,PRIN,33,33,100,1720,172000.00,2016-08-28 03:08:00.134690
4231,201608283813475,PRIN,38,32,50,1715,85750.00,2016-08-28 03:08:00.134750
4232,201608283813447,PRIN,36,55,100,1691,169100.00,2016-08-28 03:08:00.134470
4233,201608283813448,PRIN,36,4,10,1691,16910.00,2016-08-28 03:08:00.134480
4234,201608283813457,PRIN,59,26,300,1724,517200.00,2016-08-28 03:08:00.134570
4235,201608283813458,PRIN,59,58,1100,1724,1896400.00,2016-08-28 03:08:00.134580
4236,201608283813431,PRIN,13,33,500,1691,845500.00,2016-08-28 03:08:00.134310
4237,201608283813417,PRIN,46,33,100,1658,165800.00,2016-08-28 03:08:00.134170
4238,201608283813409,PRIN,40,33,100,1626,162600.00,2016-08-28 03:08:00.134090
4239,201608243812754,PRIN,26,21,10,1595,15950.00,2016-08-24 03:08:00.127540
4240,201608243812747,PRIN,26,21,10,1595,15950.00,2016-08-24 03:08:00.127470
4241,201608243812699,PRIN,41,17,100,1595,159500.00,2016-08-24 03:08:00.126990
4242,201608243812313,PRIN,57,21,200,1595,319000.00,2016-08-24 03:08:00.123130
4243,201608243812231,PRIN,38,25,150,1595,239250.00,2016-08-24 03:08:00.122310
4244,201608243811794,PRIN,26,19,50,1595,79750.00,2016-08-24 03:08:00.117940
4245,201608243811659,PRIN,13,19,65,1595,103675.00,2016-08-24 03:08:00.116590
4246,201608243811369,PRIN,38,53,100,1595,159500.00,2016-08-24 03:08:00.113690
4247,201608243811344,PRIN,38,57,250,1595,398750.00,2016-08-24 03:08:00.113440
4248,201608243811345,PRIN,17,57,50,1595,79750.00,2016-08-24 03:08:00.113450
4249,201608243811346,PRIN,4,57,100,1595,159500.00,2016-08-24 03:08:00.113460
4250,201608243811347,PRIN,4,57,100,1595,159500.00,2016-08-24 03:08:00.113470
4251,201608243811324,PRIN,38,22,50,1595,79750.00,2016-08-24 03:08:00.113240
4252,201608243811248,PRIN,32,53,40,1595,63800.00,2016-08-24 03:08:00.112480
4253,201608243811249,PRIN,38,53,180,1595,287100.00,2016-08-24 03:08:00.112490
4254,201608243811212,PRIN,32,44,10,1595,15950.00,2016-08-24 03:08:00.112120
4255,201608243811111,PRIN,32,22,50,1595,79750.00,2016-08-24 03:08:00.111110
4256,201608243811093,PRIN,47,43,50,1595,79750.00,2016-08-24 03:08:00.110930
4257,201608243811054,PRIN,45,38,100,1595,159500.00,2016-08-24 03:08:00.110540
4258,201608243811023,PRIN,5,37,100,1595,159500.00,2016-08-24 03:08:00.110230
4259,201608243810944,PRIN,26,35,100,1595,159500.00,2016-08-24 03:08:00.109440
4260,201608243810909,PRIN,4,43,30,1592,47760.00,2016-08-24 03:08:00.109090
4261,201608243810923,PRIN,47,37,100,1595,159500.00,2016-08-24 03:08:00.109230
4262,201608243810924,PRIN,47,47,100,1595,159500.00,2016-08-24 03:08:00.109240
4263,201608243810925,PRIN,47,19,100,1595,159500.00,2016-08-24 03:08:00.109250
4264,201608243810926,PRIN,47,7,300,1595,478500.00,2016-08-24 03:08:00.109260
4265,201608243810898,PRIN,40,38,200,1591,318200.00,2016-08-24 03:08:00.108980
4266,201608243810862,PRIN,33,43,162,1590,257580.00,2016-08-24 03:08:00.108620
4267,201608243810872,PRIN,33,43,100,1590,159000.00,2016-08-24 03:08:00.108720
4268,201608243810873,PRIN,33,13,50,1590,79500.00,2016-08-24 03:08:00.108730
4269,201608243810875,PRIN,38,13,150,1590,238500.00,2016-08-24 03:08:00.108750
4270,201608243810830,PRIN,38,57,400,1580,632000.00,2016-08-24 03:08:00.108300
4271,201608243810799,PRIN,7,22,38,1575,59850.00,2016-08-24 03:08:00.107990
4272,201608243810767,PRIN,49,33,500,1570,785000.00,2016-08-24 03:08:00.107670
4273,201608243810785,PRIN,7,22,300,1575,472500.00,2016-08-24 03:08:00.107850
4274,201608243810737,PRIN,49,33,200,1570,314000.00,2016-08-24 03:08:00.107370
4275,201608243810707,PRIN,4,33,300,1570,471000.00,2016-08-24 03:08:00.107070
4276,201608243810469,PRIN,38,8,130,1571,204230.00,2016-08-24 03:08:00.104690
4277,201608243810470,PRIN,38,8,20,1570,31400.00,2016-08-24 03:08:00.104700
4278,201608243810472,PRIN,38,43,100,1570,157000.00,2016-08-24 03:08:00.104720
4279,201608243810474,PRIN,38,8,21,1570,32970.00,2016-08-24 03:08:00.104740
4280,201608243810370,PRIN,38,44,170,1571,267070.00,2016-08-24 03:08:00.103700
4281,201608243810211,PRIN,48,43,10,1569,15690.00,2016-08-24 03:08:00.102110
4282,201608243810212,PRIN,48,48,100,1575,157500.00,2016-08-24 03:08:00.102120
4283,201608243810213,PRIN,48,5,100,1590,159000.00,2016-08-24 03:08:00.102130
4284,201608243810214,PRIN,48,44,90,1595,143550.00,2016-08-24 03:08:00.102140
4285,201608243810193,PRIN,48,22,300,1569,470700.00,2016-08-24 03:08:00.101930
4286,201608243810194,PRIN,48,46,100,1570,157000.00,2016-08-24 03:08:00.101940
4287,201608243810195,PRIN,48,4,300,1570,471000.00,2016-08-24 03:08:00.101950
4288,201608243810152,PRIN,25,7,22,1569,34518.00,2016-08-24 03:08:00.101520
4289,201608243810167,PRIN,25,22,200,1569,313800.00,2016-08-24 03:08:00.101670
4290,201608243810136,PRIN,25,44,33,1566,51678.00,2016-08-24 03:08:00.101360
4291,201608243810141,PRIN,25,43,36,1568,56448.00,2016-08-24 03:08:00.101410
4292,201608243810093,PRIN,22,28,30,1560,46800.00,2016-08-24 03:08:00.100930
4293,201608243810094,PRIN,22,59,200,1565,313000.00,2016-08-24 03:08:00.100940
4294,201608243810023,PRIN,38,57,600,1555,933000.00,2016-08-24 03:08:00.100230
4295,201608243810007,PRIN,29,48,200,1551,310200.00,2016-08-24 03:08:00.100070
4296,201608243810008,PRIN,38,17,114,1555,177270.00,2016-08-24 03:08:00.100080
4297,201608243810009,PRIN,38,5,100,1555,155500.00,2016-08-24 03:08:00.100090
4298,201608243809991,PRIN,47,49,200,1550,310000.00,2016-08-24 03:08:00.099910
4299,201608243809793,PRIN,19,4,100,1555,155500.00,2016-08-24 03:08:00.097930
4300,201608243809811,PRIN,41,43,100,1560,156000.00,2016-08-24 03:08:00.098110
4301,201608243809782,PRIN,19,29,200,1545,309000.00,2016-08-24 03:08:00.097820
4302,201608243809783,PRIN,19,21,30,1545,46350.00,2016-08-24 03:08:00.097830
4303,201608243809784,PRIN,19,52,100,1545,154500.00,2016-08-24 03:08:00.097840
4304,201608243809785,PRIN,19,57,100,1545,154500.00,2016-08-24 03:08:00.097850
4305,201608243809786,PRIN,19,52,20,1545,30900.00,2016-08-24 03:08:00.097860
4306,201608243809787,PRIN,19,36,100,1550,155000.00,2016-08-24 03:08:00.097870
4307,201608243809788,PRIN,19,25,350,1550,542500.00,2016-08-24 03:08:00.097880
4308,201608243809789,PRIN,19,43,50,1550,77500.00,2016-08-24 03:08:00.097890
4309,201608243809767,PRIN,56,37,100,1540,154000.00,2016-08-24 03:08:00.097670
4310,201608243809737,PRIN,22,49,200,1539,307800.00,2016-08-24 03:08:00.097370
4311,201608243809719,PRIN,56,49,200,1526,305200.00,2016-08-24 03:08:00.097190
4312,201608243809498,PRIN,38,17,188,1516,285008.00,2016-08-24 03:08:00.094980
4313,201608243809509,PRIN,19,17,10,1515,15150.00,2016-08-24 03:08:00.095090
4314,201608243809493,PRIN,38,21,50,1539,76950.00,2016-08-24 03:08:00.094930
4315,201608243809447,PRIN,38,16,100,1539,153900.00,2016-08-24 03:08:00.094470
4316,201608243809448,PRIN,38,16,100,1539,153900.00,2016-08-24 03:08:00.094480
4317,201608243809433,PRIN,19,47,1000,1535,1535000.00,2016-08-24 03:08:00.094330
4318,201608243809413,PRIN,19,36,100,1528,152800.00,2016-08-24 03:08:00.094130
4319,201608243809414,PRIN,19,46,30,1529,45870.00,2016-08-24 03:08:00.094140
4320,201608243809415,PRIN,19,37,100,1530,153000.00,2016-08-24 03:08:00.094150
4321,201608243809367,PRIN,38,47,60,1513,90780.00,2016-08-24 03:08:00.093670
4322,201608243809374,PRIN,47,33,262,1515,396930.00,2016-08-24 03:08:00.093740
4323,201608243809381,PRIN,47,46,200,1520,304000.00,2016-08-24 03:08:00.093810
4324,201608243809325,PRIN,38,39,20,1518,30360.00,2016-08-24 03:08:00.093250
4325,201608243809330,PRIN,38,39,100,1519,151900.00,2016-08-24 03:08:00.093300
4326,201608243809290,PRIN,19,52,100,1520,152000.00,2016-08-24 03:08:00.092900
4327,201608243809248,PRIN,22,48,87,1500,130500.00,2016-08-24 03:08:00.092480
4328,201608243809191,PRIN,41,33,67,1479,99093.00,2016-08-24 03:08:00.091910
4329,201608243809207,PRIN,47,45,1670,1495,2496650.00,2016-08-24 03:08:00.092070
4330,201608243809179,PRIN,38,26,200,1474,294800.00,2016-08-24 03:08:00.091790
4331,201608243809168,PRIN,58,55,628,1470,923160.00,2016-08-24 03:08:00.091680
4332,201608243809150,PRIN,11,26,100,1474,147400.00,2016-08-24 03:08:00.091500
4333,201608243808796,PRIN,34,21,230,1480,340400.00,2016-08-24 03:08:00.087960
4334,201608243808805,PRIN,34,33,70,1480,103600.00,2016-08-24 03:08:00.088050
4335,201608243808806,PRIN,38,33,490,1479,724710.00,2016-08-24 03:08:00.088060
4336,201608243808777,PRIN,29,45,100,1480,148000.00,2016-08-24 03:08:00.087770
4337,201608243808778,PRIN,34,45,700,1480,1036000.00,2016-08-24 03:08:00.087780
4338,201608243808757,PRIN,21,45,300,1485,445500.00,2016-08-24 03:08:00.087570
4339,201608243808758,PRIN,21,45,200,1485,297000.00,2016-08-24 03:08:00.087580
4340,201608243808767,PRIN,21,45,30,1505,45150.00,2016-08-24 03:08:00.087670
4341,201608243808737,PRIN,25,17,100,1485,148500.00,2016-08-24 03:08:00.087370
4342,201608243808748,PRIN,25,58,18,1485,26730.00,2016-08-24 03:08:00.087480
4343,201608243808571,PRIN,21,11,200,1520,304000.00,2016-08-24 03:08:00.085710
4344,201608243808592,PRIN,41,26,38,1515,57570.00,2016-08-24 03:08:00.085920
4345,201608243808595,PRIN,8,26,100,1506,150600.00,2016-08-24 03:08:00.085950
4346,201608243808596,PRIN,36,26,200,1505,301000.00,2016-08-24 03:08:00.085960
4347,201608243808597,PRIN,34,26,100,1501,150100.00,2016-08-24 03:08:00.085970
4348,201608243808598,PRIN,38,26,100,1500,150000.00,2016-08-24 03:08:00.085980
4349,201608243808533,PRIN,28,53,100,1550,155000.00,2016-08-24 03:08:00.085330
4350,201608243808539,PRIN,28,26,100,1550,155000.00,2016-08-24 03:08:00.085390
4351,201608243808540,PRIN,26,46,10,1549,15490.00,2016-08-24 03:08:00.085400
4352,201608243808518,PRIN,26,26,80,1549,123920.00,2016-08-24 03:08:00.085180
4353,201608243808522,PRIN,26,26,10,1549,15490.00,2016-08-24 03:08:00.085220
4354,201608243808526,PRIN,22,43,26,1550,40300.00,2016-08-24 03:08:00.085260
4355,201608243808468,PRIN,22,43,30,1545,46350.00,2016-08-24 03:08:00.084680
4356,201608243808475,PRIN,22,26,10,1545,15450.00,2016-08-24 03:08:00.084750
4357,201608243808413,PRIN,41,43,150,1515,227250.00,2016-08-24 03:08:00.084130
4358,201608243808390,PRIN,5,11,10,1508,15080.00,2016-08-24 03:08:00.083900
4359,201608243808391,PRIN,5,38,10,1508,15080.00,2016-08-24 03:08:00.083910
4360,201608243808392,PRIN,5,37,100,1508,150800.00,2016-08-24 03:08:00.083920
4361,201608243808299,PRIN,38,11,10,1479,14790.00,2016-08-24 03:08:00.082990
4362,201608233807000,PRIN,14,41,30,1450,43500.00,2016-08-23 03:08:00.070000
4363,201608233806570,PRIN,53,22,20,1448,28960.00,2016-08-23 03:08:00.065700
4364,201608233806571,PRIN,53,41,180,1450,261000.00,2016-08-23 03:08:00.065710
4365,201608233805655,PRIN,42,41,30,1450,43500.00,2016-08-23 03:08:00.056550
4366,201608233805656,PRIN,33,41,160,1435,229600.00,2016-08-23 03:08:00.056560
4367,201608233804901,PRIN,56,36,50,1450,72500.00,2016-08-23 03:08:00.049010
4368,201608233804863,PRIN,48,33,100,1455,145500.00,2016-08-23 03:08:00.048630
4369,201608233804487,PRIN,41,46,50,1475,73750.00,2016-08-23 03:08:00.044870
4370,201608233804488,PRIN,34,46,230,1470,338100.00,2016-08-23 03:08:00.044880
4371,201608233804393,PRIN,21,49,100,1484,148400.00,2016-08-23 03:08:00.043930
4372,201608233803981,PRIN,21,44,500,1500,750000.00,2016-08-23 03:08:00.039810
4373,201608233803891,PRIN,38,7,300,1484,445200.00,2016-08-23 03:08:00.038910
4374,201608233803798,PRIN,21,21,31,1484,46004.00,2016-08-23 03:08:00.037980
4375,201608233803603,PRIN,7,35,25,1470,36750.00,2016-08-23 03:08:00.036030
4376,201608233803511,PRIN,36,50,224,1465,328160.00,2016-08-23 03:08:00.035110
4377,201608223802660,PRIN,34,49,100,1455,145500.00,2016-08-22 03:08:00.026600
4378,201608223802422,PRIN,22,49,100,1450,145000.00,2016-08-22 03:08:00.024220
4379,201608223801862,PRIN,11,50,410,1455,596550.00,2016-08-22 03:08:00.018620
4380,201608223801722,PRIN,34,45,25,1437,35925.00,2016-08-22 03:08:00.017220
4381,201608223801666,PRIN,5,38,300,1450,435000.00,2016-08-22 03:08:00.016660
4382,201608223801667,PRIN,42,38,170,1446,245820.00,2016-08-22 03:08:00.016670
4383,201608223801668,PRIN,57,38,200,1445,289000.00,2016-08-22 03:08:00.016680
4384,201608223801669,PRIN,45,38,100,1440,144000.00,2016-08-22 03:08:00.016690
4385,201608223801670,PRIN,49,38,30,1438,43140.00,2016-08-22 03:08:00.016700
4386,201608223801676,PRIN,49,38,52,1438,74776.00,2016-08-22 03:08:00.016760
4387,201608223801530,PRIN,49,14,20,1450,29000.00,2016-08-22 03:08:00.015300
4388,201608223801309,PRIN,42,36,130,1446,187980.00,2016-08-22 03:08:00.013090
4389,201608223801322,PRIN,49,44,180,1450,261000.00,2016-08-22 03:08:00.013220
4390,201608223801155,PRIN,38,44,100,1450,145000.00,2016-08-22 03:08:00.011550
4391,201608223800127,PRIN,26,44,100,1451,145100.00,2016-08-22 03:08:00.001270
4392,201608223800128,PRIN,45,44,100,1450,145000.00,2016-08-22 03:08:00.001280
4393,201608223800129,PRIN,43,44,20,1450,29000.00,2016-08-22 03:08:00.001290
4394,201608223799359,PRIN,49,25,44,1451,63844.00,2016-08-22 03:07:00.993590
4395,201608223799135,PRIN,49,36,200,1451,290200.00,2016-08-22 03:07:00.991350
4396,201608223798986,PRIN,48,11,150,1460,219000.00,2016-08-22 03:07:00.989860
4397,201608223798987,PRIN,10,11,100,1457,145700.00,2016-08-22 03:07:00.989870
4398,201608223798988,PRIN,51,11,200,1456,291200.00,2016-08-22 03:07:00.989880
4399,201608223798989,PRIN,4,11,50,1455,72750.00,2016-08-22 03:07:00.989890
4400,201608223798965,PRIN,34,22,100,1470,147000.00,2016-08-22 03:07:00.989650
4401,201608223798912,PRIN,53,22,100,1470,147000.00,2016-08-22 03:07:00.989120
4402,201608223797741,PRIN,28,6,200,1466,293200.00,2016-08-22 03:07:00.977410
4403,201608223797646,PRIN,10,53,60,1495,89700.00,2016-08-22 03:07:00.976460
4404,201608213797045,PRIN,46,39,100,1495,149500.00,2016-08-21 03:07:00.970450
4405,201608213796452,PRIN,47,26,200,1495,299000.00,2016-08-21 03:07:00.964520
4406,201608213795851,PRIN,34,22,100,1500,150000.00,2016-08-21 03:07:00.958510
4407,201608213795849,PRIN,17,22,10,1500,15000.00,2016-08-21 03:07:00.958490
4408,201608213795850,PRIN,35,22,20,1500,30000.00,2016-08-21 03:07:00.958500
4409,201608213795785,PRIN,45,34,100,1500,150000.00,2016-08-21 03:07:00.957850
4410,201608213795742,PRIN,19,1,500,1508,754000.00,2016-08-21 03:07:00.957420
4411,201608213795310,PRIN,17,21,10,1500,15000.00,2016-08-21 03:07:00.953100
4412,201608213795311,PRIN,17,21,90,1500,135000.00,2016-08-21 03:07:00.953110
4413,201608213795084,PRIN,17,57,90,1500,135000.00,2016-08-21 03:07:00.950840
4414,201608213795009,PRIN,28,43,40,1516,60640.00,2016-08-21 03:07:00.950090
4415,201608213795010,PRIN,36,43,50,1515,75750.00,2016-08-21 03:07:00.950100
4416,201608213795014,PRIN,38,57,100,1511,151100.00,2016-08-21 03:07:00.950140
4417,201608213795015,PRIN,47,57,100,1511,151100.00,2016-08-21 03:07:00.950150
4418,201608213795016,PRIN,59,57,200,1510,302000.00,2016-08-21 03:07:00.950160
4419,201608213794790,PRIN,38,19,200,1511,302200.00,2016-08-21 03:07:00.947900
4420,201608213794608,PRIN,38,7,200,1515,303000.00,2016-08-21 03:07:00.946080
4421,201608213794485,PRIN,42,19,200,1525,305000.00,2016-08-21 03:07:00.944850
4422,201608213794427,PRIN,38,22,100,1525,152500.00,2016-08-21 03:07:00.944270
4423,201608213794074,PRIN,28,34,300,1530,459000.00,2016-08-21 03:07:00.940740
4424,201608213793996,PRIN,59,53,200,1530,306000.00,2016-08-21 03:07:00.939960
4425,201608213793874,PRIN,7,26,19,1540,29260.00,2016-08-21 03:07:00.938740
4426,201608213793880,PRIN,11,43,50,1549,77450.00,2016-08-21 03:07:00.938800
4427,201608213793615,PRIN,38,42,12,1510,18120.00,2016-08-21 03:07:00.936150
4428,201608213793560,PRIN,14,34,100,1532,153200.00,2016-08-21 03:07:00.935600
4429,201608213793435,PRIN,17,47,200,1502,300400.00,2016-08-21 03:07:00.934350
4430,201608173793209,PRIN,46,46,100,1502,150200.00,2016-08-17 03:07:00.932090
4431,201608173793165,PRIN,5,47,36,1492,53712.00,2016-08-17 03:07:00.931650
4432,201608173793184,PRIN,13,47,16,1491,23856.00,2016-08-17 03:07:00.931840
4433,201608173792975,PRIN,19,34,50,1503,75150.00,2016-08-17 03:07:00.929750
4434,201608173792976,PRIN,38,34,90,1502,135180.00,2016-08-17 03:07:00.929760
4435,201608173792977,PRIN,19,34,100,1500,150000.00,2016-08-17 03:07:00.929770
4436,201608173792723,PRIN,19,50,60,1503,90180.00,2016-08-17 03:07:00.927230
4437,201608173792724,PRIN,38,50,40,1502,60080.00,2016-08-17 03:07:00.927240
4438,201608173792629,PRIN,37,47,70,1503,105210.00,2016-08-17 03:07:00.926290
4439,201608173792630,PRIN,38,47,70,1502,105140.00,2016-08-17 03:07:00.926300
4440,201608173792576,PRIN,36,39,50,1512,75600.00,2016-08-17 03:07:00.925760
4441,201608173792600,PRIN,33,47,100,1507,150700.00,2016-08-17 03:07:00.926000
4442,201608173792601,PRIN,26,47,500,1505,752500.00,2016-08-17 03:07:00.926010
4443,201608173792262,PRIN,48,32,200,1512,302400.00,2016-08-17 03:07:00.922620
4444,201608173792263,PRIN,48,52,162,1514,245268.00,2016-08-17 03:07:00.922630
4445,201608173792273,PRIN,48,41,80,1515,121200.00,2016-08-17 03:07:00.922730
4446,201608173792115,PRIN,37,17,50,1503,75150.00,2016-08-17 03:07:00.921150
4447,201608173792083,PRIN,14,58,100,1502,150200.00,2016-08-17 03:07:00.920830
4448,201608173792084,PRIN,41,58,100,1500,150000.00,2016-08-17 03:07:00.920840
4449,201608173792085,PRIN,55,58,100,1500,150000.00,2016-08-17 03:07:00.920850
4450,201608173792086,PRIN,36,58,100,1500,150000.00,2016-08-17 03:07:00.920860
4451,201608173792087,PRIN,42,58,100,1500,150000.00,2016-08-17 03:07:00.920870
4452,201608173792093,PRIN,37,6,180,1503,270540.00,2016-08-17 03:07:00.920930
4453,201608173792044,PRIN,41,6,200,1503,300600.00,2016-08-17 03:07:00.920440
4454,201608173791994,PRIN,4,41,350,1507,527450.00,2016-08-17 03:07:00.919940
4455,201608173791999,PRIN,4,33,150,1507,226050.00,2016-08-17 03:07:00.919990
4456,201608173792000,PRIN,10,33,1000,1504,1504000.00,2016-08-17 03:07:00.920000
4457,201608173791962,PRIN,41,41,50,1510,75500.00,2016-08-17 03:07:00.919620
4458,201608173791921,PRIN,45,58,200,1510,302000.00,2016-08-17 03:07:00.919210
4459,201608173791720,PRIN,44,21,150,1504,225600.00,2016-08-17 03:07:00.917200
4460,201608173791511,PRIN,44,11,150,1504,225600.00,2016-08-17 03:07:00.915110
4461,201608173791491,PRIN,10,58,200,1510,302000.00,2016-08-17 03:07:00.914910
4462,201608173791412,PRIN,38,32,491,1512,742392.00,2016-08-17 03:07:00.914120
4463,201608173791118,PRIN,10,53,100,1510,151000.00,2016-08-17 03:07:00.911180
4464,201608173791134,PRIN,10,33,450,1510,679500.00,2016-08-17 03:07:00.911340
4465,201608173791075,PRIN,10,53,200,1510,302000.00,2016-08-17 03:07:00.910750
4466,201608173791002,PRIN,25,43,19,1515,28785.00,2016-08-17 03:07:00.910020
4467,201608173790984,PRIN,57,58,250,1513,378250.00,2016-08-17 03:07:00.909840
4468,201608173790985,PRIN,29,58,100,1510,151000.00,2016-08-17 03:07:00.909850
4469,201608173790986,PRIN,42,58,100,1510,151000.00,2016-08-17 03:07:00.909860
4470,201608173790987,PRIN,10,58,50,1510,75500.00,2016-08-17 03:07:00.909870
4471,201608173790840,PRIN,4,29,300,1512,453600.00,2016-08-17 03:07:00.908400
4472,201608173790542,PRIN,4,22,200,1513,302600.00,2016-08-17 03:07:00.905420
4473,201608173790442,PRIN,26,41,35,1510,52850.00,2016-08-17 03:07:00.904420
4474,201608173790389,PRIN,26,58,100,1510,151000.00,2016-08-17 03:07:00.903890
4475,201608173790390,PRIN,26,40,10,1510,15100.00,2016-08-17 03:07:00.903900
4476,201608173790337,PRIN,28,58,200,1510,302000.00,2016-08-17 03:07:00.903370
4477,201608173790214,PRIN,25,37,59,1509,89031.00,2016-08-17 03:07:00.902140
4478,201608173790185,PRIN,46,53,150,1503,225450.00,2016-08-17 03:07:00.901850
4479,201608173790153,PRIN,26,37,60,1505,90300.00,2016-08-17 03:07:00.901530
4480,201608173790121,PRIN,17,17,100,1504,150400.00,2016-08-17 03:07:00.901210
4481,201608173789742,PRIN,13,47,11,1514,16654.00,2016-08-17 03:07:00.897420
4482,201608173789589,PRIN,43,37,20,1513,30260.00,2016-08-17 03:07:00.895890
4483,201608173789591,PRIN,4,37,11,1513,16643.00,2016-08-17 03:07:00.895910
4484,201608173789548,PRIN,42,35,1300,1513,1966900.00,2016-08-17 03:07:00.895480
4485,201608173789500,PRIN,42,47,28,1512,42336.00,2016-08-17 03:07:00.895000
4486,201608173789480,PRIN,42,58,200,1510,302000.00,2016-08-17 03:07:00.894800
4487,201608173789481,PRIN,42,57,150,1512,226800.00,2016-08-17 03:07:00.894810
4488,201608173789331,PRIN,13,48,100,1509,150900.00,2016-08-17 03:07:00.893310
4489,201608173788987,PRIN,38,37,50,1500,75000.00,2016-08-17 03:07:00.889870
4490,201608173788962,PRIN,33,48,50,1500,75000.00,2016-08-17 03:07:00.889620
4491,201608173788892,PRIN,33,13,200,1495,299000.00,2016-08-17 03:07:00.888920
4492,201608173788893,PRIN,33,40,100,1500,150000.00,2016-08-17 03:07:00.888930
4493,201608173788894,PRIN,33,52,50,1500,75000.00,2016-08-17 03:07:00.888940
4494,201608173788895,PRIN,33,36,100,1500,150000.00,2016-08-17 03:07:00.888950
4495,201608173788920,PRIN,16,22,100,1503,150300.00,2016-08-17 03:07:00.889200
4496,201608173788830,PRIN,26,39,138,1495,206310.00,2016-08-17 03:07:00.888300
4497,201608173788806,PRIN,57,40,100,1495,149500.00,2016-08-17 03:07:00.888060
4498,201608173788782,PRIN,33,48,200,1481,296200.00,2016-08-17 03:07:00.887820
4499,201608173788785,PRIN,14,48,500,1481,740500.00,2016-08-17 03:07:00.887850
4500,201608173788786,PRIN,14,35,600,1483,889800.00,2016-08-17 03:07:00.887860
4501,201608173788787,PRIN,14,36,840,1485,1247400.00,2016-08-17 03:07:00.887870
4502,201608173788675,PRIN,38,48,100,1481,148100.00,2016-08-17 03:07:00.886750
4503,201608173788400,PRIN,5,32,50,1475,73750.00,2016-08-17 03:07:00.884000
4504,201608173788255,PRIN,45,35,500,1476,738000.00,2016-08-17 03:07:00.882550
4505,201608173788100,PRIN,42,35,200,1475,295000.00,2016-08-17 03:07:00.881000
4506,201608173788101,PRIN,42,4,50,1480,74000.00,2016-08-17 03:07:00.881010
4507,201608173788102,PRIN,42,36,750,1485,1113750.00,2016-08-17 03:07:00.881020
4508,201608173787770,PRIN,33,35,150,1470,220500.00,2016-08-17 03:07:00.877700
4509,201608173787742,PRIN,38,35,100,1456,145600.00,2016-08-17 03:07:00.877420
4510,201608173787743,PRIN,22,35,1000,1455,1455000.00,2016-08-17 03:07:00.877430
4511,201608173787744,PRIN,45,35,1000,1450,1450000.00,2016-08-17 03:07:00.877440
4512,201608173787745,PRIN,57,35,200,1450,290000.00,2016-08-17 03:07:00.877450
4513,201608173787711,PRIN,8,4,100,1458,145800.00,2016-08-17 03:07:00.877110
4514,201608173787720,PRIN,33,56,50,1465,73250.00,2016-08-17 03:07:00.877200
4515,201608173787663,PRIN,57,35,500,1460,730000.00,2016-08-17 03:07:00.876630
4516,201608173787590,PRIN,47,36,100,1480,148000.00,2016-08-17 03:07:00.875900
4517,201608173787531,PRIN,10,56,50,1500,75000.00,2016-08-17 03:07:00.875310
4518,201608173787423,PRIN,21,36,100,1476,147600.00,2016-08-17 03:07:00.874230
4519,201608173787388,PRIN,38,35,50,1476,73800.00,2016-08-17 03:07:00.873880
4520,201608173787269,PRIN,33,44,350,1448,506800.00,2016-08-17 03:07:00.872690
4521,201608163787076,PRIN,41,35,300,1420,426000.00,2016-08-16 03:07:00.870760
4522,201608163786897,PRIN,16,35,400,1425,570000.00,2016-08-16 03:07:00.868970
4523,201608163786898,PRIN,16,43,500,1429,714500.00,2016-08-16 03:07:00.868980
4524,201608163786899,PRIN,16,16,500,1430,715000.00,2016-08-16 03:07:00.868990
4525,201608163786912,PRIN,16,35,600,1430,858000.00,2016-08-16 03:07:00.869120
4526,201608163786913,PRIN,58,35,200,1420,284000.00,2016-08-16 03:07:00.869130
4527,201608163786914,PRIN,41,35,100,1418,141800.00,2016-08-16 03:07:00.869140
4528,201608163786915,PRIN,35,35,1300,1418,1843400.00,2016-08-16 03:07:00.869150
4529,201608163786771,PRIN,56,35,100,1425,142500.00,2016-08-16 03:07:00.867710
4530,201608163786738,PRIN,35,37,50,1417,70850.00,2016-08-16 03:07:00.867380
4531,201608163786739,PRIN,26,37,50,1416,70800.00,2016-08-16 03:07:00.867390
4532,201608163786740,PRIN,21,37,100,1416,141600.00,2016-08-16 03:07:00.867400
4533,201608163786741,PRIN,26,37,170,1415,240550.00,2016-08-16 03:07:00.867410
4534,201608163786742,PRIN,36,37,50,1415,70750.00,2016-08-16 03:07:00.867420
4535,201608163786743,PRIN,41,37,80,1415,113200.00,2016-08-16 03:07:00.867430
4536,201608163786699,PRIN,6,35,50,1418,70900.00,2016-08-16 03:07:00.866990
4537,201608163786700,PRIN,5,35,100,1417,141700.00,2016-08-16 03:07:00.867000
4538,201608163786701,PRIN,35,35,950,1417,1346150.00,2016-08-16 03:07:00.867010
4539,201608163786558,PRIN,49,35,200,1420,284000.00,2016-08-16 03:07:00.865580
4540,201608163786459,PRIN,41,35,200,1419,283800.00,2016-08-16 03:07:00.864590
4541,201608163786436,PRIN,26,35,500,1418,709000.00,2016-08-16 03:07:00.864360
4542,201608163786437,PRIN,21,35,400,1417,566800.00,2016-08-16 03:07:00.864370
4543,201608163786438,PRIN,19,35,50,1417,70850.00,2016-08-16 03:07:00.864380
4544,201608163786439,PRIN,39,35,20,1416,28320.00,2016-08-16 03:07:00.864390
4545,201608163786440,PRIN,22,35,300,1416,424800.00,2016-08-16 03:07:00.864400
4546,201608163786441,PRIN,34,35,500,1416,708000.00,2016-08-16 03:07:00.864410
4547,201608163786442,PRIN,26,35,230,1415,325450.00,2016-08-16 03:07:00.864420
4548,201608163786287,PRIN,53,35,100,1426,142600.00,2016-08-16 03:07:00.862870
4549,201608163786288,PRIN,5,35,100,1425,142500.00,2016-08-16 03:07:00.862880
4550,201608163786289,PRIN,52,35,100,1422,142200.00,2016-08-16 03:07:00.862890
4551,201608163786192,PRIN,11,35,30,1433,42990.00,2016-08-16 03:07:00.861920
4552,201608163786193,PRIN,5,35,100,1430,143000.00,2016-08-16 03:07:00.861930
4553,201608163785971,PRIN,21,35,200,1433,286600.00,2016-08-16 03:07:00.859710
4554,201608163785903,PRIN,26,35,300,1432,429600.00,2016-08-16 03:07:00.859030
4555,201608163785620,PRIN,36,4,150,1430,214500.00,2016-08-16 03:07:00.856200
4556,201608163785557,PRIN,38,4,150,1420,213000.00,2016-08-16 03:07:00.855570
4557,201608163785465,PRIN,6,50,350,1438,503300.00,2016-08-16 03:07:00.854650
4558,201608163785455,PRIN,6,39,150,1435,215250.00,2016-08-16 03:07:00.854550
4559,201608163785295,PRIN,53,35,200,1425,285000.00,2016-08-16 03:07:00.852950
4560,201608163784975,PRIN,10,55,100,1404,140400.00,2016-08-16 03:07:00.849750
4561,201608163784976,PRIN,10,32,30,1405,42150.00,2016-08-16 03:07:00.849760
4562,201608163784977,PRIN,10,32,20,1405,28100.00,2016-08-16 03:07:00.849770
4563,201608163784865,PRIN,57,43,490,1399,685510.00,2016-08-16 03:07:00.848650
4564,201608163784832,PRIN,58,43,10,1399,13990.00,2016-08-16 03:07:00.848320
4565,201608163784796,PRIN,28,49,40,1389,55560.00,2016-08-16 03:07:00.847960
4566,201608163784772,PRIN,28,19,20,1389,27780.00,2016-08-16 03:07:00.847720
4567,201608163784534,PRIN,34,34,1000,1390,1390000.00,2016-08-16 03:07:00.845340
4568,201608163784502,PRIN,37,44,100,1390,139000.00,2016-08-16 03:07:00.845020
4569,201608163784503,PRIN,34,44,300,1390,417000.00,2016-08-16 03:07:00.845030
4570,201608163784195,PRIN,56,58,20,1390,27800.00,2016-08-16 03:07:00.841950
4571,201608163784196,PRIN,37,58,300,1390,417000.00,2016-08-16 03:07:00.841960
4572,201608163784020,PRIN,37,14,68,1392,94656.00,2016-08-16 03:07:00.840200
4573,201608163783593,PRIN,56,58,100,1405,140500.00,2016-08-16 03:07:00.835930
4574,201608163783594,PRIN,56,58,30,1400,42000.00,2016-08-16 03:07:00.835940
4575,201608163783595,PRIN,39,58,100,1400,140000.00,2016-08-16 03:07:00.835950
4576,201608163783596,PRIN,21,58,100,1400,140000.00,2016-08-16 03:07:00.835960
4577,201608163783116,PRIN,38,38,200,1415,283000.00,2016-08-16 03:07:00.831160
4578,201608163782972,PRIN,42,6,120,1420,170400.00,2016-08-16 03:07:00.829720
4579,201608163782897,PRIN,48,35,300,1421,426300.00,2016-08-16 03:07:00.828970
4580,201608163782898,PRIN,46,35,200,1420,284000.00,2016-08-16 03:07:00.828980
4581,201608163782899,PRIN,21,35,100,1420,142000.00,2016-08-16 03:07:00.828990
4582,201608163782900,PRIN,56,35,100,1420,142000.00,2016-08-16 03:07:00.829000
4583,201608163782796,PRIN,57,58,300,1435,430500.00,2016-08-16 03:07:00.827960
4584,201608163782654,PRIN,37,43,500,1444,722000.00,2016-08-16 03:07:00.826540
4585,201608163782623,PRIN,42,35,100,1430,143000.00,2016-08-16 03:07:00.826230
4586,201608163782624,PRIN,38,35,200,1426,285200.00,2016-08-16 03:07:00.826240
4587,201608163782625,PRIN,49,35,200,1425,285000.00,2016-08-16 03:07:00.826250
4588,201608163782626,PRIN,26,35,100,1422,142200.00,2016-08-16 03:07:00.826260
4589,201608163782627,PRIN,29,35,300,1421,426300.00,2016-08-16 03:07:00.826270
4590,201608163782628,PRIN,22,35,100,1420,142000.00,2016-08-16 03:07:00.826280
4591,201608163782578,PRIN,56,58,100,1444,144400.00,2016-08-16 03:07:00.825780
4592,201608163782102,PRIN,58,58,200,1444,288800.00,2016-08-16 03:07:00.821020
4593,201608163781993,PRIN,43,18,46,1425,65550.00,2016-08-16 03:07:00.819930
4594,201608163781952,PRIN,46,58,100,1420,142000.00,2016-08-16 03:07:00.819520
4595,201608163781924,PRIN,46,58,100,1420,142000.00,2016-08-16 03:07:00.819240
4596,201608163781824,PRIN,7,45,100,1400,140000.00,2016-08-16 03:07:00.818240
4597,201608163781695,PRIN,7,17,30,1405,42150.00,2016-08-16 03:07:00.816950
4598,201608163781607,PRIN,7,50,92,1400,128800.00,2016-08-16 03:07:00.816070
4599,201608163781554,PRIN,39,1,100,1391,139100.00,2016-08-16 03:07:00.815540
4600,201608163781513,PRIN,35,58,50,1391,69550.00,2016-08-16 03:07:00.815130
4601,201608163781514,PRIN,13,58,200,1390,278000.00,2016-08-16 03:07:00.815140
4602,201608163781475,PRIN,21,35,300,1392,417600.00,2016-08-16 03:07:00.814750
4603,201608163781476,PRIN,58,35,100,1392,139200.00,2016-08-16 03:07:00.814760
4604,201608163781386,PRIN,26,58,100,1420,142000.00,2016-08-16 03:07:00.813860
4605,201608163781248,PRIN,40,4,50,1415,70750.00,2016-08-16 03:07:00.812480
4606,201608153781083,PRIN,29,55,30,1394,41820.00,2016-08-15 03:07:00.810830
4607,201608153781106,PRIN,29,41,100,1395,139500.00,2016-08-15 03:07:00.811060
4608,201608153781072,PRIN,29,55,70,1390,97300.00,2016-08-15 03:07:00.810720
4609,201608153780899,PRIN,21,55,30,1390,41700.00,2016-08-15 03:07:00.808990
4610,201608153780361,PRIN,19,53,150,1394,209100.00,2016-08-15 03:07:00.803610
4611,201608153779911,PRIN,47,32,100,1367,136700.00,2016-08-15 03:07:00.799110
4612,201608153779820,PRIN,43,53,50,1369,68450.00,2016-08-15 03:07:00.798200
4613,201608153779821,PRIN,22,53,200,1369,273800.00,2016-08-15 03:07:00.798210
4614,201608153779822,PRIN,5,53,100,1368,136800.00,2016-08-15 03:07:00.798220
4615,201608153779823,PRIN,55,53,100,1368,136800.00,2016-08-15 03:07:00.798230
4616,201608153779643,PRIN,11,42,300,1370,411000.00,2016-08-15 03:07:00.796430
4617,201608153779644,PRIN,47,42,200,1367,273400.00,2016-08-15 03:07:00.796440
4618,201608153779621,PRIN,43,42,100,1382,138200.00,2016-08-15 03:07:00.796210
4619,201608153779622,PRIN,11,42,100,1382,138200.00,2016-08-15 03:07:00.796220
4620,201608153779623,PRIN,21,42,50,1381,69050.00,2016-08-15 03:07:00.796230
4621,201608153779624,PRIN,56,42,50,1380,69000.00,2016-08-15 03:07:00.796240
4622,201608153779625,PRIN,43,42,100,1378,137800.00,2016-08-15 03:07:00.796250
4623,201608153779626,PRIN,16,42,100,1375,137500.00,2016-08-15 03:07:00.796260
4624,201608153779627,PRIN,21,42,200,1375,275000.00,2016-08-15 03:07:00.796270
4625,201608153779628,PRIN,21,42,100,1375,137500.00,2016-08-15 03:07:00.796280
4626,201608153779401,PRIN,39,35,50,1385,69250.00,2016-08-15 03:07:00.794010
4627,201608153779402,PRIN,36,35,100,1382,138200.00,2016-08-15 03:07:00.794020
4628,201608153779403,PRIN,21,35,150,1381,207150.00,2016-08-15 03:07:00.794030
4629,201608153779326,PRIN,47,48,200,1400,280000.00,2016-08-15 03:07:00.793260
4630,201608153779318,PRIN,7,48,100,1428,142800.00,2016-08-15 03:07:00.793180
4631,201608153779319,PRIN,39,48,100,1420,142000.00,2016-08-15 03:07:00.793190
4632,201608153779320,PRIN,41,48,200,1418,283600.00,2016-08-15 03:07:00.793200
4633,201608153778977,PRIN,56,33,300,1446,433800.00,2016-08-15 03:07:00.789770
4634,201608153778912,PRIN,29,33,200,1475,295000.00,2016-08-15 03:07:00.789120
4635,201608153778832,PRIN,46,4,50,1475,73750.00,2016-08-15 03:07:00.788320
4636,201608153778714,PRIN,19,33,100,1470,147000.00,2016-08-15 03:07:00.787140
4637,201608153778622,PRIN,21,43,100,1499,149900.00,2016-08-15 03:07:00.786220
4638,201608153778593,PRIN,21,43,16,1499,23984.00,2016-08-15 03:07:00.785930
4639,201608153778572,PRIN,40,55,100,1476,147600.00,2016-08-15 03:07:00.785720
4640,201608153778461,PRIN,46,55,100,1448,144800.00,2016-08-15 03:07:00.784610
4641,201608153778393,PRIN,46,55,100,1420,142000.00,2016-08-15 03:07:00.783930
4642,201608153777938,PRIN,21,41,150,1400,210000.00,2016-08-15 03:07:00.779380
4643,201608153777908,PRIN,19,14,100,1393,139300.00,2016-08-15 03:07:00.779080
4644,201608153777922,PRIN,19,26,62,1375,85250.00,2016-08-15 03:07:00.779220
4645,201608153777527,PRIN,13,19,16,1366,21856.00,2016-08-15 03:07:00.775270
4646,201608153777122,PRIN,46,45,181,1370,247970.00,2016-08-15 03:07:00.771220
4647,201608153776744,PRIN,46,17,220,1370,301400.00,2016-08-15 03:07:00.767440
4648,201608153776745,PRIN,46,32,100,1377,137700.00,2016-08-15 03:07:00.767450
4649,201608153776353,PRIN,38,33,174,1370,238380.00,2016-08-15 03:07:00.763530
4650,201608153776365,PRIN,47,11,109,1350,147150.00,2016-08-15 03:07:00.763650
4651,201608153776300,PRIN,44,51,33,1351,44583.00,2016-08-15 03:07:00.763000
4652,201608153776083,PRIN,44,19,100,1370,137000.00,2016-08-15 03:07:00.760830
4653,201608153775775,PRIN,38,11,200,1360,272000.00,2016-08-15 03:07:00.757750
4654,201608153775760,PRIN,47,11,200,1360,272000.00,2016-08-15 03:07:00.757600
4655,201608153775535,PRIN,38,17,94,1350,126900.00,2016-08-15 03:07:00.755350
4656,201608153775424,PRIN,53,17,50,1350,67500.00,2016-08-15 03:07:00.754240
4657,201608153775411,PRIN,46,25,50,1352,67600.00,2016-08-15 03:07:00.754110
4658,201608153775269,PRIN,53,13,350,1350,472500.00,2016-08-15 03:07:00.752690
4659,201608153775221,PRIN,56,13,50,1350,67500.00,2016-08-15 03:07:00.752210
4660,201608153775116,PRIN,43,11,100,1350,135000.00,2016-08-15 03:07:00.751160
4661,201608153775117,PRIN,43,11,50,1350,67500.00,2016-08-15 03:07:00.751170
4662,201608153775118,PRIN,34,11,50,1350,67500.00,2016-08-15 03:07:00.751180
4663,201608153774929,PRIN,57,49,150,1380,207000.00,2016-08-15 03:07:00.749290
4664,201608153774938,PRIN,43,49,50,1375,68750.00,2016-08-15 03:07:00.749380
4665,201608153774545,PRIN,38,4,50,1395,69750.00,2016-08-15 03:07:00.745450
4666,201608143774402,PRIN,28,17,41,1422,58302.00,2016-08-14 03:07:00.744020
4667,201608143773855,PRIN,49,49,436,1422,619992.00,2016-08-14 03:07:00.738550
4668,201608143773589,PRIN,22,56,100,1423,142300.00,2016-08-14 03:07:00.735890
4669,201608143773590,PRIN,44,56,500,1422,711000.00,2016-08-14 03:07:00.735900
4670,201608143773327,PRIN,21,47,40,1440,57600.00,2016-08-14 03:07:00.733270
4671,201608143773328,PRIN,21,47,50,1440,72000.00,2016-08-14 03:07:00.733280
4672,201608143772648,PRIN,21,41,10,1440,14400.00,2016-08-14 03:07:00.726480
4673,201608143772533,PRIN,21,13,100,1450,145000.00,2016-08-14 03:07:00.725330
4674,201608143772445,PRIN,21,35,100,1450,145000.00,2016-08-14 03:07:00.724450
4675,201608143772266,PRIN,56,35,100,1451,145100.00,2016-08-14 03:07:00.722660
4676,201608143772267,PRIN,53,35,200,1450,290000.00,2016-08-14 03:07:00.722670
4677,201608143772268,PRIN,21,35,100,1450,145000.00,2016-08-14 03:07:00.722680
4678,201608143772056,PRIN,39,5,50,1460,73000.00,2016-08-14 03:07:00.720560
4679,201608143772057,PRIN,43,5,50,1455,72750.00,2016-08-14 03:07:00.720570
4680,201608143772058,PRIN,47,5,150,1455,218250.00,2016-08-14 03:07:00.720580
4681,201608143770649,PRIN,6,33,200,1475,295000.00,2016-08-14 03:07:00.706490
4682,201608143770650,PRIN,57,33,100,1471,147100.00,2016-08-14 03:07:00.706500
4683,201608143770651,PRIN,21,33,20,1470,29400.00,2016-08-14 03:07:00.706510
4684,201608143769735,PRIN,53,21,54,1470,79380.00,2016-08-14 03:07:00.697350
4685,201608143768996,PRIN,53,48,200,1455,291000.00,2016-08-14 03:07:00.689960
4686,201608143768997,PRIN,13,48,100,1452,145200.00,2016-08-14 03:07:00.689970
4687,201608143768998,PRIN,53,48,400,1451,580400.00,2016-08-14 03:07:00.689980
4688,201608143768999,PRIN,43,48,100,1450,145000.00,2016-08-14 03:07:00.689990
4689,201608143769000,PRIN,21,48,100,1450,145000.00,2016-08-14 03:07:00.690000
4690,201608143767772,PRIN,53,17,500,1475,737500.00,2016-08-14 03:07:00.677720
4691,201608143767775,PRIN,53,17,167,1475,246325.00,2016-08-14 03:07:00.677750
4692,201608143767686,PRIN,34,36,200,1476,295200.00,2016-08-14 03:07:00.676860
4693,201608143767687,PRIN,53,36,280,1475,413000.00,2016-08-14 03:07:00.676870
4694,201608113766754,PRIN,53,41,500,1505,752500.00,2016-08-11 03:07:00.667540
4695,201608113766683,PRIN,46,36,1200,1495,1794000.00,2016-08-11 03:07:00.666830
4696,201608113766623,PRIN,39,45,54,1490,80460.00,2016-08-11 03:07:00.666230
4697,201608113766515,PRIN,38,36,100,1504,150400.00,2016-08-11 03:07:00.665150
4698,201608113766516,PRIN,1,36,100,1503,150300.00,2016-08-11 03:07:00.665160
4699,201608113766517,PRIN,53,36,100,1502,150200.00,2016-08-11 03:07:00.665170
4700,201608113766518,PRIN,53,36,20,1501,30020.00,2016-08-11 03:07:00.665180
4701,201608113766519,PRIN,22,36,500,1501,750500.00,2016-08-11 03:07:00.665190
4702,201608113766520,PRIN,38,36,500,1500,750000.00,2016-08-11 03:07:00.665200
4703,201608113766369,PRIN,38,38,60,1503,90180.00,2016-08-11 03:07:00.663690
4704,201608113766261,PRIN,37,36,200,1505,301000.00,2016-08-11 03:07:00.662610
4705,201608113766262,PRIN,37,43,50,1509,75450.00,2016-08-11 03:07:00.662620
4706,201608113766267,PRIN,38,58,258,1500,387000.00,2016-08-11 03:07:00.662670
4707,201608113766167,PRIN,55,17,100,1502,150200.00,2016-08-11 03:07:00.661670
4708,201608113766168,PRIN,53,17,50,1501,75050.00,2016-08-11 03:07:00.661680
4709,201608113766009,PRIN,53,10,685,1502,1028870.00,2016-08-11 03:07:00.660090
4710,201608113765790,PRIN,45,22,100,1505,150500.00,2016-08-11 03:07:00.657900
4711,201608113765472,PRIN,40,52,500,1500,750000.00,2016-08-11 03:07:00.654720
4712,201608113765247,PRIN,40,32,15,1500,22500.00,2016-08-11 03:07:00.652470
4713,201608113764401,PRIN,49,50,400,1480,592000.00,2016-08-11 03:07:00.644010
4714,201608113764343,PRIN,6,49,138,1476,203688.00,2016-08-11 03:07:00.643430
4715,201608113764262,PRIN,38,50,500,1480,740000.00,2016-08-11 03:07:00.642620
4716,201608113764079,PRIN,53,41,300,1500,450000.00,2016-08-11 03:07:00.640790
4717,201608113764021,PRIN,53,50,500,1500,750000.00,2016-08-11 03:07:00.640210
4718,201608113763830,PRIN,44,33,93,1490,138570.00,2016-08-11 03:07:00.638300
4719,201608113763713,PRIN,17,33,50,1490,74500.00,2016-08-11 03:07:00.637130
4720,201608113763714,PRIN,5,33,100,1480,148000.00,2016-08-11 03:07:00.637140
4721,201608113763326,PRIN,17,19,150,1490,223500.00,2016-08-11 03:07:00.633260
4722,201608113763272,PRIN,17,44,300,1490,447000.00,2016-08-11 03:07:00.632720
4723,201608113762424,PRIN,38,19,100,1494,149400.00,2016-08-11 03:07:00.624240
4724,201608113762425,PRIN,37,19,200,1493,298600.00,2016-08-11 03:07:00.624250
4725,201608113762225,PRIN,28,19,50,1500,75000.00,2016-08-11 03:07:00.622250
4726,201608113762226,PRIN,5,19,100,1500,150000.00,2016-08-11 03:07:00.622260
4727,201608113762065,PRIN,28,17,300,1500,450000.00,2016-08-11 03:07:00.620650
4728,201608113761927,PRIN,36,50,100,1505,150500.00,2016-08-11 03:07:00.619270
4729,201608113761286,PRIN,38,38,1000,1501,1501000.00,2016-08-11 03:07:00.612860
4730,201608113760608,PRIN,38,38,42,1523,63966.00,2016-08-11 03:07:00.606080
4731,201608103759673,PRIN,57,48,100,1499,149900.00,2016-08-10 03:07:00.596730
4732,201608103759658,PRIN,53,48,50,1499,74950.00,2016-08-10 03:07:00.596580
4733,201608103759659,PRIN,11,48,500,1499,749500.00,2016-08-10 03:07:00.596590
4734,201608103759607,PRIN,56,48,150,1501,225150.00,2016-08-10 03:07:00.596070
4735,201608103759608,PRIN,58,48,100,1500,150000.00,2016-08-10 03:07:00.596080
4736,201608103759609,PRIN,37,48,100,1500,150000.00,2016-08-10 03:07:00.596090
4737,201608103759610,PRIN,53,48,150,1499,224850.00,2016-08-10 03:07:00.596100
4738,201608103759035,PRIN,11,41,80,1514,121120.00,2016-08-10 03:07:00.590350
4739,201608103758804,PRIN,11,34,50,1519,75950.00,2016-08-10 03:07:00.588040
4740,201608103747789,PRIN,11,34,30,1519,45570.00,2016-08-10 03:07:00.477890
4741,201608103747805,PRIN,17,52,300,1518,455400.00,2016-08-10 03:07:00.478050
4742,201608103747806,PRIN,17,34,200,1519,303800.00,2016-08-10 03:07:00.478060
4743,201608103747463,PRIN,41,34,100,1519,151900.00,2016-08-10 03:07:00.474630
4744,201608103747474,PRIN,41,34,100,1519,151900.00,2016-08-10 03:07:00.474740
4745,201608103747457,PRIN,41,34,50,1519,75950.00,2016-08-10 03:07:00.474570
4746,201608103747321,PRIN,41,44,100,1518,151800.00,2016-08-10 03:07:00.473210
4747,201608103747130,PRIN,41,32,30,1515,45450.00,2016-08-10 03:07:00.471300
4748,201608103747131,PRIN,41,34,20,1519,30380.00,2016-08-10 03:07:00.471310
4749,201608103747086,PRIN,41,34,50,1519,75950.00,2016-08-10 03:07:00.470860
4750,201608103746708,PRIN,56,34,100,1505,150500.00,2016-08-10 03:07:00.467080
4751,201608103746709,PRIN,38,34,100,1505,150500.00,2016-08-10 03:07:00.467090
4752,201608103746710,PRIN,22,34,200,1500,300000.00,2016-08-10 03:07:00.467100
4753,201608103746711,PRIN,49,34,200,1500,300000.00,2016-08-10 03:07:00.467110
4754,201608103746712,PRIN,22,34,100,1500,150000.00,2016-08-10 03:07:00.467120
4755,201608103746617,PRIN,40,25,1000,1510,1510000.00,2016-08-10 03:07:00.466170
4756,201608103746389,PRIN,21,38,204,1505,307020.00,2016-08-10 03:07:00.463890
4757,201608103746356,PRIN,48,48,275,1506,414150.00,2016-08-10 03:07:00.463560
4758,201608103745906,PRIN,39,42,100,1510,151000.00,2016-08-10 03:07:00.459060
4759,201608103745770,PRIN,17,41,17,1510,25670.00,2016-08-10 03:07:00.457700
4760,201608103745612,PRIN,55,48,400,1520,608000.00,2016-08-10 03:07:00.456120
4761,201608103745464,PRIN,36,38,100,1520,152000.00,2016-08-10 03:07:00.454640
4762,201608103745465,PRIN,17,38,50,1520,76000.00,2016-08-10 03:07:00.454650
4763,201608103745485,PRIN,22,38,200,1515,303000.00,2016-08-10 03:07:00.454850
4764,201608103745486,PRIN,32,38,100,1515,151500.00,2016-08-10 03:07:00.454860
4765,201608103745433,PRIN,47,26,100,1530,153000.00,2016-08-10 03:07:00.454330
4766,201608103745434,PRIN,39,26,100,1521,152100.00,2016-08-10 03:07:00.454340
4767,201608103745295,PRIN,50,43,20,1527,30540.00,2016-08-10 03:07:00.452950
4768,201608103745158,PRIN,37,25,151,1526,230426.00,2016-08-10 03:07:00.451580
4769,201608103745175,PRIN,33,36,378,1525,576450.00,2016-08-10 03:07:00.451750
4770,201608103745105,PRIN,17,58,20,1530,30600.00,2016-08-10 03:07:00.451050
4771,201608103745106,PRIN,50,58,180,1527,274860.00,2016-08-10 03:07:00.451060
4772,201608103744993,PRIN,50,52,235,1534,360490.00,2016-08-10 03:07:00.449930
4773,201608103744155,PRIN,38,21,300,1520,456000.00,2016-08-10 03:07:00.441550
4774,201608103744156,PRIN,38,48,200,1544,308800.00,2016-08-10 03:07:00.441560
4775,201608103744125,PRIN,22,21,200,1515,303000.00,2016-08-10 03:07:00.441250
4776,201608103744083,PRIN,33,48,100,1520,152000.00,2016-08-10 03:07:00.440830
4777,201608103744084,PRIN,48,48,450,1520,684000.00,2016-08-10 03:07:00.440840
4778,201608103743596,PRIN,34,34,300,1520,456000.00,2016-08-10 03:07:00.435960
4779,201608103743464,PRIN,36,49,100,1522,152200.00,2016-08-10 03:07:00.434640
4780,201608103743420,PRIN,58,50,335,1515,507525.00,2016-08-10 03:07:00.434200
4781,201608103743388,PRIN,58,36,23,1499,34477.00,2016-08-10 03:07:00.433880
4782,201608103742214,PRIN,42,36,800,1470,1176000.00,2016-08-10 03:07:00.422140
4783,201608103741810,PRIN,39,39,10,1488,14880.00,2016-08-10 03:07:00.418100
4784,201608103741480,PRIN,57,48,100,1518,151800.00,2016-08-10 03:07:00.414800
4785,201608103741342,PRIN,37,49,400,1530,612000.00,2016-08-10 03:07:00.413420
4786,201608103741343,PRIN,42,49,1000,1530,1530000.00,2016-08-10 03:07:00.413430
4787,201608103741344,PRIN,7,49,1000,1522,1522000.00,2016-08-10 03:07:00.413440
4788,201608103741312,PRIN,37,49,100,1530,153000.00,2016-08-10 03:07:00.413120
4789,201608103741239,PRIN,37,38,50,1532,76600.00,2016-08-10 03:07:00.412390
4790,201608103741240,PRIN,37,38,300,1531,459300.00,2016-08-10 03:07:00.412400
4791,201608103741141,PRIN,33,33,1000,1540,1540000.00,2016-08-10 03:07:00.411410
4792,201608103741110,PRIN,37,36,100,1532,153200.00,2016-08-10 03:07:00.411100
4793,201608103741053,PRIN,56,26,150,1535,230250.00,2016-08-10 03:07:00.410530
4794,201608103741054,PRIN,37,26,50,1532,76600.00,2016-08-10 03:07:00.410540
4795,201608103740950,PRIN,37,20,300,1532,459600.00,2016-08-10 03:07:00.409500
4796,201608103740667,PRIN,37,58,100,1549,154900.00,2016-08-10 03:07:00.406670
4797,201608103740668,PRIN,37,50,750,1550,1162500.00,2016-08-10 03:07:00.406680
4798,201608103740628,PRIN,22,50,250,1550,387500.00,2016-08-10 03:07:00.406280
4799,201608103740222,PRIN,6,48,100,1550,155000.00,2016-08-10 03:07:00.402220
4800,201608103740223,PRIN,42,48,200,1550,310000.00,2016-08-10 03:07:00.402230
4801,201608103740224,PRIN,32,48,200,1550,310000.00,2016-08-10 03:07:00.402240
4802,201608103740005,PRIN,7,41,200,1578,315600.00,2016-08-10 03:07:00.400050
4803,201608103739957,PRIN,42,55,50,1548,77400.00,2016-08-10 03:07:00.399570
4804,201608093739871,PRIN,58,47,900,1518,1366200.00,2016-08-09 03:07:00.398710
4805,201608093739853,PRIN,10,47,100,1518,151800.00,2016-08-09 03:07:00.398530
4806,201608093739627,PRIN,38,50,500,1500,750000.00,2016-08-09 03:07:00.396270
4807,201608093739573,PRIN,38,50,200,1500,300000.00,2016-08-09 03:07:00.395730
4808,201608093739539,PRIN,32,50,300,1500,450000.00,2016-08-09 03:07:00.395390
4809,201608093739381,PRIN,36,50,500,1489,744500.00,2016-08-09 03:07:00.393810
4810,201608093739285,PRIN,34,50,300,1460,438000.00,2016-08-09 03:07:00.392850
4811,201608093739286,PRIN,48,50,200,1460,292000.00,2016-08-09 03:07:00.392860
4812,201608083737985,PRIN,1,21,20,1433,28660.00,2016-08-08 03:07:00.379850
4813,201608083737986,PRIN,22,21,150,1432,214800.00,2016-08-08 03:07:00.379860
4814,201608083737987,PRIN,22,21,100,1432,143200.00,2016-08-08 03:07:00.379870
4815,201608083737933,PRIN,8,48,100,1434,143400.00,2016-08-08 03:07:00.379330
4816,201608083737908,PRIN,22,55,100,1440,144000.00,2016-08-08 03:07:00.379080
4817,201608083737909,PRIN,47,55,100,1440,144000.00,2016-08-08 03:07:00.379090
4818,201608083737809,PRIN,35,7,20,1445,28900.00,2016-08-08 03:07:00.378090
4819,201608083737810,PRIN,22,7,100,1445,144500.00,2016-08-08 03:07:00.378100
4820,201608083737765,PRIN,5,7,230,1446,332580.00,2016-08-08 03:07:00.377650
4821,201608083737703,PRIN,49,45,250,1450,362500.00,2016-08-08 03:07:00.377030
4822,201608083737704,PRIN,21,45,100,1448,144800.00,2016-08-08 03:07:00.377040
4823,201608083737705,PRIN,49,45,100,1447,144700.00,2016-08-08 03:07:00.377050
4824,201608083737706,PRIN,5,45,50,1446,72300.00,2016-08-08 03:07:00.377060
4825,201608083737549,PRIN,58,5,100,1449,144900.00,2016-08-08 03:07:00.375490
4826,201608083737467,PRIN,39,17,200,1456,291200.00,2016-08-08 03:07:00.374670
4827,201608083737468,PRIN,8,17,180,1455,261900.00,2016-08-08 03:07:00.374680
4828,201608083737352,PRIN,26,55,150,1460,219000.00,2016-08-08 03:07:00.373520
4829,201608083737182,PRIN,26,47,39,1460,56940.00,2016-08-08 03:07:00.371820
4830,201608083737039,PRIN,26,45,50,1460,73000.00,2016-08-08 03:07:00.370390
4831,201608083736954,PRIN,26,48,200,1480,296000.00,2016-08-08 03:07:00.369540
4832,201608083736592,PRIN,58,6,37,1451,53687.00,2016-08-08 03:07:00.365920
4833,201608083736538,PRIN,38,6,200,1450,290000.00,2016-08-08 03:07:00.365380
4834,201608083736539,PRIN,58,6,100,1449,144900.00,2016-08-08 03:07:00.365390
4835,201608083736203,PRIN,49,16,100,1447,144700.00,2016-08-08 03:07:00.362030
4836,201608083736147,PRIN,5,40,20,1446,28920.00,2016-08-08 03:07:00.361470
4837,201608083735744,PRIN,57,38,83,1470,122010.00,2016-08-08 03:07:00.357440
4838,201608083735028,PRIN,29,28,335,1460,489100.00,2016-08-08 03:07:00.350280
4839,201608083734957,PRIN,53,21,100,1475,147500.00,2016-08-08 03:07:00.349570
4840,201608083734958,PRIN,53,21,100,1475,147500.00,2016-08-08 03:07:00.349580
4841,201608083734959,PRIN,29,21,400,1470,588000.00,2016-08-08 03:07:00.349590
4842,201608083734960,PRIN,1,21,50,1470,73500.00,2016-08-08 03:07:00.349600
4843,201608083734327,PRIN,21,46,100,1500,150000.00,2016-08-08 03:07:00.343270
4844,201608073733842,PRIN,6,34,100,1485,148500.00,2016-08-07 03:07:00.338420
4845,201608073732747,PRIN,46,47,100,1482,148200.00,2016-08-07 03:07:00.327470
4846,201608073732748,PRIN,21,47,100,1480,148000.00,2016-08-07 03:07:00.327480
4847,201608073732708,PRIN,4,20,100,1487,148700.00,2016-08-07 03:07:00.327080
4848,201608073732709,PRIN,43,20,100,1486,148600.00,2016-08-07 03:07:00.327090
4849,201608073732626,PRIN,40,28,100,1488,148800.00,2016-08-07 03:07:00.326260
4850,201608073732614,PRIN,41,28,200,1490,298000.00,2016-08-07 03:07:00.326140
4851,201608073732615,PRIN,38,28,100,1490,149000.00,2016-08-07 03:07:00.326150
4852,201608073732616,PRIN,4,28,100,1489,148900.00,2016-08-07 03:07:00.326160
4853,201608073732620,PRIN,21,28,200,1489,297800.00,2016-08-07 03:07:00.326200
4854,201608073732084,PRIN,56,5,100,1490,149000.00,2016-08-07 03:07:00.320840
4855,201608073732085,PRIN,21,5,200,1490,298000.00,2016-08-07 03:07:00.320850
4856,201608073731896,PRIN,21,5,200,1492,298400.00,2016-08-07 03:07:00.318960
4857,201608073731876,PRIN,19,34,500,1509,754500.00,2016-08-07 03:07:00.318760
4858,201608073731838,PRIN,17,5,100,1491,149100.00,2016-08-07 03:07:00.318380
4859,201608073731839,PRIN,40,5,200,1490,298000.00,2016-08-07 03:07:00.318390
4860,201608073731840,PRIN,35,5,100,1490,149000.00,2016-08-07 03:07:00.318400
4861,201608073731818,PRIN,34,34,500,1487,743500.00,2016-08-07 03:07:00.318180
4862,201608073731582,PRIN,34,34,750,1487,1115250.00,2016-08-07 03:07:00.315820
4863,201608073730932,PRIN,44,28,35,1485,51975.00,2016-08-07 03:07:00.309320
4864,201608073730770,PRIN,1,5,50,1510,75500.00,2016-08-07 03:07:00.307700
4865,201608073730771,PRIN,21,5,100,1510,151000.00,2016-08-07 03:07:00.307710
4866,201608073730772,PRIN,57,5,200,1505,301000.00,2016-08-07 03:07:00.307720
4867,201608073730773,PRIN,37,5,150,1501,225150.00,2016-08-07 03:07:00.307730
4868,201608073730774,PRIN,17,5,300,1500,450000.00,2016-08-07 03:07:00.307740
4869,201608073730762,PRIN,48,45,500,1503,751500.00,2016-08-07 03:07:00.307620
4870,201608073730454,PRIN,39,49,140,1520,212800.00,2016-08-07 03:07:00.304540
4871,201608073730344,PRIN,6,49,100,1527,152700.00,2016-08-07 03:07:00.303440
4872,201608073730345,PRIN,38,49,100,1526,152600.00,2016-08-07 03:07:00.303450
4873,201608073730346,PRIN,46,49,100,1525,152500.00,2016-08-07 03:07:00.303460
4874,201608073730347,PRIN,58,49,500,1521,760500.00,2016-08-07 03:07:00.303470
4875,201608073730348,PRIN,48,49,60,1520,91200.00,2016-08-07 03:07:00.303480
4876,201608073730150,PRIN,38,50,100,1540,154000.00,2016-08-07 03:07:00.301500
4877,201608073730151,PRIN,22,50,50,1536,76800.00,2016-08-07 03:07:00.301510
4878,201608073730152,PRIN,21,50,200,1535,307000.00,2016-08-07 03:07:00.301520
4879,201608073730153,PRIN,47,50,100,1531,153100.00,2016-08-07 03:07:00.301530
4880,201608073730154,PRIN,29,50,100,1530,153000.00,2016-08-07 03:07:00.301540
4881,201608073730052,PRIN,19,5,200,1545,309000.00,2016-08-07 03:07:00.300520
4882,201608073729576,PRIN,21,5,100,1540,154000.00,2016-08-07 03:07:00.295760
4883,201608073729498,PRIN,43,49,80,1552,124160.00,2016-08-07 03:07:00.294980
4884,201608073729499,PRIN,10,49,50,1551,77550.00,2016-08-07 03:07:00.294990
4885,201608073729500,PRIN,41,49,30,1550,46500.00,2016-08-07 03:07:00.295000
4886,201608073729501,PRIN,41,49,200,1550,310000.00,2016-08-07 03:07:00.295010
4887,201608073729466,PRIN,38,33,100,1560,156000.00,2016-08-07 03:07:00.294660
4888,201608073729467,PRIN,34,33,500,1557,778500.00,2016-08-07 03:07:00.294670
4889,201608073729468,PRIN,22,33,100,1556,155600.00,2016-08-07 03:07:00.294680
4890,201608073729469,PRIN,41,33,200,1555,311000.00,2016-08-07 03:07:00.294690
4891,201608073728986,PRIN,34,11,16,1560,24960.00,2016-08-07 03:07:00.289860
4892,201608073728658,PRIN,32,50,150,1570,235500.00,2016-08-07 03:07:00.286580
4893,201608073728659,PRIN,47,50,50,1565,78250.00,2016-08-07 03:07:00.286590
4894,201608073728660,PRIN,34,50,400,1560,624000.00,2016-08-07 03:07:00.286600
4895,201608073728561,PRIN,32,44,500,1580,790000.00,2016-08-07 03:07:00.285610
4896,201608073728509,PRIN,21,41,300,1589,476700.00,2016-08-07 03:07:00.285090
4897,201608073728208,PRIN,48,58,94,1590,149460.00,2016-08-07 03:07:00.282080
4898,201608073728221,PRIN,48,33,60,1591,95460.00,2016-08-07 03:07:00.282210
4899,201608073728143,PRIN,48,4,100,1588,158800.00,2016-08-07 03:07:00.281430
4900,201608073728128,PRIN,48,41,100,1585,158500.00,2016-08-07 03:07:00.281280
4901,201608073727849,PRIN,36,4,80,1564,125120.00,2016-08-07 03:07:00.278490
4902,201608073727850,PRIN,36,36,400,1565,626000.00,2016-08-07 03:07:00.278500
4903,201608073727487,PRIN,41,48,70,1550,108500.00,2016-08-07 03:07:00.274870
4904,201608073727319,PRIN,41,36,68,1550,105400.00,2016-08-07 03:07:00.273190
4905,201608073727327,PRIN,41,20,130,1550,201500.00,2016-08-07 03:07:00.273270
4906,201608073727189,PRIN,6,36,500,1545,772500.00,2016-08-07 03:07:00.271890
4907,201608073726962,PRIN,38,44,500,1529,764500.00,2016-08-07 03:07:00.269620
4908,201608073726705,PRIN,17,36,68,1530,104040.00,2016-08-07 03:07:00.267050
4909,201608073726607,PRIN,21,14,50,1520,76000.00,2016-08-07 03:07:00.266070
4910,201608073726499,PRIN,21,36,200,1530,306000.00,2016-08-07 03:07:00.264990
4911,201608073726500,PRIN,17,36,200,1530,306000.00,2016-08-07 03:07:00.265000
4912,201608073726487,PRIN,17,20,100,1550,155000.00,2016-08-07 03:07:00.264870
4913,201608073726404,PRIN,47,36,300,1550,465000.00,2016-08-07 03:07:00.264040
4914,201608073726405,PRIN,58,36,300,1550,465000.00,2016-08-07 03:07:00.264050
4915,201608073726369,PRIN,38,36,500,1560,780000.00,2016-08-07 03:07:00.263690
4916,201608073726290,PRIN,21,36,230,1530,351900.00,2016-08-07 03:07:00.262900
4917,201608073726212,PRIN,21,36,200,1530,306000.00,2016-08-07 03:07:00.262120
4918,201608073726198,PRIN,21,36,300,1530,459000.00,2016-08-07 03:07:00.261980
4919,201608073726201,PRIN,50,36,170,1519,258230.00,2016-08-07 03:07:00.262010
4920,201608073726202,PRIN,48,36,100,1519,151900.00,2016-08-07 03:07:00.262020
4921,201608073726154,PRIN,50,4,20,1515,30300.00,2016-08-07 03:07:00.261540
4922,201608073726155,PRIN,50,45,100,1518,151800.00,2016-08-07 03:07:00.261550
4923,201608073726156,PRIN,50,36,80,1519,121520.00,2016-08-07 03:07:00.261560
4924,201608073726162,PRIN,44,36,170,1519,258230.00,2016-08-07 03:07:00.261620
4925,201608073726115,PRIN,21,36,100,1519,151900.00,2016-08-07 03:07:00.261150
4926,201608043725592,PRIN,48,7,16,1490,23840.00,2016-08-04 03:07:00.255920
4927,201608043725545,PRIN,14,7,200,1486,297200.00,2016-08-04 03:07:00.255450
4928,201608043725546,PRIN,47,7,100,1486,148600.00,2016-08-04 03:07:00.255460
4929,201608043725547,PRIN,1,7,20,1485,29700.00,2016-08-04 03:07:00.255470
4930,201608043725548,PRIN,14,7,150,1483,222450.00,2016-08-04 03:07:00.255480
4931,201608043725549,PRIN,55,7,100,1481,148100.00,2016-08-04 03:07:00.255490
4932,201608043725550,PRIN,50,7,30,1480,44400.00,2016-08-04 03:07:00.255500
4933,201608043725551,PRIN,21,7,10,1480,14800.00,2016-08-04 03:07:00.255510
4934,201608043725119,PRIN,11,34,50,1490,74500.00,2016-08-04 03:07:00.251190
4935,201608043724774,PRIN,21,34,10,1490,14900.00,2016-08-04 03:07:00.247740
4936,201608043724747,PRIN,21,34,10,1490,14900.00,2016-08-04 03:07:00.247470
4937,201608043724648,PRIN,41,34,300,1500,450000.00,2016-08-04 03:07:00.246480
4938,201608043724649,PRIN,26,34,100,1497,149700.00,2016-08-04 03:07:00.246490
4939,201608043724650,PRIN,26,34,100,1496,149600.00,2016-08-04 03:07:00.246500
4940,201608043724651,PRIN,26,34,100,1496,149600.00,2016-08-04 03:07:00.246510
4941,201608043724652,PRIN,14,34,10,1495,14950.00,2016-08-04 03:07:00.246520
4942,201608043724653,PRIN,38,34,60,1492,89520.00,2016-08-04 03:07:00.246530
4943,201608043724654,PRIN,32,34,50,1490,74500.00,2016-08-04 03:07:00.246540
4944,201608043724655,PRIN,26,34,100,1490,149000.00,2016-08-04 03:07:00.246550
4945,201608043724656,PRIN,22,34,110,1490,163900.00,2016-08-04 03:07:00.246560
4946,201608043724095,PRIN,22,40,39,1491,58149.00,2016-08-04 03:07:00.240950
4947,201608043724085,PRIN,6,40,100,1496,149600.00,2016-08-04 03:07:00.240850
4948,201608043724086,PRIN,22,40,100,1496,149600.00,2016-08-04 03:07:00.240860
4949,201608043724087,PRIN,22,40,100,1496,149600.00,2016-08-04 03:07:00.240870
4950,201608043724088,PRIN,21,40,200,1495,299000.00,2016-08-04 03:07:00.240880
4951,201608043724044,PRIN,10,36,40,1502,60080.00,2016-08-04 03:07:00.240440
4952,201608043724045,PRIN,10,36,100,1500,150000.00,2016-08-04 03:07:00.240450
4953,201608043724046,PRIN,4,36,100,1500,150000.00,2016-08-04 03:07:00.240460
4954,201608043724047,PRIN,46,36,200,1500,300000.00,2016-08-04 03:07:00.240470
4955,201608043723704,PRIN,21,48,100,1505,150500.00,2016-08-04 03:07:00.237040
4956,201608043723705,PRIN,10,48,160,1502,240320.00,2016-08-04 03:07:00.237050
4957,201608043723466,PRIN,48,48,200,1525,305000.00,2016-08-04 03:07:00.234660
4958,201608043723467,PRIN,19,48,40,1521,60840.00,2016-08-04 03:07:00.234670
4959,201608043723468,PRIN,26,48,200,1520,304000.00,2016-08-04 03:07:00.234680
4960,201608043723469,PRIN,21,48,300,1520,456000.00,2016-08-04 03:07:00.234690
4961,201608043723233,PRIN,19,45,60,1521,91260.00,2016-08-04 03:07:00.232330
4962,201608043723016,PRIN,11,45,140,1525,213500.00,2016-08-04 03:07:00.230160
4963,201608043723017,PRIN,32,45,100,1522,152200.00,2016-08-04 03:07:00.230170
4964,201608043723018,PRIN,26,45,300,1521,456300.00,2016-08-04 03:07:00.230180
4965,201608043722962,PRIN,26,16,23,1526,35098.00,2016-08-04 03:07:00.229620
4966,201608043722867,PRIN,26,33,110,1526,167860.00,2016-08-04 03:07:00.228670
4967,201608043722850,PRIN,14,33,10,1540,15400.00,2016-08-04 03:07:00.228500
4968,201608043722851,PRIN,44,33,200,1532,306400.00,2016-08-04 03:07:00.228510
4969,201608043722852,PRIN,25,33,100,1530,153000.00,2016-08-04 03:07:00.228520
4970,201608043722853,PRIN,53,33,80,1530,122400.00,2016-08-04 03:07:00.228530
4971,201608043722854,PRIN,46,33,500,1526,763000.00,2016-08-04 03:07:00.228540
4972,201608043722828,PRIN,10,8,60,1549,92940.00,2016-08-04 03:07:00.228280
4973,201608043722233,PRIN,26,33,100,1560,156000.00,2016-08-04 03:07:00.222330
4974,201608043722234,PRIN,34,33,100,1555,155500.00,2016-08-04 03:07:00.222340
4975,201608043722235,PRIN,16,33,50,1550,77500.00,2016-08-04 03:07:00.222350
4976,201608043722236,PRIN,21,33,100,1550,155000.00,2016-08-04 03:07:00.222360
4977,201608043722237,PRIN,58,33,200,1550,310000.00,2016-08-04 03:07:00.222370
4978,201608043722127,PRIN,11,50,100,1560,156000.00,2016-08-04 03:07:00.221270
4979,201608043721843,PRIN,35,36,400,1560,624000.00,2016-08-04 03:07:00.218430
4980,201608043721748,PRIN,35,34,12,1559,18708.00,2016-08-04 03:07:00.217480
4981,201608043721275,PRIN,26,41,131,1550,203050.00,2016-08-04 03:07:00.212750
4982,201608043721183,PRIN,8,41,100,1548,154800.00,2016-08-04 03:07:00.211830
4983,201608043721074,PRIN,26,33,150,1540,231000.00,2016-08-04 03:07:00.210740
4984,201608043720896,PRIN,55,33,300,1540,462000.00,2016-08-04 03:07:00.208960
4985,201608043720907,PRIN,49,33,200,1540,308000.00,2016-08-04 03:07:00.209070
4986,201608043720760,PRIN,46,25,200,1530,306000.00,2016-08-04 03:07:00.207600
4987,201608043720669,PRIN,48,25,100,1530,153000.00,2016-08-04 03:07:00.206690
4988,201608043720670,PRIN,10,25,200,1530,306000.00,2016-08-04 03:07:00.206700
4989,201608043720645,PRIN,48,55,200,1530,306000.00,2016-08-04 03:07:00.206450
4990,201608043720523,PRIN,26,16,100,1520,152000.00,2016-08-04 03:07:00.205230
4991,201608043720476,PRIN,26,5,200,1520,304000.00,2016-08-04 03:07:00.204760
4992,201608043720403,PRIN,44,35,200,1496,299200.00,2016-08-04 03:07:00.204030
4993,201608043719924,PRIN,8,36,30,1490,44700.00,2016-08-04 03:07:00.199240
4994,201608043719925,PRIN,50,36,170,1480,251600.00,2016-08-04 03:07:00.199250
4995,201608043719534,PRIN,29,36,190,1520,288800.00,2016-08-04 03:07:00.195340
4996,201608043719535,PRIN,19,36,150,1510,226500.00,2016-08-04 03:07:00.195350
4997,201608043719536,PRIN,4,36,100,1500,150000.00,2016-08-04 03:07:00.195360
4998,201608043719537,PRIN,4,36,100,1500,150000.00,2016-08-04 03:07:00.195370
4999,201608043719095,PRIN,58,36,100,1525,152500.00,2016-08-04 03:07:00.190950
5000,201608043719096,PRIN,29,36,100,1521,152100.00,2016-08-04 03:07:00.190960
5001,201608043719097,PRIN,58,36,50,1520,76000.00,2016-08-04 03:07:00.190970
5002,201608043719098,PRIN,8,36,10,1520,15200.00,2016-08-04 03:07:00.190980
5003,201608043719099,PRIN,29,36,10,1520,15200.00,2016-08-04 03:07:00.190990
5004,201608043718989,PRIN,1,33,50,1537,76850.00,2016-08-04 03:07:00.189890
5005,201608043718990,PRIN,37,33,100,1536,153600.00,2016-08-04 03:07:00.189900
5006,201608043718991,PRIN,50,33,200,1535,307000.00,2016-08-04 03:07:00.189910
5007,201608043718135,PRIN,58,36,50,1549,77450.00,2016-08-04 03:07:00.181350
5008,201608033717703,PRIN,35,37,40,1585,63400.00,2016-08-03 03:07:00.177030
5009,201608033717704,PRIN,47,37,100,1580,158000.00,2016-08-03 03:07:00.177040
5010,201608033717392,PRIN,47,33,100,1585,158500.00,2016-08-03 03:07:00.173920
5011,201608033716325,PRIN,21,33,100,1580,158000.00,2016-08-03 03:07:00.163250
5012,201608033716326,PRIN,47,33,100,1580,158000.00,2016-08-03 03:07:00.163260
5013,201608033716140,PRIN,26,44,50,1589,79450.00,2016-08-03 03:07:00.161400
5014,201608033716116,PRIN,21,33,100,1580,158000.00,2016-08-03 03:07:00.161160
5015,201608033715993,PRIN,10,33,200,1580,316000.00,2016-08-03 03:07:00.159930
5016,201608033715953,PRIN,21,33,100,1580,158000.00,2016-08-03 03:07:00.159530
5017,201608033715954,PRIN,13,33,500,1580,790000.00,2016-08-03 03:07:00.159540
5018,201608033715351,PRIN,5,35,100,1594,159400.00,2016-08-03 03:07:00.153510
5019,201608033715332,PRIN,48,45,100,1590,159000.00,2016-08-03 03:07:00.153320
5020,201608033714814,PRIN,10,33,440,1580,695200.00,2016-08-03 03:07:00.148140
5021,201608033714748,PRIN,22,57,60,1555,93300.00,2016-08-03 03:07:00.147480
5022,201608033713793,PRIN,26,36,30,1560,46800.00,2016-08-03 03:07:00.137930
5023,201608033713794,PRIN,14,36,200,1556,311200.00,2016-08-03 03:07:00.137940
5024,201608033713795,PRIN,4,36,100,1554,155400.00,2016-08-03 03:07:00.137950
5025,201608033713666,PRIN,45,33,60,1580,94800.00,2016-08-03 03:07:00.136660
5026,201608033712647,PRIN,45,36,100,1580,158000.00,2016-08-03 03:07:00.126470
5027,201608033712432,PRIN,49,33,200,1585,317000.00,2016-08-03 03:07:00.124320
5028,201608033712155,PRIN,22,33,100,1600,160000.00,2016-08-03 03:07:00.121550
5029,201608033712148,PRIN,22,20,300,1600,480000.00,2016-08-03 03:07:00.121480
5030,201608033712073,PRIN,58,33,200,1610,322000.00,2016-08-03 03:07:00.120730
5031,201608033712074,PRIN,17,33,100,1610,161000.00,2016-08-03 03:07:00.120740
5032,201608033712042,PRIN,17,44,200,1609,321800.00,2016-08-03 03:07:00.120420
5033,201608033711784,PRIN,22,44,260,1603,416780.00,2016-08-03 03:07:00.117840
5034,201608023711450,PRIN,33,36,500,1573,786500.00,2016-08-02 03:07:00.114500
5035,201608023711451,PRIN,22,36,100,1572,157200.00,2016-08-02 03:07:00.114510
5036,201608023711452,PRIN,47,36,200,1572,314400.00,2016-08-02 03:07:00.114520
5037,201608023711453,PRIN,17,36,100,1572,157200.00,2016-08-02 03:07:00.114530
5038,201608023711026,PRIN,5,36,100,1580,158000.00,2016-08-02 03:07:00.110260
5039,201608023711027,PRIN,33,36,500,1576,788000.00,2016-08-02 03:07:00.110270
5040,201608023711028,PRIN,21,36,50,1575,78750.00,2016-08-02 03:07:00.110280
5041,201608023710638,PRIN,33,20,100,1579,157900.00,2016-08-02 03:07:00.106380
5042,201608023710313,PRIN,14,36,100,1577,157700.00,2016-08-02 03:07:00.103130
5043,201608023710314,PRIN,6,36,300,1576,472800.00,2016-08-02 03:07:00.103140
5044,201608023710315,PRIN,56,36,100,1575,157500.00,2016-08-02 03:07:00.103150
5045,201608023709809,PRIN,56,36,150,1585,237750.00,2016-08-02 03:07:00.098090
5046,201608023709810,PRIN,40,36,100,1581,158100.00,2016-08-02 03:07:00.098100
5047,201608023709811,PRIN,36,36,100,1580,158000.00,2016-08-02 03:07:00.098110
5048,201608023709208,PRIN,21,6,58,1585,91930.00,2016-08-02 03:07:00.092080
5049,201608023708915,PRIN,26,19,300,1599,479700.00,2016-08-02 03:07:00.089150
5050,201608023708919,PRIN,56,36,300,1590,477000.00,2016-08-02 03:07:00.089190
5051,201608023708841,PRIN,21,36,100,1591,159100.00,2016-08-02 03:07:00.088410
5052,201608023708842,PRIN,55,36,100,1590,159000.00,2016-08-02 03:07:00.088420
5053,201608023708717,PRIN,45,36,100,1590,159000.00,2016-08-02 03:07:00.087170
5054,201608023708527,PRIN,34,19,100,1595,159500.00,2016-08-02 03:07:00.085270
5055,201608023708206,PRIN,47,6,100,1597,159700.00,2016-08-02 03:07:00.082060
5056,201608023707714,PRIN,47,19,100,1585,158500.00,2016-08-02 03:07:00.077140
5057,201608023707715,PRIN,47,19,200,1580,316000.00,2016-08-02 03:07:00.077150
5058,201608023707410,PRIN,48,57,200,1599,319800.00,2016-08-02 03:07:00.074100
5059,201608023707411,PRIN,48,36,139,1600,222400.00,2016-08-02 03:07:00.074110
5060,201608023707297,PRIN,33,36,300,1600,480000.00,2016-08-02 03:07:00.072970
5061,201608023707030,PRIN,56,56,200,1598,319600.00,2016-08-02 03:07:00.070300
5062,201608023706644,PRIN,54,36,200,1600,320000.00,2016-08-02 03:07:00.066440
5063,201608023706618,PRIN,33,36,200,1579,315800.00,2016-08-02 03:07:00.066180
5064,201608023706619,PRIN,59,36,100,1579,157900.00,2016-08-02 03:07:00.066190
5065,201608023706597,PRIN,33,20,300,1579,473700.00,2016-08-02 03:07:00.065970
5066,201608023705416,PRIN,26,36,50,1615,80750.00,2016-08-02 03:07:00.054160
5067,201608023705417,PRIN,46,36,150,1611,241650.00,2016-08-02 03:07:00.054170
5068,201608023705285,PRIN,33,50,300,1620,486000.00,2016-08-02 03:07:00.052850
5069,201608023705235,PRIN,38,19,100,1627,162700.00,2016-08-02 03:07:00.052350
5070,201608023705236,PRIN,41,19,100,1625,162500.00,2016-08-02 03:07:00.052360
5071,201608013698043,PRIN,17,26,50,1641,82050.00,2016-08-01 03:06:00.980430
5072,201608013698044,PRIN,57,26,50,1640,82000.00,2016-08-01 03:06:00.980440
5073,201608013698545,PRIN,46,7,50,1610,80500.00,2016-08-01 03:06:00.985450
5074,201608013699730,PRIN,14,28,10,1612,16120.00,2016-08-01 03:06:00.997300
5075,201608013699731,PRIN,14,28,60,1612,96720.00,2016-08-01 03:06:00.997310
5076,201608013699732,PRIN,46,28,30,1611,48330.00,2016-08-01 03:06:00.997320
5077,201608013700718,PRIN,46,39,16,1611,25776.00,2016-08-01 03:07:00.007180
5078,201608013700873,PRIN,36,50,108,1600,172800.00,2016-08-01 03:07:00.008730
5079,201608013700893,PRIN,8,34,30,1610,48300.00,2016-08-01 03:07:00.008930
5080,201608013701293,PRIN,39,11,200,1595,319000.00,2016-08-01 03:07:00.012930
5081,201608013701294,PRIN,46,11,100,1590,159000.00,2016-08-01 03:07:00.012940
5082,201608013701295,PRIN,56,11,100,1590,159000.00,2016-08-01 03:07:00.012950
5083,201608013701343,PRIN,33,34,200,1609,321800.00,2016-08-01 03:07:00.013430
5084,201608013701360,PRIN,53,34,100,1609,160900.00,2016-08-01 03:07:00.013600
5085,201608013701363,PRIN,53,34,100,1609,160900.00,2016-08-01 03:07:00.013630
5086,201608013701527,PRIN,10,48,300,1595,478500.00,2016-08-01 03:07:00.015270
5087,201608013701684,PRIN,38,22,204,1610,328440.00,2016-08-01 03:07:00.016840
5088,201608013702299,PRIN,54,5,200,1612,322400.00,2016-08-01 03:07:00.022990
5089,201608013702624,PRIN,33,19,200,1620,324000.00,2016-08-01 03:07:00.026240
5090,201608013702625,PRIN,33,34,500,1622,811000.00,2016-08-01 03:07:00.026250
5091,201608013703969,PRIN,49,47,70,1615,113050.00,2016-08-01 03:07:00.039690
5092,201608013703970,PRIN,14,47,30,1610,48300.00,2016-08-01 03:07:00.039700
5093,201608013704081,PRIN,33,41,100,1615,161500.00,2016-08-01 03:07:00.040810
5094,201608013704082,PRIN,33,50,300,1620,486000.00,2016-08-01 03:07:00.040820
5095,201608013704116,PRIN,28,21,50,1643,82150.00,2016-08-01 03:07:00.041160
5096,201607313697358,PRIN,40,36,260,1655,430300.00,2016-07-31 03:06:00.973580
5097,201607313697359,PRIN,4,36,200,1653,330600.00,2016-07-31 03:06:00.973590
5098,201607313697360,PRIN,17,36,100,1652,165200.00,2016-07-31 03:06:00.973600
5099,201607313697285,PRIN,42,45,70,1660,116200.00,2016-07-31 03:06:00.972850
5100,201607313697286,PRIN,42,45,300,1670,501000.00,2016-07-31 03:06:00.972860
5101,201607313697025,PRIN,26,45,50,1670,83500.00,2016-07-31 03:06:00.970250
5102,201607313697026,PRIN,45,45,130,1660,215800.00,2016-07-31 03:06:00.970260
5103,201607313696754,PRIN,40,5,100,1670,167000.00,2016-07-31 03:06:00.967540
5104,201607313696711,PRIN,56,45,100,1661,166100.00,2016-07-31 03:06:00.967110
5105,201607313696199,PRIN,17,33,300,1665,499500.00,2016-07-31 03:06:00.961990
5106,201607313696200,PRIN,6,33,100,1661,166100.00,2016-07-31 03:06:00.962000
5107,201607313696201,PRIN,45,33,70,1660,116200.00,2016-07-31 03:06:00.962010
5108,201607313696081,PRIN,40,48,39,1668,65052.00,2016-07-31 03:06:00.960810
5109,201607313696072,PRIN,40,48,130,1668,216840.00,2016-07-31 03:06:00.960720
5110,201607313696005,PRIN,22,41,200,1669,333800.00,2016-07-31 03:06:00.960050
5111,201607313694924,PRIN,40,37,133,1662,221046.00,2016-07-31 03:06:00.949240
5112,201607313694400,PRIN,37,11,200,1660,332000.00,2016-07-31 03:06:00.944000
5113,201607313693705,PRIN,41,44,200,1665,333000.00,2016-07-31 03:06:00.937050
5114,201607313693585,PRIN,40,33,240,1670,400800.00,2016-07-31 03:06:00.935850
5115,201607313693297,PRIN,4,33,150,1670,250500.00,2016-07-31 03:06:00.932970
5116,201607313692865,PRIN,42,14,800,1650,1320000.00,2016-07-31 03:06:00.928650
5117,201607313692885,PRIN,42,14,53,1660,87980.00,2016-07-31 03:06:00.928850
5118,201607313692521,PRIN,46,50,172,1660,285520.00,2016-07-31 03:06:00.925210
5119,201607313692455,PRIN,4,38,50,1666,83300.00,2016-07-31 03:06:00.924550
5120,201607313692106,PRIN,38,44,300,1661,498300.00,2016-07-31 03:06:00.921060
5121,201607313692075,PRIN,50,38,100,1666,166600.00,2016-07-31 03:06:00.920750
5122,201607313691877,PRIN,48,33,10,1670,16700.00,2016-07-31 03:06:00.918770
5123,201607313691615,PRIN,50,4,200,1666,333200.00,2016-07-31 03:06:00.916150
5124,201607313691503,PRIN,17,33,100,1671,167100.00,2016-07-31 03:06:00.915030
5125,201607313691504,PRIN,57,33,500,1670,835000.00,2016-07-31 03:06:00.915040
5126,201607313691446,PRIN,26,37,66,1672,110352.00,2016-07-31 03:06:00.914460
5127,201607313691375,PRIN,17,36,86,1672,143792.00,2016-07-31 03:06:00.913750
5128,201607313690898,PRIN,48,33,850,1675,1423750.00,2016-07-31 03:06:00.908980
5129,201607313690752,PRIN,33,33,150,1675,251250.00,2016-07-31 03:06:00.907520
5130,201607313690638,PRIN,21,38,720,1651,1188720.00,2016-07-31 03:06:00.906380
5131,201607313690147,PRIN,41,44,120,1680,201600.00,2016-07-31 03:06:00.901470
5132,201607313690148,PRIN,8,44,30,1680,50400.00,2016-07-31 03:06:00.901480
5133,201607313690112,PRIN,48,36,200,1699,339800.00,2016-07-31 03:06:00.901120
5134,201607313690082,PRIN,10,44,120,1686,202320.00,2016-07-31 03:06:00.900820
5135,201607313690083,PRIN,36,44,300,1685,505500.00,2016-07-31 03:06:00.900830
5136,201607313690084,PRIN,41,44,180,1680,302400.00,2016-07-31 03:06:00.900840
5137,201607313689698,PRIN,36,36,200,1700,340000.00,2016-07-31 03:06:00.896980
5138,201607313689685,PRIN,36,41,100,1700,170000.00,2016-07-31 03:06:00.896850
5139,201607313689416,PRIN,48,26,165,1700,280500.00,2016-07-31 03:06:00.894160
5140,201607283689038,PRIN,36,10,20,1665,33300.00,2016-07-28 03:06:00.890380
5141,201607283689039,PRIN,36,17,200,1683,336600.00,2016-07-28 03:06:00.890390
5142,201607283689040,PRIN,36,53,100,1693,169300.00,2016-07-28 03:06:00.890400
5143,201607283688779,PRIN,35,14,853,1660,1415980.00,2016-07-28 03:06:00.887790
5144,201607283688738,PRIN,58,51,104,1650,171600.00,2016-07-28 03:06:00.887380
5145,201607283688659,PRIN,35,36,500,1645,822500.00,2016-07-28 03:06:00.886590
5146,201607283688592,PRIN,11,40,178,1667,296726.00,2016-07-28 03:06:00.885920
5147,201607283688563,PRIN,11,11,50,1660,83000.00,2016-07-28 03:06:00.885630
5148,201607283688564,PRIN,11,47,43,1660,71380.00,2016-07-28 03:06:00.885640
5149,201607283688535,PRIN,11,5,74,1645,121730.00,2016-07-28 03:06:00.885350
5150,201607283688223,PRIN,58,49,100,1655,165500.00,2016-07-28 03:06:00.882230
5151,201607283688152,PRIN,36,38,247,1654,408538.00,2016-07-28 03:06:00.881520
5152,201607283688137,PRIN,36,16,97,1655,160535.00,2016-07-28 03:06:00.881370
5153,201607283688146,PRIN,41,16,200,1650,330000.00,2016-07-28 03:06:00.881460
5154,201607283688010,PRIN,58,44,211,1642,346462.00,2016-07-28 03:06:00.880100
5155,201607283687986,PRIN,35,48,300,1650,495000.00,2016-07-28 03:06:00.879860
5156,201607283687972,PRIN,35,50,850,1650,1402500.00,2016-07-28 03:06:00.879720
5157,201607283687955,PRIN,35,48,200,1650,330000.00,2016-07-28 03:06:00.879550
5158,201607283687737,PRIN,58,17,100,1642,164200.00,2016-07-28 03:06:00.877370
5159,201607283687741,PRIN,35,1,250,1648,412000.00,2016-07-28 03:06:00.877410
5160,201607283687742,PRIN,35,38,50,1649,82450.00,2016-07-28 03:06:00.877420
5161,201607283687584,PRIN,58,17,100,1650,165000.00,2016-07-28 03:06:00.875840
5162,201607283687590,PRIN,58,40,167,1650,275550.00,2016-07-28 03:06:00.875900
5163,201607283687462,PRIN,35,11,200,1650,330000.00,2016-07-28 03:06:00.874620
5164,201607283687302,PRIN,35,17,670,1650,1105500.00,2016-07-28 03:06:00.873020
5165,201607283687265,PRIN,36,17,30,1655,49650.00,2016-07-28 03:06:00.872650
5166,201607283687266,PRIN,14,17,300,1655,496500.00,2016-07-28 03:06:00.872660
5167,201607283687083,PRIN,36,29,500,1650,825000.00,2016-07-28 03:06:00.870830
5168,201607283687084,PRIN,36,50,150,1650,247500.00,2016-07-28 03:06:00.870840
5169,201607283687085,PRIN,36,59,70,1654,115780.00,2016-07-28 03:06:00.870850
5170,201607283687086,PRIN,36,29,150,1654,248100.00,2016-07-28 03:06:00.870860
5171,201607283687087,PRIN,36,41,100,1655,165500.00,2016-07-28 03:06:00.870870
5172,201607283686735,PRIN,26,1,30,1650,49500.00,2016-07-28 03:06:00.867350
5173,201607283686738,PRIN,26,51,109,1653,180177.00,2016-07-28 03:06:00.867380
5174,201607283686722,PRIN,26,26,100,1650,165000.00,2016-07-28 03:06:00.867220
5175,201607283686728,PRIN,26,47,16,1650,26400.00,2016-07-28 03:06:00.867280
5176,201607283685903,PRIN,36,17,470,1635,768450.00,2016-07-28 03:06:00.859030
5177,201607283685763,PRIN,34,17,150,1651,247650.00,2016-07-28 03:06:00.857630
5178,201607283685764,PRIN,6,17,50,1637,81850.00,2016-07-28 03:06:00.857640
5179,201607283685765,PRIN,19,17,500,1636,818000.00,2016-07-28 03:06:00.857650
5180,201607283685766,PRIN,40,17,300,1635,490500.00,2016-07-28 03:06:00.857660
5181,201607283685458,PRIN,17,59,30,1654,49620.00,2016-07-28 03:06:00.854580
5182,201607283685160,PRIN,34,22,500,1650,825000.00,2016-07-28 03:06:00.851600
5183,201607283685161,PRIN,34,38,350,1651,577850.00,2016-07-28 03:06:00.851610
5184,201607283684755,PRIN,11,11,100,1650,165000.00,2016-07-28 03:06:00.847550
5185,201607283684235,PRIN,26,49,67,1650,110550.00,2016-07-28 03:06:00.842350
5186,201607283683852,PRIN,33,59,300,1654,496200.00,2016-07-28 03:06:00.838520
5187,201607283683657,PRIN,33,17,100,1660,166000.00,2016-07-28 03:06:00.836570
5188,201607283683214,PRIN,26,17,100,1660,166000.00,2016-07-28 03:06:00.832140
5189,201607283683200,PRIN,26,17,300,1660,498000.00,2016-07-28 03:06:00.832000
5190,201607283682894,PRIN,36,32,50,1660,83000.00,2016-07-28 03:06:00.828940
5191,201607283682168,PRIN,25,47,40,1640,65600.00,2016-07-28 03:06:00.821680
5192,201607283682125,PRIN,36,45,300,1630,489000.00,2016-07-28 03:06:00.821250
5193,201607283681143,PRIN,36,58,100,1630,163000.00,2016-07-28 03:06:00.811430
5194,201607283681141,PRIN,36,5,50,1625,81250.00,2016-07-28 03:06:00.811410
5195,201607283681142,PRIN,36,4,60,1630,97800.00,2016-07-28 03:06:00.811420
5196,201607283680998,PRIN,36,53,86,1610,138460.00,2016-07-28 03:06:00.809980
5197,201607283680685,PRIN,17,53,200,1603,320600.00,2016-07-28 03:06:00.806850
5198,201607273678976,PRIN,36,45,500,1635,817500.00,2016-07-27 03:06:00.789760
5199,201607273678891,PRIN,33,59,300,1620,486000.00,2016-07-27 03:06:00.788910
5200,201607273678226,PRIN,33,45,1000,1630,1630000.00,2016-07-27 03:06:00.782260
5201,201607273676761,PRIN,32,41,100,1625,162500.00,2016-07-27 03:06:00.767610
5202,201607273676777,PRIN,32,48,75,1625,121875.00,2016-07-27 03:06:00.767770
5203,201607273676675,PRIN,36,55,15,1626,24390.00,2016-07-27 03:06:00.766750
5204,201607273676641,PRIN,6,17,60,1640,98400.00,2016-07-27 03:06:00.766410
5205,201607273676647,PRIN,6,55,340,1640,557600.00,2016-07-27 03:06:00.766470
5206,201607273676648,PRIN,45,55,500,1630,815000.00,2016-07-27 03:06:00.766480
5207,201607273676649,PRIN,47,55,50,1626,81300.00,2016-07-27 03:06:00.766490
5208,201607273676650,PRIN,36,55,200,1626,325200.00,2016-07-27 03:06:00.766500
5209,201607273676123,PRIN,36,19,40,1629,65160.00,2016-07-27 03:06:00.761230
5210,201607273676124,PRIN,36,59,50,1630,81500.00,2016-07-27 03:06:00.761240
5211,201607273676125,PRIN,36,50,978,1635,1599030.00,2016-07-27 03:06:00.761250
5212,201607273675836,PRIN,48,59,100,1630,163000.00,2016-07-27 03:06:00.758360
5213,201607273675109,PRIN,47,59,100,1631,163100.00,2016-07-27 03:06:00.751090
5214,201607273675110,PRIN,22,59,50,1630,81500.00,2016-07-27 03:06:00.751100
5215,201607273675056,PRIN,47,5,50,1631,81550.00,2016-07-27 03:06:00.750560
5216,201607273674175,PRIN,50,45,200,1640,328000.00,2016-07-27 03:06:00.741750
5217,201607273674171,PRIN,36,45,1000,1635,1635000.00,2016-07-27 03:06:00.741710
5218,201607273672731,PRIN,36,17,54,1640,88560.00,2016-07-27 03:06:00.727310
5219,201607273672584,PRIN,36,55,244,1640,400160.00,2016-07-27 03:06:00.725840
5220,201607273672716,PRIN,50,44,300,1637,491100.00,2016-07-27 03:06:00.727160
5221,201607273671599,PRIN,4,1,91,1659,150969.00,2016-07-27 03:06:00.715990
5222,201607273670261,PRIN,41,38,100,1650,165000.00,2016-07-27 03:06:00.702610
5223,201607273669879,PRIN,41,5,100,1650,165000.00,2016-07-27 03:06:00.698790
5224,201607273669807,PRIN,8,58,46,1660,76360.00,2016-07-27 03:06:00.698070
5225,201607263668123,PRIN,46,10,30,1668,50040.00,2016-07-26 03:06:00.681230
5226,201607263667941,PRIN,36,38,990,1650,1633500.00,2016-07-26 03:06:00.679410
5227,201607263667886,PRIN,13,38,10,1660,16600.00,2016-07-26 03:06:00.678860
5228,201607263667602,PRIN,40,32,60,1660,99600.00,2016-07-26 03:06:00.676020
5229,201607263667603,PRIN,40,59,200,1660,332000.00,2016-07-26 03:06:00.676030
5230,201607263667250,PRIN,36,38,70,1668,116760.00,2016-07-26 03:06:00.672500
5231,201607263666972,PRIN,21,38,200,1655,331000.00,2016-07-26 03:06:00.669720
5232,201607263666892,PRIN,41,38,10,1665,16650.00,2016-07-26 03:06:00.668920
5233,201607263666893,PRIN,7,38,100,1660,166000.00,2016-07-26 03:06:00.668930
5234,201607263666894,PRIN,13,38,90,1660,149400.00,2016-07-26 03:06:00.668940
5235,201607263666633,PRIN,39,50,90,1665,149850.00,2016-07-26 03:06:00.666330
5236,201607263666634,PRIN,41,50,490,1665,815850.00,2016-07-26 03:06:00.666340
5237,201607263666346,PRIN,42,45,100,1670,167000.00,2016-07-26 03:06:00.663460
5238,201607263666282,PRIN,42,26,100,1670,167000.00,2016-07-26 03:06:00.662820
5239,201607263665766,PRIN,39,58,115,1665,191475.00,2016-07-26 03:06:00.657660
5240,201607263665267,PRIN,42,50,50,1675,83750.00,2016-07-26 03:06:00.652670
5241,201607263664955,PRIN,55,50,50,1675,83750.00,2016-07-26 03:06:00.649550
5242,201607263664821,PRIN,36,37,500,1670,835000.00,2016-07-26 03:06:00.648210
5243,201607263664740,PRIN,36,54,300,1670,501000.00,2016-07-26 03:06:00.647400
5244,201607263664550,PRIN,55,57,300,1670,501000.00,2016-07-26 03:06:00.645500
5245,201607263664533,PRIN,7,21,100,1660,166000.00,2016-07-26 03:06:00.645330
5246,201607263664450,PRIN,36,50,250,1675,418750.00,2016-07-26 03:06:00.644500
5247,201607263664451,PRIN,36,10,300,1675,502500.00,2016-07-26 03:06:00.644510
5248,201607263664189,PRIN,36,26,50,1674,83700.00,2016-07-26 03:06:00.641890
5249,201607263663936,PRIN,8,47,100,1671,167100.00,2016-07-26 03:06:00.639360
5250,201607263663937,PRIN,8,47,100,1675,167500.00,2016-07-26 03:06:00.639370
5251,201607263663891,PRIN,8,11,167,1670,278890.00,2016-07-26 03:06:00.638910
5252,201607263663536,PRIN,41,47,310,1670,517700.00,2016-07-26 03:06:00.635360
5253,201607263663461,PRIN,46,10,100,1670,167000.00,2016-07-26 03:06:00.634610
5254,201607263663313,PRIN,36,38,130,1660,215800.00,2016-07-26 03:06:00.633130
5255,201607263663282,PRIN,36,22,50,1654,82700.00,2016-07-26 03:06:00.632820
5256,201607263663283,PRIN,36,41,32,1657,53024.00,2016-07-26 03:06:00.632830
5257,201607263663185,PRIN,36,58,50,1648,82400.00,2016-07-26 03:06:00.631850
5258,201607263663186,PRIN,36,34,41,1650,67650.00,2016-07-26 03:06:00.631860
5259,201607263662841,PRIN,36,10,490,1639,803110.00,2016-07-26 03:06:00.628410
5260,201607263662842,PRIN,36,21,400,1640,656000.00,2016-07-26 03:06:00.628420
5261,201607263662843,PRIN,36,38,350,1640,574000.00,2016-07-26 03:06:00.628430
5262,201607263662772,PRIN,36,28,350,1635,572250.00,2016-07-26 03:06:00.627720
5263,201607263662773,PRIN,36,28,150,1635,245250.00,2016-07-26 03:06:00.627730
5264,201607263662774,PRIN,36,38,150,1640,246000.00,2016-07-26 03:06:00.627740
5265,201607263662776,PRIN,36,10,100,1635,163500.00,2016-07-26 03:06:00.627760
5266,201607263662666,PRIN,41,21,100,1634,163400.00,2016-07-26 03:06:00.626660
5267,201607263662617,PRIN,19,38,450,1633,734850.00,2016-07-26 03:06:00.626170
5268,201607263662099,PRIN,41,26,186,1645,305970.00,2016-07-26 03:06:00.620990
5269,201607263661267,PRIN,36,6,1000,1630,1630000.00,2016-07-26 03:06:00.612670
5270,201607263661255,PRIN,36,34,137,1630,223310.00,2016-07-26 03:06:00.612550
5271,201607263660228,PRIN,58,10,300,1630,489000.00,2016-07-26 03:06:00.602280
5272,201607263660229,PRIN,40,10,250,1629,407250.00,2016-07-26 03:06:00.602290
5273,201607263660230,PRIN,46,10,200,1629,325800.00,2016-07-26 03:06:00.602300
5274,201607263659810,PRIN,58,47,100,1630,163000.00,2016-07-26 03:06:00.598100
5275,201607263659550,PRIN,16,5,100,1630,163000.00,2016-07-26 03:06:00.595500
5276,201607263659372,PRIN,58,33,294,1631,479514.00,2016-07-26 03:06:00.593720
5277,201607263659004,PRIN,49,17,100,1650,165000.00,2016-07-26 03:06:00.590040
5278,201607263659005,PRIN,49,49,500,1653,826500.00,2016-07-26 03:06:00.590050
5279,201607263658701,PRIN,26,53,100,1631,163100.00,2016-07-26 03:06:00.587010
5280,201607263658359,PRIN,49,22,50,1650,82500.00,2016-07-26 03:06:00.583590
5281,201607263657362,PRIN,41,11,200,1662,332400.00,2016-07-26 03:06:00.573620
5282,201607253656241,PRIN,6,44,500,1630,815000.00,2016-07-25 03:06:00.562410
5283,201607253656212,PRIN,44,29,200,1625,325000.00,2016-07-25 03:06:00.562120
5284,201607253655391,PRIN,42,45,300,1635,490500.00,2016-07-25 03:06:00.553910
5285,201607253655392,PRIN,42,32,150,1635,245250.00,2016-07-25 03:06:00.553920
5286,201607253655393,PRIN,42,44,350,1637,572950.00,2016-07-25 03:06:00.553930
5287,201607253655381,PRIN,42,26,295,1634,482030.00,2016-07-25 03:06:00.553810
5288,201607253655304,PRIN,39,6,38,1630,61940.00,2016-07-25 03:06:00.553040
5289,201607253654971,PRIN,21,28,60,1626,97560.00,2016-07-25 03:06:00.549710
5290,201607253654972,PRIN,6,28,340,1622,551480.00,2016-07-25 03:06:00.549720
5291,201607253654800,PRIN,41,6,90,1630,146700.00,2016-07-25 03:06:00.548000
5292,201607253654801,PRIN,21,6,110,1626,178860.00,2016-07-25 03:06:00.548010
5293,201607253654741,PRIN,29,38,100,1635,163500.00,2016-07-25 03:06:00.547410
5294,201607253654371,PRIN,29,7,200,1634,326800.00,2016-07-25 03:06:00.543710
5295,201607253654390,PRIN,29,17,100,1635,163500.00,2016-07-25 03:06:00.543900
5296,201607253654347,PRIN,48,41,90,1630,146700.00,2016-07-25 03:06:00.543470
5297,201607253654348,PRIN,41,41,210,1630,342300.00,2016-07-25 03:06:00.543480
5298,201607253654258,PRIN,41,54,200,1630,326000.00,2016-07-25 03:06:00.542580
5299,201607253654146,PRIN,48,38,10,1630,16300.00,2016-07-25 03:06:00.541460
5300,201607253654030,PRIN,55,17,100,1635,163500.00,2016-07-25 03:06:00.540300
5301,201607253653964,PRIN,21,38,720,1630,1173600.00,2016-07-25 03:06:00.539640
5302,201607253653931,PRIN,21,38,50,1629,81450.00,2016-07-25 03:06:00.539310
5303,201607253653932,PRIN,21,25,65,1629,105885.00,2016-07-25 03:06:00.539320
5304,201607253653603,PRIN,35,16,100,1620,162000.00,2016-07-25 03:06:00.536030
5305,201607253653604,PRIN,35,29,200,1625,325000.00,2016-07-25 03:06:00.536040
5306,201607253653505,PRIN,6,36,400,1619,647600.00,2016-07-25 03:06:00.535050
5307,201607253653317,PRIN,36,38,10,1610,16100.00,2016-07-25 03:06:00.533170
5308,201607253653212,PRIN,40,38,17,1611,27387.00,2016-07-25 03:06:00.532120
5309,201607253653189,PRIN,35,38,250,1612,403000.00,2016-07-25 03:06:00.531890
5310,201607253652069,PRIN,40,26,100,1611,161100.00,2016-07-25 03:06:00.520690
5311,201607253650400,PRIN,41,55,10,1620,16200.00,2016-07-25 03:06:00.504000
5312,201607253650401,PRIN,41,38,170,1625,276250.00,2016-07-25 03:06:00.504010
5313,201607253650402,PRIN,41,10,620,1630,1010600.00,2016-07-25 03:06:00.504020
5314,201607253650163,PRIN,36,28,310,1610,499100.00,2016-07-25 03:06:00.501630
5315,201607253650131,PRIN,36,10,500,1620,810000.00,2016-07-25 03:06:00.501310
5316,201607253650043,PRIN,48,44,300,1631,489300.00,2016-07-25 03:06:00.500430
5317,201607253650044,PRIN,33,44,200,1630,326000.00,2016-07-25 03:06:00.500440
5318,201607253649959,PRIN,49,55,100,1635,163500.00,2016-07-25 03:06:00.499590
5319,201607253649026,PRIN,56,25,68,1640,111520.00,2016-07-25 03:06:00.490260
5320,201607253648737,PRIN,36,45,500,1650,825000.00,2016-07-25 03:06:00.487370
5321,201607253648744,PRIN,56,26,200,1649,329800.00,2016-07-25 03:06:00.487440
5322,201607253648673,PRIN,4,48,100,1647,164700.00,2016-07-25 03:06:00.486730
5323,201607253648408,PRIN,56,42,500,1630,815000.00,2016-07-25 03:06:00.484080
5324,201607253648314,PRIN,50,59,500,1610,805000.00,2016-07-25 03:06:00.483140
5325,201607253648315,PRIN,50,39,300,1615,484500.00,2016-07-25 03:06:00.483150
5326,201607253648316,PRIN,50,39,400,1615,646000.00,2016-07-25 03:06:00.483160
5327,201607253648317,PRIN,50,19,296,1619,479224.00,2016-07-25 03:06:00.483170
5328,201607253648328,PRIN,50,16,500,1620,810000.00,2016-07-25 03:06:00.483280
5329,201607253647522,PRIN,41,7,585,1619,947115.00,2016-07-25 03:06:00.475220
5330,201607253647344,PRIN,10,19,101,1615,163115.00,2016-07-25 03:06:00.473440
5331,201607253647004,PRIN,10,44,180,1605,288900.00,2016-07-25 03:06:00.470040
5332,201607213645871,PRIN,34,28,300,1589,476700.00,2016-07-21 03:06:00.458710
5333,201607213645811,PRIN,34,36,50,1585,79250.00,2016-07-21 03:06:00.458110
5334,201607213645812,PRIN,34,28,345,1589,548205.00,2016-07-21 03:06:00.458120
5335,201607213645332,PRIN,39,33,24,1580,37920.00,2016-07-21 03:06:00.453320
5336,201607213644295,PRIN,21,50,70,1595,111650.00,2016-07-21 03:06:00.442950
5337,201607213643315,PRIN,40,29,50,1600,80000.00,2016-07-21 03:06:00.433150
5338,201607213643152,PRIN,40,52,50,1600,80000.00,2016-07-21 03:06:00.431520
5339,201607213642723,PRIN,42,35,30,1600,48000.00,2016-07-21 03:06:00.427230
5340,201607213642632,PRIN,42,43,80,1600,128000.00,2016-07-21 03:06:00.426320
5341,201607213642028,PRIN,36,44,50,1600,80000.00,2016-07-21 03:06:00.420280
5342,201607213641946,PRIN,38,25,50,1615,80750.00,2016-07-21 03:06:00.419460
5343,201607213641947,PRIN,38,39,60,1615,96900.00,2016-07-21 03:06:00.419470
5344,201607213641948,PRIN,38,39,50,1615,80750.00,2016-07-21 03:06:00.419480
5345,201607213641951,PRIN,38,44,40,1616,64640.00,2016-07-21 03:06:00.419510
5346,201607213641952,PRIN,45,44,250,1605,401250.00,2016-07-21 03:06:00.419520
5347,201607213641953,PRIN,6,44,300,1600,480000.00,2016-07-21 03:06:00.419530
5348,201607213641320,PRIN,36,38,500,1611,805500.00,2016-07-21 03:06:00.413200
5349,201607213641294,PRIN,57,38,200,1611,322200.00,2016-07-21 03:06:00.412940
5350,201607213641280,PRIN,38,11,200,1610,322000.00,2016-07-21 03:06:00.412800
5351,201607213641219,PRIN,38,11,158,1610,254380.00,2016-07-21 03:06:00.412190
5352,201607213641177,PRIN,26,36,157,1609,252613.00,2016-07-21 03:06:00.411770
5353,201607213641069,PRIN,36,48,76,1591,120916.00,2016-07-21 03:06:00.410690
5354,201607213641077,PRIN,36,38,100,1595,159500.00,2016-07-21 03:06:00.410770
5355,201607213641078,PRIN,36,21,100,1597,159700.00,2016-07-21 03:06:00.410780
5356,201607213641079,PRIN,36,48,100,1597,159700.00,2016-07-21 03:06:00.410790
5357,201607213641080,PRIN,36,49,100,1598,159800.00,2016-07-21 03:06:00.410800
5358,201607213641081,PRIN,36,51,200,1599,319800.00,2016-07-21 03:06:00.410810
5359,201607213641082,PRIN,36,17,100,1600,160000.00,2016-07-21 03:06:00.410820
5360,201607213641083,PRIN,36,11,100,1600,160000.00,2016-07-21 03:06:00.410830
5361,201607213640506,PRIN,36,45,130,1570,204100.00,2016-07-21 03:06:00.405060
5362,201607213640139,PRIN,39,6,12,1560,18720.00,2016-07-21 03:06:00.401390
5363,201607213640111,PRIN,36,44,300,1575,472500.00,2016-07-21 03:06:00.401110
5364,201607213640112,PRIN,36,44,12,1575,18900.00,2016-07-21 03:06:00.401120
5365,201607213640009,PRIN,36,44,300,1575,472500.00,2016-07-21 03:06:00.400090
5366,201607213639656,PRIN,36,48,100,1587,158700.00,2016-07-21 03:06:00.396560
5367,201607213639356,PRIN,11,17,200,1580,316000.00,2016-07-21 03:06:00.393560
5368,201607213639106,PRIN,11,11,100,1585,158500.00,2016-07-21 03:06:00.391060
5369,201607213639099,PRIN,39,21,200,1580,316000.00,2016-07-21 03:06:00.390990
5370,201607203638430,PRIN,26,44,200,1557,311400.00,2016-07-20 03:06:00.384300
5371,201607203638431,PRIN,29,44,150,1556,233400.00,2016-07-20 03:06:00.384310
5372,201607203638321,PRIN,45,44,200,1560,312000.00,2016-07-20 03:06:00.383210
5373,201607203636769,PRIN,36,41,130,1579,205270.00,2016-07-20 03:06:00.367690
5374,201607203636679,PRIN,49,41,213,1560,332280.00,2016-07-20 03:06:00.366790
5375,201607203634949,PRIN,4,28,50,1570,78500.00,2016-07-20 03:06:00.349490
5376,201607203634950,PRIN,22,28,200,1565,313000.00,2016-07-20 03:06:00.349500
5377,201607203634951,PRIN,49,28,150,1560,234000.00,2016-07-20 03:06:00.349510
5378,201607203633790,PRIN,33,36,605,1580,955900.00,2016-07-20 03:06:00.337900
5379,201607203632960,PRIN,3,52,68,1584,107712.00,2016-07-20 03:06:00.329600
5380,201607203632286,PRIN,34,34,10000,1553,15530000.00,2016-07-20 03:06:00.322860
5381,201607203631983,PRIN,42,17,65,1575,102375.00,2016-07-20 03:06:00.319830
5382,201607203631984,PRIN,42,17,65,1575,102375.00,2016-07-20 03:06:00.319840
5383,201607203631710,PRIN,4,18,10,1545,15450.00,2016-07-20 03:06:00.317100
5384,201607203631516,PRIN,33,38,150,1550,232500.00,2016-07-20 03:06:00.315160
5385,201607203631517,PRIN,33,17,300,1560,468000.00,2016-07-20 03:06:00.315170
5386,201607193629219,PRIN,59,47,318,1560,496080.00,2016-07-19 03:06:00.292190
5387,201607193628953,PRIN,16,14,100,1568,156800.00,2016-07-19 03:06:00.289530
5388,201607193628954,PRIN,36,14,150,1562,234300.00,2016-07-19 03:06:00.289540
5389,201607193628955,PRIN,59,14,150,1560,234000.00,2016-07-19 03:06:00.289550
5390,201607193628706,PRIN,10,41,200,1581,316200.00,2016-07-19 03:06:00.287060
5391,201607193628623,PRIN,45,26,320,1590,508800.00,2016-07-19 03:06:00.286230
5392,201607193628624,PRIN,17,26,150,1590,238500.00,2016-07-19 03:06:00.286240
5393,201607193628552,PRIN,45,38,200,1590,318000.00,2016-07-19 03:06:00.285520
5394,201607193628553,PRIN,10,38,300,1581,474300.00,2016-07-19 03:06:00.285530
5395,201607193628322,PRIN,43,36,100,1600,160000.00,2016-07-19 03:06:00.283220
5396,201607193628303,PRIN,43,21,150,1599,239850.00,2016-07-19 03:06:00.283030
5397,201607193628182,PRIN,45,39,30,1588,47640.00,2016-07-19 03:06:00.281820
5398,201607193628183,PRIN,45,59,100,1590,159000.00,2016-07-19 03:06:00.281830
5399,201607193628184,PRIN,45,7,150,1590,238500.00,2016-07-19 03:06:00.281840
5400,201607193628136,PRIN,38,14,100,1570,157000.00,2016-07-19 03:06:00.281360
5401,201607193628137,PRIN,38,14,100,1570,157000.00,2016-07-19 03:06:00.281370
5402,201607193627680,PRIN,19,26,1000,1570,1570000.00,2016-07-19 03:06:00.276800
5403,201607193627634,PRIN,49,21,67,1575,105525.00,2016-07-19 03:06:00.276340
5404,201607193626803,PRIN,5,35,150,1580,237000.00,2016-07-19 03:06:00.268030
5405,201607193626501,PRIN,45,35,50,1580,79000.00,2016-07-19 03:06:00.265010
5406,201607193626442,PRIN,45,38,100,1580,158000.00,2016-07-19 03:06:00.264420
5407,201607193626350,PRIN,47,5,179,1550,277450.00,2016-07-19 03:06:00.263500
5408,201607193626113,PRIN,37,8,20,1560,31200.00,2016-07-19 03:06:00.261130
5409,201607193626114,PRIN,49,8,380,1545,587100.00,2016-07-19 03:06:00.261140
5410,201607193626074,PRIN,37,8,80,1560,124800.00,2016-07-19 03:06:00.260740
5411,201607193626029,PRIN,28,33,100,1560,156000.00,2016-07-19 03:06:00.260290
5412,201607193626036,PRIN,37,33,320,1560,499200.00,2016-07-19 03:06:00.260360
5413,201607193625969,PRIN,33,33,80,1560,124800.00,2016-07-19 03:06:00.259690
5414,201607193625815,PRIN,40,8,20,1537,30740.00,2016-07-19 03:06:00.258150
5415,201607193623572,PRIN,16,29,100,1507,150700.00,2016-07-19 03:06:00.235720
5416,201607193622983,PRIN,34,54,100,1550,155000.00,2016-07-19 03:06:00.229830
5417,201607193622984,PRIN,5,54,100,1537,153700.00,2016-07-19 03:06:00.229840
5418,201607193622657,PRIN,38,8,100,1573,157300.00,2016-07-19 03:06:00.226570
5419,201607193622658,PRIN,48,8,100,1572,157200.00,2016-07-19 03:06:00.226580
5420,201607193622659,PRIN,40,8,100,1572,157200.00,2016-07-19 03:06:00.226590
5421,201607193622660,PRIN,40,8,200,1571,314200.00,2016-07-19 03:06:00.226600
5422,201607193622661,PRIN,21,8,100,1570,157000.00,2016-07-19 03:06:00.226610
5423,201607193622662,PRIN,5,8,300,1568,470400.00,2016-07-19 03:06:00.226620
5424,201607193622674,PRIN,5,8,15,1568,23520.00,2016-07-19 03:06:00.226740
5425,201607193622186,PRIN,40,40,172,1568,269696.00,2016-07-19 03:06:00.221860
5426,201607193622044,PRIN,34,48,200,1570,314000.00,2016-07-19 03:06:00.220440
5427,201607193622060,PRIN,40,48,200,1585,317000.00,2016-07-19 03:06:00.220600
5428,201607193622061,PRIN,40,48,33,1585,52305.00,2016-07-19 03:06:00.220610
5429,201607193622013,PRIN,40,48,300,1585,475500.00,2016-07-19 03:06:00.220130
5430,201607193621951,PRIN,6,38,300,1582,474600.00,2016-07-19 03:06:00.219510
5431,201607193621952,PRIN,41,38,60,1580,94800.00,2016-07-19 03:06:00.219520
5432,201607193621953,PRIN,37,38,400,1580,632000.00,2016-07-19 03:06:00.219530
5433,201607193621888,PRIN,52,48,100,1585,158500.00,2016-07-19 03:06:00.218880
5434,201607193621546,PRIN,52,46,100,1590,159000.00,2016-07-19 03:06:00.215460
5435,201607193621054,PRIN,41,40,40,1580,63200.00,2016-07-19 03:06:00.210540
5436,201607193621070,PRIN,34,50,200,1600,320000.00,2016-07-19 03:06:00.210700
5437,201607193620990,PRIN,21,38,80,1596,127680.00,2016-07-19 03:06:00.209900
5438,201607193620982,PRIN,37,56,100,1596,159600.00,2016-07-19 03:06:00.209820
5439,201607193620974,PRIN,32,38,190,1596,303240.00,2016-07-19 03:06:00.209740
5440,201607193620975,PRIN,21,38,120,1596,191520.00,2016-07-19 03:06:00.209750
5441,201607193620931,PRIN,39,16,50,1610,80500.00,2016-07-19 03:06:00.209310
5442,201607193620886,PRIN,50,6,49,1623,79527.00,2016-07-19 03:06:00.208860
5443,201607193620552,PRIN,21,36,100,1659,165900.00,2016-07-19 03:06:00.205520
5444,201607193620572,PRIN,36,36,200,1656,331200.00,2016-07-19 03:06:00.205720
5445,201607193620461,PRIN,20,48,100,1689,168900.00,2016-07-19 03:06:00.204610
5446,201607193620301,PRIN,21,56,100,1659,165900.00,2016-07-19 03:06:00.203010
5447,201607193620077,PRIN,4,56,50,1627,81350.00,2016-07-19 03:06:00.200770
5448,201607193620007,PRIN,32,56,10,1596,15960.00,2016-07-19 03:06:00.200070
5449,201607183618265,PRIN,36,14,42,1565,65730.00,2016-07-18 03:06:00.182650
5450,201607183617483,PRIN,36,44,50,1565,78250.00,2016-07-18 03:06:00.174830
5451,201607183617451,PRIN,22,44,50,1565,78250.00,2016-07-18 03:06:00.174510
5452,201607183617452,PRIN,22,44,100,1565,156500.00,2016-07-18 03:06:00.174520
5453,201607183617453,PRIN,14,44,164,1565,256660.00,2016-07-18 03:06:00.174530
5454,201607183617421,PRIN,45,44,300,1565,469500.00,2016-07-18 03:06:00.174210
5455,201607183617422,PRIN,22,44,200,1565,313000.00,2016-07-18 03:06:00.174220
5456,201607183617004,PRIN,29,13,200,1565,313000.00,2016-07-18 03:06:00.170040
5457,201607183616977,PRIN,29,17,300,1565,469500.00,2016-07-18 03:06:00.169770
5458,201607183616946,PRIN,50,47,19,1565,29735.00,2016-07-18 03:06:00.169460
5459,201607183616678,PRIN,36,17,100,1565,156500.00,2016-07-18 03:06:00.166780
5460,201607183616573,PRIN,42,21,300,1565,469500.00,2016-07-18 03:06:00.165730
5461,201607183616574,PRIN,42,11,100,1565,156500.00,2016-07-18 03:06:00.165740
5462,201607183616496,PRIN,50,32,50,1565,78250.00,2016-07-18 03:06:00.164960
5463,201607183616379,PRIN,48,53,500,1565,782500.00,2016-07-18 03:06:00.163790
5464,201607183616320,PRIN,47,7,200,1565,313000.00,2016-07-18 03:06:00.163200
5465,201607183616120,PRIN,14,44,200,1565,313000.00,2016-07-18 03:06:00.161200
5466,201607183616126,PRIN,14,44,100,1565,156500.00,2016-07-18 03:06:00.161260
5467,201607183616127,PRIN,14,19,50,1565,78250.00,2016-07-18 03:06:00.161270
5468,201607183616093,PRIN,26,44,200,1565,313000.00,2016-07-18 03:06:00.160930
5469,201607183616043,PRIN,11,44,100,1565,156500.00,2016-07-18 03:06:00.160430
5470,201607183616044,PRIN,48,44,100,1565,156500.00,2016-07-18 03:06:00.160440
5471,201607183616045,PRIN,38,44,300,1565,469500.00,2016-07-18 03:06:00.160450
5472,201607183615955,PRIN,48,28,400,1565,626000.00,2016-07-18 03:06:00.159550
5473,201607183615888,PRIN,19,21,100,1560,156000.00,2016-07-18 03:06:00.158880
5474,201607183615889,PRIN,11,53,500,1565,782500.00,2016-07-18 03:06:00.158890
5475,201607183615842,PRIN,19,21,240,1560,374400.00,2016-07-18 03:06:00.158420
5476,201607183615741,PRIN,48,8,50,1550,77500.00,2016-07-18 03:06:00.157410
5477,201607183615742,PRIN,48,11,21,1550,32550.00,2016-07-18 03:06:00.157420
5478,201607183615748,PRIN,38,19,50,1550,77500.00,2016-07-18 03:06:00.157480
5479,201607183615664,PRIN,26,56,10,1539,15390.00,2016-07-18 03:06:00.156640
5480,201607183615656,PRIN,26,14,52,1530,79560.00,2016-07-18 03:06:00.156560
5481,201607183615217,PRIN,26,14,100,1520,152000.00,2016-07-18 03:06:00.152170
5482,201607183614927,PRIN,29,21,100,1509,150900.00,2016-07-18 03:06:00.149270
5483,201607183614703,PRIN,55,46,10,1480,14800.00,2016-07-18 03:06:00.147030
5484,201607183613562,PRIN,14,38,385,1451,558635.00,2016-07-18 03:06:00.135620
5485,201607183613326,PRIN,56,45,112,1430,160160.00,2016-07-18 03:06:00.133260
5486,201607183613277,PRIN,41,38,130,1428,185640.00,2016-07-18 03:06:00.132770
5487,201607183613182,PRIN,56,17,150,1413,211950.00,2016-07-18 03:06:00.131820
5488,201607183613186,PRIN,44,26,80,1414,113120.00,2016-07-18 03:06:00.131860
5489,201607183613187,PRIN,44,19,100,1415,141500.00,2016-07-18 03:06:00.131870
5490,201607183613028,PRIN,53,42,100,1400,140000.00,2016-07-18 03:06:00.130280
5491,201607183612933,PRIN,57,25,200,1400,280000.00,2016-07-18 03:06:00.129330
5492,201607183612904,PRIN,57,4,109,1399,152491.00,2016-07-18 03:06:00.129040
5493,201607183612460,PRIN,55,5,140,1400,196000.00,2016-07-18 03:06:00.124600
5494,201607183612461,PRIN,33,5,500,1395,697500.00,2016-07-18 03:06:00.124610
5495,201607183612294,PRIN,55,25,200,1400,280000.00,2016-07-18 03:06:00.122940
5496,201607183612001,PRIN,55,17,50,1400,70000.00,2016-07-18 03:06:00.120010
5497,201607173610315,PRIN,33,25,100,1423,142300.00,2016-07-17 03:06:00.103150
5498,201607173610316,PRIN,33,25,100,1423,142300.00,2016-07-17 03:06:00.103160
5499,201607173610228,PRIN,21,25,100,1423,142300.00,2016-07-17 03:06:00.102280
5500,201607173610057,PRIN,22,5,50,1452,72600.00,2016-07-17 03:06:00.100570
5501,201607173610058,PRIN,22,5,100,1452,145200.00,2016-07-17 03:06:00.100580
5502,201607173609912,PRIN,48,5,300,1455,436500.00,2016-07-17 03:06:00.099120
5503,201607173609683,PRIN,22,34,100,1452,145200.00,2016-07-17 03:06:00.096830
5504,201607173609593,PRIN,26,5,50,1460,73000.00,2016-07-17 03:06:00.095930
5505,201607173609594,PRIN,55,5,100,1455,145500.00,2016-07-17 03:06:00.095940
5506,201607173609595,PRIN,22,5,50,1452,72600.00,2016-07-17 03:06:00.095950
5507,201607173608683,PRIN,34,52,30,1471,44130.00,2016-07-17 03:06:00.086830
5508,201607173608684,PRIN,21,52,400,1470,588000.00,2016-07-17 03:06:00.086840
5509,201607173607713,PRIN,33,33,100,1489,148900.00,2016-07-17 03:06:00.077130
5510,201607173607594,PRIN,34,56,220,1471,323620.00,2016-07-17 03:06:00.075940
5511,201607173607555,PRIN,34,29,250,1471,367750.00,2016-07-17 03:06:00.075550
5512,201607173607445,PRIN,26,51,150,1475,221250.00,2016-07-17 03:06:00.074450
5513,201607173607446,PRIN,26,51,15,1475,22125.00,2016-07-17 03:06:00.074460
5514,201607173607327,PRIN,50,51,50,1475,73750.00,2016-07-17 03:06:00.073270
5515,201607173607302,PRIN,17,55,50,1480,74000.00,2016-07-17 03:06:00.073020
5516,201607173607303,PRIN,50,55,150,1475,221250.00,2016-07-17 03:06:00.073030
5517,201607173607278,PRIN,39,55,500,1476,738000.00,2016-07-17 03:06:00.072780
5518,201607173607173,PRIN,34,55,500,1480,740000.00,2016-07-17 03:06:00.071730
5519,201607173607008,PRIN,17,47,260,1500,390000.00,2016-07-17 03:06:00.070080
5520,201607173606417,PRIN,17,50,489,1480,723720.00,2016-07-17 03:06:00.064170
5521,201607173606033,PRIN,17,8,134,1499,200866.00,2016-07-17 03:06:00.060330
5522,201607173606037,PRIN,17,7,100,1500,150000.00,2016-07-17 03:06:00.060370
5523,201607173605139,PRIN,26,47,500,1500,750000.00,2016-07-17 03:06:00.051390
5524,201607173604938,PRIN,40,14,20,1499,29980.00,2016-07-17 03:06:00.049380
5525,201607143602458,PRIN,42,33,70,1465,102550.00,2016-07-14 03:06:00.024580
5526,201607143602474,PRIN,42,33,330,1470,485100.00,2016-07-14 03:06:00.024740
5527,201607143602389,PRIN,26,33,200,1470,294000.00,2016-07-14 03:06:00.023890
5528,201607143602390,PRIN,17,33,300,1470,441000.00,2016-07-14 03:06:00.023900
5529,201607143602391,PRIN,22,33,230,1465,336950.00,2016-07-14 03:06:00.023910
5530,201607143602392,PRIN,59,33,200,1465,293000.00,2016-07-14 03:06:00.023920
5531,201607143602328,PRIN,42,33,200,1494,298800.00,2016-07-14 03:06:00.023280
5532,201607143602000,PRIN,22,36,270,1465,395550.00,2016-07-14 03:06:00.020000
5533,201607143601871,PRIN,54,33,100,1494,149400.00,2016-07-14 03:06:00.018710
5534,201607143601872,PRIN,44,33,800,1494,1195200.00,2016-07-14 03:06:00.018720
5535,201607143601821,PRIN,44,56,200,1494,298800.00,2016-07-14 03:06:00.018210
5536,201607143601490,PRIN,14,40,200,1477,295400.00,2016-07-14 03:06:00.014900
5537,201607143601491,PRIN,47,40,200,1476,295200.00,2016-07-14 03:06:00.014910
5538,201607143601492,PRIN,10,40,100,1470,147000.00,2016-07-14 03:06:00.014920
5539,201607143601421,PRIN,26,33,100,1480,148000.00,2016-07-14 03:06:00.014210
5540,201607143601407,PRIN,26,33,50,1480,74000.00,2016-07-14 03:06:00.014070
5541,201607143601192,PRIN,26,33,200,1480,296000.00,2016-07-14 03:06:00.011920
5542,201607143600814,PRIN,45,33,300,1480,444000.00,2016-07-14 03:06:00.008140
5543,201607143600755,PRIN,45,33,80,1480,118400.00,2016-07-14 03:06:00.007550
5544,201607143600758,PRIN,45,33,120,1480,177600.00,2016-07-14 03:06:00.007580
5545,201607143600528,PRIN,57,33,20,1485,29700.00,2016-07-14 03:06:00.005280
5546,201607143600529,PRIN,38,33,100,1485,148500.00,2016-07-14 03:06:00.005290
5547,201607143600530,PRIN,56,33,200,1482,296400.00,2016-07-14 03:06:00.005300
5548,201607143600531,PRIN,57,33,100,1481,148100.00,2016-07-14 03:06:00.005310
5549,201607143600532,PRIN,8,33,100,1480,148000.00,2016-07-14 03:06:00.005320
5550,201607143600533,PRIN,22,33,100,1480,148000.00,2016-07-14 03:06:00.005330
5551,201607143600534,PRIN,41,33,100,1480,148000.00,2016-07-14 03:06:00.005340
5552,201607143600535,PRIN,41,33,100,1480,148000.00,2016-07-14 03:06:00.005350
5553,201607143600536,PRIN,55,33,100,1480,148000.00,2016-07-14 03:06:00.005360
5554,201607143600461,PRIN,29,33,50,1491,74550.00,2016-07-14 03:06:00.004610
5555,201607143600462,PRIN,43,33,30,1490,44700.00,2016-07-14 03:06:00.004620
5556,201607143600391,PRIN,43,16,70,1490,104300.00,2016-07-14 03:06:00.003910
5557,201607143599682,PRIN,19,33,40,1500,60000.00,2016-07-14 03:59:00.968200
5558,201607143599393,PRIN,42,33,200,1500,300000.00,2016-07-14 03:59:00.939300
5559,201607143599236,PRIN,35,50,20,1492,29840.00,2016-07-14 03:59:00.923600
5560,201607143599237,PRIN,35,33,1000,1500,1500000.00,2016-07-14 03:59:00.923700
5561,201607143599249,PRIN,38,39,100,1504,150400.00,2016-07-14 03:59:00.924900
5562,201607143599223,PRIN,38,50,80,1492,119360.00,2016-07-14 03:59:00.922300
5563,201607143599174,PRIN,38,33,500,1500,750000.00,2016-07-14 03:59:00.917400
5564,201607143599183,PRIN,17,17,50,1492,74600.00,2016-07-14 03:59:00.918300
5565,201607143598910,PRIN,29,8,50,1491,74550.00,2016-07-14 03:59:00.891000
5566,201607143598871,PRIN,48,36,50,1505,75250.00,2016-07-14 03:59:00.887100
5567,201607143598820,PRIN,54,44,200,1504,300800.00,2016-07-14 03:59:00.882000
5568,201607143598799,PRIN,54,33,170,1504,255680.00,2016-07-14 03:59:00.879900
5569,201607143598810,PRIN,28,36,180,1505,270900.00,2016-07-14 03:59:00.881000
5570,201607143598786,PRIN,28,32,163,1504,245152.00,2016-07-14 03:59:00.878600
5571,201607143598778,PRIN,54,35,30,1500,45000.00,2016-07-14 03:59:00.877800
5572,201607143598768,PRIN,28,39,54,1500,81000.00,2016-07-14 03:59:00.876800
5573,201607143598732,PRIN,38,50,100,1499,149900.00,2016-07-14 03:59:00.873200
5574,201607143598602,PRIN,7,59,260,1485,386100.00,2016-07-14 03:59:00.860200
5575,201607143598228,PRIN,45,33,610,1480,902800.00,2016-07-14 03:59:00.822800
5576,201607143598229,PRIN,48,33,50,1480,74000.00,2016-07-14 03:59:00.822900
5577,201607143598230,PRIN,38,33,100,1480,148000.00,2016-07-14 03:59:00.823000
5578,201607143598183,PRIN,26,33,200,1485,297000.00,2016-07-14 03:59:00.818300
5579,201607143598184,PRIN,45,33,390,1480,577200.00,2016-07-14 03:59:00.818400
5580,201607143597687,PRIN,22,33,200,1500,300000.00,2016-07-14 03:59:00.768700
5581,201607143597257,PRIN,21,33,30,1510,45300.00,2016-07-14 03:59:00.725700
5582,201607133596154,PRIN,45,50,50,1500,75000.00,2016-07-13 03:59:00.615400
5583,201607133596155,PRIN,35,50,100,1500,150000.00,2016-07-13 03:59:00.615500
5584,201607133595585,PRIN,45,35,50,1500,75000.00,2016-07-13 03:59:00.558500
5585,201607133595187,PRIN,35,11,30,1499,44970.00,2016-07-13 03:59:00.518700
5586,201607133594241,PRIN,4,39,300,1470,441000.00,2016-07-13 03:59:00.424100
5587,201607133594214,PRIN,41,26,154,1465,225610.00,2016-07-13 03:59:00.421400
5588,201607133594030,PRIN,13,22,100,1450,145000.00,2016-07-13 03:59:00.403000
5589,201607133594023,PRIN,13,22,200,1450,290000.00,2016-07-13 03:59:00.402300
5590,201607133594003,PRIN,16,22,200,1450,290000.00,2016-07-13 03:59:00.400300
5591,201607133594012,PRIN,14,26,500,1448,724000.00,2016-07-13 03:59:00.401200
5592,201607133593849,PRIN,8,22,100,1450,145000.00,2016-07-13 03:59:00.384900
5593,201607133593738,PRIN,10,16,110,1449,159390.00,2016-07-13 03:59:00.373800
5594,201607133593653,PRIN,14,16,32,1448,46336.00,2016-07-13 03:59:00.365300
5595,201607133593432,PRIN,4,55,100,1440,144000.00,2016-07-13 03:59:00.343200
5596,201607133593433,PRIN,4,53,200,1445,289000.00,2016-07-13 03:59:00.343300
5597,201607133593231,PRIN,7,48,100,1420,142000.00,2016-07-13 03:59:00.323100
5598,201607133593119,PRIN,54,46,200,1410,282000.00,2016-07-13 03:59:00.311900
5599,201607133593108,PRIN,52,39,20,1405,28100.00,2016-07-13 03:59:00.310800
5600,201607133593050,PRIN,10,46,200,1415,283000.00,2016-07-13 03:59:00.305000
5601,201607133593051,PRIN,50,46,50,1414,70700.00,2016-07-13 03:59:00.305100
5602,201607133593052,PRIN,44,46,300,1414,424200.00,2016-07-13 03:59:00.305200
5603,201607133592917,PRIN,52,48,21,1420,29820.00,2016-07-13 03:59:00.291700
5604,201607133592661,PRIN,50,19,31,1442,44702.00,2016-07-13 03:59:00.266100
5605,201607133592561,PRIN,44,54,221,1442,318682.00,2016-07-13 03:59:00.256100
5606,201607133592366,PRIN,50,21,100,1471,147100.00,2016-07-13 03:59:00.236600
5607,201607123592065,PRIN,22,22,60,1505,90300.00,2016-07-12 03:59:00.206500
5608,201607123592066,PRIN,14,22,140,1501,210140.00,2016-07-12 03:59:00.206600
5609,201607123591843,PRIN,6,38,60,1530,91800.00,2016-07-12 03:59:00.184300
5610,201607123591844,PRIN,58,38,100,1510,151000.00,2016-07-12 03:59:00.184400
5611,201607123591845,PRIN,22,38,140,1505,210700.00,2016-07-12 03:59:00.184500
5612,201607123591199,PRIN,56,13,200,1515,303000.00,2016-07-12 03:59:00.119900
5613,201607123591200,PRIN,56,36,15,1515,22725.00,2016-07-12 03:59:00.120000
5614,201607123591204,PRIN,56,26,100,1520,152000.00,2016-07-12 03:59:00.120400
5615,201607123591205,PRIN,56,43,82,1530,125460.00,2016-07-12 03:59:00.120500
5616,201607123591134,PRIN,22,51,100,1500,150000.00,2016-07-12 03:59:00.113400
5617,201607123591135,PRIN,29,51,50,1500,75000.00,2016-07-12 03:59:00.113500
5618,201607123590876,PRIN,38,13,200,1500,300000.00,2016-07-12 03:59:00.087600
5619,201607123590877,PRIN,28,13,300,1500,450000.00,2016-07-12 03:59:00.087700
5620,201607123590747,PRIN,50,33,850,1510,1283500.00,2016-07-12 03:59:00.074700
5621,201607123590733,PRIN,49,33,100,1510,151000.00,2016-07-12 03:59:00.073300
5622,201607123590716,PRIN,21,21,50,1500,75000.00,2016-07-12 03:59:00.071600
5623,201607123590717,PRIN,21,13,141,1500,211500.00,2016-07-12 03:59:00.071700
5624,201607123590719,PRIN,29,33,50,1510,75500.00,2016-07-12 03:59:00.071900
5625,201607123590715,PRIN,28,21,300,1500,450000.00,2016-07-12 03:59:00.071500
5626,201607123590705,PRIN,28,21,300,1500,450000.00,2016-07-12 03:59:00.070500
5627,201607123590696,PRIN,28,25,45,1499,67455.00,2016-07-12 03:59:00.069600
5628,201607123590674,PRIN,7,34,300,1491,447300.00,2016-07-12 03:59:00.067400
5629,201607123590661,PRIN,17,13,100,1469,146900.00,2016-07-12 03:59:00.066100
5630,201607123590623,PRIN,36,13,100,1441,144100.00,2016-07-12 03:59:00.062300
5631,201607123590009,PRIN,44,7,200,1413,282600.00,2016-07-12 03:59:00.000900
5632,201607123589962,PRIN,50,40,100,1415,141500.00,2016-07-12 03:58:00.996200
5633,201607123589986,PRIN,50,22,73,1415,103295.00,2016-07-12 03:58:00.998600
5634,201607123589789,PRIN,44,29,164,1441,236324.00,2016-07-12 03:58:00.978900
5635,201607123589245,PRIN,39,19,10,1470,14700.00,2016-07-12 03:58:00.924500
5636,201607123589114,PRIN,50,38,70,1490,104300.00,2016-07-12 03:58:00.911400
5637,201607123589115,PRIN,47,38,100,1470,147000.00,2016-07-12 03:58:00.911500
5638,201607123589116,PRIN,39,38,50,1470,73500.00,2016-07-12 03:58:00.911600
5639,201607123589117,PRIN,39,38,50,1470,73500.00,2016-07-12 03:58:00.911700
5640,201607123589109,PRIN,36,5,100,1491,149100.00,2016-07-12 03:58:00.910900
5641,201607123588898,PRIN,51,17,26,1492,38792.00,2016-07-12 03:58:00.889800
5642,201607123588793,PRIN,51,41,100,1492,149200.00,2016-07-12 03:58:00.879300
5643,201607123588787,PRIN,50,45,500,1480,740000.00,2016-07-12 03:58:00.878700
5644,201607123588510,PRIN,50,17,350,1490,521500.00,2016-07-12 03:58:00.851000
5645,201607123588497,PRIN,57,21,100,1500,150000.00,2016-07-12 03:58:00.849700
5646,201607123588335,PRIN,57,55,100,1508,150800.00,2016-07-12 03:58:00.833500
5647,201607123588131,PRIN,50,29,80,1490,119200.00,2016-07-12 03:58:00.813100
5648,201607123588105,PRIN,43,40,80,1501,120080.00,2016-07-12 03:58:00.810500
5649,201607123587750,PRIN,50,21,300,1510,453000.00,2016-07-12 03:58:00.775000
5650,201607123587757,PRIN,36,21,200,1500,300000.00,2016-07-12 03:58:00.775700
5651,201607123587758,PRIN,50,21,500,1500,750000.00,2016-07-12 03:58:00.775800
5652,201607123587745,PRIN,36,21,150,1520,228000.00,2016-07-12 03:58:00.774500
5653,201607123587680,PRIN,21,36,150,1520,228000.00,2016-07-12 03:58:00.768000
5654,201607123587681,PRIN,36,36,350,1520,532000.00,2016-07-12 03:58:00.768100
5655,201607123587669,PRIN,21,36,150,1520,228000.00,2016-07-12 03:58:00.766900
5656,201607123587581,PRIN,54,21,100,1530,153000.00,2016-07-12 03:58:00.758100
5657,201607123587550,PRIN,54,36,200,1530,306000.00,2016-07-12 03:58:00.755000
5658,201607123587531,PRIN,26,46,100,1530,153000.00,2016-07-12 03:58:00.753100
5659,201607123587532,PRIN,26,38,150,1530,229500.00,2016-07-12 03:58:00.753200
5660,201607113586827,PRIN,33,38,450,1530,688500.00,2016-07-11 03:58:00.682700
5661,201607113586698,PRIN,36,48,200,1530,306000.00,2016-07-11 03:58:00.669800
5662,201607113586512,PRIN,55,36,110,1550,170500.00,2016-07-11 03:58:00.651200
5663,201607113586299,PRIN,53,50,680,1555,1057400.00,2016-07-11 03:58:00.629900
5664,201607113586300,PRIN,50,50,100,1550,155000.00,2016-07-11 03:58:00.630000
5665,201607113586301,PRIN,21,50,220,1550,341000.00,2016-07-11 03:58:00.630100
5666,201607113586313,PRIN,21,19,52,1550,80600.00,2016-07-11 03:58:00.631300
5667,201607113586183,PRIN,53,40,70,1555,108850.00,2016-07-11 03:58:00.618300
5668,201607113586085,PRIN,33,58,250,1560,390000.00,2016-07-11 03:58:00.608500
5669,201607113586086,PRIN,53,58,250,1555,388750.00,2016-07-11 03:58:00.608600
5670,201607113585986,PRIN,33,38,100,1560,156000.00,2016-07-11 03:58:00.598600
5671,201607113585933,PRIN,56,21,50,1561,78050.00,2016-07-11 03:58:00.593300
5672,201607113585934,PRIN,21,21,200,1560,312000.00,2016-07-11 03:58:00.593400
5673,201607113585935,PRIN,33,21,50,1560,78000.00,2016-07-11 03:58:00.593500
5674,201607113585842,PRIN,21,36,100,1560,156000.00,2016-07-11 03:58:00.584200
5675,201607113585565,PRIN,33,40,92,1560,143520.00,2016-07-11 03:58:00.556500
5676,201607113585512,PRIN,56,45,50,1561,78050.00,2016-07-11 03:58:00.551200
5677,201607113585083,PRIN,53,47,50,1575,78750.00,2016-07-11 03:58:00.508300
5678,201607113585061,PRIN,56,36,20,1555,31100.00,2016-07-11 03:58:00.506100
5679,201607113584983,PRIN,57,36,300,1560,468000.00,2016-07-11 03:58:00.498300
5680,201607113584984,PRIN,21,36,100,1555,155500.00,2016-07-11 03:58:00.498400
5681,201607113584797,PRIN,57,43,200,1560,312000.00,2016-07-11 03:58:00.479700
5682,201607113584562,PRIN,57,11,176,1560,274560.00,2016-07-11 03:58:00.456200
5683,201607113584547,PRIN,47,11,100,1565,156500.00,2016-07-11 03:58:00.454700
5684,201607113584490,PRIN,32,40,25,1570,39250.00,2016-07-11 03:58:00.449000
5685,201607113584222,PRIN,16,40,10,1570,15700.00,2016-07-11 03:58:00.422200
5686,201607113584223,PRIN,32,40,90,1570,141300.00,2016-07-11 03:58:00.422300
5687,201607113584136,PRIN,18,36,50,1580,79000.00,2016-07-11 03:58:00.413600
5688,201607113584137,PRIN,13,36,190,1577,299630.00,2016-07-11 03:58:00.413700
5689,201607113584138,PRIN,28,36,150,1575,236250.00,2016-07-11 03:58:00.413800
5690,201607113584139,PRIN,42,36,500,1575,787500.00,2016-07-11 03:58:00.413900
5691,201607113584093,PRIN,13,55,109,1590,173310.00,2016-07-11 03:58:00.409300
5692,201607113583447,PRIN,53,46,200,1585,317000.00,2016-07-11 03:58:00.344700
5693,201607113583448,PRIN,53,38,50,1592,79600.00,2016-07-11 03:58:00.344800
5694,201607113583422,PRIN,50,56,24,1585,38040.00,2016-07-11 03:58:00.342200
5695,201607113583384,PRIN,18,5,100,1580,158000.00,2016-07-11 03:58:00.338400
5696,201607103582321,PRIN,36,29,40,1561,62440.00,2016-07-10 03:58:00.232100
5697,201607103582322,PRIN,1,29,200,1561,312200.00,2016-07-10 03:58:00.232200
5698,201607103582209,PRIN,25,29,200,1565,313000.00,2016-07-10 03:58:00.220900
5699,201607103582057,PRIN,36,45,100,1561,156100.00,2016-07-10 03:58:00.205700
5700,201607103581303,PRIN,59,40,40,1560,62400.00,2016-07-10 03:58:00.130300
5701,201607103581244,PRIN,33,36,350,1562,546700.00,2016-07-10 03:58:00.124400
5702,201607103581042,PRIN,59,4,60,1560,93600.00,2016-07-10 03:58:00.104200
5703,201607103581019,PRIN,6,36,150,1562,234300.00,2016-07-10 03:58:00.101900
5704,201607103580822,PRIN,46,45,200,1565,313000.00,2016-07-10 03:58:00.082200
5705,201607103580416,PRIN,38,45,2230,1551,3458730.00,2016-07-10 03:58:00.041600
5706,201607103580052,PRIN,36,22,17,1565,26605.00,2016-07-10 03:58:00.005200
5707,201607103579975,PRIN,51,58,150,1565,234750.00,2016-07-10 03:57:00.997500
5708,201607103579611,PRIN,50,50,978,1550,1515900.00,2016-07-10 03:57:00.961100
5709,201607103579421,PRIN,47,50,200,1554,310800.00,2016-07-10 03:57:00.942100
5710,201607103579422,PRIN,38,50,150,1553,232950.00,2016-07-10 03:57:00.942200
5711,201607103579423,PRIN,44,50,200,1552,310400.00,2016-07-10 03:57:00.942300
5712,201607103579424,PRIN,26,50,200,1551,310200.00,2016-07-10 03:57:00.942400
5713,201607103579425,PRIN,41,50,100,1551,155100.00,2016-07-10 03:57:00.942500
5714,201607103579426,PRIN,56,50,12,1550,18600.00,2016-07-10 03:57:00.942600
5715,201607103579366,PRIN,42,25,500,1560,780000.00,2016-07-10 03:57:00.936600
5716,201607103579248,PRIN,11,25,100,1560,156000.00,2016-07-10 03:57:00.924800
5717,201607103579226,PRIN,11,52,100,1555,155500.00,2016-07-10 03:57:00.922600
5718,201607103578958,PRIN,48,25,200,1560,312000.00,2016-07-10 03:57:00.895800
5719,201607103578959,PRIN,48,25,200,1560,312000.00,2016-07-10 03:57:00.895900
5720,201607103578812,PRIN,17,58,50,1565,78250.00,2016-07-10 03:57:00.881200
5721,201607103578813,PRIN,7,58,100,1565,156500.00,2016-07-10 03:57:00.881300
5722,201607103578814,PRIN,5,58,100,1565,156500.00,2016-07-10 03:57:00.881400
5723,201607103578669,PRIN,39,45,100,1575,157500.00,2016-07-10 03:57:00.866900
5724,201607103578670,PRIN,25,45,250,1570,392500.00,2016-07-10 03:57:00.867000
5725,201607103578649,PRIN,14,45,200,1576,315200.00,2016-07-10 03:57:00.864900
5726,201607103578509,PRIN,14,25,80,1580,126400.00,2016-07-10 03:57:00.850900
5727,201607103578470,PRIN,13,25,100,1580,158000.00,2016-07-10 03:57:00.847000
5728,201607103578344,PRIN,41,45,200,1585,317000.00,2016-07-10 03:57:00.834400
5729,201607103577948,PRIN,51,25,100,1590,159000.00,2016-07-10 03:57:00.794800
5730,201607103577923,PRIN,42,45,500,1570,785000.00,2016-07-10 03:57:00.792300
5731,201607103577762,PRIN,6,25,100,1581,158100.00,2016-07-10 03:57:00.776200
5732,201607103577763,PRIN,48,25,100,1580,158000.00,2016-07-10 03:57:00.776300
5733,201607103577434,PRIN,38,45,500,1605,802500.00,2016-07-10 03:57:00.743400
5734,201607103577440,PRIN,43,25,100,1605,160500.00,2016-07-10 03:57:00.744000
5735,201607103577441,PRIN,36,25,1000,1601,1601000.00,2016-07-10 03:57:00.744100
5736,201607103577442,PRIN,38,25,70,1600,112000.00,2016-07-10 03:57:00.744200
5737,201607103577443,PRIN,11,25,50,1600,80000.00,2016-07-10 03:57:00.744300
5738,201607103577444,PRIN,54,25,100,1600,160000.00,2016-07-10 03:57:00.744400
5739,201607103577445,PRIN,35,25,200,1600,320000.00,2016-07-10 03:57:00.744500
5740,201607103577376,PRIN,33,36,93,1602,148986.00,2016-07-10 03:57:00.737600
5741,201607103577347,PRIN,55,36,31,1605,49755.00,2016-07-10 03:57:00.734700
5742,201607103577330,PRIN,34,45,500,1600,800000.00,2016-07-10 03:57:00.733000
5743,201607103577315,PRIN,34,45,500,1600,800000.00,2016-07-10 03:57:00.731500
5744,201607103577291,PRIN,38,25,430,1600,688000.00,2016-07-10 03:57:00.729100
5745,201607103577277,PRIN,55,25,20,1595,31900.00,2016-07-10 03:57:00.727700
5746,201607103577278,PRIN,41,25,200,1591,318200.00,2016-07-10 03:57:00.727800
5747,201607103577279,PRIN,38,25,250,1590,397500.00,2016-07-10 03:57:00.727900
5748,201607103577280,PRIN,42,25,100,1590,159000.00,2016-07-10 03:57:00.728000
5749,201607103577281,PRIN,25,25,500,1590,795000.00,2016-07-10 03:57:00.728100
5750,201607103577232,PRIN,53,56,70,1599,111930.00,2016-07-10 03:57:00.723200
5751,201607103577220,PRIN,11,42,57,1598,91086.00,2016-07-10 03:57:00.722000
5752,201607103577198,PRIN,48,21,150,1595,239250.00,2016-07-10 03:57:00.719800
5753,201607103577201,PRIN,42,42,1000,1567,1567000.00,2016-07-10 03:57:00.720100
5754,201607103577190,PRIN,42,42,1000,1567,1567000.00,2016-07-10 03:57:00.719000
5755,201607103577156,PRIN,38,25,250,1590,397500.00,2016-07-10 03:57:00.715600
5756,201607103577153,PRIN,13,25,50,1590,79500.00,2016-07-10 03:57:00.715300
5757,201607103577114,PRIN,5,25,200,1590,318000.00,2016-07-10 03:57:00.711400
5758,201607103576993,PRIN,40,25,500,1581,790500.00,2016-07-10 03:57:00.699300
5759,201607103576918,PRIN,33,4,300,1565,469500.00,2016-07-10 03:57:00.691800
5760,201607103576919,PRIN,33,45,1500,1570,2355000.00,2016-07-10 03:57:00.691900
5761,201607103576851,PRIN,41,22,12,1550,18600.00,2016-07-10 03:57:00.685100
5762,201607103576791,PRIN,5,41,25,1550,38750.00,2016-07-10 03:57:00.679100
5763,201607103576669,PRIN,57,45,500,1540,770000.00,2016-07-10 03:57:00.666900
5764,201607063566436,PRIN,32,39,60,1550,93000.00,2016-07-06 03:56:00.643600
5765,201607063566233,PRIN,37,17,200,1580,316000.00,2016-07-06 03:56:00.623300
5766,201607063566234,PRIN,37,35,100,1580,158000.00,2016-07-06 03:56:00.623400
5767,201607063566265,PRIN,39,33,300,1570,471000.00,2016-07-06 03:56:00.626500
5768,201607063566126,PRIN,39,38,300,1575,472500.00,2016-07-06 03:56:00.612600
5769,201607063565940,PRIN,50,22,300,1570,471000.00,2016-07-06 03:56:00.594000
5770,201607063565299,PRIN,43,17,500,1560,780000.00,2016-07-06 03:56:00.529900
5771,201607063565300,PRIN,29,17,100,1550,155000.00,2016-07-06 03:56:00.530000
5772,201607063565183,PRIN,55,17,61,1575,96075.00,2016-07-06 03:56:00.518300
5773,201607063565164,PRIN,45,17,100,1580,158000.00,2016-07-06 03:56:00.516400
5774,201607063564995,PRIN,47,46,50,1590,79500.00,2016-07-06 03:56:00.499500
5775,201607063564996,PRIN,26,46,50,1576,78800.00,2016-07-06 03:56:00.499600
5776,201607063565009,PRIN,26,46,18,1576,28368.00,2016-07-06 03:56:00.500900
5777,201607063564508,PRIN,37,38,90,1580,142200.00,2016-07-06 03:56:00.450800
5778,201607063564509,PRIN,37,17,250,1580,395000.00,2016-07-06 03:56:00.450900
5779,201607063564381,PRIN,49,38,100,1580,158000.00,2016-07-06 03:56:00.438100
5780,201607063564237,PRIN,33,38,200,1580,316000.00,2016-07-06 03:56:00.423700
5781,201607063564246,PRIN,50,38,100,1580,158000.00,2016-07-06 03:56:00.424600
5782,201607063564208,PRIN,50,36,397,1580,627260.00,2016-07-06 03:56:00.420800
5783,201607063564180,PRIN,33,36,300,1580,474000.00,2016-07-06 03:56:00.418000
5784,201607063564024,PRIN,39,49,100,1585,158500.00,2016-07-06 03:56:00.402400
5785,201607063564025,PRIN,55,49,200,1581,316200.00,2016-07-06 03:56:00.402500
5786,201607063564026,PRIN,48,49,200,1581,316200.00,2016-07-06 03:56:00.402600
5787,201607063563866,PRIN,37,38,100,1590,159000.00,2016-07-06 03:56:00.386600
5788,201607063563867,PRIN,14,38,100,1590,159000.00,2016-07-06 03:56:00.386700
5789,201607063563718,PRIN,37,29,91,1590,144690.00,2016-07-06 03:56:00.371800
5790,201607063563516,PRIN,47,55,100,1590,159000.00,2016-07-06 03:56:00.351600
5791,201607063563438,PRIN,58,50,115,1590,182850.00,2016-07-06 03:56:00.343800
5792,201607063563042,PRIN,51,36,200,1590,318000.00,2016-07-06 03:56:00.304200
5793,201607063562890,PRIN,29,47,40,1592,63680.00,2016-07-06 03:56:00.289000
5794,201607063562891,PRIN,56,47,100,1592,159200.00,2016-07-06 03:56:00.289100
5795,201607063562892,PRIN,29,47,500,1591,795500.00,2016-07-06 03:56:00.289200
5796,201607063562747,PRIN,29,59,160,1592,254720.00,2016-07-06 03:56:00.274700
5797,201607063562572,PRIN,33,47,1000,1591,1591000.00,2016-07-06 03:56:00.257200
5798,201607063562553,PRIN,33,50,350,1608,562800.00,2016-07-06 03:56:00.255300
5799,201607063561814,PRIN,42,36,300,1596,478800.00,2016-07-06 03:56:00.181400
5800,201607053560550,PRIN,48,36,100,1635,163500.00,2016-07-05 03:56:00.055000
5801,201607053560551,PRIN,47,36,100,1628,162800.00,2016-07-05 03:56:00.055100
5802,201607053560365,PRIN,48,36,150,1645,246750.00,2016-07-05 03:56:00.036500
5803,201607053559638,PRIN,48,36,100,1636,163600.00,2016-07-05 03:55:00.963800
5804,201607053559639,PRIN,49,36,50,1635,81750.00,2016-07-05 03:55:00.963900
5805,201607053559640,PRIN,48,36,50,1635,81750.00,2016-07-05 03:55:00.964000
5806,201607053559625,PRIN,56,36,200,1637,327400.00,2016-07-05 03:55:00.962500
5807,201607053559609,PRIN,56,29,200,1645,329000.00,2016-07-05 03:55:00.960900
5808,201607053559490,PRIN,49,40,50,1635,81750.00,2016-07-05 03:55:00.949000
5809,201607053559283,PRIN,56,38,500,1629,814500.00,2016-07-05 03:55:00.928300
5810,201607053559182,PRIN,56,59,200,1630,326000.00,2016-07-05 03:55:00.918200
5811,201607053559186,PRIN,56,59,300,1629,488700.00,2016-07-05 03:55:00.918600
5812,201607053558742,PRIN,56,6,25,1633,40825.00,2016-07-05 03:55:00.874200
5813,201607053558696,PRIN,36,29,200,1620,324000.00,2016-07-05 03:55:00.869600
5814,201607053558640,PRIN,56,6,44,1607,70708.00,2016-07-05 03:55:00.864000
5815,201607053558652,PRIN,56,25,200,1608,321600.00,2016-07-05 03:55:00.865200
5816,201607053558653,PRIN,56,36,300,1609,482700.00,2016-07-05 03:55:00.865300
5817,201607053558654,PRIN,56,39,300,1610,483000.00,2016-07-05 03:55:00.865400
5818,201607053558631,PRIN,56,49,122,1605,195810.00,2016-07-05 03:55:00.863100
5819,201607053558634,PRIN,47,11,100,1601,160100.00,2016-07-05 03:55:00.863400
5820,201607053558635,PRIN,26,11,100,1596,159600.00,2016-07-05 03:55:00.863500
5821,201607053558636,PRIN,37,11,200,1596,319200.00,2016-07-05 03:55:00.863600
5822,201607053558637,PRIN,58,11,500,1595,797500.00,2016-07-05 03:55:00.863700
5823,201607053558569,PRIN,42,11,97,1605,155685.00,2016-07-05 03:55:00.856900
5824,201607053558461,PRIN,10,41,840,1600,1344000.00,2016-07-05 03:55:00.846100
5825,201607053558462,PRIN,10,7,500,1600,800000.00,2016-07-05 03:55:00.846200
5826,201607053558413,PRIN,59,32,106,1600,169600.00,2016-07-05 03:55:00.841300
5827,201607053558368,PRIN,59,8,20,1595,31900.00,2016-07-05 03:55:00.836800
5828,201607053558322,PRIN,22,11,200,1599,319800.00,2016-07-05 03:55:00.832200
5829,201607053558222,PRIN,22,38,200,1595,319000.00,2016-07-05 03:55:00.822200
5830,201607053557871,PRIN,45,46,140,1595,223300.00,2016-07-05 03:55:00.787100
5831,201607053557872,PRIN,56,46,200,1593,318600.00,2016-07-05 03:55:00.787200
5832,201607053557873,PRIN,50,46,200,1592,318400.00,2016-07-05 03:55:00.787300
5833,201607053557874,PRIN,26,46,200,1591,318200.00,2016-07-05 03:55:00.787400
5834,201607053557875,PRIN,17,46,50,1590,79500.00,2016-07-05 03:55:00.787500
5835,201607053557876,PRIN,37,46,100,1590,159000.00,2016-07-05 03:55:00.787600
5836,201607053557877,PRIN,47,46,110,1590,174900.00,2016-07-05 03:55:00.787700
5837,201607053557833,PRIN,45,43,10,1595,15950.00,2016-07-05 03:55:00.783300
5838,201607053557513,PRIN,45,33,50,1595,79750.00,2016-07-05 03:55:00.751300
5839,201607053557503,PRIN,45,33,350,1595,558250.00,2016-07-05 03:55:00.750300
5840,201607053557228,PRIN,45,38,300,1599,479700.00,2016-07-05 03:55:00.722800
5841,201607053557203,PRIN,59,38,21,1600,33600.00,2016-07-05 03:55:00.720300
5842,201607053557077,PRIN,50,25,900,1600,1440000.00,2016-07-05 03:55:00.707700
5843,201607053557078,PRIN,50,41,149,1600,238400.00,2016-07-05 03:55:00.707800
5844,201607053556857,PRIN,45,14,153,1599,244647.00,2016-07-05 03:55:00.685700
5845,201607053556439,PRIN,38,38,46,1593,73278.00,2016-07-05 03:55:00.643900
5846,201607053556413,PRIN,26,28,200,1595,319000.00,2016-07-05 03:55:00.641300
5847,201607053556364,PRIN,6,46,50,1600,80000.00,2016-07-05 03:55:00.636400
5848,201607053556191,PRIN,33,58,100,1600,160000.00,2016-07-05 03:55:00.619100
5849,201607053556057,PRIN,50,41,50,1600,80000.00,2016-07-05 03:55:00.605700
5850,201607053556058,PRIN,50,14,500,1601,800500.00,2016-07-05 03:55:00.605800
5851,201607053556045,PRIN,50,41,300,1600,480000.00,2016-07-05 03:55:00.604500
5852,201607053555921,PRIN,45,41,150,1600,240000.00,2016-07-05 03:55:00.592100
5853,201607053555735,PRIN,6,45,100,1600,160000.00,2016-07-05 03:55:00.573500
5854,201607053555662,PRIN,41,41,140,1605,224700.00,2016-07-05 03:55:00.566200
5855,201607053555455,PRIN,41,11,60,1605,96300.00,2016-07-05 03:55:00.545500
5856,201607053555343,PRIN,38,36,250,1610,402500.00,2016-07-05 03:55:00.534300
5857,201607053555326,PRIN,18,22,200,1609,321800.00,2016-07-05 03:55:00.532600
5858,201607053555336,PRIN,18,22,50,1609,80450.00,2016-07-05 03:55:00.533600
5859,201607053555287,PRIN,6,36,50,1610,80500.00,2016-07-05 03:55:00.528700
5860,201607043554637,PRIN,41,38,200,1601,320200.00,2016-07-04 03:55:00.463700
5861,201607043554581,PRIN,36,38,200,1615,323000.00,2016-07-04 03:55:00.458100
5862,201607043554582,PRIN,49,38,200,1612,322400.00,2016-07-04 03:55:00.458200
5863,201607043554583,PRIN,55,38,200,1605,321000.00,2016-07-04 03:55:00.458300
5864,201607043554584,PRIN,17,38,20,1605,32100.00,2016-07-04 03:55:00.458400
5865,201607043554585,PRIN,34,38,100,1603,160300.00,2016-07-04 03:55:00.458500
5866,201607043554586,PRIN,38,38,200,1602,320400.00,2016-07-04 03:55:00.458600
5867,201607043553909,PRIN,55,38,200,1608,321600.00,2016-07-04 03:55:00.390900
5868,201607043553910,PRIN,16,38,100,1606,160600.00,2016-07-04 03:55:00.391000
5869,201607043553508,PRIN,57,26,100,1610,161000.00,2016-07-04 03:55:00.350800
5870,201607043553509,PRIN,57,42,100,1610,161000.00,2016-07-04 03:55:00.350900
5871,201607043553134,PRIN,44,38,400,1607,642800.00,2016-07-04 03:55:00.313400
5872,201607043553101,PRIN,44,29,300,1607,482100.00,2016-07-04 03:55:00.310100
5873,201607043553046,PRIN,48,55,200,1615,323000.00,2016-07-04 03:55:00.304600
5874,201607043553047,PRIN,44,55,300,1607,482100.00,2016-07-04 03:55:00.304700
5875,201607043552909,PRIN,6,47,76,1620,123120.00,2016-07-04 03:55:00.290900
5876,201607043552883,PRIN,42,47,24,1615,38760.00,2016-07-04 03:55:00.288300
5877,201607043552678,PRIN,48,55,100,1615,161500.00,2016-07-04 03:55:00.267800
5878,201607043552661,PRIN,6,55,100,1616,161600.00,2016-07-04 03:55:00.266100
5879,201607043552008,PRIN,53,5,342,1620,554040.00,2016-07-04 03:55:00.200800
5880,201607043551775,PRIN,16,26,97,1615,156655.00,2016-07-04 03:55:00.177500
5881,201607043551408,PRIN,33,45,1000,1615,1615000.00,2016-07-04 03:55:00.140800
5882,201607043551409,PRIN,33,19,30,1615,48450.00,2016-07-04 03:55:00.140900
5883,201607043551193,PRIN,5,41,100,1606,160600.00,2016-07-04 03:55:00.119300
5884,201607043551140,PRIN,49,49,600,1601,960600.00,2016-07-04 03:55:00.114000
5885,201607043551060,PRIN,1,52,100,1614,161400.00,2016-07-04 03:55:00.106000
5886,201607043550940,PRIN,38,26,100,1603,160300.00,2016-07-04 03:55:00.094000
5887,201607043550871,PRIN,10,38,50,1606,80300.00,2016-07-04 03:55:00.087100
5888,201607043550854,PRIN,10,21,102,1605,163710.00,2016-07-04 03:55:00.085400
5889,201607043550805,PRIN,38,59,100,1603,160300.00,2016-07-04 03:55:00.080500
5890,201607043550740,PRIN,49,49,1196,1600,1913600.00,2016-07-04 03:55:00.074000
5891,201607043550597,PRIN,22,38,200,1607,321400.00,2016-07-04 03:55:00.059700
5892,201607043550598,PRIN,22,38,200,1607,321400.00,2016-07-04 03:55:00.059800
5893,201607043550599,PRIN,48,38,50,1606,80300.00,2016-07-04 03:55:00.059900
5894,201607043550600,PRIN,44,38,500,1606,803000.00,2016-07-04 03:55:00.060000
5895,201607043550290,PRIN,55,45,57,1606,91542.00,2016-07-04 03:55:00.029000
5896,201607043550294,PRIN,49,45,24,1615,38760.00,2016-07-04 03:55:00.029400
5897,201607043550280,PRIN,42,45,56,1610,90160.00,2016-07-04 03:55:00.028000
5898,201607043549941,PRIN,44,45,38,1616,61408.00,2016-07-04 03:54:00.994100
5899,201607043549413,PRIN,44,45,297,1601,475497.00,2016-07-04 03:54:00.941300
5900,201607033548304,PRIN,50,38,500,1634,817000.00,2016-07-03 03:54:00.830400
5901,201607033548305,PRIN,47,38,250,1633,408250.00,2016-07-03 03:54:00.830500
5902,201607033548031,PRIN,45,10,250,1640,410000.00,2016-07-03 03:54:00.803100
5903,201607033548061,PRIN,45,38,50,1640,82000.00,2016-07-03 03:54:00.806100
5904,201607033548064,PRIN,49,49,3000,1622,4866000.00,2016-07-03 03:54:00.806400
5905,201607033547533,PRIN,48,36,100,1642,164200.00,2016-07-03 03:54:00.753300
5906,201607033547235,PRIN,22,35,150,1632,244800.00,2016-07-03 03:54:00.723500
5907,201607033547154,PRIN,6,1,16,1635,26160.00,2016-07-03 03:54:00.715400
5908,201607033546649,PRIN,56,17,200,1638,327600.00,2016-07-03 03:54:00.664900
5909,201607033546383,PRIN,33,17,40,1640,65600.00,2016-07-03 03:54:00.638300
5910,201607033546243,PRIN,22,11,50,1640,82000.00,2016-07-03 03:54:00.624300
5911,201607033545902,PRIN,33,26,100,1635,163500.00,2016-07-03 03:54:00.590200
5912,201607033545907,PRIN,33,33,500,1640,820000.00,2016-07-03 03:54:00.590700
5913,201607033545638,PRIN,22,5,50,1640,82000.00,2016-07-03 03:54:00.563800
5914,201607033545430,PRIN,33,21,600,1638,982800.00,2016-07-03 03:54:00.543000
5915,201607033545431,PRIN,33,22,200,1640,328000.00,2016-07-03 03:54:00.543100
5916,201607033545432,PRIN,33,7,100,1640,164000.00,2016-07-03 03:54:00.543200
5917,201607033545301,PRIN,33,42,100,1635,163500.00,2016-07-03 03:54:00.530100
5918,201607033545093,PRIN,6,16,200,1635,327000.00,2016-07-03 03:54:00.509300
5919,201607033545028,PRIN,55,5,50,1630,81500.00,2016-07-03 03:54:00.502800
5920,201607033544981,PRIN,55,55,60,1630,97800.00,2016-07-03 03:54:00.498100
5921,201607033544882,PRIN,14,33,835,1630,1361050.00,2016-07-03 03:54:00.488200
5922,201607033544324,PRIN,59,38,30,1625,48750.00,2016-07-03 03:54:00.432400
5923,201607033544325,PRIN,21,38,170,1625,276250.00,2016-07-03 03:54:00.432500
5924,201607033544309,PRIN,26,49,450,1630,733500.00,2016-07-03 03:54:00.430900
5925,201607033543672,PRIN,33,49,500,1630,815000.00,2016-07-03 03:54:00.367200
5926,201607033543405,PRIN,10,36,500,1622,811000.00,2016-07-03 03:54:00.340500
5927,201607033543392,PRIN,6,36,272,1625,442000.00,2016-07-03 03:54:00.339200
5928,201607033543152,PRIN,10,57,41,1622,66502.00,2016-07-03 03:54:00.315200
5929,201607033543046,PRIN,44,49,300,1650,495000.00,2016-07-03 03:54:00.304600
5930,201607033542931,PRIN,38,49,100,1650,165000.00,2016-07-03 03:54:00.293100
5931,201607033542829,PRIN,6,49,150,1650,247500.00,2016-07-03 03:54:00.282900
5932,201607033542802,PRIN,6,1,50,1650,82500.00,2016-07-03 03:54:00.280200
5933,201606303541647,PRIN,49,39,104,1650,171600.00,2016-06-30 03:54:00.164700
5934,201606303541601,PRIN,19,13,17,1650,28050.00,2016-06-30 03:54:00.160100
5935,201606303541309,PRIN,36,45,150,1660,249000.00,2016-06-30 03:54:00.130900
5936,201606303541152,PRIN,36,5,150,1660,249000.00,2016-06-30 03:54:00.115200
5937,201606303540926,PRIN,46,19,500,1664,832000.00,2016-06-30 03:54:00.092600
5938,201606303540832,PRIN,36,14,100,1665,166500.00,2016-06-30 03:54:00.083200
5939,201606303540810,PRIN,37,32,400,1665,666000.00,2016-06-30 03:54:00.081000
5940,201606303540776,PRIN,36,5,100,1665,166500.00,2016-06-30 03:54:00.077600
5941,201606303540680,PRIN,36,57,150,1660,249000.00,2016-06-30 03:54:00.068000
5942,201606303540385,PRIN,6,38,300,1659,497700.00,2016-06-30 03:54:00.038500
5943,201606303540102,PRIN,19,32,20,1650,33000.00,2016-06-30 03:54:00.010200
5944,201606303539979,PRIN,35,42,20,1655,33100.00,2016-06-30 03:53:00.997900
5945,201606303539980,PRIN,52,42,50,1650,82500.00,2016-06-30 03:53:00.998000
5946,201606303539981,PRIN,21,42,200,1650,330000.00,2016-06-30 03:53:00.998100
5947,201606303539667,PRIN,44,8,200,1650,330000.00,2016-06-30 03:53:00.966700
5948,201606303539535,PRIN,46,39,168,1655,278040.00,2016-06-30 03:53:00.953500
5949,201606303539154,PRIN,35,43,348,1658,576984.00,2016-06-30 03:53:00.915400
5950,201606303539002,PRIN,46,45,1000,1655,1655000.00,2016-06-30 03:53:00.900200
5951,201606303538158,PRIN,10,43,200,1655,331000.00,2016-06-30 03:53:00.815800
5952,201606303538039,PRIN,53,59,200,1650,330000.00,2016-06-30 03:53:00.803900
5953,201606303538041,PRIN,10,45,1000,1655,1655000.00,2016-06-30 03:53:00.804100
5954,201606303537532,PRIN,36,45,1000,1650,1650000.00,2016-06-30 03:53:00.753200
5955,201606303537444,PRIN,38,45,200,1644,328800.00,2016-06-30 03:53:00.744400
5956,201606303537445,PRIN,50,45,300,1644,493200.00,2016-06-30 03:53:00.744500
5957,201606303536797,PRIN,10,21,200,1642,328400.00,2016-06-30 03:53:00.679700
5958,201606303536301,PRIN,32,13,100,1641,164100.00,2016-06-30 03:53:00.630100
5959,201606303536165,PRIN,6,16,32,1640,52480.00,2016-06-30 03:53:00.616500
5960,201606293535272,PRIN,32,45,200,1660,332000.00,2016-06-29 03:53:00.527200
5961,201606293535176,PRIN,35,55,20,1680,33600.00,2016-06-29 03:53:00.517600
5962,201606293535036,PRIN,35,29,130,1680,218400.00,2016-06-29 03:53:00.503600
5963,201606293534811,PRIN,7,22,903,1654,1493562.00,2016-06-29 03:53:00.481100
5964,201606293534140,PRIN,33,59,200,1665,333000.00,2016-06-29 03:53:00.414000
5965,201606293534045,PRIN,34,45,100,1661,166100.00,2016-06-29 03:53:00.404500
5966,201606293534046,PRIN,19,45,100,1660,166000.00,2016-06-29 03:53:00.404600
5967,201606293533174,PRIN,56,1,200,1670,334000.00,2016-06-29 03:53:00.317400
5968,201606293532995,PRIN,33,19,94,1670,156980.00,2016-06-29 03:53:00.299500
5969,201606293532974,PRIN,28,19,100,1670,167000.00,2016-06-29 03:53:00.297400
5970,201606293532482,PRIN,59,45,300,1670,501000.00,2016-06-29 03:53:00.248200
5971,201606293532466,PRIN,59,43,224,1665,372960.00,2016-06-29 03:53:00.246600
5972,201606293531878,PRIN,11,43,260,1660,431600.00,2016-06-29 03:53:00.187800
5973,201606293531363,PRIN,5,11,100,1671,167100.00,2016-06-29 03:53:00.136300
5974,201606293531364,PRIN,39,11,500,1670,835000.00,2016-06-29 03:53:00.136400
5975,201606293531365,PRIN,25,11,260,1670,434200.00,2016-06-29 03:53:00.136500
5976,201606293531366,PRIN,34,11,100,1667,166700.00,2016-06-29 03:53:00.136600
5977,201606293531367,PRIN,11,11,40,1660,66400.00,2016-06-29 03:53:00.136700
5978,201606293531043,PRIN,25,17,38,1670,63460.00,2016-06-29 03:53:00.104300
5979,201606293530995,PRIN,45,45,100,1685,168500.00,2016-06-29 03:53:00.099500
5980,201606293530800,PRIN,21,45,200,1680,336000.00,2016-06-29 03:53:00.080000
5981,201606293530795,PRIN,21,33,100,1680,168000.00,2016-06-29 03:53:00.079500
5982,201606293530772,PRIN,22,45,70,1688,118160.00,2016-06-29 03:53:00.077200
5983,201606293530773,PRIN,55,45,200,1686,337200.00,2016-06-29 03:53:00.077300
5984,201606293530774,PRIN,5,45,300,1685,505500.00,2016-06-29 03:53:00.077400
5985,201606293530775,PRIN,32,32,4600,1660,7636000.00,2016-06-29 03:53:00.077500
5986,201606293530748,PRIN,22,52,50,1688,84400.00,2016-06-29 03:53:00.074800
5987,201606293530731,PRIN,32,32,4643,1665,7730595.00,2016-06-29 03:53:00.073100
5988,201606293530522,PRIN,45,45,100,1698,169800.00,2016-06-29 03:53:00.052200
5989,201606293529429,PRIN,33,45,1000,1700,1700000.00,2016-06-29 03:52:00.942900
5990,201606293529368,PRIN,47,8,50,1697,84850.00,2016-06-29 03:52:00.936800
5991,201606293529369,PRIN,47,19,307,1703,522821.00,2016-06-29 03:52:00.936900
5992,201606293529184,PRIN,34,45,1000,1670,1670000.00,2016-06-29 03:52:00.918400
5993,201606283528781,PRIN,21,38,100,1664,166400.00,2016-06-28 03:52:00.878100
5994,201606283528576,PRIN,48,45,500,1660,830000.00,2016-06-28 03:52:00.857600
5995,201606283528340,PRIN,21,37,100,1664,166400.00,2016-06-28 03:52:00.834000
5996,201606283528140,PRIN,56,28,300,1662,498600.00,2016-06-28 03:52:00.814000
5997,201606283527953,PRIN,56,22,571,1665,950715.00,2016-06-28 03:52:00.795300
5998,201606283527906,PRIN,36,46,20,1665,33300.00,2016-06-28 03:52:00.790600
5999,201606283527907,PRIN,38,46,50,1662,83100.00,2016-06-28 03:52:00.790700
6000,201606283527908,PRIN,56,46,80,1662,132960.00,2016-06-28 03:52:00.790800
6001,201606283527830,PRIN,38,28,100,1662,166200.00,2016-06-28 03:52:00.783000
6002,201606283527768,PRIN,36,17,300,1665,499500.00,2016-06-28 03:52:00.776800
6003,201606283527377,PRIN,33,42,300,1665,499500.00,2016-06-28 03:52:00.737700
6004,201606283526905,PRIN,56,19,250,1679,419750.00,2016-06-28 03:52:00.690500
6005,201606283526890,PRIN,56,41,100,1670,167000.00,2016-06-28 03:52:00.689000
6006,201606283526891,PRIN,56,58,100,1675,167500.00,2016-06-28 03:52:00.689100
6007,201606283526892,PRIN,56,13,15,1678,25170.00,2016-06-28 03:52:00.689200
6008,201606283526340,PRIN,36,32,100,1670,167000.00,2016-06-28 03:52:00.634000
6009,201606283526351,PRIN,25,32,68,1670,113560.00,2016-06-28 03:52:00.635100
6010,201606283526067,PRIN,56,6,200,1678,335600.00,2016-06-28 03:52:00.606700
6011,201606283526068,PRIN,56,18,100,1679,167900.00,2016-06-28 03:52:00.606800
6012,201606283525758,PRIN,36,10,11,1670,18370.00,2016-06-28 03:52:00.575800
6013,201606283525733,PRIN,29,10,210,1680,352800.00,2016-06-28 03:52:00.573300
6014,201606283525560,PRIN,29,33,40,1680,67200.00,2016-06-28 03:52:00.556000
6015,201606283525347,PRIN,33,42,100,1680,168000.00,2016-06-28 03:52:00.534700
6016,201606283525348,PRIN,33,11,1000,1680,1680000.00,2016-06-28 03:52:00.534800
6017,201606283525046,PRIN,44,29,500,1695,847500.00,2016-06-28 03:52:00.504600
6018,201606283525045,PRIN,36,19,50,1685,84250.00,2016-06-28 03:52:00.504500
6019,201606283524946,PRIN,36,17,140,1684,235760.00,2016-06-28 03:52:00.494600
6020,201606283524947,PRIN,36,38,10,1685,16850.00,2016-06-28 03:52:00.494700
6021,201606283524840,PRIN,48,17,100,1680,168000.00,2016-06-28 03:52:00.484000
6022,201606283524558,PRIN,53,29,500,1665,832500.00,2016-06-28 03:52:00.455800
6023,201606283524513,PRIN,33,10,300,1655,496500.00,2016-06-28 03:52:00.451300
6024,201606283524514,PRIN,33,17,184,1655,304520.00,2016-06-28 03:52:00.451400
6025,201606283524479,PRIN,36,13,100,1650,165000.00,2016-06-28 03:52:00.447900
6026,201606283524480,PRIN,36,29,45,1650,74250.00,2016-06-28 03:52:00.448000
6027,201606283524439,PRIN,33,5,50,1640,82000.00,2016-06-28 03:52:00.443900
6028,201606283524440,PRIN,33,47,280,1640,459200.00,2016-06-28 03:52:00.444000
6029,201606283524279,PRIN,58,59,108,1630,176040.00,2016-06-28 03:52:00.427900
6030,201606283523981,PRIN,47,19,500,1628,814000.00,2016-06-28 03:52:00.398100
6031,201606283523873,PRIN,36,21,250,1630,407500.00,2016-06-28 03:52:00.387300
6032,201606283523799,PRIN,53,5,110,1632,179520.00,2016-06-28 03:52:00.379900
6033,201606283523690,PRIN,36,41,50,1630,81500.00,2016-06-28 03:52:00.369000
6034,201606283523691,PRIN,36,43,40,1630,65200.00,2016-06-28 03:52:00.369100
6035,201606283523692,PRIN,36,1,100,1630,163000.00,2016-06-28 03:52:00.369200
6036,201606283523396,PRIN,36,43,350,1625,568750.00,2016-06-28 03:52:00.339600
6037,201606283523346,PRIN,4,41,50,1630,81500.00,2016-06-28 03:52:00.334600
6038,201606283523113,PRIN,33,25,660,1620,1069200.00,2016-06-28 03:52:00.311300
6039,201606283522752,PRIN,36,5,40,1628,65120.00,2016-06-28 03:52:00.275200
6040,201606283522204,PRIN,26,41,200,1631,326200.00,2016-06-28 03:52:00.220400
6041,201606283522205,PRIN,56,41,200,1630,326000.00,2016-06-28 03:52:00.220500
6042,201606283521923,PRIN,36,56,100,1632,163200.00,2016-06-28 03:52:00.192300
6043,201606283521924,PRIN,56,56,50,1630,81500.00,2016-06-28 03:52:00.192400
6044,201606283521659,PRIN,41,17,160,1650,264000.00,2016-06-28 03:52:00.165900
6045,201606283521576,PRIN,42,5,100,1665,166500.00,2016-06-28 03:52:00.157600
6046,201606273521178,PRIN,28,5,30,1679,50370.00,2016-06-27 03:52:00.117800
6047,201606273520911,PRIN,33,33,900,1655,1489500.00,2016-06-27 03:52:00.091100
6048,201606273520777,PRIN,11,39,100,1664,166400.00,2016-06-27 03:52:00.077700
6049,201606273520778,PRIN,11,47,100,1665,166500.00,2016-06-27 03:52:00.077800
6050,201606273520706,PRIN,1,5,100,1655,165500.00,2016-06-27 03:52:00.070600
6051,201606273520733,PRIN,33,5,40,1656,66240.00,2016-06-27 03:52:00.073300
6052,201606273520658,PRIN,48,36,40,1659,66360.00,2016-06-27 03:52:00.065800
6053,201606273520659,PRIN,33,36,460,1656,761760.00,2016-06-27 03:52:00.065900
6054,201606273520641,PRIN,48,19,50,1659,82950.00,2016-06-27 03:52:00.064100
6055,201606273520088,PRIN,33,21,100,1670,167000.00,2016-06-27 03:52:00.008800
6056,201606273520089,PRIN,33,29,200,1670,334000.00,2016-06-27 03:52:00.008900
6057,201606273520090,PRIN,33,38,100,1670,167000.00,2016-06-27 03:52:00.009000
6058,201606273520055,PRIN,48,50,410,1659,680190.00,2016-06-27 03:52:00.005500
6059,201606273520075,PRIN,33,46,27,1668,45036.00,2016-06-27 03:52:00.007500
6060,201606273520030,PRIN,33,46,100,1665,166500.00,2016-06-27 03:52:00.003000
6061,201606273520031,PRIN,33,55,200,1665,333000.00,2016-06-27 03:52:00.003100
6062,201606273519899,PRIN,33,46,500,1665,832500.00,2016-06-27 03:51:00.989900
6063,201606273519859,PRIN,48,51,92,1660,152720.00,2016-06-27 03:51:00.985900
6064,201606273519738,PRIN,6,41,300,1662,498600.00,2016-06-27 03:51:00.973800
6065,201606273519742,PRIN,6,41,200,1662,332400.00,2016-06-27 03:51:00.974200
6066,201606273519666,PRIN,46,5,100,1663,166300.00,2016-06-27 03:51:00.966600
6067,201606273518950,PRIN,22,38,100,1670,167000.00,2016-06-27 03:51:00.895000
6068,201606273518879,PRIN,6,29,536,1660,889760.00,2016-06-27 03:51:00.887900
6069,201606273518781,PRIN,26,17,119,1670,198730.00,2016-06-27 03:51:00.878100
6070,201606273518737,PRIN,48,43,350,1665,582750.00,2016-06-27 03:51:00.873700
6071,201606273518714,PRIN,48,49,150,1665,249750.00,2016-06-27 03:51:00.871400
6072,201606273518561,PRIN,38,29,500,1666,833000.00,2016-06-27 03:51:00.856100
6073,201606273518350,PRIN,38,13,450,1670,751500.00,2016-06-27 03:51:00.835000
6074,201606273517667,PRIN,45,13,50,1680,84000.00,2016-06-27 03:51:00.766700
6075,201606273517592,PRIN,45,17,50,1680,84000.00,2016-06-27 03:51:00.759200
6076,201606273517224,PRIN,35,16,100,1680,168000.00,2016-06-27 03:51:00.722400
6077,201606273517188,PRIN,46,33,100,1693,169300.00,2016-06-27 03:51:00.718800
6078,201606273516890,PRIN,33,57,300,1680,504000.00,2016-06-27 03:51:00.689000
6079,201606273516581,PRIN,33,25,200,1670,334000.00,2016-06-27 03:51:00.658100
6080,201606273516582,PRIN,33,5,200,1674,334800.00,2016-06-27 03:51:00.658200
6081,201606273516583,PRIN,33,39,200,1675,335000.00,2016-06-27 03:51:00.658300
6082,201606273516536,PRIN,38,59,100,1670,167000.00,2016-06-27 03:51:00.653600
6083,201606273516333,PRIN,36,34,200,1650,330000.00,2016-06-27 03:51:00.633300
6084,201606273516340,PRIN,33,16,465,1660,771900.00,2016-06-27 03:51:00.634000
6085,201606273515984,PRIN,33,42,200,1650,330000.00,2016-06-27 03:51:00.598400
6086,201606273515773,PRIN,33,50,100,1665,166500.00,2016-06-27 03:51:00.577300
6087,201606273515294,PRIN,22,11,100,1680,168000.00,2016-06-27 03:51:00.529400
6088,201606273515295,PRIN,46,11,200,1670,334000.00,2016-06-27 03:51:00.529500
6089,201606263515058,PRIN,33,55,200,1699,339800.00,2016-06-26 03:51:00.505800
6090,201606263514914,PRIN,48,36,200,1690,338000.00,2016-06-26 03:51:00.491400
6091,201606263514736,PRIN,33,7,100,1699,169900.00,2016-06-26 03:51:00.473600
6092,201606263514737,PRIN,33,7,100,1699,169900.00,2016-06-26 03:51:00.473700
6093,201606263514574,PRIN,33,36,90,1700,153000.00,2016-06-26 03:51:00.457400
6094,201606263514546,PRIN,33,36,90,1700,153000.00,2016-06-26 03:51:00.454600
6095,201606263514444,PRIN,42,36,100,1700,170000.00,2016-06-26 03:51:00.444400
6096,201606263513959,PRIN,43,36,200,1700,340000.00,2016-06-26 03:51:00.395900
6097,201606263513816,PRIN,47,48,11,1699,18689.00,2016-06-26 03:51:00.381600
6098,201606263513826,PRIN,47,36,200,1700,340000.00,2016-06-26 03:51:00.382600
6099,201606263513827,PRIN,47,37,125,1700,212500.00,2016-06-26 03:51:00.382700
6100,201606263513713,PRIN,17,48,24,1700,40800.00,2016-06-26 03:51:00.371300
6101,201606263513563,PRIN,33,56,200,1699,339800.00,2016-06-26 03:51:00.356300
6102,201606263513564,PRIN,33,13,300,1700,510000.00,2016-06-26 03:51:00.356400
6103,201606263513340,PRIN,33,14,200,1701,340200.00,2016-06-26 03:51:00.334000
6104,201606263513300,PRIN,33,51,60,1686,101160.00,2016-06-26 03:51:00.330000
6105,201606263513301,PRIN,33,49,200,1690,338000.00,2016-06-26 03:51:00.330100
6106,201606263513302,PRIN,33,1,490,1692,829080.00,2016-06-26 03:51:00.330200
6107,201606263513303,PRIN,33,21,150,1700,255000.00,2016-06-26 03:51:00.330300
6108,201606263513304,PRIN,33,45,28,1700,47600.00,2016-06-26 03:51:00.330400
6109,201606263513313,PRIN,33,7,200,1700,340000.00,2016-06-26 03:51:00.331300
6110,201606263513284,PRIN,56,51,40,1686,67440.00,2016-06-26 03:51:00.328400
6111,201606263513285,PRIN,56,51,100,1686,168600.00,2016-06-26 03:51:00.328500
6112,201606263513226,PRIN,47,46,283,1690,478270.00,2016-06-26 03:51:00.322600
6113,201606263513190,PRIN,50,13,14,1691,23674.00,2016-06-26 03:51:00.319000
6114,201606263512975,PRIN,50,51,50,1691,84550.00,2016-06-26 03:51:00.297500
6115,201606263512885,PRIN,45,38,332,1690,561080.00,2016-06-26 03:51:00.288500
6116,201606263512836,PRIN,56,13,110,1686,185460.00,2016-06-26 03:51:00.283600
6117,201606263512772,PRIN,56,21,50,1686,84300.00,2016-06-26 03:51:00.277200
6118,201606263512600,PRIN,16,51,50,1691,84550.00,2016-06-26 03:51:00.260000
6119,201606263511963,PRIN,16,22,55,1692,93060.00,2016-06-26 03:51:00.196300
6120,201606263511414,PRIN,37,46,200,1690,338000.00,2016-06-26 03:51:00.141400
6121,201606263510949,PRIN,56,14,200,1702,340400.00,2016-06-26 03:51:00.094900
6122,201606263510950,PRIN,56,14,200,1701,340200.00,2016-06-26 03:51:00.095000
6123,201606263510951,PRIN,47,14,200,1700,340000.00,2016-06-26 03:51:00.095100
6124,201606263510952,PRIN,52,14,200,1690,338000.00,2016-06-26 03:51:00.095200
6125,201606263510953,PRIN,58,14,200,1686,337200.00,2016-06-26 03:51:00.095300
6126,201606263510657,PRIN,48,58,100,1706,170600.00,2016-06-26 03:51:00.065700
6127,201606263510374,PRIN,44,42,1000,1700,1700000.00,2016-06-26 03:51:00.037400
6128,201606263510390,PRIN,44,42,900,1700,1530000.00,2016-06-26 03:51:00.039000
6129,201606263510067,PRIN,53,6,15,1673,25095.00,2016-06-26 03:51:00.006700
6130,201606263509841,PRIN,53,46,200,1706,341200.00,2016-06-26 03:50:00.984100
6131,201606263509827,PRIN,6,46,300,1707,512100.00,2016-06-26 03:50:00.982700
6132,201606263509832,PRIN,6,46,200,1707,341400.00,2016-06-26 03:50:00.983200
6133,201606263509176,PRIN,22,46,50,1740,87000.00,2016-06-26 03:50:00.917600
6134,201606233508492,PRIN,47,13,50,1749,87450.00,2016-06-23 03:50:00.849200
6135,201606233508408,PRIN,42,13,100,1749,174900.00,2016-06-23 03:50:00.840800
6136,201606233508354,PRIN,56,50,200,1735,347000.00,2016-06-23 03:50:00.835400
6137,201606233508326,PRIN,56,32,90,1735,156150.00,2016-06-23 03:50:00.832600
6138,201606233508250,PRIN,47,13,200,1749,349800.00,2016-06-23 03:50:00.825000
6139,201606233508234,PRIN,7,33,100,1750,175000.00,2016-06-23 03:50:00.823400
6140,201606233508170,PRIN,56,33,100,1750,175000.00,2016-06-23 03:50:00.817000
6141,201606233508116,PRIN,47,21,100,1750,175000.00,2016-06-23 03:50:00.811600
6142,201606233508126,PRIN,56,57,250,1750,437500.00,2016-06-23 03:50:00.812600
6143,201606233508138,PRIN,56,33,100,1751,175100.00,2016-06-23 03:50:00.813800
6144,201606233508139,PRIN,56,33,50,1750,87500.00,2016-06-23 03:50:00.813900
6145,201606233508140,PRIN,47,33,100,1750,175000.00,2016-06-23 03:50:00.814000
6146,201606233508076,PRIN,53,38,100,1750,175000.00,2016-06-23 03:50:00.807600
6147,201606233508077,PRIN,56,38,150,1750,262500.00,2016-06-23 03:50:00.807700
6148,201606233508007,PRIN,56,42,100,1752,175200.00,2016-06-23 03:50:00.800700
6149,201606233508008,PRIN,56,42,500,1752,876000.00,2016-06-23 03:50:00.800800
6150,201606233508009,PRIN,5,42,300,1751,525300.00,2016-06-23 03:50:00.800900
6151,201606233508046,PRIN,5,42,15,1751,26265.00,2016-06-23 03:50:00.804600
6152,201606233507798,PRIN,5,10,24,1753,42072.00,2016-06-23 03:50:00.779800
6153,201606233507845,PRIN,58,45,100,1754,175400.00,2016-06-23 03:50:00.784500
6154,201606233507764,PRIN,56,10,50,1755,87750.00,2016-06-23 03:50:00.776400
6155,201606233507765,PRIN,56,10,200,1754,350800.00,2016-06-23 03:50:00.776500
6156,201606233507766,PRIN,5,10,50,1753,87650.00,2016-06-23 03:50:00.776600
6157,201606233507546,PRIN,56,50,10,1754,17540.00,2016-06-23 03:50:00.754600
6158,201606233507547,PRIN,56,50,160,1754,280640.00,2016-06-23 03:50:00.754700
6159,201606233507548,PRIN,5,50,330,1753,578490.00,2016-06-23 03:50:00.754800
6160,201606233507536,PRIN,56,21,40,1754,70160.00,2016-06-23 03:50:00.753600
6161,201606233507450,PRIN,41,33,70,1761,123270.00,2016-06-23 03:50:00.745000
6162,201606233507451,PRIN,36,33,250,1760,440000.00,2016-06-23 03:50:00.745100
6163,201606233507452,PRIN,47,33,60,1760,105600.00,2016-06-23 03:50:00.745200
6164,201606233507453,PRIN,56,33,320,1754,561280.00,2016-06-23 03:50:00.745300
6165,201606233507388,PRIN,5,55,50,1770,88500.00,2016-06-23 03:50:00.738800
6166,201606233507179,PRIN,41,49,100,1761,176100.00,2016-06-23 03:50:00.717900
6167,201606233507057,PRIN,56,53,200,1774,354800.00,2016-06-23 03:50:00.705700
6168,201606233506759,PRIN,17,36,100,1775,177500.00,2016-06-23 03:50:00.675900
6169,201606233506760,PRIN,56,48,200,1777,355400.00,2016-06-23 03:50:00.676000
6170,201606233506761,PRIN,56,45,500,1778,889000.00,2016-06-23 03:50:00.676100
6171,201606233506762,PRIN,56,22,100,1779,177900.00,2016-06-23 03:50:00.676200
6172,201606233506763,PRIN,56,13,400,1779,711600.00,2016-06-23 03:50:00.676300
6173,201606233506693,PRIN,56,26,300,1775,532500.00,2016-06-23 03:50:00.669300
6174,201606233506556,PRIN,36,17,250,1760,440000.00,2016-06-23 03:50:00.655600
6175,201606233506334,PRIN,56,19,170,1752,297840.00,2016-06-23 03:50:00.633400
6176,201606233506267,PRIN,56,36,100,1770,177000.00,2016-06-23 03:50:00.626700
6177,201606233506268,PRIN,56,20,80,1775,142000.00,2016-06-23 03:50:00.626800
6178,201606233506269,PRIN,56,11,20,1775,35500.00,2016-06-23 03:50:00.626900
6179,201606233506271,PRIN,13,19,200,1751,350200.00,2016-06-23 03:50:00.627100
6180,201606233506240,PRIN,58,19,200,1752,350400.00,2016-06-23 03:50:00.624000
6181,201606233506253,PRIN,56,53,150,1765,264750.00,2016-06-23 03:50:00.625300
6182,201606233506232,PRIN,6,19,100,1755,175500.00,2016-06-23 03:50:00.623200
6183,201606233506186,PRIN,56,13,150,1760,264000.00,2016-06-23 03:50:00.618600
6184,201606233506187,PRIN,56,53,150,1765,264750.00,2016-06-23 03:50:00.618700
6185,201606233506150,PRIN,36,48,500,1765,882500.00,2016-06-23 03:50:00.615000
6186,201606233506151,PRIN,36,48,500,1765,882500.00,2016-06-23 03:50:00.615100
6187,201606233506022,PRIN,21,48,300,1760,528000.00,2016-06-23 03:50:00.602200
6188,201606233505941,PRIN,46,26,100,1769,176900.00,2016-06-23 03:50:00.594100
6189,201606233505803,PRIN,6,53,100,1765,176500.00,2016-06-23 03:50:00.580300
6190,201606233505781,PRIN,14,37,200,1770,354000.00,2016-06-23 03:50:00.578100
6191,201606233505635,PRIN,14,21,100,1760,176000.00,2016-06-23 03:50:00.563500
6192,201606233505636,PRIN,14,21,329,1765,580685.00,2016-06-23 03:50:00.563600
6193,201606233505309,PRIN,14,49,500,1770,885000.00,2016-06-23 03:50:00.530900
6194,201606233505066,PRIN,42,17,100,1780,178000.00,2016-06-23 03:50:00.506600
6195,201606233504855,PRIN,56,1,25,1760,44000.00,2016-06-23 03:50:00.485500
6196,201606233504865,PRIN,58,58,100,1764,176400.00,2016-06-23 03:50:00.486500
6197,201606233504835,PRIN,56,8,50,1759,87950.00,2016-06-23 03:50:00.483500
6198,201606233504836,PRIN,56,36,100,1759,175900.00,2016-06-23 03:50:00.483600
6199,201606233504837,PRIN,56,19,100,1760,176000.00,2016-06-23 03:50:00.483700
6200,201606233504838,PRIN,56,39,95,1765,167675.00,2016-06-23 03:50:00.483800
6201,201606233504847,PRIN,56,39,100,1765,176500.00,2016-06-23 03:50:00.484700
6202,201606233504808,PRIN,53,50,100,1750,175000.00,2016-06-23 03:50:00.480800
6203,201606233504772,PRIN,56,1,200,1745,349000.00,2016-06-23 03:50:00.477200
6204,201606233504773,PRIN,56,39,40,1745,69800.00,2016-06-23 03:50:00.477300
6205,201606233504774,PRIN,56,38,500,1747,873500.00,2016-06-23 03:50:00.477400
6206,201606233504775,PRIN,56,53,100,1748,174800.00,2016-06-23 03:50:00.477500
6207,201606233504776,PRIN,56,53,17,1748,29716.00,2016-06-23 03:50:00.477600
6208,201606233504785,PRIN,21,44,200,1749,349800.00,2016-06-23 03:50:00.478500
6209,201606233504755,PRIN,56,41,306,1735,530910.00,2016-06-23 03:50:00.475500
6210,201606233504745,PRIN,56,49,50,1740,87000.00,2016-06-23 03:50:00.474500
6211,201606233504726,PRIN,56,6,300,1744,523200.00,2016-06-23 03:50:00.472600
6212,201606233504714,PRIN,56,38,186,1744,324384.00,2016-06-23 03:50:00.471400
6213,201606233504692,PRIN,56,44,300,1740,522000.00,2016-06-23 03:50:00.469200
6214,201606233504693,PRIN,56,36,100,1740,174000.00,2016-06-23 03:50:00.469300
6215,201606233504665,PRIN,56,19,100,1735,173500.00,2016-06-23 03:50:00.466500
6216,201606233504666,PRIN,56,21,120,1735,208200.00,2016-06-23 03:50:00.466600
6217,201606233504648,PRIN,56,5,72,1725,124200.00,2016-06-23 03:50:00.464800
6218,201606233504626,PRIN,56,42,1000,1732,1732000.00,2016-06-23 03:50:00.462600
6219,201606233504623,PRIN,56,32,100,1730,173000.00,2016-06-23 03:50:00.462300
6220,201606233504624,PRIN,56,17,450,1730,778500.00,2016-06-23 03:50:00.462400
6221,201606233504591,PRIN,56,40,300,1720,516000.00,2016-06-23 03:50:00.459100
6222,201606233504592,PRIN,56,38,270,1722,464940.00,2016-06-23 03:50:00.459200
6223,201606233504593,PRIN,56,55,100,1725,172500.00,2016-06-23 03:50:00.459300
6224,201606233504594,PRIN,56,21,157,1725,270825.00,2016-06-23 03:50:00.459400
6225,201606233504611,PRIN,56,48,600,1730,1038000.00,2016-06-23 03:50:00.461100
6226,201606233504612,PRIN,56,42,65,1730,112450.00,2016-06-23 03:50:00.461200
6227,201606233504540,PRIN,56,38,100,1719,171900.00,2016-06-23 03:50:00.454000
6228,201606233504334,PRIN,56,6,106,1718,182108.00,2016-06-23 03:50:00.433400
6229,201606233504324,PRIN,56,1,32,1717,54944.00,2016-06-23 03:50:00.432400
6230,201606233504312,PRIN,56,41,1000,1715,1715000.00,2016-06-23 03:50:00.431200
6231,201606233504085,PRIN,14,41,372,1715,637980.00,2016-06-23 03:50:00.408500
6232,201606233503982,PRIN,57,6,50,1713,85650.00,2016-06-23 03:50:00.398200
6233,201606233504005,PRIN,57,8,53,1714,90842.00,2016-06-23 03:50:00.400500
6234,201606233503834,PRIN,33,29,100,1708,170800.00,2016-06-23 03:50:00.383400
6235,201606233503835,PRIN,33,38,663,1710,1133730.00,2016-06-23 03:50:00.383500
6236,201606233503765,PRIN,46,35,100,1705,170500.00,2016-06-23 03:50:00.376500
6237,201606233503624,PRIN,5,57,100,1707,170700.00,2016-06-23 03:50:00.362400
6238,201606233503625,PRIN,59,57,100,1706,170600.00,2016-06-23 03:50:00.362500
6239,201606233503533,PRIN,48,32,133,1710,227430.00,2016-06-23 03:50:00.353300
6240,201606233503500,PRIN,21,20,100,1712,171200.00,2016-06-23 03:50:00.350000
6241,201606233503297,PRIN,52,40,100,1720,172000.00,2016-06-23 03:50:00.329700
6242,201606233503298,PRIN,57,40,400,1715,686000.00,2016-06-23 03:50:00.329800
6243,201606233503299,PRIN,21,40,900,1712,1540800.00,2016-06-23 03:50:00.329900
6244,201606233503313,PRIN,52,21,100,1720,172000.00,2016-06-23 03:50:00.331300
6245,201606233503289,PRIN,13,56,100,1720,172000.00,2016-06-23 03:50:00.328900
6246,201606233503290,PRIN,13,21,100,1720,172000.00,2016-06-23 03:50:00.329000
6247,201606233503205,PRIN,57,36,100,1715,171500.00,2016-06-23 03:50:00.320500
6248,201606233503149,PRIN,16,38,200,1722,344400.00,2016-06-23 03:50:00.314900
6249,201606233503155,PRIN,17,17,150,1720,258000.00,2016-06-23 03:50:00.315500
6250,201606233503164,PRIN,17,39,42,1720,72240.00,2016-06-23 03:50:00.316400
6251,201606233503117,PRIN,48,38,30,1725,51750.00,2016-06-23 03:50:00.311700
6252,201606233503089,PRIN,6,6,143,1725,246675.00,2016-06-23 03:50:00.308900
6253,201606233503071,PRIN,6,36,100,1730,173000.00,2016-06-23 03:50:00.307100
6254,201606233502929,PRIN,48,43,270,1725,465750.00,2016-06-23 03:50:00.292900
6255,201606233502874,PRIN,48,57,200,1725,345000.00,2016-06-23 03:50:00.287400
6256,201606233502480,PRIN,33,33,2600,1730,4498000.00,2016-06-23 03:50:00.248000
6257,201606233502321,PRIN,45,44,100,1740,174000.00,2016-06-23 03:50:00.232100
6258,201606233502027,PRIN,45,44,100,1744,174400.00,2016-06-23 03:50:00.202700
6259,201606233501867,PRIN,47,40,300,1740,522000.00,2016-06-23 03:50:00.186700
6260,201606233501739,PRIN,19,58,100,1725,172500.00,2016-06-23 03:50:00.173900
6261,201606233501740,PRIN,19,50,100,1730,173000.00,2016-06-23 03:50:00.174000
6262,201606233501164,PRIN,17,44,72,1730,124560.00,2016-06-23 03:50:00.116400
6263,201606233501098,PRIN,17,39,20,1720,34400.00,2016-06-23 03:50:00.109800
6264,201606233501099,PRIN,17,53,61,1726,105286.00,2016-06-23 03:50:00.109900
6265,201606233500995,PRIN,6,8,50,1725,86250.00,2016-06-23 03:50:00.099500
6266,201606223500827,PRIN,36,33,240,1693,406320.00,2016-06-22 03:50:00.082700
6267,201606223500778,PRIN,36,50,60,1690,101400.00,2016-06-22 03:50:00.077800
6268,201606223500779,PRIN,36,39,200,1690,338000.00,2016-06-22 03:50:00.077900
6269,201606223500780,PRIN,36,44,500,1693,846500.00,2016-06-22 03:50:00.078000
6270,201606223500740,PRIN,43,50,200,1690,338000.00,2016-06-22 03:50:00.074000
6271,201606223500596,PRIN,33,33,70,1690,118300.00,2016-06-22 03:50:00.059600
6272,201606223500597,PRIN,33,50,130,1690,219700.00,2016-06-22 03:50:00.059700
6273,201606223500621,PRIN,35,50,80,1690,135200.00,2016-06-22 03:50:00.062100
6274,201606223500485,PRIN,49,33,100,1690,169000.00,2016-06-22 03:50:00.048500
6275,201606223500239,PRIN,47,17,16,1680,26880.00,2016-06-22 03:50:00.023900
6276,201606223499928,PRIN,47,29,50,1680,84000.00,2016-06-22 03:49:00.992800
6277,201606223499837,PRIN,29,29,50,1680,84000.00,2016-06-22 03:49:00.983700
6278,201606223499838,PRIN,46,29,200,1680,336000.00,2016-06-22 03:49:00.983800
6279,201606223499854,PRIN,43,29,200,1671,334200.00,2016-06-22 03:49:00.985400
6280,201606223499855,PRIN,49,29,50,1670,83500.00,2016-06-22 03:49:00.985500
6281,201606223499856,PRIN,46,29,200,1670,334000.00,2016-06-22 03:49:00.985600
6282,201606223499857,PRIN,46,29,200,1670,334000.00,2016-06-22 03:49:00.985700
6283,201606223499858,PRIN,42,29,50,1670,83500.00,2016-06-22 03:49:00.985800
6284,201606223499828,PRIN,46,21,100,1680,168000.00,2016-06-22 03:49:00.982800
6285,201606223499765,PRIN,29,51,100,1680,168000.00,2016-06-22 03:49:00.976500
6286,201606223499678,PRIN,46,21,300,1670,501000.00,2016-06-22 03:49:00.967800
6287,201606223499682,PRIN,46,21,300,1670,501000.00,2016-06-22 03:49:00.968200
6288,201606223499645,PRIN,7,51,50,1681,84050.00,2016-06-22 03:49:00.964500
6289,201606223499646,PRIN,35,51,500,1680,840000.00,2016-06-22 03:49:00.964600
6290,201606223499647,PRIN,26,51,200,1680,336000.00,2016-06-22 03:49:00.964700
6291,201606223499648,PRIN,26,51,100,1680,168000.00,2016-06-22 03:49:00.964800
6292,201606223499601,PRIN,7,47,50,1681,84050.00,2016-06-22 03:49:00.960100
6293,201606223499581,PRIN,21,51,50,1685,84250.00,2016-06-22 03:49:00.958100
6294,201606223499468,PRIN,11,34,300,1688,506400.00,2016-06-22 03:49:00.946800
6295,201606223499193,PRIN,21,52,200,1687,337400.00,2016-06-22 03:49:00.919300
6296,201606223499075,PRIN,42,33,100,1690,169000.00,2016-06-22 03:49:00.907500
6297,201606223499076,PRIN,36,33,400,1690,676000.00,2016-06-22 03:49:00.907600
6298,201606223498934,PRIN,49,33,50,1690,84500.00,2016-06-22 03:49:00.893400
6299,201606223498807,PRIN,42,33,100,1690,169000.00,2016-06-22 03:49:00.880700
6300,201606223498817,PRIN,42,33,100,1690,169000.00,2016-06-22 03:49:00.881700
6301,201606223498726,PRIN,55,1,70,1690,118300.00,2016-06-22 03:49:00.872600
6302,201606223498727,PRIN,55,33,80,1690,135200.00,2016-06-22 03:49:00.872700
6303,201606223498358,PRIN,21,49,50,1685,84250.00,2016-06-22 03:49:00.835800
6304,201606223498330,PRIN,39,33,100,1691,169100.00,2016-06-22 03:49:00.833000
6305,201606223498331,PRIN,39,33,100,1691,169100.00,2016-06-22 03:49:00.833100
6306,201606223498332,PRIN,17,33,90,1690,152100.00,2016-06-22 03:49:00.833200
6307,201606223498333,PRIN,21,33,100,1690,169000.00,2016-06-22 03:49:00.833300
6308,201606223498334,PRIN,14,33,150,1690,253500.00,2016-06-22 03:49:00.833400
6309,201606223498010,PRIN,17,38,20,1690,33800.00,2016-06-22 03:49:00.801000
6310,201606223497857,PRIN,45,58,100,1695,169500.00,2016-06-22 03:49:00.785700
6311,201606223497819,PRIN,17,1,20,1690,33800.00,2016-06-22 03:49:00.781900
6312,201606223497836,PRIN,45,45,69,1695,116955.00,2016-06-22 03:49:00.783600
6313,201606223497643,PRIN,51,58,50,1695,84750.00,2016-06-22 03:49:00.764300
6314,201606223497178,PRIN,25,6,100,1693,169300.00,2016-06-22 03:49:00.717800
6315,201606223497117,PRIN,56,42,150,1690,253500.00,2016-06-22 03:49:00.711700
6316,201606223497118,PRIN,56,58,50,1695,84750.00,2016-06-22 03:49:00.711800
6317,201606223497082,PRIN,17,39,510,1690,861900.00,2016-06-22 03:49:00.708200
6318,201606223497073,PRIN,17,10,77,1690,130130.00,2016-06-22 03:49:00.707300
6319,201606223497033,PRIN,49,45,500,1690,845000.00,2016-06-22 03:49:00.703300
6320,201606223497034,PRIN,49,40,500,1690,845000.00,2016-06-22 03:49:00.703400
6321,201606223497015,PRIN,49,14,300,1689,506700.00,2016-06-22 03:49:00.701500
6322,201606223497016,PRIN,49,33,83,1690,140270.00,2016-06-22 03:49:00.701600
6323,201606223496815,PRIN,17,59,200,1685,337000.00,2016-06-22 03:49:00.681500
6324,201606223496816,PRIN,17,48,200,1685,337000.00,2016-06-22 03:49:00.681600
6325,201606223496752,PRIN,46,6,90,1680,151200.00,2016-06-22 03:49:00.675200
6326,201606223496753,PRIN,46,33,1000,1680,1680000.00,2016-06-22 03:49:00.675300
6327,201606223496723,PRIN,17,6,200,1680,336000.00,2016-06-22 03:49:00.672300
6328,201606223496628,PRIN,49,8,100,1670,167000.00,2016-06-22 03:49:00.662800
6329,201606223496607,PRIN,17,14,300,1679,503700.00,2016-06-22 03:49:00.660700
6330,201606223496617,PRIN,49,8,50,1670,83500.00,2016-06-22 03:49:00.661700
6331,201606223496520,PRIN,17,21,200,1675,335000.00,2016-06-22 03:49:00.652000
6332,201606223496455,PRIN,17,14,27,1676,45252.00,2016-06-22 03:49:00.645500
6333,201606223496464,PRIN,17,4,224,1678,375872.00,2016-06-22 03:49:00.646400
6334,201606223496439,PRIN,20,46,50,1660,83000.00,2016-06-22 03:49:00.643900
6335,201606223496440,PRIN,17,46,450,1660,747000.00,2016-06-22 03:49:00.644000
6336,201606223496371,PRIN,17,44,200,1670,334000.00,2016-06-22 03:49:00.637100
6337,201606223496063,PRIN,17,14,50,1674,83700.00,2016-06-22 03:49:00.606300
6338,201606223496064,PRIN,17,26,150,1675,251250.00,2016-06-22 03:49:00.606400
6339,201606223495721,PRIN,20,59,100,1660,166000.00,2016-06-22 03:49:00.572100
6340,201606223495670,PRIN,55,45,70,1670,116900.00,2016-06-22 03:49:00.567000
6341,201606223495554,PRIN,45,45,105,1670,175350.00,2016-06-22 03:49:00.555400
6342,201606223495276,PRIN,42,11,60,1670,100200.00,2016-06-22 03:49:00.527600
6343,201606223494984,PRIN,57,6,60,1695,101700.00,2016-06-22 03:49:00.498400
6344,201606223494845,PRIN,1,6,100,1690,169000.00,2016-06-22 03:49:00.484500
6345,201606223494802,PRIN,22,44,100,1700,170000.00,2016-06-22 03:49:00.480200
6346,201606223494722,PRIN,55,52,150,1690,253500.00,2016-06-22 03:49:00.472200
6347,201606223494723,PRIN,55,48,100,1707,170700.00,2016-06-22 03:49:00.472300
6348,201606223494524,PRIN,44,8,50,1674,83700.00,2016-06-22 03:49:00.452400
6349,201606223494525,PRIN,44,8,50,1674,83700.00,2016-06-22 03:49:00.452500
6350,201606213494157,PRIN,38,17,500,1642,821000.00,2016-06-21 03:49:00.415700
6351,201606213494133,PRIN,6,6,10,1646,16460.00,2016-06-21 03:49:00.413300
6352,201606213493982,PRIN,34,7,321,1645,528045.00,2016-06-21 03:49:00.398200
6353,201606213493283,PRIN,43,21,316,1649,521084.00,2016-06-21 03:49:00.328300
6354,201606213493451,PRIN,11,35,300,1649,494700.00,2016-06-21 03:49:00.345100
6355,201606213493674,PRIN,35,50,200,1646,329200.00,2016-06-21 03:49:00.367400
6356,201606213493728,PRIN,34,35,100,1648,164800.00,2016-06-21 03:49:00.372800
6357,201606213493729,PRIN,34,44,200,1648,329600.00,2016-06-21 03:49:00.372900
6358,201606213493852,PRIN,35,8,100,1646,164600.00,2016-06-21 03:49:00.385200
6359,201606213493145,PRIN,35,13,145,1646,238670.00,2016-06-21 03:49:00.314500
6360,201606213492830,PRIN,35,45,230,1646,378580.00,2016-06-21 03:49:00.283000
6361,201606213492833,PRIN,35,45,194,1646,319324.00,2016-06-21 03:49:00.283300
6362,201606213492848,PRIN,26,52,100,1649,164900.00,2016-06-21 03:49:00.284800
6363,201606213492923,PRIN,48,51,225,1648,370800.00,2016-06-21 03:49:00.292300
6364,201606213492946,PRIN,11,36,50,1650,82500.00,2016-06-21 03:49:00.294600
6365,201606213493030,PRIN,50,36,50,1650,82500.00,2016-06-21 03:49:00.303000
6366,201606213493091,PRIN,22,19,60,1646,98760.00,2016-06-21 03:49:00.309100
6367,201606213493092,PRIN,6,19,90,1646,148140.00,2016-06-21 03:49:00.309200
6368,201606213493105,PRIN,29,19,335,1646,551410.00,2016-06-21 03:49:00.310500
6369,201606213492741,PRIN,11,36,200,1650,330000.00,2016-06-21 03:49:00.274100
6370,201606213492628,PRIN,29,47,50,1650,82500.00,2016-06-21 03:49:00.262800
6371,201606213492580,PRIN,5,7,100,1650,165000.00,2016-06-21 03:49:00.258000
6372,201606213492417,PRIN,42,39,30,1650,49500.00,2016-06-21 03:49:00.241700
6373,201606213492383,PRIN,36,19,100,1652,165200.00,2016-06-21 03:49:00.238300
6374,201606213482269,PRIN,6,41,26,1650,42900.00,2016-06-21 03:48:00.226900
6375,201606213482119,PRIN,36,41,300,1651,495300.00,2016-06-21 03:48:00.211900
6376,201606213482120,PRIN,53,17,302,1654,499508.00,2016-06-21 03:48:00.212000
6377,201606213482112,PRIN,53,21,259,1654,428386.00,2016-06-21 03:48:00.211200
6378,201606213481763,PRIN,33,41,100,1650,165000.00,2016-06-21 03:48:00.176300
6379,201606213481735,PRIN,38,39,450,1650,742500.00,2016-06-21 03:48:00.173500
6380,201606213481074,PRIN,45,50,200,1655,331000.00,2016-06-21 03:48:00.107400
6381,201606213481011,PRIN,45,42,100,1655,165500.00,2016-06-21 03:48:00.101100
6382,201606213480682,PRIN,38,54,150,1660,249000.00,2016-06-21 03:48:00.068200
6383,201606213480524,PRIN,5,4,200,1658,331600.00,2016-06-21 03:48:00.052400
6384,201606213480475,PRIN,53,11,200,1657,331400.00,2016-06-21 03:48:00.047500
6385,201606213480257,PRIN,49,17,50,1650,82500.00,2016-06-21 03:48:00.025700
6386,201606213480258,PRIN,49,17,200,1655,331000.00,2016-06-21 03:48:00.025800
6387,201606213480206,PRIN,55,17,200,1650,330000.00,2016-06-21 03:48:00.020600
6388,201606213480138,PRIN,20,17,50,1650,82500.00,2016-06-21 03:48:00.013800
6389,201606213479760,PRIN,44,41,500,1650,825000.00,2016-06-21 03:47:00.976000
6390,201606213479728,PRIN,46,21,200,1658,331600.00,2016-06-21 03:47:00.972800
6391,201606213479686,PRIN,32,11,200,1650,330000.00,2016-06-21 03:47:00.968600
6392,201606213479689,PRIN,35,34,200,1658,331600.00,2016-06-21 03:47:00.968900
6393,201606213479690,PRIN,35,49,500,1659,829500.00,2016-06-21 03:47:00.969000
6394,201606213479691,PRIN,35,8,50,1659,82950.00,2016-06-21 03:47:00.969100
6395,201606213479634,PRIN,32,6,105,1655,173775.00,2016-06-21 03:47:00.963400
6396,201606213479614,PRIN,42,42,2000,1640,3280000.00,2016-06-21 03:47:00.961400
6397,201606213479496,PRIN,17,22,200,1640,328000.00,2016-06-21 03:47:00.949600
6398,201606213479497,PRIN,41,55,100,1650,165000.00,2016-06-21 03:47:00.949700
6399,201606203478978,PRIN,59,47,100,1632,163200.00,2016-06-20 03:47:00.897800
6400,201606203478986,PRIN,36,49,377,1627,613379.00,2016-06-20 03:47:00.898600
6401,201606203478812,PRIN,53,29,200,1634,326800.00,2016-06-20 03:47:00.881200
6402,201606203478713,PRIN,33,21,300,1629,488700.00,2016-06-20 03:47:00.871300
6403,201606203478714,PRIN,33,21,600,1630,978000.00,2016-06-20 03:47:00.871400
6404,201606203478673,PRIN,33,38,150,1630,244500.00,2016-06-20 03:47:00.867300
6405,201606203478665,PRIN,36,17,100,1627,162700.00,2016-06-20 03:47:00.866500
6406,201606203478590,PRIN,33,45,241,1627,392107.00,2016-06-20 03:47:00.859000
6407,201606203478493,PRIN,33,21,500,1630,815000.00,2016-06-20 03:47:00.849300
6408,201606203478479,PRIN,43,32,450,1630,733500.00,2016-06-20 03:47:00.847900
6409,201606203478399,PRIN,36,32,100,1632,163200.00,2016-06-20 03:47:00.839900
6410,201606203478400,PRIN,55,32,100,1630,163000.00,2016-06-20 03:47:00.840000
6411,201606203478346,PRIN,36,47,100,1632,163200.00,2016-06-20 03:47:00.834600
6412,201606203478244,PRIN,33,13,300,1640,492000.00,2016-06-20 03:47:00.824400
6413,201606203478090,PRIN,44,22,100,1650,165000.00,2016-06-20 03:47:00.809000
6414,201606203478091,PRIN,44,26,110,1650,181500.00,2016-06-20 03:47:00.809100
6415,201606203478064,PRIN,53,38,17,1649,28033.00,2016-06-20 03:47:00.806400
6416,201606203478048,PRIN,53,28,300,1645,493500.00,2016-06-20 03:47:00.804800
6417,201606203478008,PRIN,33,8,200,1640,328000.00,2016-06-20 03:47:00.800800
6418,201606203477908,PRIN,36,36,303,1625,492375.00,2016-06-20 03:47:00.790800
6419,201606203477894,PRIN,55,26,100,1648,164800.00,2016-06-20 03:47:00.789400
6420,201606203477887,PRIN,33,33,33,1640,54120.00,2016-06-20 03:47:00.788700
6421,201606203477812,PRIN,33,50,460,1630,749800.00,2016-06-20 03:47:00.781200
6422,201606203477813,PRIN,33,38,100,1639,163900.00,2016-06-20 03:47:00.781300
6423,201606203477814,PRIN,33,6,500,1640,820000.00,2016-06-20 03:47:00.781400
6424,201606203477778,PRIN,44,33,300,1635,490500.00,2016-06-20 03:47:00.777800
6425,201606203477431,PRIN,16,17,50,1630,81500.00,2016-06-20 03:47:00.743100
6426,201606203477432,PRIN,16,35,100,1635,163500.00,2016-06-20 03:47:00.743200
6427,201606203477377,PRIN,33,35,300,1625,487500.00,2016-06-20 03:47:00.737700
6428,201606203477367,PRIN,33,48,65,1625,105625.00,2016-06-20 03:47:00.736700
6429,201606203477298,PRIN,46,26,40,1616,64640.00,2016-06-20 03:47:00.729800
6430,201606203477293,PRIN,39,26,10,1620,16200.00,2016-06-20 03:47:00.729300
6431,201606203477294,PRIN,42,26,50,1617,80850.00,2016-06-20 03:47:00.729400
6432,201606203477224,PRIN,46,16,300,1616,484800.00,2016-06-20 03:47:00.722400
6433,201606203477201,PRIN,33,14,200,1624,324800.00,2016-06-20 03:47:00.720100
6434,201606203476965,PRIN,41,53,75,1615,121125.00,2016-06-20 03:47:00.696500
6435,201606203476728,PRIN,33,44,267,1611,430137.00,2016-06-20 03:47:00.672800
6436,201606203476685,PRIN,42,49,21,1617,33957.00,2016-06-20 03:47:00.668500
6437,201606203476430,PRIN,33,22,200,1625,325000.00,2016-06-20 03:47:00.643000
6438,201606203476360,PRIN,33,21,282,1615,455430.00,2016-06-20 03:47:00.636000
6439,201606203476357,PRIN,44,21,1000,1616,1616000.00,2016-06-20 03:47:00.635700
6440,201606203476239,PRIN,38,36,50,1617,80850.00,2016-06-20 03:47:00.623900
6441,201606203476223,PRIN,33,36,450,1617,727650.00,2016-06-20 03:47:00.622300
6442,201606203476180,PRIN,33,45,300,1630,489000.00,2016-06-20 03:47:00.618000
6443,201606203476163,PRIN,41,41,300,1621,486300.00,2016-06-20 03:47:00.616300
6444,201606203476164,PRIN,50,41,100,1620,162000.00,2016-06-20 03:47:00.616400
6445,201606203476134,PRIN,53,17,100,1621,162100.00,2016-06-20 03:47:00.613400
6446,201606203476108,PRIN,38,38,30,1622,48660.00,2016-06-20 03:47:00.610800
6447,201606203476109,PRIN,33,38,450,1621,729450.00,2016-06-20 03:47:00.610900
6448,201606203476057,PRIN,38,49,120,1622,194640.00,2016-06-20 03:47:00.605700
6449,201606203476059,PRIN,33,29,50,1621,81050.00,2016-06-20 03:47:00.605900
6450,201606203476062,PRIN,33,46,500,1621,810500.00,2016-06-20 03:47:00.606200
6451,201606203476035,PRIN,55,49,500,1622,811000.00,2016-06-20 03:47:00.603500
6452,201606203475998,PRIN,49,49,100,1623,162300.00,2016-06-20 03:47:00.599800
6453,201606203475999,PRIN,26,49,100,1622,162200.00,2016-06-20 03:47:00.599900
6454,201606203476000,PRIN,25,49,30,1622,48660.00,2016-06-20 03:47:00.600000
6455,201606203475947,PRIN,25,56,26,1629,42354.00,2016-06-20 03:47:00.594700
6456,201606203475747,PRIN,33,48,500,1617,808500.00,2016-06-20 03:47:00.574700
6457,201606203475678,PRIN,6,34,200,1620,324000.00,2016-06-20 03:47:00.567800
6458,201606203475679,PRIN,33,34,1050,1617,1697850.00,2016-06-20 03:47:00.567900
6459,201606203475637,PRIN,46,29,200,1630,326000.00,2016-06-20 03:47:00.563700
6460,201606203475578,PRIN,54,49,50,1630,81500.00,2016-06-20 03:47:00.557800
6461,201606203475461,PRIN,40,17,50,1635,81750.00,2016-06-20 03:47:00.546100
6462,201606203475450,PRIN,33,11,208,1635,340080.00,2016-06-20 03:47:00.545000
6463,201606203475315,PRIN,36,34,400,1640,656000.00,2016-06-20 03:47:00.531500
6464,201606203475316,PRIN,36,34,40,1640,65600.00,2016-06-20 03:47:00.531600
6465,201606203475317,PRIN,14,34,50,1640,82000.00,2016-06-20 03:47:00.531700
6466,201606203475318,PRIN,33,34,510,1635,833850.00,2016-06-20 03:47:00.531800
6467,201606203475300,PRIN,26,52,56,1641,91896.00,2016-06-20 03:47:00.530000
6468,201606203475266,PRIN,26,29,100,1641,164100.00,2016-06-20 03:47:00.526600
6469,201606203475251,PRIN,26,49,100,1641,164100.00,2016-06-20 03:47:00.525100
6470,201606203475070,PRIN,36,14,100,1640,164000.00,2016-06-20 03:47:00.507000
6471,201606203474850,PRIN,33,46,100,1640,164000.00,2016-06-20 03:47:00.485000
6472,201606203474826,PRIN,32,46,100,1640,164000.00,2016-06-20 03:47:00.482600
6473,201606203474786,PRIN,33,48,500,1650,825000.00,2016-06-20 03:47:00.478600
6474,201606203474611,PRIN,32,11,300,1640,492000.00,2016-06-20 03:47:00.461100
6475,201606203474612,PRIN,52,11,100,1635,163500.00,2016-06-20 03:47:00.461200
6476,201606203474588,PRIN,32,35,18,1650,29700.00,2016-06-20 03:47:00.458800
6477,201606203474537,PRIN,44,11,300,1650,495000.00,2016-06-20 03:47:00.453700
6478,201606203474522,PRIN,34,35,400,1657,662800.00,2016-06-20 03:47:00.452200
6479,201606203474523,PRIN,50,35,200,1655,331000.00,2016-06-20 03:47:00.452300
6480,201606203474524,PRIN,36,35,500,1655,827500.00,2016-06-20 03:47:00.452400
6481,201606203474525,PRIN,26,35,100,1655,165500.00,2016-06-20 03:47:00.452500
6482,201606203474526,PRIN,44,35,600,1650,990000.00,2016-06-20 03:47:00.452600
6483,201606203474500,PRIN,36,50,230,1658,381340.00,2016-06-20 03:47:00.450000
6484,201606203474436,PRIN,21,42,150,1660,249000.00,2016-06-20 03:47:00.443600
6485,201606203474290,PRIN,34,19,150,1670,250500.00,2016-06-20 03:47:00.429000
6486,201606203474122,PRIN,11,53,150,1660,249000.00,2016-06-20 03:47:00.412200
6487,201606203474123,PRIN,34,53,80,1660,132800.00,2016-06-20 03:47:00.412300
6488,201606203474124,PRIN,36,53,270,1658,447660.00,2016-06-20 03:47:00.412400
6489,201606203473847,PRIN,29,47,50,1660,83000.00,2016-06-20 03:47:00.384700
6490,201606203473848,PRIN,42,47,50,1660,83000.00,2016-06-20 03:47:00.384800
6491,201606203473849,PRIN,34,47,100,1657,165700.00,2016-06-20 03:47:00.384900
6492,201606203473621,PRIN,44,55,100,1650,165000.00,2016-06-20 03:47:00.362100
6493,201606203473607,PRIN,11,17,59,1655,97645.00,2016-06-20 03:47:00.360700
6494,201606203473588,PRIN,36,41,450,1680,756000.00,2016-06-20 03:47:00.358800
6495,201606203473594,PRIN,36,17,50,1680,84000.00,2016-06-20 03:47:00.359400
6496,201606203473598,PRIN,36,45,200,1681,336200.00,2016-06-20 03:47:00.359800
6497,201606203473599,PRIN,36,45,72,1681,121032.00,2016-06-20 03:47:00.359900
6498,201606203473318,PRIN,44,53,500,1657,828500.00,2016-06-20 03:47:00.331800
6499,201606193473128,PRIN,38,16,100,1690,169000.00,2016-06-19 03:47:00.312800
6500,201606193473129,PRIN,38,19,128,1690,216320.00,2016-06-19 03:47:00.312900
6501,201606193473105,PRIN,51,19,300,1680,504000.00,2016-06-19 03:47:00.310500
6502,201606193473106,PRIN,51,42,50,1680,84000.00,2016-06-19 03:47:00.310600
6503,201606193473043,PRIN,38,38,237,1669,395553.00,2016-06-19 03:47:00.304300
6504,201606193472994,PRIN,58,41,450,1660,747000.00,2016-06-19 03:47:00.299400
6505,201606193473002,PRIN,46,45,500,1665,832500.00,2016-06-19 03:47:00.300200
6506,201606193472974,PRIN,44,11,162,1655,268110.00,2016-06-19 03:47:00.297400
6507,201606193472985,PRIN,44,41,500,1660,830000.00,2016-06-19 03:47:00.298500
6508,201606193472986,PRIN,44,38,100,1660,166000.00,2016-06-19 03:47:00.298600
6509,201606193472960,PRIN,58,42,50,1650,82500.00,2016-06-19 03:47:00.296000
6510,201606193472896,PRIN,44,28,600,1650,990000.00,2016-06-19 03:47:00.289600
6511,201606193472897,PRIN,44,42,1900,1650,3135000.00,2016-06-19 03:47:00.289700
6512,201606193472825,PRIN,33,17,640,1635,1046400.00,2016-06-19 03:47:00.282500
6513,201606193472799,PRIN,38,17,200,1628,325600.00,2016-06-19 03:47:00.279900
6514,201606193472800,PRIN,33,17,160,1627,260320.00,2016-06-19 03:47:00.280000
6515,201606193472722,PRIN,34,42,210,1640,344400.00,2016-06-19 03:47:00.272200
6516,201606193472723,PRIN,39,42,100,1630,163000.00,2016-06-19 03:47:00.272300
6517,201606193472724,PRIN,21,42,200,1630,326000.00,2016-06-19 03:47:00.272400
6518,201606193472725,PRIN,49,42,50,1630,81500.00,2016-06-19 03:47:00.272500
6519,201606193472726,PRIN,33,42,2440,1627,3969880.00,2016-06-19 03:47:00.272600
6520,201606193472712,PRIN,34,17,40,1640,65600.00,2016-06-19 03:47:00.271200
6521,201606193472651,PRIN,21,58,150,1645,246750.00,2016-06-19 03:47:00.265100
6522,201606193472659,PRIN,26,42,50,1650,82500.00,2016-06-19 03:47:00.265900
6523,201606193472638,PRIN,34,1,150,1640,246000.00,2016-06-19 03:47:00.263800
6524,201606193472571,PRIN,48,58,100,1645,164500.00,2016-06-19 03:47:00.257100
6525,201606193472478,PRIN,13,6,50,1642,82100.00,2016-06-19 03:47:00.247800
6526,201606193472441,PRIN,38,38,393,1621,637053.00,2016-06-19 03:47:00.244100
6527,201606193472357,PRIN,46,42,200,1630,326000.00,2016-06-19 03:47:00.235700
6528,201606193472358,PRIN,55,42,200,1625,325000.00,2016-06-19 03:47:00.235800
6529,201606193472093,PRIN,38,45,50,1610,80500.00,2016-06-19 03:47:00.209300
6530,201606193472064,PRIN,6,26,100,1615,161500.00,2016-06-19 03:47:00.206400
6531,201606193472056,PRIN,6,17,60,1615,96900.00,2016-06-19 03:47:00.205600
6532,201606193472036,PRIN,25,17,160,1610,257600.00,2016-06-19 03:47:00.203600
6533,201606193471982,PRIN,49,17,100,1610,161000.00,2016-06-19 03:47:00.198200
6534,201606193471919,PRIN,35,1,50,1620,81000.00,2016-06-19 03:47:00.191900
6535,201606193471920,PRIN,35,41,150,1630,244500.00,2016-06-19 03:47:00.192000
6536,201606193471914,PRIN,41,17,100,1610,161000.00,2016-06-19 03:47:00.191400
6537,201606193471876,PRIN,14,1,150,1617,242550.00,2016-06-19 03:47:00.187600
6538,201606193471862,PRIN,58,41,50,1630,81500.00,2016-06-19 03:47:00.186200
6539,201606193471864,PRIN,36,17,100,1625,162500.00,2016-06-19 03:47:00.186400
6540,201606193471865,PRIN,58,17,100,1620,162000.00,2016-06-19 03:47:00.186500
6541,201606193471866,PRIN,14,17,50,1617,80850.00,2016-06-19 03:47:00.186600
6542,201606193471820,PRIN,34,41,300,1630,489000.00,2016-06-19 03:47:00.182000
6543,201606193471601,PRIN,22,42,96,1630,156480.00,2016-06-19 03:47:00.160100
6544,201606193471611,PRIN,45,17,150,1650,247500.00,2016-06-19 03:47:00.161100
6545,201606193471590,PRIN,17,42,100,1638,163800.00,2016-06-19 03:47:00.159000
6546,201606193471591,PRIN,10,42,300,1637,491100.00,2016-06-19 03:47:00.159100
6547,201606193471592,PRIN,22,42,200,1630,326000.00,2016-06-19 03:47:00.159200
6548,201606193471414,PRIN,14,17,120,1650,198000.00,2016-06-19 03:47:00.141400
6549,201606193471415,PRIN,42,17,50,1650,82500.00,2016-06-19 03:47:00.141500
6550,201606193471383,PRIN,54,42,70,1650,115500.00,2016-06-19 03:47:00.138300
6551,201606193471384,PRIN,14,42,30,1650,49500.00,2016-06-19 03:47:00.138400
6552,201606193471328,PRIN,26,42,70,1650,115500.00,2016-06-19 03:47:00.132800
6553,201606193471329,PRIN,58,42,100,1650,165000.00,2016-06-19 03:47:00.132900
6554,201606193471330,PRIN,54,42,30,1650,49500.00,2016-06-19 03:47:00.133000
6555,201606193471264,PRIN,33,35,30,1655,49650.00,2016-06-19 03:47:00.126400
6556,201606193471265,PRIN,38,35,150,1655,248250.00,2016-06-19 03:47:00.126500
6557,201606193471274,PRIN,52,35,10,1652,16520.00,2016-06-19 03:47:00.127400
6558,201606193471275,PRIN,38,35,80,1651,132080.00,2016-06-19 03:47:00.127500
6559,201606193471276,PRIN,26,35,30,1650,49500.00,2016-06-19 03:47:00.127600
6560,201606193471243,PRIN,5,38,100,1655,165500.00,2016-06-19 03:47:00.124300
6561,201606193471095,PRIN,41,14,77,1655,127435.00,2016-06-19 03:47:00.109500
6562,201606193471053,PRIN,54,5,127,1650,209550.00,2016-06-19 03:47:00.105300
6563,201606193470964,PRIN,38,42,15,1651,24765.00,2016-06-19 03:47:00.096400
6564,201606193470939,PRIN,52,42,190,1652,313880.00,2016-06-19 03:47:00.093900
6565,201606193470765,PRIN,29,49,200,1654,330800.00,2016-06-19 03:47:00.076500
6566,201606193470766,PRIN,56,49,150,1653,247950.00,2016-06-19 03:47:00.076600
6567,201606193470777,PRIN,56,49,15,1653,24795.00,2016-06-19 03:47:00.077700
6568,201606193470628,PRIN,28,5,150,1670,250500.00,2016-06-19 03:47:00.062800
6569,201606193470450,PRIN,54,41,50,1670,83500.00,2016-06-19 03:47:00.045000
6570,201606193470451,PRIN,54,1,23,1670,38410.00,2016-06-19 03:47:00.045100
6571,201606193470314,PRIN,40,41,100,1670,167000.00,2016-06-19 03:47:00.031400
6572,201606193470282,PRIN,42,16,50,1690,84500.00,2016-06-19 03:47:00.028200
6573,201606193470228,PRIN,42,39,100,1690,169000.00,2016-06-19 03:47:00.022800
6574,201606193470121,PRIN,25,49,400,1696,678400.00,2016-06-19 03:47:00.012100
6575,201606193470109,PRIN,25,22,100,1696,169600.00,2016-06-19 03:47:00.010900
6576,201606193470053,PRIN,36,45,100,1701,170100.00,2016-06-19 03:47:00.005300
6577,201606193470067,PRIN,36,1,100,1701,170100.00,2016-06-19 03:47:00.006700
6578,201606193470068,PRIN,56,1,200,1700,340000.00,2016-06-19 03:47:00.006800
6579,201606193470069,PRIN,25,1,500,1700,850000.00,2016-06-19 03:47:00.006900
6580,201606193470020,PRIN,42,33,100,1704,170400.00,2016-06-19 03:47:00.002000
6581,201606193469858,PRIN,44,42,100,1705,170500.00,2016-06-19 03:46:00.985800
6582,201606193469860,PRIN,48,33,50,1705,85250.00,2016-06-19 03:46:00.986000
6583,201606193469861,PRIN,44,33,100,1705,170500.00,2016-06-19 03:46:00.986100
6584,201606193469862,PRIN,54,33,300,1705,511500.00,2016-06-19 03:46:00.986200
6585,201606193469756,PRIN,5,34,200,1715,343000.00,2016-06-19 03:46:00.975600
6586,201606193469757,PRIN,6,34,100,1712,171200.00,2016-06-19 03:46:00.975700
6587,201606193469758,PRIN,19,34,300,1711,513300.00,2016-06-19 03:46:00.975800
6588,201606193469759,PRIN,42,34,100,1710,171000.00,2016-06-19 03:46:00.975900
6589,201606193469716,PRIN,5,35,67,1715,114905.00,2016-06-19 03:46:00.971600
6590,201606193469659,PRIN,50,35,100,1715,171500.00,2016-06-19 03:46:00.965900
6591,201606193469575,PRIN,6,50,200,1712,342400.00,2016-06-19 03:46:00.957500
6592,201606193469529,PRIN,6,50,200,1712,342400.00,2016-06-19 03:46:00.952900
6593,201606193469461,PRIN,21,59,100,1718,171800.00,2016-06-19 03:46:00.946100
6594,201606193469462,PRIN,50,59,100,1715,171500.00,2016-06-19 03:46:00.946200
6595,201606193469436,PRIN,38,50,100,1720,172000.00,2016-06-19 03:46:00.943600
6596,201606193469389,PRIN,17,34,200,1725,345000.00,2016-06-19 03:46:00.938900
6597,201606193469341,PRIN,28,17,250,1727,431750.00,2016-06-19 03:46:00.934100
6598,201606193459426,PRIN,38,56,50,1729,86450.00,2016-06-19 03:45:00.942600
6599,201606193459427,PRIN,7,56,300,1726,517800.00,2016-06-19 03:45:00.942700
6600,201606193459417,PRIN,38,34,150,1730,259500.00,2016-06-19 03:45:00.941700
6601,201606193459243,PRIN,37,17,100,1729,172900.00,2016-06-19 03:45:00.924300
6602,201606193459055,PRIN,38,10,50,1729,86450.00,2016-06-19 03:45:00.905500
6603,201606193459056,PRIN,38,20,100,1729,172900.00,2016-06-19 03:45:00.905600
6604,201606193459066,PRIN,42,17,215,1729,371735.00,2016-06-19 03:45:00.906600
6605,201606193458728,PRIN,6,56,242,1725,417450.00,2016-06-19 03:45:00.872800
6606,201606193458468,PRIN,14,21,33,1730,57090.00,2016-06-19 03:45:00.846800
6607,201606193458420,PRIN,42,21,200,1730,346000.00,2016-06-19 03:45:00.842000
6608,201606193458338,PRIN,48,56,50,1705,85250.00,2016-06-19 03:45:00.833800
6609,201606193458296,PRIN,42,56,100,1705,170500.00,2016-06-19 03:45:00.829600
6610,201606193458309,PRIN,42,56,100,1705,170500.00,2016-06-19 03:45:00.830900
6611,201606193458294,PRIN,40,56,50,1705,85250.00,2016-06-19 03:45:00.829400
6612,201606193458279,PRIN,42,34,150,1731,259650.00,2016-06-19 03:45:00.827900
6613,201606193458256,PRIN,42,34,100,1731,173100.00,2016-06-19 03:45:00.825600
6614,201606193458230,PRIN,42,34,100,1731,173100.00,2016-06-19 03:45:00.823000
6615,201606193458220,PRIN,50,33,150,1725,258750.00,2016-06-19 03:45:00.822000
6616,201606193458221,PRIN,29,11,200,1730,346000.00,2016-06-19 03:45:00.822100
6617,201606193458198,PRIN,42,11,100,1730,173000.00,2016-06-19 03:45:00.819800
6618,201606193458203,PRIN,35,11,200,1730,346000.00,2016-06-19 03:45:00.820300
6619,201606193458160,PRIN,42,17,300,1730,519000.00,2016-06-19 03:45:00.816000
6620,201606193458124,PRIN,42,17,200,1715,343000.00,2016-06-19 03:45:00.812400
6621,201606193457991,PRIN,25,56,50,1700,85000.00,2016-06-19 03:45:00.799100
6622,201606193457992,PRIN,57,56,150,1700,255000.00,2016-06-19 03:45:00.799200
6623,201606193457993,PRIN,35,56,500,1700,850000.00,2016-06-19 03:45:00.799300
6624,201606193457994,PRIN,50,56,500,1700,850000.00,2016-06-19 03:45:00.799400
6625,201606193457935,PRIN,32,56,250,1715,428750.00,2016-06-19 03:45:00.793500
6626,201606193457936,PRIN,21,56,300,1710,513000.00,2016-06-19 03:45:00.793600
6627,201606193457937,PRIN,5,56,300,1704,511200.00,2016-06-19 03:45:00.793700
6628,201606193457938,PRIN,25,56,100,1700,170000.00,2016-06-19 03:45:00.793800
6629,201606193457939,PRIN,25,56,100,1700,170000.00,2016-06-19 03:45:00.793900
6630,201606193457940,PRIN,25,56,100,1700,170000.00,2016-06-19 03:45:00.794000
6631,201606193457941,PRIN,25,56,200,1700,340000.00,2016-06-19 03:45:00.794100
6632,201606193457942,PRIN,25,56,150,1700,255000.00,2016-06-19 03:45:00.794200
6633,201606193457917,PRIN,11,21,100,1734,173400.00,2016-06-19 03:45:00.791700
6634,201606193457853,PRIN,49,46,100,1725,172500.00,2016-06-19 03:45:00.785300
6635,201606193457854,PRIN,49,21,100,1730,173000.00,2016-06-19 03:45:00.785400
6636,201606193457859,PRIN,33,33,1000,1700,1700000.00,2016-06-19 03:45:00.785900
6637,201606193457769,PRIN,38,41,400,1704,681600.00,2016-06-19 03:45:00.776900
6638,201606193457762,PRIN,42,11,50,1690,84500.00,2016-06-19 03:45:00.776200
6639,201606193457763,PRIN,38,7,100,1700,170000.00,2016-06-19 03:45:00.776300
6640,201606193457764,PRIN,38,21,80,1700,136000.00,2016-06-19 03:45:00.776400
6641,201606193457765,PRIN,38,41,474,1700,805800.00,2016-06-19 03:45:00.776500
6642,201606193457712,PRIN,21,11,50,1700,85000.00,2016-06-19 03:45:00.771200
6643,201606193457713,PRIN,42,11,200,1690,338000.00,2016-06-19 03:45:00.771300
6644,201606193457714,PRIN,55,11,100,1685,168500.00,2016-06-19 03:45:00.771400
6645,201606193457715,PRIN,48,11,100,1685,168500.00,2016-06-19 03:45:00.771500
6646,201606193457716,PRIN,21,11,200,1681,336200.00,2016-06-19 03:45:00.771600
6647,201606193457673,PRIN,35,47,100,1700,170000.00,2016-06-19 03:45:00.767300
6648,201606193457674,PRIN,35,21,50,1705,85250.00,2016-06-19 03:45:00.767400
6649,201606193457639,PRIN,19,41,100,1706,170600.00,2016-06-19 03:45:00.763900
6650,201606193457640,PRIN,56,41,100,1705,170500.00,2016-06-19 03:45:00.764000
6651,201606193457641,PRIN,44,41,100,1700,170000.00,2016-06-19 03:45:00.764100
6652,201606193457642,PRIN,21,41,200,1700,340000.00,2016-06-19 03:45:00.764200
6653,201606193457591,PRIN,19,1,100,1706,170600.00,2016-06-19 03:45:00.759100
6654,201606193457511,PRIN,44,1,100,1704,170400.00,2016-06-19 03:45:00.751100
6655,201606193457512,PRIN,44,8,11,1704,18744.00,2016-06-19 03:45:00.751200
6656,201606193457502,PRIN,41,8,500,1700,850000.00,2016-06-19 03:45:00.750200
6657,201606193457470,PRIN,41,17,100,1700,170000.00,2016-06-19 03:45:00.747000
6658,201606193457305,PRIN,33,38,400,1665,666000.00,2016-06-19 03:45:00.730500
6659,201606193457306,PRIN,33,47,480,1666,799680.00,2016-06-19 03:45:00.730600
6660,201606193457307,PRIN,33,41,200,1670,334000.00,2016-06-19 03:45:00.730700
6661,201606193457247,PRIN,26,1,100,1655,165500.00,2016-06-19 03:45:00.724700
6662,201606193457243,PRIN,26,49,27,1650,44550.00,2016-06-19 03:45:00.724300
6663,201606193457188,PRIN,36,36,531,1637,869247.00,2016-06-19 03:45:00.718800
6664,201606193457176,PRIN,48,26,50,1630,81500.00,2016-06-19 03:45:00.717600
6665,201606193457177,PRIN,48,1,40,1633,65320.00,2016-06-19 03:45:00.717700
6666,201606193457135,PRIN,55,43,20,1634,32680.00,2016-06-19 03:45:00.713500
6667,201606193457136,PRIN,55,43,20,1633,32660.00,2016-06-19 03:45:00.713600
6668,201606193457125,PRIN,26,11,30,1633,48990.00,2016-06-19 03:45:00.712500
6669,201606193457089,PRIN,55,47,20,1666,33320.00,2016-06-19 03:45:00.708900
6670,201606193457048,PRIN,7,21,400,1670,668000.00,2016-06-19 03:45:00.704800
6671,201606193457020,PRIN,7,56,100,1700,170000.00,2016-06-19 03:45:00.702000
6672,201606193457018,PRIN,5,22,112,1700,190400.00,2016-06-19 03:45:00.701800
6673,201606193456998,PRIN,5,43,65,1704,110760.00,2016-06-19 03:45:00.699800
6674,201606193456995,PRIN,7,6,200,1704,340800.00,2016-06-19 03:45:00.699500
6675,201606163456781,PRIN,49,57,250,1738,434500.00,2016-06-16 03:45:00.678100
6676,201606163456743,PRIN,17,50,190,1738,330220.00,2016-06-16 03:45:00.674300
6677,201606163456744,PRIN,37,50,100,1738,173800.00,2016-06-16 03:45:00.674400
6678,201606163456745,PRIN,49,50,210,1738,364980.00,2016-06-16 03:45:00.674500
6679,201606163456569,PRIN,17,32,500,1738,869000.00,2016-06-16 03:45:00.656900
6680,201606163456586,PRIN,37,13,200,1738,347600.00,2016-06-16 03:45:00.658600
6681,201606163456532,PRIN,17,32,50,1738,86900.00,2016-06-16 03:45:00.653200
6682,201606163456496,PRIN,17,55,100,1738,173800.00,2016-06-16 03:45:00.649600
6683,201606163456329,PRIN,8,48,590,1738,1025420.00,2016-06-16 03:45:00.632900
6684,201606163456330,PRIN,8,32,385,1738,669130.00,2016-06-16 03:45:00.633000
6685,201606163456353,PRIN,17,44,160,1738,278080.00,2016-06-16 03:45:00.635300
6686,201606163456317,PRIN,26,44,150,1738,260700.00,2016-06-16 03:45:00.631700
6687,201606163456254,PRIN,37,26,107,1738,185966.00,2016-06-16 03:45:00.625400
6688,201606163456232,PRIN,37,26,98,1738,170324.00,2016-06-16 03:45:00.623200
6689,201606163456074,PRIN,10,48,50,1738,86900.00,2016-06-16 03:45:00.607400
6690,201606163456075,PRIN,41,48,100,1738,173800.00,2016-06-16 03:45:00.607500
6691,201606163456076,PRIN,41,48,230,1738,399740.00,2016-06-16 03:45:00.607600
6692,201606163456077,PRIN,47,48,150,1738,260700.00,2016-06-16 03:45:00.607700
6693,201606163456084,PRIN,17,35,500,1738,869000.00,2016-06-16 03:45:00.608400
6694,201606163456085,PRIN,17,48,470,1738,816860.00,2016-06-16 03:45:00.608500
6695,201606163455984,PRIN,41,48,200,1738,347600.00,2016-06-16 03:45:00.598400
6696,201606163455969,PRIN,36,8,300,1738,521400.00,2016-06-16 03:45:00.596900
6697,201606163455862,PRIN,36,58,50,1738,86900.00,2016-06-16 03:45:00.586200
6698,201606163455774,PRIN,36,40,50,1738,86900.00,2016-06-16 03:45:00.577400
6699,201606163455680,PRIN,36,40,50,1738,86900.00,2016-06-16 03:45:00.568000
6700,201606163455650,PRIN,36,36,50,1738,86900.00,2016-06-16 03:45:00.565000
6701,201606163455607,PRIN,49,14,100,1730,173000.00,2016-06-16 03:45:00.560700
6702,201606163455548,PRIN,8,10,250,1738,434500.00,2016-06-16 03:45:00.554800
6703,201606163455549,PRIN,8,55,150,1738,260700.00,2016-06-16 03:45:00.554900
6704,201606163455550,PRIN,8,49,200,1738,347600.00,2016-06-16 03:45:00.555000
6705,201606163455551,PRIN,8,57,437,1738,759506.00,2016-06-16 03:45:00.555100
6706,201606163455520,PRIN,48,36,100,1738,173800.00,2016-06-16 03:45:00.552000
6707,201606163455521,PRIN,55,36,100,1738,173800.00,2016-06-16 03:45:00.552100
6708,201606163455474,PRIN,5,33,130,1738,225940.00,2016-06-16 03:45:00.547400
6709,201606163455415,PRIN,48,33,70,1738,121660.00,2016-06-16 03:45:00.541500
6710,201606163455371,PRIN,5,8,200,1738,347600.00,2016-06-16 03:45:00.537100
6711,201606163455327,PRIN,48,26,200,1738,347600.00,2016-06-16 03:45:00.532700
6712,201606163455328,PRIN,48,13,200,1738,347600.00,2016-06-16 03:45:00.532800
6713,201606163455329,PRIN,48,8,100,1738,173800.00,2016-06-16 03:45:00.532900
6714,201606163455330,PRIN,48,17,430,1738,747340.00,2016-06-16 03:45:00.533000
6715,201606163455190,PRIN,32,11,20,1735,34700.00,2016-06-16 03:45:00.519000
6716,201606163455191,PRIN,32,11,10,1738,17380.00,2016-06-16 03:45:00.519100
6717,201606163455192,PRIN,32,17,70,1738,121660.00,2016-06-16 03:45:00.519200
6718,201606163455005,PRIN,40,57,500,1735,867500.00,2016-06-16 03:45:00.500500
6719,201606163455006,PRIN,40,57,200,1735,347000.00,2016-06-16 03:45:00.500600
6720,201606163455007,PRIN,40,55,200,1735,347000.00,2016-06-16 03:45:00.500700
6721,201606163455008,PRIN,40,33,100,1735,173500.00,2016-06-16 03:45:00.500800
6722,201606163454904,PRIN,41,33,50,1735,86750.00,2016-06-16 03:45:00.490400
6723,201606163454905,PRIN,41,33,50,1735,86750.00,2016-06-16 03:45:00.490500
6724,201606163454845,PRIN,41,55,115,1734,199410.00,2016-06-16 03:45:00.484500
6725,201606163454854,PRIN,26,45,37,1726,63862.00,2016-06-16 03:45:00.485400
6726,201606163454857,PRIN,41,43,30,1734,52020.00,2016-06-16 03:45:00.485700
6727,201606163454785,PRIN,56,19,55,1727,94985.00,2016-06-16 03:45:00.478500
6728,201606163454722,PRIN,26,17,60,1726,103560.00,2016-06-16 03:45:00.472200
6729,201606163454687,PRIN,1,33,200,1727,345400.00,2016-06-16 03:45:00.468700
6730,201606163454626,PRIN,6,55,50,1735,86750.00,2016-06-16 03:45:00.462600
6731,201606163454453,PRIN,39,11,10,1736,17360.00,2016-06-16 03:45:00.445300
6732,201606163454454,PRIN,39,50,141,1738,245058.00,2016-06-16 03:45:00.445400
6733,201606163454329,PRIN,6,17,100,1734,173400.00,2016-06-16 03:45:00.432900
6734,201606163454171,PRIN,29,5,100,1735,173500.00,2016-06-16 03:45:00.417100
6735,201606163453731,PRIN,8,13,270,1713,462510.00,2016-06-16 03:45:00.373100
6736,201606163453720,PRIN,8,40,100,1738,173800.00,2016-06-16 03:45:00.372000
6737,201606163453695,PRIN,57,42,50,1712,85600.00,2016-06-16 03:45:00.369500
6738,201606163453705,PRIN,26,11,270,1713,462510.00,2016-06-16 03:45:00.370500
6739,201606163453685,PRIN,11,28,550,1705,937750.00,2016-06-16 03:45:00.368500
6740,201606163453669,PRIN,11,39,500,1707,853500.00,2016-06-16 03:45:00.366900
6741,201606163453670,PRIN,11,40,769,1712,1316528.00,2016-06-16 03:45:00.367000
6742,201606163453614,PRIN,11,8,50,1694,84700.00,2016-06-16 03:45:00.361400
6743,201606163453615,PRIN,11,8,50,1695,84750.00,2016-06-16 03:45:00.361500
6744,201606163453638,PRIN,11,8,109,1705,185845.00,2016-06-16 03:45:00.363800
6745,201606163453587,PRIN,38,45,100,1690,169000.00,2016-06-16 03:45:00.358700
6746,201606163453562,PRIN,38,29,200,1693,338600.00,2016-06-16 03:45:00.356200
6747,201606163453544,PRIN,17,38,100,1692,169200.00,2016-06-16 03:45:00.354400
6748,201606163453545,PRIN,21,39,145,1693,245485.00,2016-06-16 03:45:00.354500
6749,201606163453521,PRIN,38,13,50,1690,84500.00,2016-06-16 03:45:00.352100
6750,201606163453522,PRIN,45,13,100,1690,169000.00,2016-06-16 03:45:00.352200
6751,201606163453538,PRIN,8,10,400,1692,676800.00,2016-06-16 03:45:00.353800
6752,201606163453455,PRIN,17,14,500,1690,845000.00,2016-06-16 03:45:00.345500
6753,201606163453336,PRIN,38,41,170,1690,287300.00,2016-06-16 03:45:00.333600
6754,201606163453340,PRIN,21,28,220,1680,369600.00,2016-06-16 03:45:00.334000
6755,201606163453301,PRIN,38,43,100,1689,168900.00,2016-06-16 03:45:00.330100
6756,201606163453302,PRIN,38,36,350,1690,591500.00,2016-06-16 03:45:00.330200
6757,201606163453292,PRIN,8,56,100,1688,168800.00,2016-06-16 03:45:00.329200
6758,201606163453249,PRIN,38,17,100,1685,168500.00,2016-06-16 03:45:00.324900
6759,201606163453216,PRIN,33,33,1000,1670,1670000.00,2016-06-16 03:45:00.321600
6760,201606163453160,PRIN,36,8,54,1675,90450.00,2016-06-16 03:45:00.316000
6761,201606163453168,PRIN,50,13,100,1680,168000.00,2016-06-16 03:45:00.316800
6762,201606163453095,PRIN,17,45,550,1675,921250.00,2016-06-16 03:45:00.309500
6763,201606163453096,PRIN,17,50,50,1675,83750.00,2016-06-16 03:45:00.309600
6764,201606163453106,PRIN,49,49,100,1670,167000.00,2016-06-16 03:45:00.310600
6765,201606163453075,PRIN,36,50,200,1675,335000.00,2016-06-16 03:45:00.307500
6766,201606163452998,PRIN,22,28,500,1670,835000.00,2016-06-16 03:45:00.299800
6767,201606163452915,PRIN,49,50,50,1675,83750.00,2016-06-16 03:45:00.291500
6768,201606163452875,PRIN,42,56,200,1674,334800.00,2016-06-16 03:45:00.287500
6769,201606163452846,PRIN,6,21,48,1665,79920.00,2016-06-16 03:45:00.284600
6770,201606163452800,PRIN,46,50,200,1675,335000.00,2016-06-16 03:45:00.280000
6771,201606163452790,PRIN,46,34,300,1670,501000.00,2016-06-16 03:45:00.279000
6772,201606163452791,PRIN,46,42,200,1675,335000.00,2016-06-16 03:45:00.279100
6773,201606163452774,PRIN,21,39,500,1662,831000.00,2016-06-16 03:45:00.277400
6774,201606163452642,PRIN,42,28,400,1650,660000.00,2016-06-16 03:45:00.264200
6775,201606163452643,PRIN,42,28,500,1650,825000.00,2016-06-16 03:45:00.264300
6776,201606163452572,PRIN,33,33,700,1645,1151500.00,2016-06-16 03:45:00.257200
6777,201606163452407,PRIN,29,40,50,1660,83000.00,2016-06-16 03:45:00.240700
6778,201606163452344,PRIN,58,45,100,1644,164400.00,2016-06-16 03:45:00.234400
6779,201606163452345,PRIN,58,55,170,1650,280500.00,2016-06-16 03:45:00.234500
6780,201606163452346,PRIN,58,37,200,1650,330000.00,2016-06-16 03:45:00.234600
6781,201606163452209,PRIN,57,6,300,1640,492000.00,2016-06-16 03:45:00.220900
6782,201606163452161,PRIN,42,10,350,1639,573650.00,2016-06-16 03:45:00.216100
6783,201606163452131,PRIN,5,26,200,1639,327800.00,2016-06-16 03:45:00.213100
6784,201606163452109,PRIN,17,17,1000,1630,1630000.00,2016-06-16 03:45:00.210900
6785,201606163451877,PRIN,54,26,10,1625,16250.00,2016-06-16 03:45:00.187700
6786,201606163451819,PRIN,29,34,130,1630,211900.00,2016-06-16 03:45:00.181900
6787,201606163451789,PRIN,5,26,230,1630,374900.00,2016-06-16 03:45:00.178900
6788,201606163451790,PRIN,5,34,70,1630,114100.00,2016-06-16 03:45:00.179000
6789,201606163451615,PRIN,17,35,200,1625,325000.00,2016-06-16 03:45:00.161500
6790,201606163451600,PRIN,54,51,80,1625,130000.00,2016-06-16 03:45:00.160000
6791,201606163451488,PRIN,33,42,130,1620,210600.00,2016-06-16 03:45:00.148800
6792,201606163451489,PRIN,41,42,70,1612,112840.00,2016-06-16 03:45:00.148900
6793,201606163451466,PRIN,33,33,370,1620,599400.00,2016-06-16 03:45:00.146600
6794,201606163451319,PRIN,8,33,200,1620,324000.00,2016-06-16 03:45:00.131900
6795,201606163451272,PRIN,56,56,650,1621,1053650.00,2016-06-16 03:45:00.127200
6796,201606163451257,PRIN,40,51,70,1625,113750.00,2016-06-16 03:45:00.125700
6797,201606163451258,PRIN,46,33,30,1620,48600.00,2016-06-16 03:45:00.125800
6798,201606163451259,PRIN,50,33,400,1620,648000.00,2016-06-16 03:45:00.125900
6799,201606163451225,PRIN,1,26,100,1630,163000.00,2016-06-16 03:45:00.122500
6800,201606163451218,PRIN,1,41,100,1621,162100.00,2016-06-16 03:45:00.121800
6801,201606163451146,PRIN,42,26,170,1630,277100.00,2016-06-16 03:45:00.114600
6802,201606163451036,PRIN,26,6,100,1630,163000.00,2016-06-16 03:45:00.103600
6803,201606163451037,PRIN,26,6,100,1629,162900.00,2016-06-16 03:45:00.103700
6804,201606163450947,PRIN,16,55,30,1665,49950.00,2016-06-16 03:45:00.094700
6805,201606163450948,PRIN,32,55,30,1660,49800.00,2016-06-16 03:45:00.094800
6806,201606163450949,PRIN,39,55,170,1655,281350.00,2016-06-16 03:45:00.094900
6807,201606163450950,PRIN,14,55,50,1650,82500.00,2016-06-16 03:45:00.095000
6808,201606163450951,PRIN,14,55,150,1650,247500.00,2016-06-16 03:45:00.095100
6809,201606163450923,PRIN,32,42,100,1675,167500.00,2016-06-16 03:45:00.092300
6810,201606163450872,PRIN,54,41,200,1675,335000.00,2016-06-16 03:45:00.087200
6811,201606163450714,PRIN,39,39,500,1665,832500.00,2016-06-16 03:45:00.071400
6812,201606163450735,PRIN,41,43,100,1666,166600.00,2016-06-16 03:45:00.073500
6813,201606163450623,PRIN,16,47,100,1665,166500.00,2016-06-16 03:45:00.062300
6814,201606163450624,PRIN,16,48,200,1665,333000.00,2016-06-16 03:45:00.062400
6815,201606163450625,PRIN,16,6,170,1665,283050.00,2016-06-16 03:45:00.062500
6816,201606163450565,PRIN,19,6,30,1665,49950.00,2016-06-16 03:45:00.056500
6817,201606163450508,PRIN,17,21,130,1660,215800.00,2016-06-16 03:45:00.050800
6818,201606163450509,PRIN,19,21,370,1660,614200.00,2016-06-16 03:45:00.050900
6819,201606163450510,PRIN,19,47,100,1665,166500.00,2016-06-16 03:45:00.051000
6820,201606163450495,PRIN,32,29,111,1663,184593.00,2016-06-16 03:45:00.049500
6821,201606163450450,PRIN,20,28,500,1660,830000.00,2016-06-16 03:45:00.045000
6822,201606163450451,PRIN,20,48,500,1660,830000.00,2016-06-16 03:45:00.045100
6823,201606163450411,PRIN,17,21,120,1660,199200.00,2016-06-16 03:45:00.041100
6824,201606163450386,PRIN,28,21,30,1660,49800.00,2016-06-16 03:45:00.038600
6825,201606163450301,PRIN,28,48,70,1660,116200.00,2016-06-16 03:45:00.030100
6826,201606163450238,PRIN,14,48,100,1650,165000.00,2016-06-16 03:45:00.023800
6827,201606163450239,PRIN,14,5,250,1650,412500.00,2016-06-16 03:45:00.023900
6828,201606163450224,PRIN,14,56,150,1650,247500.00,2016-06-16 03:45:00.022400
6829,201606163450121,PRIN,57,48,500,1630,815000.00,2016-06-16 03:45:00.012100
6830,201606163450123,PRIN,17,40,200,1630,326000.00,2016-06-16 03:45:00.012300
6831,201606163450091,PRIN,17,33,500,1630,815000.00,2016-06-16 03:45:00.009100
6832,201606163450095,PRIN,17,20,500,1630,815000.00,2016-06-16 03:45:00.009500
6833,201606163450083,PRIN,33,1,500,1635,817500.00,2016-06-16 03:45:00.008300
6834,201606163450067,PRIN,21,21,500,1634,817000.00,2016-06-16 03:45:00.006700
6835,201606163450014,PRIN,17,14,100,1631,163100.00,2016-06-16 03:45:00.001400
6836,201606163449998,PRIN,19,14,200,1635,327000.00,2016-06-16 03:44:00.999800
6837,201606163449954,PRIN,42,36,300,1648,494400.00,2016-06-16 03:44:00.995400
6838,201606163449955,PRIN,42,19,500,1649,824500.00,2016-06-16 03:44:00.995500
6839,201606163449956,PRIN,42,33,400,1650,660000.00,2016-06-16 03:44:00.995600
6840,201606163449908,PRIN,42,5,100,1640,164000.00,2016-06-16 03:44:00.990800
6841,201606163449909,PRIN,46,36,300,1645,493500.00,2016-06-16 03:44:00.990900
6842,201606163449748,PRIN,42,33,70,1660,116200.00,2016-06-16 03:44:00.974800
6843,201606163449726,PRIN,55,13,100,1665,166500.00,2016-06-16 03:44:00.972600
6844,201606163449727,PRIN,32,13,100,1665,166500.00,2016-06-16 03:44:00.972700
6845,201606163449600,PRIN,45,41,200,1662,332400.00,2016-06-16 03:44:00.960000
6846,201606163449594,PRIN,45,17,172,1662,285864.00,2016-06-16 03:44:00.959400
6847,201606163449584,PRIN,42,36,230,1660,381800.00,2016-06-16 03:44:00.958400
6848,201606163449527,PRIN,17,33,900,1630,1467000.00,2016-06-16 03:44:00.952700
6849,201606163449512,PRIN,55,33,100,1615,161500.00,2016-06-16 03:44:00.951200
6850,201606163449511,PRIN,20,45,500,1620,810000.00,2016-06-16 03:44:00.951100
6851,201606163449481,PRIN,21,57,500,1611,805500.00,2016-06-16 03:44:00.948100
6852,201606163449472,PRIN,17,8,50,1610,80500.00,2016-06-16 03:44:00.947200
6853,201606163449473,PRIN,17,8,50,1611,80550.00,2016-06-16 03:44:00.947300
6854,201606163449474,PRIN,17,10,50,1611,80550.00,2016-06-16 03:44:00.947400
6855,201606163449475,PRIN,17,21,84,1611,135324.00,2016-06-16 03:44:00.947500
6856,201606153449413,PRIN,56,36,100,1580,158000.00,2016-06-15 03:44:00.941300
6857,201606153449414,PRIN,56,43,100,1580,158000.00,2016-06-15 03:44:00.941400
6858,201606153449320,PRIN,56,32,20,1580,31600.00,2016-06-15 03:44:00.932000
6859,201606153449321,PRIN,56,40,80,1580,126400.00,2016-06-15 03:44:00.932100
6860,201606153449322,PRIN,56,36,120,1581,189720.00,2016-06-15 03:44:00.932200
6861,201606153449225,PRIN,56,28,2272,1550,3521600.00,2016-06-15 03:44:00.922500
6862,201606153449190,PRIN,49,36,200,1575,315000.00,2016-06-15 03:44:00.919000
6863,201606153449201,PRIN,39,21,100,1550,155000.00,2016-06-15 03:44:00.920100
6864,201606153449116,PRIN,7,1,200,1570,314000.00,2016-06-15 03:44:00.911600
6865,201606153449121,PRIN,39,1,200,1570,314000.00,2016-06-15 03:44:00.912100
6866,201606153449014,PRIN,40,39,200,1546,309200.00,2016-06-15 03:44:00.901400
6867,201606153449015,PRIN,34,39,50,1545,77250.00,2016-06-15 03:44:00.901500
6868,201606153448969,PRIN,7,33,100,1545,154500.00,2016-06-15 03:44:00.896900
6869,201606153448970,PRIN,34,33,1200,1545,1854000.00,2016-06-15 03:44:00.897000
6870,201606153448933,PRIN,49,33,200,1545,309000.00,2016-06-15 03:44:00.893300
6871,201606153448841,PRIN,7,8,50,1526,76300.00,2016-06-15 03:44:00.884100
6872,201606153448820,PRIN,7,11,121,1519,183799.00,2016-06-15 03:44:00.882000
6873,201606153448821,PRIN,7,8,50,1525,76250.00,2016-06-15 03:44:00.882100
6874,201606153448756,PRIN,46,1,100,1519,151900.00,2016-06-15 03:44:00.875600
6875,201606153448733,PRIN,38,1,200,1504,300800.00,2016-06-15 03:44:00.873300
6876,201606153448719,PRIN,33,47,200,1504,300800.00,2016-06-15 03:44:00.871900
6877,201606153448729,PRIN,46,40,100,1519,151900.00,2016-06-15 03:44:00.872900
6878,201606153448680,PRIN,45,19,200,1500,300000.00,2016-06-15 03:44:00.868000
6879,201606153448681,PRIN,45,38,300,1501,450300.00,2016-06-15 03:44:00.868100
6880,201606153448705,PRIN,33,38,680,1501,1020680.00,2016-06-15 03:44:00.870500
6881,201606153448706,PRIN,33,38,50,1502,75100.00,2016-06-15 03:44:00.870600
6882,201606153448707,PRIN,33,56,42,1503,63126.00,2016-06-15 03:44:00.870700
6883,201606153448657,PRIN,36,19,500,1500,750000.00,2016-06-15 03:44:00.865700
6884,201606153448651,PRIN,36,21,1031,1500,1546500.00,2016-06-15 03:44:00.865100
6885,201606153448546,PRIN,19,38,20,1500,30000.00,2016-06-15 03:44:00.854600
6886,201606153448508,PRIN,19,11,30,1500,45000.00,2016-06-15 03:44:00.850800
6887,201606153448375,PRIN,48,58,100,1500,150000.00,2016-06-15 03:44:00.837500
6888,201606153448323,PRIN,59,29,50,1505,75250.00,2016-06-15 03:44:00.832300
6889,201606153448194,PRIN,43,8,50,1503,75150.00,2016-06-15 03:44:00.819400
6890,201606153448163,PRIN,42,14,500,1490,745000.00,2016-06-15 03:44:00.816300
6891,201606153448164,PRIN,42,34,40,1493,59720.00,2016-06-15 03:44:00.816400
6892,201606153448165,PRIN,42,33,350,1495,523250.00,2016-06-15 03:44:00.816500
6893,201606153448166,PRIN,42,14,200,1498,299600.00,2016-06-15 03:44:00.816600
6894,201606153448167,PRIN,42,40,152,1500,228000.00,2016-06-15 03:44:00.816700
6895,201606153448178,PRIN,42,17,200,1500,300000.00,2016-06-15 03:44:00.817800
6896,201606153448179,PRIN,42,41,1000,1500,1500000.00,2016-06-15 03:44:00.817900
6897,201606153448180,PRIN,42,41,1000,1500,1500000.00,2016-06-15 03:44:00.818000
6898,201606153448181,PRIN,42,37,100,1500,150000.00,2016-06-15 03:44:00.818100
6899,201606153448182,PRIN,42,22,1500,1500,2250000.00,2016-06-15 03:44:00.818200
6900,201606153448183,PRIN,42,11,300,1500,450000.00,2016-06-15 03:44:00.818300
6901,201606153448184,PRIN,42,43,216,1500,324000.00,2016-06-15 03:44:00.818400
6902,201606153448185,PRIN,42,28,3000,1500,4500000.00,2016-06-15 03:44:00.818500
6903,201606153448186,PRIN,42,41,200,1500,300000.00,2016-06-15 03:44:00.818600
6904,201606153448187,PRIN,42,50,50,1500,75000.00,2016-06-15 03:44:00.818700
6905,201606153448188,PRIN,42,17,200,1500,300000.00,2016-06-15 03:44:00.818800
6906,201606153448189,PRIN,42,17,100,1500,150000.00,2016-06-15 03:44:00.818900
6907,201606153448190,PRIN,42,42,100,1500,150000.00,2016-06-15 03:44:00.819000
6908,201606153448191,PRIN,42,17,100,1500,150000.00,2016-06-15 03:44:00.819100
6909,201606153448141,PRIN,42,44,300,1490,447000.00,2016-06-15 03:44:00.814100
6910,201606153448153,PRIN,21,44,100,1490,149000.00,2016-06-15 03:44:00.815300
6911,201606153448090,PRIN,50,36,300,1489,446700.00,2016-06-15 03:44:00.809000
6912,201606153447840,PRIN,6,39,150,1488,223200.00,2016-06-15 03:44:00.784000
6913,201606153447792,PRIN,37,17,44,1484,65296.00,2016-06-15 03:44:00.779200
6914,201606153447750,PRIN,6,1,100,1488,148800.00,2016-06-15 03:44:00.775000
6915,201606153447708,PRIN,26,36,100,1489,148900.00,2016-06-15 03:44:00.770800
6916,201606153447718,PRIN,37,39,50,1488,74400.00,2016-06-15 03:44:00.771800
6917,201606153447671,PRIN,36,36,100,1489,148900.00,2016-06-15 03:44:00.767100
6918,201606153447678,PRIN,45,36,100,1489,148900.00,2016-06-15 03:44:00.767800
6919,201606153447585,PRIN,38,34,100,1493,149300.00,2016-06-15 03:44:00.758500
6920,201606153447561,PRIN,38,34,200,1493,298600.00,2016-06-15 03:44:00.756100
6921,201606153447377,PRIN,45,14,21,1488,31248.00,2016-06-15 03:44:00.737700
6922,201606153447371,PRIN,14,14,100,1488,148800.00,2016-06-15 03:44:00.737100
6923,201606153447346,PRIN,45,17,100,1488,148800.00,2016-06-15 03:44:00.734600
6924,201606153447246,PRIN,37,14,500,1488,744000.00,2016-06-15 03:44:00.724600
6925,201606153447248,PRIN,36,59,189,1485,280665.00,2016-06-15 03:44:00.724800
6926,201606153447183,PRIN,11,1,100,1488,148800.00,2016-06-15 03:44:00.718300
6927,201606153447096,PRIN,55,14,100,1488,148800.00,2016-06-15 03:44:00.709600
6928,201606153446930,PRIN,22,14,40,1488,59520.00,2016-06-15 03:44:00.693000
6929,201606153446931,PRIN,5,14,100,1488,148800.00,2016-06-15 03:44:00.693100
6930,201606153446932,PRIN,39,14,100,1488,148800.00,2016-06-15 03:44:00.693200
6931,201606153446649,PRIN,17,52,200,1490,298000.00,2016-06-15 03:44:00.664900
6932,201606153446617,PRIN,22,52,50,1488,74400.00,2016-06-15 03:44:00.661700
6933,201606153446265,PRIN,22,13,110,1488,163680.00,2016-06-15 03:44:00.626500
6934,201606153446155,PRIN,45,48,100,1490,149000.00,2016-06-15 03:44:00.615500
6935,201606153446156,PRIN,45,19,100,1490,149000.00,2016-06-15 03:44:00.615600
6936,201606153446135,PRIN,45,19,194,1488,288672.00,2016-06-15 03:44:00.613500
6937,201606153446139,PRIN,45,22,68,1488,101184.00,2016-06-15 03:44:00.613900
6938,201606153445789,PRIN,41,44,450,1490,670500.00,2016-06-15 03:44:00.578900
6939,201606153445790,PRIN,41,44,24,1490,35760.00,2016-06-15 03:44:00.579000
6940,201606153445791,PRIN,17,19,200,1489,297800.00,2016-06-15 03:44:00.579100
6941,201606153445792,PRIN,29,19,200,1485,297000.00,2016-06-15 03:44:00.579200
6942,201606153445793,PRIN,10,19,250,1480,370000.00,2016-06-15 03:44:00.579300
6943,201606153445721,PRIN,56,44,100,1490,149000.00,2016-06-15 03:44:00.572100
6944,201606153445683,PRIN,17,43,100,1489,148900.00,2016-06-15 03:44:00.568300
6945,201606153445680,PRIN,17,53,50,1490,74500.00,2016-06-15 03:44:00.568000
6946,201606153445681,PRIN,17,44,50,1490,74500.00,2016-06-15 03:44:00.568100
6947,201606153445616,PRIN,22,53,200,1490,298000.00,2016-06-15 03:44:00.561600
6948,201606153445566,PRIN,34,53,200,1490,298000.00,2016-06-15 03:44:00.556600
6949,201606153445458,PRIN,17,11,200,1489,297800.00,2016-06-15 03:44:00.545800
6950,201606153445388,PRIN,41,14,500,1488,744000.00,2016-06-15 03:44:00.538800
6951,201606153445322,PRIN,5,14,90,1482,133380.00,2016-06-15 03:44:00.532200
6952,201606153445265,PRIN,50,43,100,1487,148700.00,2016-06-15 03:44:00.526500
6953,201606153445226,PRIN,38,43,100,1487,148700.00,2016-06-15 03:44:00.522600
6954,201606153445102,PRIN,38,4,100,1486,148600.00,2016-06-15 03:44:00.510200
6955,201606153444753,PRIN,41,45,500,1480,740000.00,2016-06-15 03:44:00.475300
6956,201606153444667,PRIN,5,11,110,1482,163020.00,2016-06-15 03:44:00.466700
6957,201606153444642,PRIN,34,4,200,1486,297200.00,2016-06-15 03:44:00.464200
6958,201606153444643,PRIN,34,43,100,1487,148700.00,2016-06-15 03:44:00.464300
6959,201606153444104,PRIN,57,53,50,1490,74500.00,2016-06-15 03:44:00.410400
6960,201606153444057,PRIN,42,33,150,1495,224250.00,2016-06-15 03:44:00.405700
6961,201606153443993,PRIN,50,50,820,1495,1225900.00,2016-06-15 03:44:00.399300
6962,201606153443975,PRIN,47,50,80,1495,119600.00,2016-06-15 03:44:00.397500
6963,201606153443908,PRIN,57,4,100,1498,149800.00,2016-06-15 03:44:00.390800
6964,201606153443910,PRIN,57,32,50,1498,74900.00,2016-06-15 03:44:00.391000
6965,201606153443905,PRIN,57,4,100,1498,149800.00,2016-06-15 03:44:00.390500
6966,201606153443873,PRIN,19,4,100,1497,149700.00,2016-06-15 03:44:00.387300
6967,201606153443849,PRIN,19,44,100,1497,149700.00,2016-06-15 03:44:00.384900
6968,201606153443833,PRIN,19,44,300,1497,449100.00,2016-06-15 03:44:00.383300
6969,201606153443796,PRIN,36,44,100,1497,149700.00,2016-06-15 03:44:00.379600
6970,201606153443777,PRIN,36,4,100,1497,149700.00,2016-06-15 03:44:00.377700
6971,201606153443708,PRIN,42,48,100,1497,149700.00,2016-06-15 03:44:00.370800
6972,201606153443563,PRIN,42,33,17,1480,25160.00,2016-06-15 03:44:00.356300
6973,201606153443487,PRIN,19,42,20,1475,29500.00,2016-06-15 03:44:00.348700
6974,201606153443468,PRIN,19,39,150,1475,221250.00,2016-06-15 03:44:00.346800
6975,201606143443423,PRIN,35,40,100,1463,146300.00,2016-06-14 03:44:00.342300
6976,201606143443424,PRIN,35,47,200,1465,293000.00,2016-06-14 03:44:00.342400
6977,201606143443425,PRIN,56,42,376,1469,552344.00,2016-06-14 03:44:00.342500
6978,201606143443089,PRIN,29,14,28,1451,40628.00,2016-06-14 03:44:00.308900
6979,201606143443075,PRIN,41,14,200,1457,291400.00,2016-06-14 03:44:00.307500
6980,201606143443076,PRIN,41,14,100,1456,145600.00,2016-06-14 03:44:00.307600
6981,201606143443077,PRIN,59,14,200,1455,291000.00,2016-06-14 03:44:00.307700
6982,201606143443078,PRIN,29,14,150,1451,217650.00,2016-06-14 03:44:00.307800
6983,201606143442967,PRIN,55,11,90,1460,131400.00,2016-06-14 03:44:00.296700
6984,201606143442968,PRIN,16,11,300,1458,437400.00,2016-06-14 03:44:00.296800
6985,201606143442824,PRIN,55,11,110,1460,160600.00,2016-06-14 03:44:00.282400
6986,201606143442487,PRIN,41,26,128,1465,187520.00,2016-06-14 03:44:00.248700
6987,201606143442504,PRIN,41,17,100,1466,146600.00,2016-06-14 03:44:00.250400
6988,201606143442505,PRIN,41,1,100,1467,146700.00,2016-06-14 03:44:00.250500
6989,201606143442506,PRIN,41,14,100,1468,146800.00,2016-06-14 03:44:00.250600
6990,201606143442440,PRIN,41,32,100,1464,146400.00,2016-06-14 03:44:00.244000
6991,201606143442036,PRIN,21,42,100,1455,145500.00,2016-06-14 03:44:00.203600
6992,201606143442007,PRIN,29,41,148,1451,214748.00,2016-06-14 03:44:00.200700
6993,201606143441836,PRIN,35,35,1010,1450,1464500.00,2016-06-14 03:44:00.183600
6994,201606143441797,PRIN,29,47,100,1460,146000.00,2016-06-14 03:44:00.179700
6995,201606143441777,PRIN,29,55,50,1458,72900.00,2016-06-14 03:44:00.177700
6996,201606143441712,PRIN,48,54,100,1455,145500.00,2016-06-14 03:44:00.171200
6997,201606143441629,PRIN,33,57,500,1450,725000.00,2016-06-14 03:44:00.162900
6998,201606143441598,PRIN,36,38,300,1450,435000.00,2016-06-14 03:44:00.159800
6999,201606143441599,PRIN,36,19,100,1450,145000.00,2016-06-14 03:44:00.159900
7000,201606143441582,PRIN,33,40,42,1449,60858.00,2016-06-14 03:44:00.158200
7001,201606143441587,PRIN,36,26,200,1450,290000.00,2016-06-14 03:44:00.158700
7002,201606143441588,PRIN,36,38,100,1450,145000.00,2016-06-14 03:44:00.158800
7003,201606143441561,PRIN,21,54,510,1448,738480.00,2016-06-14 03:44:00.156100
7004,201606143441500,PRIN,45,47,10,1445,14450.00,2016-06-14 03:44:00.150000
7005,201606143441323,PRIN,33,50,113,1445,163285.00,2016-06-14 03:44:00.132300
7006,201606143441208,PRIN,56,50,150,1448,217200.00,2016-06-14 03:44:00.120800
7007,201606143441141,PRIN,45,16,60,1444,86640.00,2016-06-14 03:44:00.114100
7008,201606143441142,PRIN,45,55,50,1445,72250.00,2016-06-14 03:44:00.114200
7009,201606143441061,PRIN,11,16,100,1444,144400.00,2016-06-14 03:44:00.106100
7010,201606143440962,PRIN,11,32,100,1444,144400.00,2016-06-14 03:44:00.096200
7011,201606143440646,PRIN,33,55,500,1440,720000.00,2016-06-14 03:44:00.064600
7012,201606143440519,PRIN,35,59,730,1430,1043900.00,2016-06-14 03:44:00.051900
7013,201606143440334,PRIN,36,47,500,1435,717500.00,2016-06-14 03:44:00.033400
7014,201606143440165,PRIN,41,37,200,1440,288000.00,2016-06-14 03:44:00.016500
7015,201606143439937,PRIN,5,39,100,1447,144700.00,2016-06-14 03:43:00.993700
7016,201606143439557,PRIN,50,58,200,1445,289000.00,2016-06-14 03:43:00.955700
7017,201606143439558,PRIN,36,58,200,1443,288600.00,2016-06-14 03:43:00.955800
7018,201606143439559,PRIN,46,58,50,1435,71750.00,2016-06-14 03:43:00.955900
7019,201606143439560,PRIN,55,58,200,1435,287000.00,2016-06-14 03:43:00.956000
7020,201606143439561,PRIN,50,58,350,1435,502250.00,2016-06-14 03:43:00.956100
7021,201606143439447,PRIN,36,57,50,1443,72150.00,2016-06-14 03:43:00.944700
7022,201606143439392,PRIN,26,13,100,1455,145500.00,2016-06-14 03:43:00.939200
7023,201606143439131,PRIN,56,1,350,1450,507500.00,2016-06-14 03:43:00.913100
7024,201606143439132,PRIN,56,58,300,1455,436500.00,2016-06-14 03:43:00.913200
7025,201606143439057,PRIN,56,1,200,1449,289800.00,2016-06-14 03:43:00.905700
7026,201606143438908,PRIN,48,32,200,1445,289000.00,2016-06-14 03:43:00.890800
7027,201606143438909,PRIN,48,32,200,1444,288800.00,2016-06-14 03:43:00.890900
7028,201606143438762,PRIN,35,38,50,1454,72700.00,2016-06-14 03:43:00.876200
7029,201606143438752,PRIN,35,35,714,1450,1035300.00,2016-06-14 03:43:00.875200
7030,201606143438565,PRIN,36,21,800,1450,1160000.00,2016-06-14 03:43:00.856500
7031,201606143438542,PRIN,36,21,200,1450,290000.00,2016-06-14 03:43:00.854200
7032,201606143438063,PRIN,21,21,500,1440,720000.00,2016-06-14 03:43:00.806300
7033,201606143437891,PRIN,43,11,120,1448,173760.00,2016-06-14 03:43:00.789100
7034,201606143437901,PRIN,43,8,50,1449,72450.00,2016-06-14 03:43:00.790100
7035,201606143437902,PRIN,43,29,100,1450,145000.00,2016-06-14 03:43:00.790200
7036,201606143437839,PRIN,17,11,100,1448,144800.00,2016-06-14 03:43:00.783900
7037,201606143437821,PRIN,36,11,280,1448,405440.00,2016-06-14 03:43:00.782100
7038,201606143437779,PRIN,36,1,250,1443,360750.00,2016-06-14 03:43:00.777900
7039,201606143437669,PRIN,36,1,250,1435,358750.00,2016-06-14 03:43:00.766900
7040,201606143437649,PRIN,46,51,50,1435,71750.00,2016-06-14 03:43:00.764900
7041,201606143437441,PRIN,36,47,23,1422,32706.00,2016-06-14 03:43:00.744100
7042,201606143437413,PRIN,6,47,50,1422,71100.00,2016-06-14 03:43:00.741300
7043,201606143437414,PRIN,52,47,200,1422,284400.00,2016-06-14 03:43:00.741400
7044,201606143437390,PRIN,38,1,250,1435,358750.00,2016-06-14 03:43:00.739000
7045,201606143437302,PRIN,6,1,250,1422,355500.00,2016-06-14 03:43:00.730200
7046,201606143437300,PRIN,48,26,100,1425,142500.00,2016-06-14 03:43:00.730000
7047,201606143437271,PRIN,1,47,14,1421,19894.00,2016-06-14 03:43:00.727100
7048,201606143437218,PRIN,38,36,100,1419,141900.00,2016-06-14 03:43:00.721800
7049,201606143437219,PRIN,38,1,150,1420,213000.00,2016-06-14 03:43:00.721900
7050,201606133436280,PRIN,5,8,68,1421,96628.00,2016-06-13 03:43:00.628000
7051,201606133436256,PRIN,22,33,100,1430,143000.00,2016-06-13 03:43:00.625600
7052,201606133436271,PRIN,49,33,150,1430,214500.00,2016-06-13 03:43:00.627100
7053,201606133436167,PRIN,1,48,91,1425,129675.00,2016-06-13 03:43:00.616700
7054,201606133435874,PRIN,37,17,50,1421,71050.00,2016-06-13 03:43:00.587400
7055,201606133435836,PRIN,5,51,100,1421,142100.00,2016-06-13 03:43:00.583600
7056,201606133435135,PRIN,50,39,200,1434,286800.00,2016-06-13 03:43:00.513500
7057,201606133435136,PRIN,50,1,200,1435,287000.00,2016-06-13 03:43:00.513600
7058,201606133434459,PRIN,38,59,100,1430,143000.00,2016-06-13 03:43:00.445900
7059,201606133434436,PRIN,38,8,100,1425,142500.00,2016-06-13 03:43:00.443600
7060,201606133434123,PRIN,28,38,92,1440,132480.00,2016-06-13 03:43:00.412300
7061,201606133433872,PRIN,33,45,1000,1429,1429000.00,2016-06-13 03:43:00.387200
7062,201606133433873,PRIN,33,14,500,1430,715000.00,2016-06-13 03:43:00.387300
7063,201606133433575,PRIN,38,45,1000,1425,1425000.00,2016-06-13 03:43:00.357500
7064,201606133433217,PRIN,44,19,67,1424,95408.00,2016-06-13 03:43:00.321700
7065,201606133433218,PRIN,44,34,200,1424,284800.00,2016-06-13 03:43:00.321800
7066,201606133433139,PRIN,6,11,200,1406,281200.00,2016-06-13 03:43:00.313900
7067,201606133433140,PRIN,41,11,1000,1405,1405000.00,2016-06-13 03:43:00.314000
7068,201606133433112,PRIN,38,45,100,1410,141000.00,2016-06-13 03:43:00.311200
7069,201606133433114,PRIN,21,45,57,1410,80370.00,2016-06-13 03:43:00.311400
7070,201606133433040,PRIN,21,26,100,1420,142000.00,2016-06-13 03:43:00.304000
7071,201606133432898,PRIN,43,8,50,1418,70900.00,2016-06-13 03:43:00.289800
7072,201606133432638,PRIN,48,14,500,1410,705000.00,2016-06-13 03:43:00.263800
7073,201606133432532,PRIN,17,39,26,1403,36478.00,2016-06-13 03:43:00.253200
7074,201606133432360,PRIN,48,26,100,1401,140100.00,2016-06-13 03:43:00.236000
7075,201606133432332,PRIN,20,45,50,1405,70250.00,2016-06-13 03:43:00.233200
7076,201606133432333,PRIN,33,45,420,1400,588000.00,2016-06-13 03:43:00.233300
7077,201606133432221,PRIN,38,45,150,1403,210450.00,2016-06-13 03:43:00.222100
7078,201606133432222,PRIN,43,45,50,1402,70100.00,2016-06-13 03:43:00.222200
7079,201606133432223,PRIN,51,45,200,1402,280400.00,2016-06-13 03:43:00.222300
7080,201606133432224,PRIN,38,45,100,1402,140200.00,2016-06-13 03:43:00.222400
7081,201606133432225,PRIN,26,45,100,1401,140100.00,2016-06-13 03:43:00.222500
7082,201606133432226,PRIN,21,45,100,1401,140100.00,2016-06-13 03:43:00.222600
7083,201606133432227,PRIN,55,45,50,1400,70000.00,2016-06-13 03:43:00.222700
7084,201606133432228,PRIN,19,45,100,1400,140000.00,2016-06-13 03:43:00.222800
7085,201606133432229,PRIN,33,45,150,1400,210000.00,2016-06-13 03:43:00.222900
7086,201606133432161,PRIN,11,5,300,1420,426000.00,2016-06-13 03:43:00.216100
7087,201606133432057,PRIN,11,51,100,1410,141000.00,2016-06-13 03:43:00.205700
7088,201606133432058,PRIN,11,21,100,1410,141000.00,2016-06-13 03:43:00.205800
7089,201606133432059,PRIN,11,19,100,1414,141400.00,2016-06-13 03:43:00.205900
7090,201606133432060,PRIN,11,7,500,1415,707500.00,2016-06-13 03:43:00.206000
7091,201606133432061,PRIN,11,7,108,1420,153360.00,2016-06-13 03:43:00.206100
7092,201606133432002,PRIN,17,37,100,1405,140500.00,2016-06-13 03:43:00.200200
7093,201606133431848,PRIN,33,40,500,1405,702500.00,2016-06-13 03:43:00.184800
7094,201606133431749,PRIN,33,38,340,1405,477700.00,2016-06-13 03:43:00.174900
7095,201606133431745,PRIN,33,42,200,1400,280000.00,2016-06-13 03:43:00.174500
7096,201606133431621,PRIN,38,14,50,1401,70050.00,2016-06-13 03:43:00.162100
7097,201606133431622,PRIN,55,14,50,1400,70000.00,2016-06-13 03:43:00.162200
7098,201606133431428,PRIN,38,21,39,1402,54678.00,2016-06-13 03:43:00.142800
7099,201606133431347,PRIN,38,41,250,1402,350500.00,2016-06-13 03:43:00.134700
7100,201606133431299,PRIN,6,26,43,1403,60329.00,2016-06-13 03:43:00.129900
7101,201606133430289,PRIN,17,45,30,1431,42930.00,2016-06-13 03:43:00.028900
7102,201606133430290,PRIN,42,45,200,1415,283000.00,2016-06-13 03:43:00.029000
7103,201606133430291,PRIN,55,45,300,1403,420900.00,2016-06-13 03:43:00.029100
7104,201606133430200,PRIN,36,14,200,1436,287200.00,2016-06-13 03:43:00.020000
7105,201606133430201,PRIN,17,14,40,1436,57440.00,2016-06-13 03:43:00.020100
7106,201606133430202,PRIN,7,14,100,1435,143500.00,2016-06-13 03:43:00.020200
7107,201606133430203,PRIN,17,14,10,1431,14310.00,2016-06-13 03:43:00.020300
7108,201606133429975,PRIN,5,8,50,1459,72950.00,2016-06-13 03:42:00.997500
7109,201606133429976,PRIN,5,11,37,1459,53983.00,2016-06-13 03:42:00.997600
7110,201606133429913,PRIN,17,41,10,1450,14500.00,2016-06-13 03:42:00.991300
7111,201606133429655,PRIN,36,53,331,1430,473330.00,2016-06-13 03:42:00.965500
7112,201606123429505,PRIN,26,7,50,1431,71550.00,2016-06-12 03:42:00.950500
7113,201606123429473,PRIN,19,54,100,1445,144500.00,2016-06-12 03:42:00.947300
7114,201606123429475,PRIN,26,28,50,1431,71550.00,2016-06-12 03:42:00.947500
7115,201606123429487,PRIN,16,8,200,1421,284200.00,2016-06-12 03:42:00.948700
7116,201606123429450,PRIN,50,33,100,1440,144000.00,2016-06-12 03:42:00.945000
7117,201606123429451,PRIN,21,33,100,1440,144000.00,2016-06-12 03:42:00.945100
7118,201606123429452,PRIN,41,33,200,1440,288000.00,2016-06-12 03:42:00.945200
7119,201606123429419,PRIN,17,54,100,1445,144500.00,2016-06-12 03:42:00.941900
7120,201606123429110,PRIN,5,41,200,1445,289000.00,2016-06-12 03:42:00.911000
7121,201606123429117,PRIN,5,10,300,1445,433500.00,2016-06-12 03:42:00.911700
7122,201606123429042,PRIN,1,35,250,1455,363750.00,2016-06-12 03:42:00.904200
7123,201606123429043,PRIN,47,35,320,1450,464000.00,2016-06-12 03:42:00.904300
7124,201606123429044,PRIN,41,35,100,1450,145000.00,2016-06-12 03:42:00.904400
7125,201606123429045,PRIN,32,35,200,1450,290000.00,2016-06-12 03:42:00.904500
7126,201606123428889,PRIN,5,41,200,1452,290400.00,2016-06-12 03:42:00.888900
7127,201606123428890,PRIN,5,41,100,1452,145200.00,2016-06-12 03:42:00.889000
7128,201606123428891,PRIN,20,41,20,1451,29020.00,2016-06-12 03:42:00.889100
7129,201606123428892,PRIN,32,41,100,1450,145000.00,2016-06-12 03:42:00.889200
7130,201606123428893,PRIN,47,41,80,1450,116000.00,2016-06-12 03:42:00.889300
7131,201606123428842,PRIN,5,47,100,1460,146000.00,2016-06-12 03:42:00.884200
7132,201606123428794,PRIN,11,33,100,1460,146000.00,2016-06-12 03:42:00.879400
7133,201606123428775,PRIN,47,50,333,1451,483183.00,2016-06-12 03:42:00.877500
7134,201606123428735,PRIN,21,33,100,1455,145500.00,2016-06-12 03:42:00.873500
7135,201606123428736,PRIN,21,33,300,1455,436500.00,2016-06-12 03:42:00.873600
7136,201606123428678,PRIN,45,33,120,1460,175200.00,2016-06-12 03:42:00.867800
7137,201606123428610,PRIN,51,18,100,1461,146100.00,2016-06-12 03:42:00.861000
7138,201606123428611,PRIN,45,18,130,1460,189800.00,2016-06-12 03:42:00.861100
7139,201606123428536,PRIN,48,35,500,1461,730500.00,2016-06-12 03:42:00.853600
7140,201606123428537,PRIN,49,35,350,1460,511000.00,2016-06-12 03:42:00.853700
7141,201606123428538,PRIN,45,35,150,1460,219000.00,2016-06-12 03:42:00.853800
7142,201606123428490,PRIN,42,26,400,1465,586000.00,2016-06-12 03:42:00.849000
7143,201606123428491,PRIN,42,38,1500,1470,2205000.00,2016-06-12 03:42:00.849100
7144,201606123428261,PRIN,49,44,300,1460,438000.00,2016-06-12 03:42:00.826100
7145,201606123428263,PRIN,48,33,500,1470,735000.00,2016-06-12 03:42:00.826300
7146,201606123428204,PRIN,33,26,200,1465,293000.00,2016-06-12 03:42:00.820400
7147,201606123428119,PRIN,49,32,50,1460,73000.00,2016-06-12 03:42:00.811900
7148,201606123428095,PRIN,1,28,50,1455,72750.00,2016-06-12 03:42:00.809500
7149,201606123428021,PRIN,41,39,100,1455,145500.00,2016-06-12 03:42:00.802100
7150,201606123428031,PRIN,1,45,200,1455,291000.00,2016-06-12 03:42:00.803100
7151,201606123427996,PRIN,17,32,100,1460,146000.00,2016-06-12 03:42:00.799600
7152,201606123427905,PRIN,17,32,100,1460,146000.00,2016-06-12 03:42:00.790500
7153,201606123427852,PRIN,11,33,100,1475,147500.00,2016-06-12 03:42:00.785200
7154,201606123427803,PRIN,17,28,300,1460,438000.00,2016-06-12 03:42:00.780300
7155,201606123427810,PRIN,17,26,500,1465,732500.00,2016-06-12 03:42:00.781000
7156,201606123427813,PRIN,17,38,200,1460,292000.00,2016-06-12 03:42:00.781300
7157,201606123427783,PRIN,6,7,50,1470,73500.00,2016-06-12 03:42:00.778300
7158,201606123427760,PRIN,25,28,500,1460,730000.00,2016-06-12 03:42:00.776000
7159,201606123427678,PRIN,33,26,500,1460,730000.00,2016-06-12 03:42:00.767800
7160,201606123427616,PRIN,17,57,200,1460,292000.00,2016-06-12 03:42:00.761600
7161,201606123427555,PRIN,53,58,200,1460,292000.00,2016-06-12 03:42:00.755500
7162,201606123427583,PRIN,17,58,170,1460,248200.00,2016-06-12 03:42:00.758300
7163,201606123427445,PRIN,32,40,300,1450,435000.00,2016-06-12 03:42:00.744500
7164,201606123427136,PRIN,48,58,300,1461,438300.00,2016-06-12 03:42:00.713600
7165,201606123427137,PRIN,28,58,90,1460,131400.00,2016-06-12 03:42:00.713700
7166,201606123427138,PRIN,38,58,200,1460,292000.00,2016-06-12 03:42:00.713800
7167,201606123427044,PRIN,48,58,200,1461,292200.00,2016-06-12 03:42:00.704400
7168,201606123426976,PRIN,21,44,142,1465,208030.00,2016-06-12 03:42:00.697600
7169,201606123426895,PRIN,38,40,72,1475,106200.00,2016-06-12 03:42:00.689500
7170,201606123426509,PRIN,38,36,20,1462,29240.00,2016-06-12 03:42:00.650900
7171,201606123426491,PRIN,28,32,10,1460,14600.00,2016-06-12 03:42:00.649100
7172,201606123426410,PRIN,5,38,490,1475,722750.00,2016-06-12 03:42:00.641000
7173,201606123426418,PRIN,21,36,500,1462,731000.00,2016-06-12 03:42:00.641800
7174,201606123426396,PRIN,57,50,2000,1470,2940000.00,2016-06-12 03:42:00.639600
7175,201606123426291,PRIN,17,58,100,1480,148000.00,2016-06-12 03:42:00.629100
7176,201606123426201,PRIN,17,58,100,1480,148000.00,2016-06-12 03:42:00.620100
7177,201606123426185,PRIN,17,40,150,1480,222000.00,2016-06-12 03:42:00.618500
7178,201606123426173,PRIN,41,40,100,1485,148500.00,2016-06-12 03:42:00.617300
7179,201606123426174,PRIN,48,40,100,1482,148200.00,2016-06-12 03:42:00.617400
7180,201606123426175,PRIN,19,40,150,1480,222000.00,2016-06-12 03:42:00.617500
7181,201606123426158,PRIN,37,50,100,1486,148600.00,2016-06-12 03:42:00.615800
7182,201606123426159,PRIN,5,50,70,1486,104020.00,2016-06-12 03:42:00.615900
7183,201606123425954,PRIN,5,19,100,1495,149500.00,2016-06-12 03:42:00.595400
7184,201606123425959,PRIN,41,41,150,1485,222750.00,2016-06-12 03:42:00.595900
7185,201606123425673,PRIN,11,11,170,1499,254830.00,2016-06-12 03:42:00.567300
7186,201606123425661,PRIN,39,47,450,1498,674100.00,2016-06-12 03:42:00.566100
7187,201606123425582,PRIN,33,11,520,1499,779480.00,2016-06-12 03:42:00.558200
7188,201606123425587,PRIN,50,11,410,1499,614590.00,2016-06-12 03:42:00.558700
7189,201606123425476,PRIN,50,11,400,1490,596000.00,2016-06-12 03:42:00.547600
7190,201606123425477,PRIN,21,11,100,1485,148500.00,2016-06-12 03:42:00.547700
7191,201606123425478,PRIN,21,11,400,1485,594000.00,2016-06-12 03:42:00.547800
7192,201606123425308,PRIN,40,21,100,1498,149800.00,2016-06-12 03:42:00.530800
7193,201606123425277,PRIN,33,14,480,1490,715200.00,2016-06-12 03:42:00.527700
7194,201606123425229,PRIN,21,36,200,1485,297000.00,2016-06-12 03:42:00.522900
7195,201606123425125,PRIN,50,16,410,1499,614590.00,2016-06-12 03:42:00.512500
7196,201606123425108,PRIN,45,17,200,1499,299800.00,2016-06-12 03:42:00.510800
7197,201606123425082,PRIN,4,36,400,1490,596000.00,2016-06-12 03:42:00.508200
7198,201606123424925,PRIN,17,21,100,1490,149000.00,2016-06-12 03:42:00.492500
7199,201606123424888,PRIN,46,59,17,1495,25415.00,2016-06-12 03:42:00.488800
7200,201606123424757,PRIN,48,14,100,1500,150000.00,2016-06-12 03:42:00.475700
7201,201606123424731,PRIN,14,33,1000,1495,1495000.00,2016-06-12 03:42:00.473100
7202,201606123424666,PRIN,22,14,300,1500,450000.00,2016-06-12 03:42:00.466600
7203,201606123424652,PRIN,22,14,200,1500,300000.00,2016-06-12 03:42:00.465200
7204,201606123424591,PRIN,41,14,20,1500,30000.00,2016-06-12 03:42:00.459100
7205,201606123424544,PRIN,38,41,100,1500,150000.00,2016-06-12 03:42:00.454400
7206,201606123424495,PRIN,41,14,30,1490,44700.00,2016-06-12 03:42:00.449500
7207,201606123424496,PRIN,41,8,50,1499,74950.00,2016-06-12 03:42:00.449600
7208,201606123424497,PRIN,41,36,200,1500,300000.00,2016-06-12 03:42:00.449700
7209,201606123424438,PRIN,51,14,100,1489,148900.00,2016-06-12 03:42:00.443800
7210,201606123424439,PRIN,39,14,100,1488,148800.00,2016-06-12 03:42:00.443900
7211,201606123424440,PRIN,38,14,300,1485,445500.00,2016-06-12 03:42:00.444000
7212,201606123424442,PRIN,32,41,733,1485,1088505.00,2016-06-12 03:42:00.444200
7213,201606123424267,PRIN,19,14,500,1480,740000.00,2016-06-12 03:42:00.426700
7214,201606123424226,PRIN,38,21,500,1480,740000.00,2016-06-12 03:42:00.422600
7215,201606123424192,PRIN,47,14,70,1480,103600.00,2016-06-12 03:42:00.419200
7216,201606123424179,PRIN,47,14,30,1480,44400.00,2016-06-12 03:42:00.417900
7217,201606123424116,PRIN,35,14,100,1476,147600.00,2016-06-12 03:42:00.411600
7218,201606123424054,PRIN,13,13,110,1476,162360.00,2016-06-12 03:42:00.405400
7219,201606123424003,PRIN,36,14,200,1472,294400.00,2016-06-12 03:42:00.400300
7220,201606123424018,PRIN,36,33,343,1475,505925.00,2016-06-12 03:42:00.401800
7221,201606123423978,PRIN,5,14,100,1470,147000.00,2016-06-12 03:42:00.397800
7222,201606123423938,PRIN,35,43,100,1470,147000.00,2016-06-12 03:42:00.393800
7223,201606123423848,PRIN,35,50,100,1470,147000.00,2016-06-12 03:42:00.384800
7224,201606123423737,PRIN,16,8,50,1465,73250.00,2016-06-12 03:42:00.373700
7225,201606123423738,PRIN,16,49,100,1468,146800.00,2016-06-12 03:42:00.373800
7226,201606123423708,PRIN,58,38,300,1460,438000.00,2016-06-12 03:42:00.370800
7227,201606123423685,PRIN,48,34,500,1454,727000.00,2016-06-12 03:42:00.368500
7228,201606123423591,PRIN,58,36,57,1440,82080.00,2016-06-12 03:42:00.359100
7229,201606123423559,PRIN,17,55,625,1430,893750.00,2016-06-12 03:42:00.355900
7230,201606123423571,PRIN,48,41,100,1435,143500.00,2016-06-12 03:42:00.357100
7231,201606123423478,PRIN,21,14,100,1420,142000.00,2016-06-12 03:42:00.347800
7232,201606123423479,PRIN,21,19,150,1420,213000.00,2016-06-12 03:42:00.347900
7233,201606123423383,PRIN,48,36,80,1412,112960.00,2016-06-12 03:42:00.338300
7234,201606123423384,PRIN,48,41,40,1412,56480.00,2016-06-12 03:42:00.338400
7235,201606123423385,PRIN,48,5,80,1417,113360.00,2016-06-12 03:42:00.338500
7236,201606123423338,PRIN,17,7,100,1400,140000.00,2016-06-12 03:42:00.333800
7237,201606123423341,PRIN,48,47,300,1400,420000.00,2016-06-12 03:42:00.334100
7238,201606123423274,PRIN,17,26,100,1400,140000.00,2016-06-12 03:42:00.327400
7239,201606123423244,PRIN,43,55,65,1395,90675.00,2016-06-12 03:42:00.324400
7240,201606123423146,PRIN,39,32,20,1390,27800.00,2016-06-12 03:42:00.314600
7241,201606123423114,PRIN,50,40,38,1386,52668.00,2016-06-12 03:42:00.311400
7242,201606123423089,PRIN,17,26,500,1385,692500.00,2016-06-12 03:42:00.308900
7243,201606123423039,PRIN,17,43,57,1385,78945.00,2016-06-12 03:42:00.303900
7244,201606123423051,PRIN,17,47,100,1380,138000.00,2016-06-12 03:42:00.305100
7245,201606123423035,PRIN,17,32,180,1385,249300.00,2016-06-12 03:42:00.303500
7246,201606123423012,PRIN,50,43,103,1384,142552.00,2016-06-12 03:42:00.301200
7247,201606123422868,PRIN,55,11,100,1360,136000.00,2016-06-12 03:42:00.286800
7248,201606123422857,PRIN,48,39,500,1361,680500.00,2016-06-12 03:42:00.285700
7249,201606123422733,PRIN,17,36,300,1385,415500.00,2016-06-12 03:42:00.273300
7250,201606123422705,PRIN,32,32,80,1390,111200.00,2016-06-12 03:42:00.270500
7251,201606123422706,PRIN,7,32,100,1390,139000.00,2016-06-12 03:42:00.270600
7252,201606123422535,PRIN,32,10,220,1412,310640.00,2016-06-12 03:42:00.253500
7253,201606123422540,PRIN,32,20,200,1412,282400.00,2016-06-12 03:42:00.254000
7254,201606093422054,PRIN,43,39,48,1440,69120.00,2016-06-09 03:42:00.205400
7255,201606093422017,PRIN,5,38,100,1441,144100.00,2016-06-09 03:42:00.201700
7256,201606093421968,PRIN,38,38,300,1439,431700.00,2016-06-09 03:42:00.196800
7257,201606093421993,PRIN,43,41,500,1440,720000.00,2016-06-09 03:42:00.199300
7258,201606093421948,PRIN,7,38,100,1439,143900.00,2016-06-09 03:42:00.194800
7259,201606093421965,PRIN,56,38,100,1439,143900.00,2016-06-09 03:42:00.196500
7260,201606093421966,PRIN,48,38,500,1439,719500.00,2016-06-09 03:42:00.196600
7261,201606093421885,PRIN,48,38,200,1440,288000.00,2016-06-09 03:42:00.188500
7262,201606093421855,PRIN,5,38,100,1440,144000.00,2016-06-09 03:42:00.185500
7263,201606093421800,PRIN,7,38,100,1440,144000.00,2016-06-09 03:42:00.180000
7264,201606093421709,PRIN,29,45,500,1440,720000.00,2016-06-09 03:42:00.170900
7265,201606093421703,PRIN,29,45,500,1440,720000.00,2016-06-09 03:42:00.170300
7266,201606093421678,PRIN,29,38,400,1439,575600.00,2016-06-09 03:42:00.167800
7267,201606093421679,PRIN,29,6,100,1439,143900.00,2016-06-09 03:42:00.167900
7268,201606093421649,PRIN,51,38,100,1439,143900.00,2016-06-09 03:42:00.164900
7269,201606093421624,PRIN,7,33,100,1435,143500.00,2016-06-09 03:42:00.162400
7270,201606093421544,PRIN,17,14,100,1435,143500.00,2016-06-09 03:42:00.154400
7271,201606093421555,PRIN,17,38,200,1435,287000.00,2016-06-09 03:42:00.155500
7272,201606093421559,PRIN,17,33,1372,1438,1972936.00,2016-06-09 03:42:00.155900
7273,201606093421531,PRIN,48,36,140,1435,200900.00,2016-06-09 03:42:00.153100
7274,201606093421536,PRIN,17,36,160,1435,229600.00,2016-06-09 03:42:00.153600
7275,201606093421509,PRIN,48,20,560,1434,803040.00,2016-06-09 03:42:00.150900
7276,201606093421368,PRIN,55,20,40,1434,57360.00,2016-06-09 03:42:00.136800
7277,201606093421299,PRIN,1,41,300,1420,426000.00,2016-06-09 03:42:00.129900
7278,201606093421246,PRIN,17,59,25,1417,35425.00,2016-06-09 03:42:00.124600
7279,201606093421248,PRIN,55,41,100,1420,142000.00,2016-06-09 03:42:00.124800
7280,201606093421153,PRIN,28,21,100,1430,143000.00,2016-06-09 03:42:00.115300
7281,201606093421154,PRIN,21,21,200,1430,286000.00,2016-06-09 03:42:00.115400
7282,201606093421167,PRIN,41,21,100,1423,142300.00,2016-06-09 03:42:00.116700
7283,201606093421168,PRIN,39,21,50,1422,71100.00,2016-06-09 03:42:00.116800
7284,201606093421169,PRIN,39,21,40,1422,56880.00,2016-06-09 03:42:00.116900
7285,201606093421170,PRIN,45,21,20,1420,28400.00,2016-06-09 03:42:00.117000
7286,201606093421171,PRIN,40,21,300,1420,426000.00,2016-06-09 03:42:00.117100
7287,201606093421172,PRIN,32,21,50,1417,70850.00,2016-06-09 03:42:00.117200
7288,201606093421173,PRIN,17,21,140,1417,198380.00,2016-06-09 03:42:00.117300
7289,201606093421146,PRIN,26,36,200,1435,287000.00,2016-06-09 03:42:00.114600
7290,201606093421013,PRIN,5,49,100,1435,143500.00,2016-06-09 03:42:00.101300
7291,201606093420919,PRIN,50,45,161,1430,230230.00,2016-06-09 03:42:00.091900
7292,201606093420876,PRIN,48,38,500,1439,719500.00,2016-06-09 03:42:00.087600
7293,201606093420714,PRIN,48,29,200,1430,286000.00,2016-06-09 03:42:00.071400
7294,201606093420715,PRIN,48,41,300,1430,429000.00,2016-06-09 03:42:00.071500
7295,201606093420680,PRIN,48,34,840,1440,1209600.00,2016-06-09 03:42:00.068000
7296,201606093420684,PRIN,19,29,300,1430,429000.00,2016-06-09 03:42:00.068400
7297,201606093420643,PRIN,1,13,50,1436,71800.00,2016-06-09 03:42:00.064300
7298,201606093420644,PRIN,42,13,30,1436,43080.00,2016-06-09 03:42:00.064400
7299,201606093420645,PRIN,13,13,300,1431,429300.00,2016-06-09 03:42:00.064500
7300,201606093420608,PRIN,28,38,100,1441,144100.00,2016-06-09 03:42:00.060800
7301,201606093420609,PRIN,28,38,200,1441,288200.00,2016-06-09 03:42:00.060900
7302,201606093420542,PRIN,10,16,50,1423,71150.00,2016-06-09 03:42:00.054200
7303,201606093420545,PRIN,1,35,500,1436,718000.00,2016-06-09 03:42:00.054500
7304,201606093420551,PRIN,42,19,70,1436,100520.00,2016-06-09 03:42:00.055100
7305,201606093420432,PRIN,45,8,50,1431,71550.00,2016-06-09 03:42:00.043200
7306,201606093420433,PRIN,45,26,50,1433,71650.00,2016-06-09 03:42:00.043300
7307,201606093420434,PRIN,45,26,485,1440,698400.00,2016-06-09 03:42:00.043400
7308,201606093420436,PRIN,36,16,100,1423,142300.00,2016-06-09 03:42:00.043600
7309,201606093420437,PRIN,5,16,100,1423,142300.00,2016-06-09 03:42:00.043700
7310,201606093420404,PRIN,14,13,100,1430,143000.00,2016-06-09 03:42:00.040400
7311,201606093420405,PRIN,14,50,200,1430,286000.00,2016-06-09 03:42:00.040500
7312,201606093420369,PRIN,48,59,730,1430,1043900.00,2016-06-09 03:42:00.036900
7313,201606093420339,PRIN,38,38,50,1430,71500.00,2016-06-09 03:42:00.033900
7314,201606093420340,PRIN,38,59,100,1430,143000.00,2016-06-09 03:42:00.034000
7315,201606093420175,PRIN,55,38,100,1430,143000.00,2016-06-09 03:42:00.017500
7316,201606093420181,PRIN,50,41,300,1430,429000.00,2016-06-09 03:42:00.018100
7317,201606093420043,PRIN,49,38,50,1430,71500.00,2016-06-09 03:42:00.004300
7318,201606093420044,PRIN,5,38,100,1430,143000.00,2016-06-09 03:42:00.004400
7319,201606093420005,PRIN,51,32,300,1430,429000.00,2016-06-09 03:42:00.000500
7320,201606093420006,PRIN,51,54,200,1430,286000.00,2016-06-09 03:42:00.000600
7321,201606093419851,PRIN,49,8,50,1430,71500.00,2016-06-09 03:41:00.985100
7322,201606093419855,PRIN,11,40,290,1429,414410.00,2016-06-09 03:41:00.985500
7323,201606093419856,PRIN,11,38,10,1441,14410.00,2016-06-09 03:41:00.985600
7324,201606093419827,PRIN,49,49,500,1420,710000.00,2016-06-09 03:41:00.982700
7325,201606093419758,PRIN,39,32,10,1426,14260.00,2016-06-09 03:41:00.975800
7326,201606093419759,PRIN,39,45,50,1428,71400.00,2016-06-09 03:41:00.975900
7327,201606093419722,PRIN,39,32,30,1426,42780.00,2016-06-09 03:41:00.972200
7328,201606093419723,PRIN,39,32,15,1426,21390.00,2016-06-09 03:41:00.972300
7329,201606093419654,PRIN,14,19,77,1420,109340.00,2016-06-09 03:41:00.965400
7330,201606093419655,PRIN,45,32,180,1420,255600.00,2016-06-09 03:41:00.965500
7331,201606093419675,PRIN,49,49,505,1418,716090.00,2016-06-09 03:41:00.967500
7332,201606093419644,PRIN,45,26,209,1420,296780.00,2016-06-09 03:41:00.964400
7333,201606093419589,PRIN,5,38,150,1421,213150.00,2016-06-09 03:41:00.958900
7334,201606093419593,PRIN,5,38,100,1420,142000.00,2016-06-09 03:41:00.959300
7335,201606093419550,PRIN,5,25,142,1420,201640.00,2016-06-09 03:41:00.955000
7336,201606093419496,PRIN,32,8,50,1417,70850.00,2016-06-09 03:41:00.949600
7337,201606093419473,PRIN,35,26,100,1415,141500.00,2016-06-09 03:41:00.947300
7338,201606093419474,PRIN,35,10,100,1415,141500.00,2016-06-09 03:41:00.947400
7339,201606093419475,PRIN,35,45,100,1415,141500.00,2016-06-09 03:41:00.947500
7340,201606093419460,PRIN,58,54,100,1415,141500.00,2016-06-09 03:41:00.946000
7341,201606093419461,PRIN,58,35,100,1415,141500.00,2016-06-09 03:41:00.946100
7342,201606093419380,PRIN,8,19,54,1415,76410.00,2016-06-09 03:41:00.938000
7343,201606093419315,PRIN,38,45,100,1414,141400.00,2016-06-09 03:41:00.931500
7344,201606093419326,PRIN,38,8,50,1415,70750.00,2016-06-09 03:41:00.932600
7345,201606093419327,PRIN,38,45,20,1415,28300.00,2016-06-09 03:41:00.932700
7346,201606093419304,PRIN,17,57,250,1410,352500.00,2016-06-09 03:41:00.930400
7347,201606093419216,PRIN,26,33,350,1414,494900.00,2016-06-09 03:41:00.921600
7348,201606093419217,PRIN,26,38,50,1414,70700.00,2016-06-09 03:41:00.921700
7349,201606093419180,PRIN,6,33,50,1414,70700.00,2016-06-09 03:41:00.918000
7350,201606093419158,PRIN,5,33,50,1414,70700.00,2016-06-09 03:41:00.915800
7351,201606093419143,PRIN,5,33,50,1414,70700.00,2016-06-09 03:41:00.914300
7352,201606093419063,PRIN,48,55,200,1410,282000.00,2016-06-09 03:41:00.906300
7353,201606093419044,PRIN,48,38,200,1409,281800.00,2016-06-09 03:41:00.904400
7354,201606093419045,PRIN,48,54,100,1410,141000.00,2016-06-09 03:41:00.904500
7355,201606093419046,PRIN,48,38,21,1410,29610.00,2016-06-09 03:41:00.904600
7356,201606093419020,PRIN,48,11,420,1405,590100.00,2016-06-09 03:41:00.902000
7357,201606093419021,PRIN,29,11,260,1405,365300.00,2016-06-09 03:41:00.902100
7358,201606093419024,PRIN,17,11,320,1404,449280.00,2016-06-09 03:41:00.902400
7359,201606093419025,PRIN,17,47,50,1406,70300.00,2016-06-09 03:41:00.902500
7360,201606093418953,PRIN,48,33,130,1405,182650.00,2016-06-09 03:41:00.895300
7361,201606093418954,PRIN,48,55,100,1405,140500.00,2016-06-09 03:41:00.895400
7362,201606093418955,PRIN,48,8,50,1405,70250.00,2016-06-09 03:41:00.895500
7363,201606093418950,PRIN,26,33,110,1405,154550.00,2016-06-09 03:41:00.895000
7364,201606093418907,PRIN,40,21,110,1404,154440.00,2016-06-09 03:41:00.890700
7365,201606093418853,PRIN,17,58,40,1403,56120.00,2016-06-09 03:41:00.885300
7366,201606093418854,PRIN,17,33,60,1405,84300.00,2016-06-09 03:41:00.885400
7367,201606093418798,PRIN,38,41,200,1401,280200.00,2016-06-09 03:41:00.879800
7368,201606093418817,PRIN,38,17,40,1400,56000.00,2016-06-09 03:41:00.881700
7369,201606093418818,PRIN,38,58,50,1403,70150.00,2016-06-09 03:41:00.881800
7370,201606093418745,PRIN,38,52,100,1400,140000.00,2016-06-09 03:41:00.874500
7371,201606093418746,PRIN,38,45,50,1400,70000.00,2016-06-09 03:41:00.874600
7372,201606093418653,PRIN,45,28,200,1400,280000.00,2016-06-09 03:41:00.865300
7373,201606093418615,PRIN,32,43,33,1400,46200.00,2016-06-09 03:41:00.861500
7374,201606093418509,PRIN,8,17,400,1399,559600.00,2016-06-09 03:41:00.850900
7375,201606093418486,PRIN,17,56,179,1395,249705.00,2016-06-09 03:41:00.848600
7376,201606093418426,PRIN,41,6,25,1399,34975.00,2016-06-09 03:41:00.842600
7377,201606093418392,PRIN,26,21,100,1395,139500.00,2016-06-09 03:41:00.839200
7378,201606093418377,PRIN,17,54,302,1395,421290.00,2016-06-09 03:41:00.837700
7379,201606093418274,PRIN,19,54,250,1397,349250.00,2016-06-09 03:41:00.827400
7380,201606093418235,PRIN,42,40,500,1396,698000.00,2016-06-09 03:41:00.823500
7381,201606093418207,PRIN,55,11,100,1402,140200.00,2016-06-09 03:41:00.820700
7382,201606093418209,PRIN,4,17,24,1398,33552.00,2016-06-09 03:41:00.820900
7383,201606093418122,PRIN,58,43,200,1402,280400.00,2016-06-09 03:41:00.812200
7384,201606093418100,PRIN,17,13,100,1401,140100.00,2016-06-09 03:41:00.810000
7385,201606093418112,PRIN,17,47,280,1400,392000.00,2016-06-09 03:41:00.811200
7386,201606093418113,PRIN,17,38,200,1400,280000.00,2016-06-09 03:41:00.811300
7387,201606093418054,PRIN,19,11,50,1400,70000.00,2016-06-09 03:41:00.805400
7388,201606093418049,PRIN,17,51,40,1400,56000.00,2016-06-09 03:41:00.804900
7389,201606093418050,PRIN,17,11,30,1400,42000.00,2016-06-09 03:41:00.805000
7390,201606093418051,PRIN,17,33,202,1400,282800.00,2016-06-09 03:41:00.805100
7391,201606093417929,PRIN,17,51,500,1400,700000.00,2016-06-09 03:41:00.792900
7392,201606093417947,PRIN,36,51,200,1400,280000.00,2016-06-09 03:41:00.794700
7393,201606093417725,PRIN,16,14,45,1395,62775.00,2016-06-09 03:41:00.772500
7394,201606093417711,PRIN,35,14,500,1393,696500.00,2016-06-09 03:41:00.771100
7395,201606093417701,PRIN,42,51,200,1400,280000.00,2016-06-09 03:41:00.770100
7396,201606093417648,PRIN,17,11,200,1399,279800.00,2016-06-09 03:41:00.764800
7397,201606093417649,PRIN,17,51,300,1400,420000.00,2016-06-09 03:41:00.764900
7398,201606093417632,PRIN,28,38,200,1400,280000.00,2016-06-09 03:41:00.763200
7399,201606093417605,PRIN,28,51,110,1400,154000.00,2016-06-09 03:41:00.760500
7400,201606093417580,PRIN,28,52,100,1399,139900.00,2016-06-09 03:41:00.758000
7401,201606093417581,PRIN,28,51,100,1400,140000.00,2016-06-09 03:41:00.758100
7402,201606093417583,PRIN,58,41,500,1400,700000.00,2016-06-09 03:41:00.758300
7403,201606093417414,PRIN,32,38,900,1401,1260900.00,2016-06-09 03:41:00.741400
7404,201606093417415,PRIN,32,40,100,1401,140100.00,2016-06-09 03:41:00.741500
7405,201606093417398,PRIN,17,38,50,1400,70000.00,2016-06-09 03:41:00.739800
7406,201606093417364,PRIN,17,48,50,1400,70000.00,2016-06-09 03:41:00.736400
7407,201606093417371,PRIN,32,16,300,1400,420000.00,2016-06-09 03:41:00.737100
7408,201606093417372,PRIN,32,21,400,1400,560000.00,2016-06-09 03:41:00.737200
7409,201606093417373,PRIN,32,21,1000,1400,1400000.00,2016-06-09 03:41:00.737300
7410,201606093417374,PRIN,32,13,150,1400,210000.00,2016-06-09 03:41:00.737400
7411,201606093417375,PRIN,32,19,100,1400,140000.00,2016-06-09 03:41:00.737500
7412,201606093417376,PRIN,32,47,400,1400,560000.00,2016-06-09 03:41:00.737600
7413,201606093417377,PRIN,32,19,335,1400,469000.00,2016-06-09 03:41:00.737700
7414,201606093417359,PRIN,17,33,10,1400,14000.00,2016-06-09 03:41:00.735900
7415,201606093417360,PRIN,21,33,70,1395,97650.00,2016-06-09 03:41:00.736000
7416,201606093417361,PRIN,38,33,100,1395,139500.00,2016-06-09 03:41:00.736100
7417,201606093417362,PRIN,16,33,120,1395,167400.00,2016-06-09 03:41:00.736200
7418,201606093417092,PRIN,35,34,160,1398,223680.00,2016-06-09 03:41:00.709200
7419,201606093417093,PRIN,35,21,300,1399,419700.00,2016-06-09 03:41:00.709300
7420,201606093417094,PRIN,35,21,200,1399,279800.00,2016-06-09 03:41:00.709400
7421,201606093417095,PRIN,35,43,200,1399,279800.00,2016-06-09 03:41:00.709500
7422,201606093417096,PRIN,35,59,100,1400,140000.00,2016-06-09 03:41:00.709600
7423,201606093417097,PRIN,35,59,15,1400,21000.00,2016-06-09 03:41:00.709700
7424,201606093417190,PRIN,8,29,200,1399,279800.00,2016-06-09 03:41:00.719000
7425,201606093417191,PRIN,8,41,300,1400,420000.00,2016-06-09 03:41:00.719100
7426,201606093417201,PRIN,8,57,500,1400,700000.00,2016-06-09 03:41:00.720100
7427,201606093417250,PRIN,16,43,300,1399,419700.00,2016-06-09 03:41:00.725000
7428,201606093417286,PRIN,20,51,60,1400,84000.00,2016-06-09 03:41:00.728600
7429,201606093417311,PRIN,21,26,20,1395,27900.00,2016-06-09 03:41:00.731100
7430,201606093417312,PRIN,21,26,150,1395,209250.00,2016-06-09 03:41:00.731200
7431,201606093417313,PRIN,21,26,130,1395,181350.00,2016-06-09 03:41:00.731300
7432,201606093417318,PRIN,29,41,244,1399,341356.00,2016-06-09 03:41:00.731800
7433,201606093417338,PRIN,17,38,200,1400,280000.00,2016-06-09 03:41:00.733800
7434,201606093417339,PRIN,17,51,40,1400,56000.00,2016-06-09 03:41:00.733900
7435,201606093417090,PRIN,21,51,100,1395,139500.00,2016-06-09 03:41:00.709000
7436,201606093417027,PRIN,1,43,160,1398,223680.00,2016-06-09 03:41:00.702700
7437,201606093416993,PRIN,48,21,200,1398,279600.00,2016-06-09 03:41:00.699300
7438,201606093416994,PRIN,1,21,40,1398,55920.00,2016-06-09 03:41:00.699400
7439,201606093416955,PRIN,57,6,50,1399,69950.00,2016-06-09 03:41:00.695500
7440,201606093416905,PRIN,57,36,350,1399,489650.00,2016-06-09 03:41:00.690500
7441,201606093416906,PRIN,57,26,100,1399,139900.00,2016-06-09 03:41:00.690600
7442,201606093416853,PRIN,55,36,100,1399,139900.00,2016-06-09 03:41:00.685300
7443,201606093416844,PRIN,48,21,300,1398,419400.00,2016-06-09 03:41:00.684400
7444,201606093416845,PRIN,48,38,50,1399,69950.00,2016-06-09 03:41:00.684500
7445,201606093416846,PRIN,48,36,150,1399,209850.00,2016-06-09 03:41:00.684600
7446,201606093416764,PRIN,11,34,200,1398,279600.00,2016-06-09 03:41:00.676400
7447,201606093416729,PRIN,38,38,150,1392,208800.00,2016-06-09 03:41:00.672900
7448,201606093416595,PRIN,49,38,150,1399,209850.00,2016-06-09 03:41:00.659500
7449,201606093416568,PRIN,49,38,150,1399,209850.00,2016-06-09 03:41:00.656800
7450,201606093416569,PRIN,49,21,200,1399,279800.00,2016-06-09 03:41:00.656900
7451,201606093416527,PRIN,21,55,100,1400,140000.00,2016-06-09 03:41:00.652700
7452,201606093416498,PRIN,1,37,100,1399,139900.00,2016-06-09 03:41:00.649800
7453,201606093416489,PRIN,1,40,20,1390,27800.00,2016-06-09 03:41:00.648900
7454,201606093416454,PRIN,51,40,10,1395,13950.00,2016-06-09 03:41:00.645400
7455,201606093416434,PRIN,8,14,100,1395,139500.00,2016-06-09 03:41:00.643400
7456,201606093416435,PRIN,51,14,490,1395,683550.00,2016-06-09 03:41:00.643500
7457,201606093416425,PRIN,1,37,200,1399,279800.00,2016-06-09 03:41:00.642500
7458,201606093416412,PRIN,55,38,200,1395,279000.00,2016-06-09 03:41:00.641200
7459,201606093416416,PRIN,1,38,250,1399,349750.00,2016-06-09 03:41:00.641600
7460,201606093416417,PRIN,1,32,200,1399,279800.00,2016-06-09 03:41:00.641700
7461,201606093416402,PRIN,8,40,100,1395,139500.00,2016-06-09 03:41:00.640200
7462,201606093416377,PRIN,8,55,300,1395,418500.00,2016-06-09 03:41:00.637700
7463,201606093416378,PRIN,8,36,320,1395,446400.00,2016-06-09 03:41:00.637800
7464,201606093416392,PRIN,55,4,209,1398,292182.00,2016-06-09 03:41:00.639200
7465,201606093416367,PRIN,58,6,20,1395,27900.00,2016-06-09 03:41:00.636700
7466,201606093416368,PRIN,58,36,180,1395,251100.00,2016-06-09 03:41:00.636800
7467,201606093416347,PRIN,8,26,100,1394,139400.00,2016-06-09 03:41:00.634700
7468,201606093416312,PRIN,21,29,396,1390,550440.00,2016-06-09 03:41:00.631200
7469,201606093416315,PRIN,8,34,89,1390,123710.00,2016-06-09 03:41:00.631500
7470,201606093416320,PRIN,8,21,300,1390,417000.00,2016-06-09 03:41:00.632000
7471,201606093416301,PRIN,1,36,470,1390,653300.00,2016-06-09 03:41:00.630100
7472,201606093416290,PRIN,40,35,500,1380,690000.00,2016-06-09 03:41:00.629000
7473,201606093416209,PRIN,48,36,30,1390,41700.00,2016-06-09 03:41:00.620900
7474,201606093416118,PRIN,48,33,300,1390,417000.00,2016-06-09 03:41:00.611800
7475,201606093416084,PRIN,45,53,200,1385,277000.00,2016-06-09 03:41:00.608400
7476,201606093416088,PRIN,48,7,270,1385,373950.00,2016-06-09 03:41:00.608800
7477,201606093416089,PRIN,48,33,200,1385,277000.00,2016-06-09 03:41:00.608900
7478,201606093416090,PRIN,48,14,200,1390,278000.00,2016-06-09 03:41:00.609000
7479,201606093416040,PRIN,57,26,200,1389,277800.00,2016-06-09 03:41:00.604000
7480,201606093415982,PRIN,52,52,100,1378,137800.00,2016-06-09 03:41:00.598200
7481,201606093415959,PRIN,19,33,250,1381,345250.00,2016-06-09 03:41:00.595900
7482,201606093415960,PRIN,53,33,300,1380,414000.00,2016-06-09 03:41:00.596000
7483,201606093415961,PRIN,5,33,650,1377,895050.00,2016-06-09 03:41:00.596100
7484,201606093415901,PRIN,35,36,500,1400,700000.00,2016-06-09 03:41:00.590100
7485,201606093415880,PRIN,10,33,300,1400,420000.00,2016-06-09 03:41:00.588000
7486,201606093415798,PRIN,35,7,500,1400,700000.00,2016-06-09 03:41:00.579800
7487,201606093415799,PRIN,35,58,10,1403,14030.00,2016-06-09 03:41:00.579900
7488,201606093415782,PRIN,59,58,100,1403,140300.00,2016-06-09 03:41:00.578200
7489,201606093415753,PRIN,59,33,200,1405,281000.00,2016-06-09 03:41:00.575300
7490,201606093415763,PRIN,59,14,100,1400,140000.00,2016-06-09 03:41:00.576300
7491,201606093415710,PRIN,10,14,60,1410,84600.00,2016-06-09 03:41:00.571000
7492,201606093415711,PRIN,35,51,567,1410,799470.00,2016-06-09 03:41:00.571100
7493,201606093415670,PRIN,35,33,500,1400,700000.00,2016-06-09 03:41:00.567000
7494,201606093415672,PRIN,10,26,200,1407,281400.00,2016-06-09 03:41:00.567200
7495,201606093415674,PRIN,10,16,40,1410,56400.00,2016-06-09 03:41:00.567400
7496,201606093415675,PRIN,26,14,100,1390,139000.00,2016-06-09 03:41:00.567500
7497,201606093415659,PRIN,35,38,250,1408,352000.00,2016-06-09 03:41:00.565900
7498,201606093415660,PRIN,35,45,200,1410,282000.00,2016-06-09 03:41:00.566000
7499,201606093415661,PRIN,35,43,100,1410,141000.00,2016-06-09 03:41:00.566100
7500,201606093415662,PRIN,35,32,492,1415,696180.00,2016-06-09 03:41:00.566200
7501,201606093415623,PRIN,36,20,150,1399,209850.00,2016-06-09 03:41:00.562300
7502,201606093415624,PRIN,36,13,500,1400,700000.00,2016-06-09 03:41:00.562400
7503,201606093415585,PRIN,48,21,120,1390,166800.00,2016-06-09 03:41:00.558500
7504,201606093415586,PRIN,48,4,50,1395,69750.00,2016-06-09 03:41:00.558600
7505,201606093415587,PRIN,48,33,500,1395,697500.00,2016-06-09 03:41:00.558700
7506,201606093415588,PRIN,48,20,830,1399,1161170.00,2016-06-09 03:41:00.558800
7507,201606093415508,PRIN,50,13,500,1370,685000.00,2016-06-09 03:41:00.550800
7508,201606093415509,PRIN,54,33,500,1388,694000.00,2016-06-09 03:41:00.550900
7509,201606093415510,PRIN,54,20,10,1388,13880.00,2016-06-09 03:41:00.551000
7510,201606093415469,PRIN,17,20,10,1361,13610.00,2016-06-09 03:41:00.546900
7511,201606093415470,PRIN,17,8,50,1361,68050.00,2016-06-09 03:41:00.547000
7512,201606093415471,PRIN,17,43,100,1361,136100.00,2016-06-09 03:41:00.547100
7513,201606093415462,PRIN,33,33,400,1336,534400.00,2016-06-09 03:41:00.546200
7514,201606093415425,PRIN,20,33,200,1335,267000.00,2016-06-09 03:41:00.542500
7515,201606083415295,PRIN,57,38,50,1310,65500.00,2016-06-08 03:41:00.529500
7516,201606083415139,PRIN,57,32,100,1310,131000.00,2016-06-08 03:41:00.513900
7517,201606083415106,PRIN,29,38,100,1313,131300.00,2016-06-08 03:41:00.510600
7518,201606083415107,PRIN,57,38,50,1310,65500.00,2016-06-08 03:41:00.510700
7519,201606083415066,PRIN,29,33,200,1310,262000.00,2016-06-08 03:41:00.506600
7520,201606083415067,PRIN,29,26,200,1312,262400.00,2016-06-08 03:41:00.506700
7521,201606083415037,PRIN,20,40,500,1309,654500.00,2016-06-08 03:41:00.503700
7522,201606083414986,PRIN,50,26,100,1309,130900.00,2016-06-08 03:41:00.498600
7523,201606083414987,PRIN,50,33,100,1310,131000.00,2016-06-08 03:41:00.498700
7524,201606083414958,PRIN,1,11,100,1300,130000.00,2016-06-08 03:41:00.495800
7525,201606083414942,PRIN,17,40,200,1305,261000.00,2016-06-08 03:41:00.494200
7526,201606083414934,PRIN,11,14,1100,1300,1430000.00,2016-06-08 03:41:00.493400
7527,201606083414747,PRIN,5,14,200,1301,260200.00,2016-06-08 03:41:00.474700
7528,201606083414748,PRIN,36,14,900,1300,1170000.00,2016-06-08 03:41:00.474800
7529,201606083414749,PRIN,13,14,70,1300,91000.00,2016-06-08 03:41:00.474900
7530,201606083414673,PRIN,36,11,100,1300,130000.00,2016-06-08 03:41:00.467300
7531,201606083414661,PRIN,36,13,70,1305,91350.00,2016-06-08 03:41:00.466100
7532,201606083414544,PRIN,5,13,300,1301,390300.00,2016-06-08 03:41:00.454400
7533,201606083414545,PRIN,1,13,30,1300,39000.00,2016-06-08 03:41:00.454500
7534,201606083414546,PRIN,5,13,100,1300,130000.00,2016-06-08 03:41:00.454600
7535,201606083414494,PRIN,17,17,300,1300,390000.00,2016-06-08 03:41:00.449400
7536,201606083414496,PRIN,17,17,450,1300,585000.00,2016-06-08 03:41:00.449600
7537,201606083414480,PRIN,1,55,50,1300,65000.00,2016-06-08 03:41:00.448000
7538,201606083414361,PRIN,36,22,20,1313,26260.00,2016-06-08 03:41:00.436100
7539,201606083414364,PRIN,36,42,80,1313,105040.00,2016-06-08 03:41:00.436400
7540,201606083414365,PRIN,26,42,100,1310,131000.00,2016-06-08 03:41:00.436500
7541,201606083414366,PRIN,50,42,200,1310,262000.00,2016-06-08 03:41:00.436600
7542,201606083414367,PRIN,1,42,520,1300,676000.00,2016-06-08 03:41:00.436700
7543,201606083414343,PRIN,14,14,500,1310,655000.00,2016-06-08 03:41:00.434300
7544,201606083414349,PRIN,26,22,80,1313,105040.00,2016-06-08 03:41:00.434900
7545,201606083414336,PRIN,26,37,20,1309,26180.00,2016-06-08 03:41:00.433600
7546,201606083414337,PRIN,26,8,100,1310,131000.00,2016-06-08 03:41:00.433700
7547,201606083414282,PRIN,1,11,200,1300,260000.00,2016-06-08 03:41:00.428200
7548,201606083414224,PRIN,14,28,500,1310,655000.00,2016-06-08 03:41:00.422400
7549,201606083414216,PRIN,14,37,45,1304,58680.00,2016-06-08 03:41:00.421600
7550,201606083414217,PRIN,14,25,95,1305,123975.00,2016-06-08 03:41:00.421700
7551,201606083414218,PRIN,14,59,25,1307,32675.00,2016-06-08 03:41:00.421800
7552,201606083414219,PRIN,14,40,100,1310,131000.00,2016-06-08 03:41:00.421900
7553,201606083414137,PRIN,5,48,20,1299,25980.00,2016-06-08 03:41:00.413700
7554,201606083414093,PRIN,10,17,300,1300,390000.00,2016-06-08 03:41:00.409300
7555,201606083414023,PRIN,50,50,100,1305,130500.00,2016-06-08 03:41:00.402300
7556,201606083413855,PRIN,36,32,100,1305,130500.00,2016-06-08 03:41:00.385500
7557,201606083413856,PRIN,36,37,100,1306,130600.00,2016-06-08 03:41:00.385600
7558,201606083413817,PRIN,10,38,200,1306,261200.00,2016-06-08 03:41:00.381700
7559,201606083413818,PRIN,10,38,200,1306,261200.00,2016-06-08 03:41:00.381800
7560,201606083413803,PRIN,1,37,100,1306,130600.00,2016-06-08 03:41:00.380300
7561,201606083413739,PRIN,36,33,500,1305,652500.00,2016-06-08 03:41:00.373900
7562,201606083413665,PRIN,36,13,750,1300,975000.00,2016-06-08 03:41:00.366500
7563,201606083413624,PRIN,5,13,200,1300,260000.00,2016-06-08 03:41:00.362400
7564,201606083413623,PRIN,10,13,50,1305,65250.00,2016-06-08 03:41:00.362300
7565,201606083413541,PRIN,55,33,200,1305,261000.00,2016-06-08 03:41:00.354100
7566,201606083413544,PRIN,10,33,50,1305,65250.00,2016-06-08 03:41:00.354400
7567,201606083413537,PRIN,1,1,150,1305,195750.00,2016-06-08 03:41:00.353700
7568,201606083413538,PRIN,46,1,100,1305,130500.00,2016-06-08 03:41:00.353800
7569,201606083413525,PRIN,1,58,50,1305,65250.00,2016-06-08 03:41:00.352500
7570,201606083413514,PRIN,17,58,50,1305,65250.00,2016-06-08 03:41:00.351400
7571,201606083413456,PRIN,1,48,50,1315,65750.00,2016-06-08 03:41:00.345600
7572,201606083413403,PRIN,47,33,100,1300,130000.00,2016-06-08 03:41:00.340300
7573,201606083413404,PRIN,48,33,1000,1300,1300000.00,2016-06-08 03:41:00.340400
7574,201606083413405,PRIN,29,33,200,1300,260000.00,2016-06-08 03:41:00.340500
7575,201606083413389,PRIN,10,55,200,1310,262000.00,2016-06-08 03:41:00.338900
7576,201606083413393,PRIN,21,1,220,1301,286220.00,2016-06-08 03:41:00.339300
7577,201606083413335,PRIN,10,1,50,1309,65450.00,2016-06-08 03:41:00.333500
7578,201606083413340,PRIN,21,16,400,1308,523200.00,2016-06-08 03:41:00.334000
7579,201606083413341,PRIN,21,34,100,1309,130900.00,2016-06-08 03:41:00.334100
7580,201606083413342,PRIN,21,54,750,1310,982500.00,2016-06-08 03:41:00.334200
7581,201606083413343,PRIN,21,40,30,1310,39300.00,2016-06-08 03:41:00.334300
7582,201606083413329,PRIN,10,38,50,1308,65400.00,2016-06-08 03:41:00.332900
7583,201606083413284,PRIN,1,54,50,1310,65500.00,2016-06-08 03:41:00.328400
7584,201606083413306,PRIN,21,34,100,1309,130900.00,2016-06-08 03:41:00.330600
7585,201606083413307,PRIN,21,1,100,1310,131000.00,2016-06-08 03:41:00.330700
7586,201606083413244,PRIN,33,14,500,1300,650000.00,2016-06-08 03:41:00.324400
7587,201606083413226,PRIN,5,38,200,1303,260600.00,2016-06-08 03:41:00.322600
7588,201606083413204,PRIN,54,14,100,1304,130400.00,2016-06-08 03:41:00.320400
7589,201606083413174,PRIN,38,28,130,1298,168740.00,2016-06-08 03:41:00.317400
7590,201606083413116,PRIN,38,52,400,1300,520000.00,2016-06-08 03:41:00.311600
7591,201606083413109,PRIN,53,34,75,1300,97500.00,2016-06-08 03:41:00.310900
7592,201606083412906,PRIN,41,38,50,1285,64250.00,2016-06-08 03:41:00.290600
7593,201606083412907,PRIN,41,13,100,1285,128500.00,2016-06-08 03:41:00.290700
7594,201606083412911,PRIN,1,8,50,1286,64300.00,2016-06-08 03:41:00.291100
7595,201606083412912,PRIN,1,8,50,1289,64450.00,2016-06-08 03:41:00.291200
7596,201606083412913,PRIN,1,11,100,1289,128900.00,2016-06-08 03:41:00.291300
7597,201606083412914,PRIN,1,8,50,1294,64700.00,2016-06-08 03:41:00.291400
7598,201606083412915,PRIN,1,13,50,1295,64750.00,2016-06-08 03:41:00.291500
7599,201606083412873,PRIN,10,38,500,1280,640000.00,2016-06-08 03:41:00.287300
7600,201606083412846,PRIN,11,38,200,1274,254800.00,2016-06-08 03:41:00.284600
7601,201606083412847,PRIN,11,13,580,1274,738920.00,2016-06-08 03:41:00.284700
7602,201606083412848,PRIN,11,41,100,1275,127500.00,2016-06-08 03:41:00.284800
7603,201606083412849,PRIN,11,26,100,1275,127500.00,2016-06-08 03:41:00.284900
7604,201606083412850,PRIN,11,34,40,1275,51000.00,2016-06-08 03:41:00.285000
7605,201606083412815,PRIN,5,41,200,1270,254000.00,2016-06-08 03:41:00.281500
7606,201606083412816,PRIN,5,44,310,1273,394630.00,2016-06-08 03:41:00.281600
7607,201606083412788,PRIN,1,41,200,1270,254000.00,2016-06-08 03:41:00.278800
7608,201606083412545,PRIN,55,44,130,1273,165490.00,2016-06-08 03:41:00.254500
7609,201606083412477,PRIN,17,44,60,1273,76380.00,2016-06-08 03:41:00.247700
7610,201606083412324,PRIN,26,49,200,1268,253600.00,2016-06-08 03:41:00.232400
7611,201606083412327,PRIN,1,47,50,1270,63500.00,2016-06-08 03:41:00.232700
7612,201606083412328,PRIN,1,6,100,1270,127000.00,2016-06-08 03:41:00.232800
7613,201606083412317,PRIN,21,32,200,1270,254000.00,2016-06-08 03:41:00.231700
7614,201606083412270,PRIN,7,17,100,1270,127000.00,2016-06-08 03:41:00.227000
7615,201606083412256,PRIN,55,19,100,1270,127000.00,2016-06-08 03:41:00.225600
7616,201606083412219,PRIN,7,44,229,1270,290830.00,2016-06-08 03:41:00.221900
7617,201606083412210,PRIN,7,33,200,1270,254000.00,2016-06-08 03:41:00.221000
7618,201606083412125,PRIN,10,19,100,1269,126900.00,2016-06-08 03:41:00.212500
7619,201606083412081,PRIN,26,13,100,1263,126300.00,2016-06-08 03:41:00.208100
7620,201606083412082,PRIN,26,32,100,1265,126500.00,2016-06-08 03:41:00.208200
7621,201606083412083,PRIN,26,34,550,1266,696300.00,2016-06-08 03:41:00.208300
7622,201606083412084,PRIN,26,39,150,1266,189900.00,2016-06-08 03:41:00.208400
7623,201606083412085,PRIN,26,38,500,1266,633000.00,2016-06-08 03:41:00.208500
7624,201606083412062,PRIN,10,19,100,1262,126200.00,2016-06-08 03:41:00.206200
7625,201606083412044,PRIN,16,1,160,1261,201760.00,2016-06-08 03:41:00.204400
7626,201606083412006,PRIN,26,49,43,1260,54180.00,2016-06-08 03:41:00.200600
7627,201606083411937,PRIN,34,51,16,1260,20160.00,2016-06-08 03:41:00.193700
7628,201606083411955,PRIN,34,45,1225,1260,1543500.00,2016-06-08 03:41:00.195500
7629,201606083411877,PRIN,21,1,40,1261,50440.00,2016-06-08 03:41:00.187700
7630,201606083411838,PRIN,21,28,50,1262,63100.00,2016-06-08 03:41:00.183800
7631,201606083411839,PRIN,32,28,250,1261,315250.00,2016-06-08 03:41:00.183900
7632,201606083411807,PRIN,50,19,190,1262,239780.00,2016-06-08 03:41:00.180700
7633,201606083411808,PRIN,50,14,200,1265,253000.00,2016-06-08 03:41:00.180800
7634,201606083411809,PRIN,50,43,200,1265,253000.00,2016-06-08 03:41:00.180900
7635,201606083411747,PRIN,21,59,50,1262,63100.00,2016-06-08 03:41:00.174700
7636,201606083411720,PRIN,36,40,318,1260,400680.00,2016-06-08 03:41:00.172000
7637,201606083411634,PRIN,1,34,50,1266,63300.00,2016-06-08 03:41:00.163400
7638,201606083411521,PRIN,36,54,520,1260,655200.00,2016-06-08 03:41:00.152100
7639,201606083411496,PRIN,36,34,100,1265,126500.00,2016-06-08 03:41:00.149600
7640,201606083411497,PRIN,36,53,100,1265,126500.00,2016-06-08 03:41:00.149700
7641,201606083411498,PRIN,36,55,57,1265,72105.00,2016-06-08 03:41:00.149800
7642,201606083411503,PRIN,28,54,30,1261,37830.00,2016-06-08 03:41:00.150300
7643,201606083411504,PRIN,20,54,150,1260,189000.00,2016-06-08 03:41:00.150400
7644,201606083411462,PRIN,36,38,300,1265,379500.00,2016-06-08 03:41:00.146200
7645,201606083411463,PRIN,36,34,200,1265,253000.00,2016-06-08 03:41:00.146300
7646,201606083411442,PRIN,39,54,100,1265,126500.00,2016-06-08 03:41:00.144200
7647,201606083411443,PRIN,39,34,200,1265,253000.00,2016-06-08 03:41:00.144300
7648,201606083411328,PRIN,21,21,250,1260,315000.00,2016-06-08 03:41:00.132800
7649,201606083411329,PRIN,21,43,100,1261,126100.00,2016-06-08 03:41:00.132900
7650,201606083411330,PRIN,21,14,100,1264,126400.00,2016-06-08 03:41:00.133000
7651,201606083411331,PRIN,21,39,300,1265,379500.00,2016-06-08 03:41:00.133100
7652,201606083411290,PRIN,28,1,70,1261,88270.00,2016-06-08 03:41:00.129000
7653,201606083411204,PRIN,20,43,500,1259,629500.00,2016-06-08 03:41:00.120400
7654,201606083411205,PRIN,20,47,350,1260,441000.00,2016-06-08 03:41:00.120500
7655,201606083411124,PRIN,33,33,500,1255,627500.00,2016-06-08 03:41:00.112400
7656,201606083411082,PRIN,29,11,50,1264,63200.00,2016-06-08 03:41:00.108200
7657,201606083411083,PRIN,29,41,100,1264,126400.00,2016-06-08 03:41:00.108300
7658,201606083411084,PRIN,29,50,200,1265,253000.00,2016-06-08 03:41:00.108400
7659,201606083411086,PRIN,29,47,150,1265,189750.00,2016-06-08 03:41:00.108600
7660,201606083411087,PRIN,21,47,500,1260,630000.00,2016-06-08 03:41:00.108700
7661,201606083411063,PRIN,29,38,78,1264,98592.00,2016-06-08 03:41:00.106300
7662,201606083410931,PRIN,26,38,200,1263,252600.00,2016-06-08 03:41:00.093100
7663,201606083410932,PRIN,26,45,100,1265,126500.00,2016-06-08 03:41:00.093200
7664,201606083410957,PRIN,36,39,60,1264,75840.00,2016-06-08 03:41:00.095700
7665,201606083410911,PRIN,26,11,100,1260,126000.00,2016-06-08 03:41:00.091100
7666,201606083410922,PRIN,36,38,50,1261,63050.00,2016-06-08 03:41:00.092200
7667,201606083410923,PRIN,36,43,80,1262,100960.00,2016-06-08 03:41:00.092300
7668,201606083410924,PRIN,36,32,200,1263,252600.00,2016-06-08 03:41:00.092400
7669,201606083410925,PRIN,36,19,110,1264,139040.00,2016-06-08 03:41:00.092500
7670,201606083410869,PRIN,33,11,200,1259,251800.00,2016-06-08 03:41:00.086900
7671,201606083410870,PRIN,33,53,200,1260,252000.00,2016-06-08 03:41:00.087000
7672,201606083410871,PRIN,33,5,100,1260,126000.00,2016-06-08 03:41:00.087100
7673,201606083410843,PRIN,13,45,200,1255,251000.00,2016-06-08 03:41:00.084300
7674,201606083410742,PRIN,1,53,200,1250,250000.00,2016-06-08 03:41:00.074200
7675,201606083410702,PRIN,5,45,1000,1260,1260000.00,2016-06-08 03:41:00.070200
7676,201606083410314,PRIN,21,55,950,1264,1200800.00,2016-06-08 03:41:00.031400
7677,201606083410167,PRIN,5,8,50,1264,63200.00,2016-06-08 03:41:00.016700
7678,201606083410168,PRIN,5,11,100,1264,126400.00,2016-06-08 03:41:00.016800
7679,201606083410086,PRIN,26,40,200,1239,247800.00,2016-06-08 03:41:00.008600
7680,201606083410087,PRIN,26,38,200,1240,248000.00,2016-06-08 03:41:00.008700
7681,201606083410088,PRIN,26,32,200,1240,248000.00,2016-06-08 03:41:00.008800
7682,201606083410051,PRIN,45,6,300,1235,370500.00,2016-06-08 03:41:00.005100
7683,201606073409626,PRIN,35,45,200,1216,243200.00,2016-06-07 03:40:00.962600
7684,201606073409068,PRIN,36,40,250,1215,303750.00,2016-06-07 03:40:00.906800
7685,201606073408981,PRIN,45,45,2000,1200,2400000.00,2016-06-07 03:40:00.898100
7686,201606073408967,PRIN,48,45,100,1211,121100.00,2016-06-07 03:40:00.896700
7687,201606073408968,PRIN,14,45,660,1208,797280.00,2016-06-07 03:40:00.896800
7688,201606073408969,PRIN,35,45,1100,1200,1320000.00,2016-06-07 03:40:00.896900
7689,201606073408945,PRIN,48,5,100,1211,121100.00,2016-06-07 03:40:00.894500
7690,201606073408875,PRIN,35,33,500,1216,608000.00,2016-06-07 03:40:00.887500
7691,201606073408892,PRIN,22,55,50,1209,60450.00,2016-06-07 03:40:00.889200
7692,201606073408893,PRIN,14,55,440,1208,531520.00,2016-06-07 03:40:00.889300
7693,201606073408849,PRIN,13,35,100,1210,121000.00,2016-06-07 03:40:00.884900
7694,201606073408850,PRIN,13,22,200,1215,243000.00,2016-06-07 03:40:00.885000
7695,201606073408527,PRIN,38,54,10,1232,12320.00,2016-06-07 03:40:00.852700
7696,201606073408255,PRIN,38,39,350,1220,427000.00,2016-06-07 03:40:00.825500
7697,201606073408256,PRIN,32,11,400,1211,484400.00,2016-06-07 03:40:00.825600
7698,201606073408224,PRIN,57,11,100,1218,121800.00,2016-06-07 03:40:00.822400
7699,201606073408225,PRIN,35,11,200,1217,243400.00,2016-06-07 03:40:00.822500
7700,201606073408226,PRIN,26,11,200,1216,243200.00,2016-06-07 03:40:00.822600
7701,201606073408206,PRIN,57,39,400,1218,487200.00,2016-06-07 03:40:00.820600
7702,201606073407877,PRIN,35,54,500,1223,611500.00,2016-06-07 03:40:00.787700
7703,201606073407506,PRIN,26,13,300,1216,364800.00,2016-06-07 03:40:00.750600
7704,201606073407201,PRIN,35,21,200,1230,246000.00,2016-06-07 03:40:00.720100
7705,201606073407075,PRIN,35,45,300,1225,367500.00,2016-06-07 03:40:00.707500
7706,201606073406862,PRIN,17,55,50,1235,61750.00,2016-06-07 03:40:00.686200
7707,201606073406534,PRIN,45,19,100,1240,124000.00,2016-06-07 03:40:00.653400
7708,201606073406535,PRIN,45,42,100,1240,124000.00,2016-06-07 03:40:00.653500
7709,201606073406464,PRIN,38,39,150,1235,185250.00,2016-06-07 03:40:00.646400
7710,201606073406465,PRIN,38,48,500,1235,617500.00,2016-06-07 03:40:00.646500
7711,201606073406315,PRIN,34,28,200,1225,245000.00,2016-06-07 03:40:00.631500
7712,201606073406286,PRIN,41,41,200,1219,243800.00,2016-06-07 03:40:00.628600
7713,201606073406287,PRIN,41,54,500,1220,610000.00,2016-06-07 03:40:00.628700
7714,201606073406248,PRIN,38,33,10,1210,12100.00,2016-06-07 03:40:00.624800
7715,201606073405927,PRIN,35,36,350,1200,420000.00,2016-06-07 03:40:00.592700
7716,201606073405928,PRIN,35,42,1550,1200,1860000.00,2016-06-07 03:40:00.592800
7717,201606073405933,PRIN,35,47,35,1205,42175.00,2016-06-07 03:40:00.593300
7718,201606073405446,PRIN,14,40,30,1187,35610.00,2016-06-07 03:40:00.544600
7719,201606073405447,PRIN,14,25,45,1188,53460.00,2016-06-07 03:40:00.544700
7720,201606073405454,PRIN,14,39,100,1188,118800.00,2016-06-07 03:40:00.545400
7721,201606073405436,PRIN,14,48,100,1184,118400.00,2016-06-07 03:40:00.543600
7722,201606073405437,PRIN,14,44,88,1185,104280.00,2016-06-07 03:40:00.543700
7723,201606063404057,PRIN,34,45,1000,1165,1165000.00,2016-06-06 03:40:00.405700
7724,201606063404004,PRIN,33,45,1000,1165,1165000.00,2016-06-06 03:40:00.400400
7725,201606063403942,PRIN,43,45,1000,1164,1164000.00,2016-06-06 03:40:00.394200
7726,201606063403904,PRIN,50,43,900,1169,1052100.00,2016-06-06 03:40:00.390400
7727,201606063403863,PRIN,33,43,100,1169,116900.00,2016-06-06 03:40:00.386300
7728,201606063403645,PRIN,38,45,160,1170,187200.00,2016-06-06 03:40:00.364500
7729,201606063403646,PRIN,38,25,226,1171,264646.00,2016-06-06 03:40:00.364600
7730,201606063403519,PRIN,50,21,882,1169,1031058.00,2016-06-06 03:40:00.351900
7731,201606063403520,PRIN,48,43,290,1163,337270.00,2016-06-06 03:40:00.352000
7732,201606063403489,PRIN,34,32,600,1168,700800.00,2016-06-06 03:40:00.348900
7733,201606063403490,PRIN,34,32,60,1170,70200.00,2016-06-06 03:40:00.349000
7734,201606063403491,PRIN,34,45,340,1170,397800.00,2016-06-06 03:40:00.349100
7735,201606063403315,PRIN,33,37,100,1168,116800.00,2016-06-06 03:40:00.331500
7736,201606063403167,PRIN,38,37,106,1168,123808.00,2016-06-06 03:40:00.316700
7737,201606063402701,PRIN,35,32,200,1170,234000.00,2016-06-06 03:40:00.270100
7738,201606063402405,PRIN,39,45,500,1165,582500.00,2016-06-06 03:40:00.240500
7739,201606063402084,PRIN,50,11,100,1169,116900.00,2016-06-06 03:40:00.208400
7740,201606063402085,PRIN,50,21,500,1170,585000.00,2016-06-06 03:40:00.208500
7741,201606063402086,PRIN,50,58,200,1170,234000.00,2016-06-06 03:40:00.208600
7742,201606063402026,PRIN,33,46,431,1165,502115.00,2016-06-06 03:40:00.202600
7743,201606063401995,PRIN,33,49,200,1165,233000.00,2016-06-06 03:40:00.199500
7744,201606063401864,PRIN,38,46,100,1168,116800.00,2016-06-06 03:40:00.186400
7745,201606063401865,PRIN,5,46,500,1165,582500.00,2016-06-06 03:40:00.186500
7746,201606063401702,PRIN,21,6,39,1170,45630.00,2016-06-06 03:40:00.170200
7747,201606063401395,PRIN,45,32,50,1175,58750.00,2016-06-06 03:40:00.139500
7748,201606063401396,PRIN,50,32,200,1171,234200.00,2016-06-06 03:40:00.139600
7749,201606063401397,PRIN,50,32,200,1171,234200.00,2016-06-06 03:40:00.139700
7750,201606063401398,PRIN,21,32,40,1170,46800.00,2016-06-06 03:40:00.139800
7751,201606063401399,PRIN,26,32,300,1170,351000.00,2016-06-06 03:40:00.139900
7752,201606063401231,PRIN,50,43,521,1175,612175.00,2016-06-06 03:40:00.123100
7753,201606063400909,PRIN,33,6,600,1175,705000.00,2016-06-06 03:40:00.090900
7754,201606063400672,PRIN,41,36,10,1172,11720.00,2016-06-06 03:40:00.067200
7755,201606063400673,PRIN,21,36,30,1171,35130.00,2016-06-06 03:40:00.067300
7756,201606063400674,PRIN,38,36,100,1170,117000.00,2016-06-06 03:40:00.067400
7757,201606063400675,PRIN,21,36,60,1170,70200.00,2016-06-06 03:40:00.067500
7758,201606063400547,PRIN,48,26,300,1178,353400.00,2016-06-06 03:40:00.054700
7759,201606063400549,PRIN,55,6,300,1175,352500.00,2016-06-06 03:40:00.054900
7760,201606063400150,PRIN,38,21,200,1171,234200.00,2016-06-06 03:40:00.015000
7761,201606063400151,PRIN,21,21,70,1171,81970.00,2016-06-06 03:40:00.015100
7762,201606063400048,PRIN,33,28,400,1172,468800.00,2016-06-06 03:40:00.004800
7763,201606063400049,PRIN,22,28,50,1172,58600.00,2016-06-06 03:40:00.004900
7764,201606063399937,PRIN,50,48,200,1173,234600.00,2016-06-06 03:39:00.993700
7765,201606063399938,PRIN,33,48,100,1172,117200.00,2016-06-06 03:39:00.993800
7766,201606063399822,PRIN,45,47,200,1175,235000.00,2016-06-06 03:39:00.982200
7767,201606063399791,PRIN,45,17,100,1175,117500.00,2016-06-06 03:39:00.979100
7768,201606063399704,PRIN,22,21,300,1173,351900.00,2016-06-06 03:39:00.970400
7769,201606063399628,PRIN,46,25,500,1174,587000.00,2016-06-06 03:39:00.962800
7770,201606063399437,PRIN,33,35,200,1180,236000.00,2016-06-06 03:39:00.943700
7771,201606063399403,PRIN,5,21,20,1177,23540.00,2016-06-06 03:39:00.940300
7772,201606063399293,PRIN,21,59,500,1185,592500.00,2016-06-06 03:39:00.929300
7773,201606063399276,PRIN,33,51,180,1179,212220.00,2016-06-06 03:39:00.927600
7774,201606063399251,PRIN,33,44,300,1180,354000.00,2016-06-06 03:39:00.925100
7775,201606063399196,PRIN,34,59,500,1176,588000.00,2016-06-06 03:39:00.919600
7776,201606063399138,PRIN,33,47,500,1180,590000.00,2016-06-06 03:39:00.913800
7777,201606063398807,PRIN,55,43,100,1171,117100.00,2016-06-06 03:39:00.880700
7778,201606063398712,PRIN,33,49,1413,1149,1623537.00,2016-06-06 03:39:00.871200
7779,201606053398542,PRIN,55,36,200,1132,226400.00,2016-06-05 03:39:00.854200
7780,201606053398543,PRIN,45,36,150,1130,169500.00,2016-06-05 03:39:00.854300
7781,201606053398544,PRIN,41,36,100,1130,113000.00,2016-06-05 03:39:00.854400
7782,201606053398545,PRIN,35,36,500,1127,563500.00,2016-06-05 03:39:00.854500
7783,201606053398561,PRIN,33,36,730,1127,822710.00,2016-06-05 03:39:00.856100
7784,201606053398320,PRIN,41,46,100,1135,113500.00,2016-06-05 03:39:00.832000
7785,201606053398321,PRIN,41,28,400,1135,454000.00,2016-06-05 03:39:00.832100
7786,201606053398322,PRIN,32,28,100,1135,113500.00,2016-06-05 03:39:00.832200
7787,201606053398344,PRIN,32,28,50,1135,56750.00,2016-06-05 03:39:00.834400
7788,201606053398345,PRIN,21,28,100,1134,113400.00,2016-06-05 03:39:00.834500
7789,201606053398346,PRIN,43,28,100,1133,113300.00,2016-06-05 03:39:00.834600
7790,201606053398347,PRIN,1,28,100,1132,113200.00,2016-06-05 03:39:00.834700
7791,201606053398348,PRIN,19,28,100,1130,113000.00,2016-06-05 03:39:00.834800
7792,201606053398349,PRIN,45,28,50,1130,56500.00,2016-06-05 03:39:00.834900
7793,201606053398217,PRIN,34,47,112,1140,127680.00,2016-06-05 03:39:00.821700
7794,201606053398228,PRIN,21,17,100,1134,113400.00,2016-06-05 03:39:00.822800
7795,201606053398199,PRIN,43,46,100,1135,113500.00,2016-06-05 03:39:00.819900
7796,201606053398142,PRIN,26,28,100,1136,113600.00,2016-06-05 03:39:00.814200
7797,201606053398118,PRIN,55,46,50,1140,57000.00,2016-06-05 03:39:00.811800
7798,201606053398119,PRIN,21,46,150,1137,170550.00,2016-06-05 03:39:00.811900
7799,201606053397894,PRIN,33,57,500,1140,570000.00,2016-06-05 03:39:00.789400
7800,201606053397619,PRIN,44,10,142,1134,161028.00,2016-06-05 03:39:00.761900
7801,201606053396632,PRIN,26,43,60,1150,69000.00,2016-06-05 03:39:00.663200
7802,201606053396633,PRIN,52,43,50,1150,57500.00,2016-06-05 03:39:00.663300
7803,201606053396610,PRIN,26,43,40,1150,46000.00,2016-06-05 03:39:00.661000
7804,201606053396459,PRIN,26,28,50,1150,57500.00,2016-06-05 03:39:00.645900
7805,201606053396446,PRIN,43,28,100,1150,115000.00,2016-06-05 03:39:00.644600
7806,201606053396401,PRIN,43,17,12,1150,13800.00,2016-06-05 03:39:00.640100
7807,201606053396363,PRIN,14,17,361,1153,416233.00,2016-06-05 03:39:00.636300
7808,201606053396206,PRIN,47,55,500,1160,580000.00,2016-06-05 03:39:00.620600
7809,201606053396207,PRIN,17,55,200,1160,232000.00,2016-06-05 03:39:00.620700
7810,201606053396098,PRIN,41,17,100,1163,116300.00,2016-06-05 03:39:00.609800
7811,201606053396099,PRIN,36,17,300,1162,348600.00,2016-06-05 03:39:00.609900
7812,201606053396114,PRIN,26,17,85,1161,98685.00,2016-06-05 03:39:00.611400
7813,201606053396045,PRIN,29,47,150,1172,175800.00,2016-06-05 03:39:00.604500
7814,201606053396054,PRIN,29,43,350,1172,410200.00,2016-06-05 03:39:00.605400
7815,201606053395645,PRIN,33,47,150,1175,176250.00,2016-06-05 03:39:00.564500
7816,201606053395575,PRIN,50,40,333,1176,391608.00,2016-06-05 03:39:00.557500
7817,201606053394888,PRIN,35,36,300,1176,352800.00,2016-06-05 03:39:00.488800
7818,201606053394872,PRIN,58,36,200,1176,235200.00,2016-06-05 03:39:00.487200
7819,201606053394768,PRIN,53,35,1000,1178,1178000.00,2016-06-05 03:39:00.476800
7820,201606053394628,PRIN,47,47,86,1177,101222.00,2016-06-05 03:39:00.462800
7821,201606053394564,PRIN,33,44,100,1178,117800.00,2016-06-05 03:39:00.456400
7822,201606053394565,PRIN,33,33,584,1178,687952.00,2016-06-05 03:39:00.456500
7823,201606053394538,PRIN,32,17,114,1177,134178.00,2016-06-05 03:39:00.453800
7824,201606053394509,PRIN,35,44,200,1178,235600.00,2016-06-05 03:39:00.450900
7825,201606053394490,PRIN,36,59,200,1180,236000.00,2016-06-05 03:39:00.449000
7826,201606053394458,PRIN,36,41,100,1180,118000.00,2016-06-05 03:39:00.445800
7827,201606053394192,PRIN,26,38,163,1180,192340.00,2016-06-05 03:39:00.419200
7828,201606053393896,PRIN,33,14,100,1176,117600.00,2016-06-05 03:39:00.389600
7829,201606053393897,PRIN,33,8,240,1177,282480.00,2016-06-05 03:39:00.389700
7830,201606053393898,PRIN,33,39,500,1178,589000.00,2016-06-05 03:39:00.389800
7831,201606053393871,PRIN,16,34,300,1175,352500.00,2016-06-05 03:39:00.387100
7832,201606053393872,PRIN,33,34,200,1175,235000.00,2016-06-05 03:39:00.387200
7833,201606053393878,PRIN,33,38,150,1175,176250.00,2016-06-05 03:39:00.387800
7834,201606053393868,PRIN,26,32,100,1172,117200.00,2016-06-05 03:39:00.386800
7835,201606053393869,PRIN,53,32,200,1171,234200.00,2016-06-05 03:39:00.386900
7836,201606053393870,PRIN,17,32,100,1170,117000.00,2016-06-05 03:39:00.387000
7837,201606053393746,PRIN,50,19,200,1173,234600.00,2016-06-05 03:39:00.374600
7838,201606053393652,PRIN,26,52,200,1172,234400.00,2016-06-05 03:39:00.365200
7839,201606053393576,PRIN,26,21,300,1171,351300.00,2016-06-05 03:39:00.357600
7840,201606053393273,PRIN,14,42,200,1170,234000.00,2016-06-05 03:39:00.327300
7841,201606053393065,PRIN,53,42,500,1170,585000.00,2016-06-05 03:39:00.306500
7842,201606053393043,PRIN,26,8,100,1160,116000.00,2016-06-05 03:39:00.304300
7843,201606053393053,PRIN,54,8,200,1165,233000.00,2016-06-05 03:39:00.305300
7844,201606053393057,PRIN,53,8,200,1165,233000.00,2016-06-05 03:39:00.305700
7845,201606053393021,PRIN,47,11,216,1160,250560.00,2016-06-05 03:39:00.302100
7846,201606053393014,PRIN,17,42,100,1170,117000.00,2016-06-05 03:39:00.301400
7847,201606053392994,PRIN,1,42,100,1170,117000.00,2016-06-05 03:39:00.299400
7848,201606053392966,PRIN,5,42,100,1176,117600.00,2016-06-05 03:39:00.296600
7849,201606053392724,PRIN,52,10,50,1180,59000.00,2016-06-05 03:39:00.272400
7850,201606053392396,PRIN,10,46,20,1200,24000.00,2016-06-05 03:39:00.239600
7851,201606023391604,PRIN,55,46,10,1200,12000.00,2016-06-02 03:39:00.160400
7852,201606023391605,PRIN,35,46,60,1195,71700.00,2016-06-02 03:39:00.160500
7853,201606023391606,PRIN,35,46,100,1190,119000.00,2016-06-02 03:39:00.160600
7854,201606023391607,PRIN,32,46,130,1190,154700.00,2016-06-02 03:39:00.160700
7855,201606023390918,PRIN,50,46,130,1205,156650.00,2016-06-02 03:39:00.091800
7856,201606023390919,PRIN,25,46,80,1200,96000.00,2016-06-02 03:39:00.091900
7857,201606023390920,PRIN,40,46,100,1197,119700.00,2016-06-02 03:39:00.092000
7858,201606023390921,PRIN,19,46,200,1196,239200.00,2016-06-02 03:39:00.092100
7859,201606023390922,PRIN,55,46,50,1195,59750.00,2016-06-02 03:39:00.092200
7860,201606023390923,PRIN,35,46,140,1195,167300.00,2016-06-02 03:39:00.092300
7861,201606023390852,PRIN,55,52,50,1205,60250.00,2016-06-02 03:39:00.085200
7862,201606023390853,PRIN,55,36,100,1205,120500.00,2016-06-02 03:39:00.085300
7863,201606023390855,PRIN,50,41,70,1205,84350.00,2016-06-02 03:39:00.085500
7864,201606023390820,PRIN,55,22,200,1203,240600.00,2016-06-02 03:39:00.082000
7865,201606023390696,PRIN,53,5,200,1200,240000.00,2016-06-02 03:39:00.069600
7866,201606023390509,PRIN,53,45,100,1200,120000.00,2016-06-02 03:39:00.050900
7867,201606023390393,PRIN,55,45,50,1195,59750.00,2016-06-02 03:39:00.039300
7868,201606023390192,PRIN,33,41,200,1200,240000.00,2016-06-02 03:39:00.019200
7869,201606023390139,PRIN,39,41,250,1210,302500.00,2016-06-02 03:39:00.013900
7870,201606023390140,PRIN,11,41,200,1205,241000.00,2016-06-02 03:39:00.014000
7871,201606023390141,PRIN,41,41,150,1200,180000.00,2016-06-02 03:39:00.014100
7872,201606023390096,PRIN,39,35,50,1210,60500.00,2016-06-02 03:39:00.009600
7873,201606023390085,PRIN,50,35,200,1210,242000.00,2016-06-02 03:39:00.008500
7874,201606023389833,PRIN,33,26,500,1210,605000.00,2016-06-02 03:38:00.983300
7875,201606023389815,PRIN,53,22,200,1205,241000.00,2016-06-02 03:38:00.981500
7876,201606023389781,PRIN,33,6,200,1200,240000.00,2016-06-02 03:38:00.978100
7877,201606023389759,PRIN,33,45,100,1200,120000.00,2016-06-02 03:38:00.975900
7878,201606023389760,PRIN,33,57,200,1200,240000.00,2016-06-02 03:38:00.976000
7879,201606023389761,PRIN,33,21,153,1200,183600.00,2016-06-02 03:38:00.976100
7880,201606023389395,PRIN,26,22,100,1190,119000.00,2016-06-02 03:38:00.939500
7881,201606023389401,PRIN,26,38,100,1195,119500.00,2016-06-02 03:38:00.940100
7882,201606023389325,PRIN,33,28,420,1185,497700.00,2016-06-02 03:38:00.932500
7883,201606023389172,PRIN,21,45,300,1180,354000.00,2016-06-02 03:38:00.917200
7884,201606023389130,PRIN,55,34,80,1179,94320.00,2016-06-02 03:38:00.913000
7885,201606023389131,PRIN,55,45,60,1180,70800.00,2016-06-02 03:38:00.913100
7886,201606023388212,PRIN,32,14,100,1177,117700.00,2016-06-02 03:38:00.821200
7887,201606023387936,PRIN,26,28,80,1182,94560.00,2016-06-02 03:38:00.793600
7888,201606023387937,PRIN,51,28,100,1181,118100.00,2016-06-02 03:38:00.793700
7889,201606023387877,PRIN,39,49,135,1194,161190.00,2016-06-02 03:38:00.787700
7890,201606023387878,PRIN,39,55,250,1195,298750.00,2016-06-02 03:38:00.787800
7891,201606023387700,PRIN,36,55,50,1195,59750.00,2016-06-02 03:38:00.770000
7892,201606023387251,PRIN,5,40,100,1205,120500.00,2016-06-02 03:38:00.725100
7893,201606013386630,PRIN,35,48,82,1200,98400.00,2016-06-01 03:38:00.663000
7894,201606013386639,PRIN,45,16,100,1206,120600.00,2016-06-01 03:38:00.663900
7895,201606013386640,PRIN,47,16,100,1205,120500.00,2016-06-01 03:38:00.664000
7896,201606013386641,PRIN,47,16,50,1200,60000.00,2016-06-01 03:38:00.664100
7897,201606013386521,PRIN,35,41,400,1200,480000.00,2016-06-01 03:38:00.652100
7898,201606013386545,PRIN,35,19,100,1203,120300.00,2016-06-01 03:38:00.654500
7899,201606013386546,PRIN,35,11,100,1205,120500.00,2016-06-01 03:38:00.654600
7900,201606013386506,PRIN,39,40,200,1200,240000.00,2016-06-01 03:38:00.650600
7901,201606013386500,PRIN,42,43,100,1200,120000.00,2016-06-01 03:38:00.650000
7902,201606013386501,PRIN,42,41,100,1200,120000.00,2016-06-01 03:38:00.650100
7903,201606013386445,PRIN,35,19,200,1196,239200.00,2016-06-01 03:38:00.644500
7904,201606013385822,PRIN,43,22,50,1200,60000.00,2016-06-01 03:38:00.582200
7905,201606013385778,PRIN,32,22,50,1200,60000.00,2016-06-01 03:38:00.577800
7906,201606013385682,PRIN,57,16,250,1205,301250.00,2016-06-01 03:38:00.568200
7907,201606013385570,PRIN,39,41,183,1200,219600.00,2016-06-01 03:38:00.557000
7908,201606013385535,PRIN,39,19,50,1204,60200.00,2016-06-01 03:38:00.553500
7909,201606013385536,PRIN,32,19,50,1200,60000.00,2016-06-01 03:38:00.553600
7910,201606013385516,PRIN,39,41,200,1200,240000.00,2016-06-01 03:38:00.551600
7911,201606013385419,PRIN,39,38,150,1204,180600.00,2016-06-01 03:38:00.541900
7912,201606013385406,PRIN,55,38,50,1204,60200.00,2016-06-01 03:38:00.540600
7913,201606013385377,PRIN,55,48,150,1200,180000.00,2016-06-01 03:38:00.537700
7914,201606013385363,PRIN,39,43,168,1200,201600.00,2016-06-01 03:38:00.536300
7915,201606013385325,PRIN,32,19,100,1200,120000.00,2016-06-01 03:38:00.532500
7916,201606013385326,PRIN,32,32,20,1200,24000.00,2016-06-01 03:38:00.532600
7917,201606013385287,PRIN,39,21,100,1199,119900.00,2016-06-01 03:38:00.528700
7918,201606013385261,PRIN,39,22,300,1195,358500.00,2016-06-01 03:38:00.526100
7919,201606013385232,PRIN,33,44,300,1190,357000.00,2016-06-01 03:38:00.523200
7920,201606013385138,PRIN,33,26,243,1190,289170.00,2016-06-01 03:38:00.513800
7921,201606013385088,PRIN,50,32,21,1184,24864.00,2016-06-01 03:38:00.508800
7922,201606013385100,PRIN,50,6,100,1185,118500.00,2016-06-01 03:38:00.510000
7923,201606013385101,PRIN,50,6,100,1185,118500.00,2016-06-01 03:38:00.510100
7924,201606013384941,PRIN,50,55,300,1180,354000.00,2016-06-01 03:38:00.494100
7925,201606013384892,PRIN,39,32,50,1180,59000.00,2016-06-01 03:38:00.489200
7926,201606013384865,PRIN,35,34,1000,1180,1180000.00,2016-06-01 03:38:00.486500
7927,201606013384829,PRIN,33,38,150,1175,176250.00,2016-06-01 03:38:00.482900
7928,201606013384830,PRIN,33,19,200,1175,235000.00,2016-06-01 03:38:00.483000
7929,201606013384835,PRIN,33,21,1000,1180,1180000.00,2016-06-01 03:38:00.483500
7930,201606013384841,PRIN,50,55,200,1180,236000.00,2016-06-01 03:38:00.484100
7931,201606013384567,PRIN,35,34,1000,1175,1175000.00,2016-06-01 03:38:00.456700
7932,201606013384431,PRIN,21,34,300,1173,351900.00,2016-06-01 03:38:00.443100
7933,201606013384432,PRIN,33,34,500,1172,586000.00,2016-06-01 03:38:00.443200
7934,201606013384433,PRIN,41,34,300,1170,351000.00,2016-06-01 03:38:00.443300
7935,201606013384434,PRIN,38,34,100,1165,116500.00,2016-06-01 03:38:00.443400
7936,201606013384435,PRIN,26,34,800,1160,928000.00,2016-06-01 03:38:00.443500
7937,201606013383979,PRIN,33,40,500,1180,590000.00,2016-06-01 03:38:00.397900
7938,201606013383980,PRIN,35,55,500,1171,585500.00,2016-06-01 03:38:00.398000
7939,201606013383839,PRIN,33,41,200,1180,236000.00,2016-06-01 03:38:00.383900
7940,201606013383840,PRIN,33,43,100,1180,118000.00,2016-06-01 03:38:00.384000
7941,201606013383841,PRIN,33,43,300,1181,354300.00,2016-06-01 03:38:00.384100
7942,201606013383842,PRIN,33,5,300,1184,355200.00,2016-06-01 03:38:00.384200
7943,201606013383723,PRIN,32,55,192,1170,224640.00,2016-06-01 03:38:00.372300
7944,201606013383663,PRIN,35,55,400,1172,468800.00,2016-06-01 03:38:00.366300
7945,201606013383664,PRIN,47,55,100,1170,117000.00,2016-06-01 03:38:00.366400
7946,201606013383665,PRIN,32,55,100,1170,117000.00,2016-06-01 03:38:00.366500
7947,201606013383636,PRIN,35,17,150,1180,177000.00,2016-06-01 03:38:00.363600
7948,201606013383637,PRIN,35,22,289,1180,341020.00,2016-06-01 03:38:00.363700
7949,201606013383564,PRIN,35,49,100,1172,117200.00,2016-06-01 03:38:00.356400
7950,201606013383490,PRIN,26,22,50,1175,58750.00,2016-06-01 03:38:00.349000
7951,201606013383449,PRIN,35,5,448,1182,529536.00,2016-06-01 03:38:00.344900
7952,201606013383380,PRIN,39,34,360,1180,424800.00,2016-06-01 03:38:00.338000
7953,201606013383012,PRIN,37,55,160,1176,188160.00,2016-06-01 03:38:00.301200
7954,201606013383013,PRIN,6,55,50,1176,58800.00,2016-06-01 03:38:00.301300
7955,201606013382908,PRIN,21,28,200,1176,235200.00,2016-06-01 03:38:00.290800
7956,201606013382854,PRIN,35,34,1000,1180,1180000.00,2016-06-01 03:38:00.285400
7957,201606013382684,PRIN,29,34,400,1178,471200.00,2016-06-01 03:38:00.268400
7958,201606013382688,PRIN,47,34,200,1177,235400.00,2016-06-01 03:38:00.268800
7959,201606013382632,PRIN,59,34,40,1180,47200.00,2016-06-01 03:38:00.263200
7960,201606013381811,PRIN,11,5,150,1177,176550.00,2016-06-01 03:38:00.181100
7961,201606013381775,PRIN,32,5,80,1181,94480.00,2016-06-01 03:38:00.177500
7962,201606013381776,PRIN,43,5,80,1177,94160.00,2016-06-01 03:38:00.177600
7963,201606013381787,PRIN,37,5,340,1176,399840.00,2016-06-01 03:38:00.178700
7964,201606013381741,PRIN,32,8,100,1181,118100.00,2016-06-01 03:38:00.174100
7965,201606013381695,PRIN,19,6,76,1200,91200.00,2016-06-01 03:38:00.169500
7966,201605313380530,PRIN,22,11,300,1200,360000.00,2016-05-31 03:38:00.053000
7967,201605313380531,PRIN,32,11,200,1200,240000.00,2016-05-31 03:38:00.053100
7968,201605313380498,PRIN,22,26,100,1200,120000.00,2016-05-31 03:38:00.049800
7969,201605313380475,PRIN,32,47,175,1202,210350.00,2016-05-31 03:38:00.047500
7970,201605313380429,PRIN,36,51,680,1208,821440.00,2016-05-31 03:38:00.042900
7971,201605313380321,PRIN,32,14,30,1205,36150.00,2016-05-31 03:38:00.032100
7972,201605313380322,PRIN,16,14,50,1205,60250.00,2016-05-31 03:38:00.032200
7973,201605313380323,PRIN,25,14,160,1205,192800.00,2016-05-31 03:38:00.032300
7974,201605313380324,PRIN,38,14,100,1204,120400.00,2016-05-31 03:38:00.032400
7975,201605313380325,PRIN,33,14,260,1203,312780.00,2016-05-31 03:38:00.032500
7976,201605313380301,PRIN,55,51,1000,1208,1208000.00,2016-05-31 03:38:00.030100
7977,201605313379910,PRIN,16,10,150,1205,180750.00,2016-05-31 03:37:00.991000
7978,201605313379652,PRIN,33,20,29,1208,35032.00,2016-05-31 03:37:00.965200
7979,201605313378874,PRIN,37,7,200,1201,240200.00,2016-05-31 03:37:00.887400
7980,201605313378365,PRIN,32,45,150,1211,181650.00,2016-05-31 03:37:00.836500
7981,201605313378346,PRIN,5,58,100,1210,121000.00,2016-05-31 03:37:00.834600
7982,201605313378278,PRIN,33,32,200,1210,242000.00,2016-05-31 03:37:00.827800
7983,201605313378211,PRIN,33,59,250,1205,301250.00,2016-05-31 03:37:00.821100
7984,201605313378193,PRIN,33,59,750,1205,903750.00,2016-05-31 03:37:00.819300
7985,201605313377800,PRIN,50,45,150,1211,181650.00,2016-05-31 03:37:00.780000
7986,201605313377777,PRIN,38,49,100,1215,121500.00,2016-05-31 03:37:00.777700
7987,201605313377787,PRIN,38,49,50,1215,60750.00,2016-05-31 03:37:00.778700
7988,201605313377788,PRIN,50,49,150,1211,181650.00,2016-05-31 03:37:00.778800
7989,201605313377657,PRIN,38,42,50,1215,60750.00,2016-05-31 03:37:00.765700
7990,201605313377570,PRIN,41,13,100,1215,121500.00,2016-05-31 03:37:00.757000
7991,201605313377553,PRIN,41,36,35,1225,42875.00,2016-05-31 03:37:00.755300
7992,201605313377490,PRIN,17,52,100,1220,122000.00,2016-05-31 03:37:00.749000
7993,201605313377454,PRIN,22,25,100,1220,122000.00,2016-05-31 03:37:00.745400
7994,201605313377457,PRIN,17,34,50,1229,61450.00,2016-05-31 03:37:00.745700
7995,201605313377383,PRIN,33,10,500,1226,613000.00,2016-05-31 03:37:00.738300
7996,201605313377146,PRIN,34,25,400,1230,492000.00,2016-05-31 03:37:00.714600
7997,201605313376994,PRIN,34,59,100,1230,123000.00,2016-05-31 03:37:00.699400
7998,201605313376451,PRIN,33,50,100,1230,123000.00,2016-05-31 03:37:00.645100
7999,201605313376399,PRIN,20,50,100,1231,123100.00,2016-05-31 03:37:00.639900
8000,201605313376400,PRIN,50,50,800,1230,984000.00,2016-05-31 03:37:00.640000
8001,201605313376370,PRIN,17,49,100,1245,124500.00,2016-05-31 03:37:00.637000
8002,201605313376374,PRIN,21,49,240,1245,298800.00,2016-05-31 03:37:00.637400
8003,201605313376260,PRIN,17,53,200,1245,249000.00,2016-05-31 03:37:00.626000
8004,201605313375901,PRIN,33,33,4500,1235,5557500.00,2016-05-31 03:37:00.590100
8005,201605313375179,PRIN,45,26,50,1245,62250.00,2016-05-31 03:37:00.517900
8006,201605313375180,PRIN,5,26,50,1235,61750.00,2016-05-31 03:37:00.518000
8007,201605313375170,PRIN,1,22,100,1245,124500.00,2016-05-31 03:37:00.517000
8008,201605313374921,PRIN,44,1,100,1270,127000.00,2016-05-31 03:37:00.492100
8009,201605313374824,PRIN,1,53,220,1260,277200.00,2016-05-31 03:37:00.482400
8010,201605303374545,PRIN,39,26,50,1248,62400.00,2016-05-30 03:37:00.454500
8011,201605303374546,PRIN,39,42,300,1250,375000.00,2016-05-30 03:37:00.454600
8012,201605303374518,PRIN,26,11,50,1246,62300.00,2016-05-30 03:37:00.451800
8013,201605303374519,PRIN,26,11,30,1245,37350.00,2016-05-30 03:37:00.451900
8014,201605303374520,PRIN,32,11,200,1245,249000.00,2016-05-30 03:37:00.452000
8015,201605303374521,PRIN,26,11,20,1245,24900.00,2016-05-30 03:37:00.452100
8016,201605303374487,PRIN,48,26,50,1248,62400.00,2016-05-30 03:37:00.448700
8017,201605303374455,PRIN,7,22,130,1250,162500.00,2016-05-30 03:37:00.445500
8018,201605303374456,PRIN,14,22,200,1250,250000.00,2016-05-30 03:37:00.445600
8019,201605303374457,PRIN,16,22,170,1250,212500.00,2016-05-30 03:37:00.445700
8020,201605303374465,PRIN,16,42,80,1250,100000.00,2016-05-30 03:37:00.446500
8021,201605303374444,PRIN,14,8,100,1251,125100.00,2016-05-30 03:37:00.444400
8022,201605303374445,PRIN,26,8,100,1251,125100.00,2016-05-30 03:37:00.444500
8023,201605303374446,PRIN,26,8,20,1250,25000.00,2016-05-30 03:37:00.444600
8024,201605303374447,PRIN,7,8,70,1250,87500.00,2016-05-30 03:37:00.444700
8025,201605303374383,PRIN,59,42,120,1255,150600.00,2016-05-30 03:37:00.438300
8026,201605303374079,PRIN,45,22,300,1260,378000.00,2016-05-30 03:37:00.407900
8027,201605303373896,PRIN,42,13,300,1261,378300.00,2016-05-30 03:37:00.389600
8028,201605303373905,PRIN,11,13,50,1260,63000.00,2016-05-30 03:37:00.390500
8029,201605303373733,PRIN,41,13,20,1265,25300.00,2016-05-30 03:37:00.373300
8030,201605303373734,PRIN,10,13,300,1261,378300.00,2016-05-30 03:37:00.373400
8031,201605303373735,PRIN,45,13,170,1260,214200.00,2016-05-30 03:37:00.373500
8032,201605303373736,PRIN,26,13,50,1256,62800.00,2016-05-30 03:37:00.373600
8033,201605303373737,PRIN,41,13,100,1256,125600.00,2016-05-30 03:37:00.373700
8034,201605303373738,PRIN,26,13,180,1250,225000.00,2016-05-30 03:37:00.373800
8035,201605303373604,PRIN,47,44,30,1261,37830.00,2016-05-30 03:37:00.360400
8036,201605303373605,PRIN,37,44,100,1261,126100.00,2016-05-30 03:37:00.360500
8037,201605303373606,PRIN,21,44,400,1260,504000.00,2016-05-30 03:37:00.360600
8038,201605303373607,PRIN,45,44,30,1260,37800.00,2016-05-30 03:37:00.360700
8039,201605303373455,PRIN,22,44,120,1266,151920.00,2016-05-30 03:37:00.345500
8040,201605303373456,PRIN,41,44,20,1265,25300.00,2016-05-30 03:37:00.345600
8041,201605303373457,PRIN,5,44,100,1265,126500.00,2016-05-30 03:37:00.345700
8042,201605303373458,PRIN,11,44,200,1265,253000.00,2016-05-30 03:37:00.345800
8043,201605303373181,PRIN,11,43,500,1275,637500.00,2016-05-30 03:37:00.318100
8044,201605303373167,PRIN,11,41,830,1270,1054100.00,2016-05-30 03:37:00.316700
8045,201605303373089,PRIN,41,41,20,1270,25400.00,2016-05-30 03:37:00.308900
8046,201605303372662,PRIN,45,1,200,1269,253800.00,2016-05-30 03:37:00.266200
8047,201605303372533,PRIN,45,22,100,1268,126800.00,2016-05-30 03:37:00.253300
8048,201605303372534,PRIN,45,41,150,1270,190500.00,2016-05-30 03:37:00.253400
8049,201605303372165,PRIN,41,11,50,1265,63250.00,2016-05-30 03:37:00.216500
8050,201605303372133,PRIN,14,32,500,1269,634500.00,2016-05-30 03:37:00.213300
8051,201605303372008,PRIN,47,43,70,1261,88270.00,2016-05-30 03:37:00.200800
8052,201605303372013,PRIN,41,51,32,1265,40480.00,2016-05-30 03:37:00.201300
8053,201605303371879,PRIN,7,51,250,1265,316250.00,2016-05-30 03:37:00.187900
8054,201605303371801,PRIN,44,51,300,1265,379500.00,2016-05-30 03:37:00.180100
8055,201605303371680,PRIN,14,45,500,1260,630000.00,2016-05-30 03:37:00.168000
8056,201605303371429,PRIN,21,43,130,1260,163800.00,2016-05-30 03:37:00.142900
8057,201605303371343,PRIN,44,32,300,1269,380700.00,2016-05-30 03:37:00.134300
8058,201605303371344,PRIN,47,47,100,1260,126000.00,2016-05-30 03:37:00.134400
8059,201605303371345,PRIN,14,47,200,1260,252000.00,2016-05-30 03:37:00.134500
8060,201605303371248,PRIN,49,37,50,1269,63450.00,2016-05-30 03:37:00.124800
8061,201605303370973,PRIN,50,51,50,1270,63500.00,2016-05-30 03:37:00.097300
8062,201605303370794,PRIN,11,40,100,1264,126400.00,2016-05-30 03:37:00.079400
8063,201605303370801,PRIN,11,13,170,1265,215050.00,2016-05-30 03:37:00.080100
8064,201605303370769,PRIN,46,13,100,1265,126500.00,2016-05-30 03:37:00.076900
8065,201605303370775,PRIN,41,13,80,1265,101200.00,2016-05-30 03:37:00.077500
8066,201605303370629,PRIN,41,13,100,1265,126500.00,2016-05-30 03:37:00.062900
8067,201605303370626,PRIN,47,13,50,1265,63250.00,2016-05-30 03:37:00.062600
8068,201605303370451,PRIN,38,32,96,1265,121440.00,2016-05-30 03:37:00.045100
8069,201605303370336,PRIN,50,6,189,1250,236250.00,2016-05-30 03:37:00.033600
8070,201605303370134,PRIN,34,13,100,1250,125000.00,2016-05-30 03:37:00.013400
8071,201605303370135,PRIN,41,13,500,1242,621000.00,2016-05-30 03:37:00.013500
8072,201605303370136,PRIN,20,13,600,1241,744600.00,2016-05-30 03:37:00.013600
8073,201605303369824,PRIN,57,13,30,1280,38400.00,2016-05-30 03:36:00.982400
8074,201605303369825,PRIN,14,13,300,1280,384000.00,2016-05-30 03:36:00.982500
8075,201605303369826,PRIN,32,13,300,1275,382500.00,2016-05-30 03:36:00.982600
8076,201605303369827,PRIN,50,13,100,1270,127000.00,2016-05-30 03:36:00.982700
8077,201605303369828,PRIN,25,13,200,1260,252000.00,2016-05-30 03:36:00.982800
8078,201605303369756,PRIN,57,45,20,1280,25600.00,2016-05-30 03:36:00.975600
8079,201605303369715,PRIN,40,13,100,1288,128800.00,2016-05-30 03:36:00.971500
8080,201605303369716,PRIN,43,13,100,1286,128600.00,2016-05-30 03:36:00.971600
8081,201605303369717,PRIN,19,13,200,1285,257000.00,2016-05-30 03:36:00.971700
8082,201605303369718,PRIN,52,13,200,1282,256400.00,2016-05-30 03:36:00.971800
8083,201605303369719,PRIN,21,13,300,1281,384300.00,2016-05-30 03:36:00.971900
8084,201605303369449,PRIN,20,40,80,1300,104000.00,2016-05-30 03:36:00.944900
8085,201605303369388,PRIN,20,21,20,1300,26000.00,2016-05-30 03:36:00.938800
8086,201605303369347,PRIN,38,21,100,1300,130000.00,2016-05-30 03:36:00.934700
8087,201605303369335,PRIN,41,21,180,1300,234000.00,2016-05-30 03:36:00.933500
8088,201605303369304,PRIN,41,8,15,1300,19500.00,2016-05-30 03:36:00.930400
8089,201605303369287,PRIN,19,35,300,1286,385800.00,2016-05-30 03:36:00.928700
8090,201605303369195,PRIN,35,35,1000,1285,1285000.00,2016-05-30 03:36:00.919500
8091,201605293369012,PRIN,21,43,300,1285,385500.00,2016-05-29 03:36:00.901200
8092,201605293368903,PRIN,36,35,500,1286,643000.00,2016-05-29 03:36:00.890300
8093,201605293368870,PRIN,36,13,67,1286,86162.00,2016-05-29 03:36:00.887000
8094,201605293368855,PRIN,21,38,200,1285,257000.00,2016-05-29 03:36:00.885500
8095,201605293368774,PRIN,36,40,100,1284,128400.00,2016-05-29 03:36:00.877400
8096,201605293368687,PRIN,26,16,100,1280,128000.00,2016-05-29 03:36:00.868700
8097,201605293368688,PRIN,26,16,200,1280,256000.00,2016-05-29 03:36:00.868800
8098,201605293368512,PRIN,28,55,100,1285,128500.00,2016-05-29 03:36:00.851200
8099,201605293368446,PRIN,8,39,268,1282,343576.00,2016-05-29 03:36:00.844600
8100,201605293368451,PRIN,26,47,100,1285,128500.00,2016-05-29 03:36:00.845100
8101,201605293368249,PRIN,25,33,174,1275,221850.00,2016-05-29 03:36:00.824900
8102,201605293368252,PRIN,25,6,400,1280,512000.00,2016-05-29 03:36:00.825200
8103,201605293368253,PRIN,25,40,100,1280,128000.00,2016-05-29 03:36:00.825300
8104,201605293368067,PRIN,58,38,50,1280,64000.00,2016-05-29 03:36:00.806700
8105,201605293367877,PRIN,58,33,70,1275,89250.00,2016-05-29 03:36:00.787700
8106,201605293367878,PRIN,58,6,100,1275,127500.00,2016-05-29 03:36:00.787800
8107,201605293367868,PRIN,58,26,100,1273,127300.00,2016-05-29 03:36:00.786800
8108,201605293367852,PRIN,42,38,100,1270,127000.00,2016-05-29 03:36:00.785200
8109,201605293367686,PRIN,6,54,11,1265,13915.00,2016-05-29 03:36:00.768600
8110,201605293367687,PRIN,6,54,201,1266,254466.00,2016-05-29 03:36:00.768700
8111,201605293367688,PRIN,6,48,150,1269,190350.00,2016-05-29 03:36:00.768800
8112,201605293367689,PRIN,6,28,244,1270,309880.00,2016-05-29 03:36:00.768900
8113,201605293367651,PRIN,14,34,200,1264,252800.00,2016-05-29 03:36:00.765100
8114,201605293367640,PRIN,41,59,198,1263,250074.00,2016-05-29 03:36:00.764000
8115,201605293367472,PRIN,35,1,67,1261,84487.00,2016-05-29 03:36:00.747200
8116,201605293367235,PRIN,19,40,200,1261,252200.00,2016-05-29 03:36:00.723500
8117,201605293367236,PRIN,19,39,100,1262,126200.00,2016-05-29 03:36:00.723600
8118,201605293367124,PRIN,14,43,200,1259,251800.00,2016-05-29 03:36:00.712400
8119,201605293367125,PRIN,14,45,300,1260,378000.00,2016-05-29 03:36:00.712500
8120,201605293367126,PRIN,14,59,35,1260,44100.00,2016-05-29 03:36:00.712600
8121,201605293367129,PRIN,41,44,500,1250,625000.00,2016-05-29 03:36:00.712900
8122,201605293367023,PRIN,36,54,250,1255,313750.00,2016-05-29 03:36:00.702300
8123,201605293366997,PRIN,33,22,200,1250,250000.00,2016-05-29 03:36:00.699700
8124,201605293367003,PRIN,33,22,12,1250,15000.00,2016-05-29 03:36:00.700300
8125,201605293366982,PRIN,40,13,152,1253,190456.00,2016-05-29 03:36:00.698200
8126,201605293366904,PRIN,50,43,200,1245,249000.00,2016-05-29 03:36:00.690400
8127,201605293366907,PRIN,33,54,300,1248,374400.00,2016-05-29 03:36:00.690700
8128,201605293366908,PRIN,33,32,100,1249,124900.00,2016-05-29 03:36:00.690800
8129,201605293366909,PRIN,33,17,490,1250,612500.00,2016-05-29 03:36:00.690900
8130,201605293366910,PRIN,33,37,270,1250,337500.00,2016-05-29 03:36:00.691000
8131,201605293366893,PRIN,42,54,200,1248,249600.00,2016-05-29 03:36:00.689300
8132,201605293366796,PRIN,41,17,244,1241,302804.00,2016-05-29 03:36:00.679600
8133,201605293366715,PRIN,14,21,10,1235,12350.00,2016-05-29 03:36:00.671500
8134,201605293366666,PRIN,55,53,400,1240,496000.00,2016-05-29 03:36:00.666600
8135,201605293366598,PRIN,8,47,50,1230,61500.00,2016-05-29 03:36:00.659800
8136,201605293366599,PRIN,5,47,300,1230,369000.00,2016-05-29 03:36:00.659900
8137,201605293366540,PRIN,14,16,542,1235,669370.00,2016-05-29 03:36:00.654000
8138,201605293366497,PRIN,11,16,300,1235,370500.00,2016-05-29 03:36:00.649700
8139,201605293366498,PRIN,5,16,500,1232,616000.00,2016-05-29 03:36:00.649800
8140,201605293366499,PRIN,5,16,500,1231,615500.00,2016-05-29 03:36:00.649900
8141,201605293366467,PRIN,55,34,365,1236,451140.00,2016-05-29 03:36:00.646700
8142,201605293366422,PRIN,13,16,500,1245,622500.00,2016-05-29 03:36:00.642200
8143,201605293366292,PRIN,11,16,500,1240,620000.00,2016-05-29 03:36:00.629200
8144,201605293366293,PRIN,11,21,100,1240,124000.00,2016-05-29 03:36:00.629300
8145,201605293366294,PRIN,11,38,600,1240,744000.00,2016-05-29 03:36:00.629400
8146,201605293366212,PRIN,17,16,100,1240,124000.00,2016-05-29 03:36:00.621200
8147,201605293366188,PRIN,17,16,150,1240,186000.00,2016-05-29 03:36:00.618800
8148,201605293366186,PRIN,7,16,100,1243,124300.00,2016-05-29 03:36:00.618600
8149,201605293366187,PRIN,47,16,390,1241,483990.00,2016-05-29 03:36:00.618700
8150,201605293366169,PRIN,47,13,200,1242,248400.00,2016-05-29 03:36:00.616900
8151,201605293366170,PRIN,47,13,110,1241,136510.00,2016-05-29 03:36:00.617000
8152,201605293366172,PRIN,29,54,500,1248,624000.00,2016-05-29 03:36:00.617200
8153,201605293366134,PRIN,29,48,100,1250,125000.00,2016-05-29 03:36:00.613400
8154,201605293366063,PRIN,41,17,10,1250,12500.00,2016-05-29 03:36:00.606300
8155,201605293365955,PRIN,41,22,50,1250,62500.00,2016-05-29 03:36:00.595500
8156,201605293365860,PRIN,8,43,30,1251,37530.00,2016-05-29 03:36:00.586000
8157,201605293365861,PRIN,41,43,170,1250,212500.00,2016-05-29 03:36:00.586100
8158,201605293365849,PRIN,7,54,30,1251,37530.00,2016-05-29 03:36:00.584900
8159,201605293365850,PRIN,8,54,470,1251,587970.00,2016-05-29 03:36:00.585000
8160,201605293365793,PRIN,17,54,500,1255,627500.00,2016-05-29 03:36:00.579300
8161,201605293365745,PRIN,4,34,50,1251,62550.00,2016-05-29 03:36:00.574500
8162,201605293365746,PRIN,7,34,50,1251,62550.00,2016-05-29 03:36:00.574600
8163,201605293365571,PRIN,7,43,100,1252,125200.00,2016-05-29 03:36:00.557100
8164,201605293365578,PRIN,7,43,25,1252,31300.00,2016-05-29 03:36:00.557800
8165,201605293365414,PRIN,41,43,50,1249,62450.00,2016-05-29 03:36:00.541400
8166,201605293365415,PRIN,41,7,32,1250,40000.00,2016-05-29 03:36:00.541500
8167,201605293365425,PRIN,41,45,190,1250,237500.00,2016-05-29 03:36:00.542500
8168,201605293365374,PRIN,38,54,50,1226,61300.00,2016-05-29 03:36:00.537400
8169,201605293365315,PRIN,5,41,500,1251,625500.00,2016-05-29 03:36:00.531500
8170,201605293365290,PRIN,50,13,500,1250,625000.00,2016-05-29 03:36:00.529000
8171,201605293365291,PRIN,17,13,200,1245,249000.00,2016-05-29 03:36:00.529100
8172,201605293365292,PRIN,38,13,400,1238,495200.00,2016-05-29 03:36:00.529200
8173,201605293365293,PRIN,26,13,200,1237,247400.00,2016-05-29 03:36:00.529300
8174,201605293365294,PRIN,40,13,200,1237,247400.00,2016-05-29 03:36:00.529400
8175,201605293365279,PRIN,5,44,11,1251,13761.00,2016-05-29 03:36:00.527900
8176,201605293364920,PRIN,26,54,209,1261,263549.00,2016-05-29 03:36:00.492000
8177,201605293364911,PRIN,11,52,110,1261,138710.00,2016-05-29 03:36:00.491100
8178,201605293364876,PRIN,6,52,90,1261,113490.00,2016-05-29 03:36:00.487600
8179,201605293364865,PRIN,6,42,200,1261,252200.00,2016-05-29 03:36:00.486500
8180,201605293364854,PRIN,39,49,32,1272,40704.00,2016-05-29 03:36:00.485400
8181,201605293364860,PRIN,40,43,100,1270,127000.00,2016-05-29 03:36:00.486000
8182,201605293364837,PRIN,11,56,300,1280,384000.00,2016-05-29 03:36:00.483700
8183,201605293364815,PRIN,11,43,300,1278,383400.00,2016-05-29 03:36:00.481500
8184,201605293364778,PRIN,26,26,100,1279,127900.00,2016-05-29 03:36:00.477800
8185,201605293364770,PRIN,29,21,100,1280,128000.00,2016-05-29 03:36:00.477000
8186,201605293364739,PRIN,4,51,100,1280,128000.00,2016-05-29 03:36:00.473900
8187,201605293364724,PRIN,29,22,100,1284,128400.00,2016-05-29 03:36:00.472400
8188,201605293364671,PRIN,28,21,90,1286,115740.00,2016-05-29 03:36:00.467100
8189,201605293364672,PRIN,45,21,100,1285,128500.00,2016-05-29 03:36:00.467200
8190,201605293364650,PRIN,41,37,50,1309,65450.00,2016-05-29 03:36:00.465000
8191,201605293364651,PRIN,41,53,100,1309,130900.00,2016-05-29 03:36:00.465100
8192,201605293364625,PRIN,6,36,500,1309,654500.00,2016-05-29 03:36:00.462500
8193,201605293364616,PRIN,47,38,300,1309,392700.00,2016-05-29 03:36:00.461600
8194,201605293364617,PRIN,47,36,200,1309,261800.00,2016-05-29 03:36:00.461700
8195,201605293364618,PRIN,40,36,290,1309,379610.00,2016-05-29 03:36:00.461800
8196,201605293364620,PRIN,6,54,300,1309,392700.00,2016-05-29 03:36:00.462000
8197,201605293364586,PRIN,35,21,500,1290,645000.00,2016-05-29 03:36:00.458600
8198,201605293364588,PRIN,4,21,490,1290,632100.00,2016-05-29 03:36:00.458800
8199,201605293364589,PRIN,4,36,10,1309,13090.00,2016-05-29 03:36:00.458900
8200,201605293364559,PRIN,28,43,10,1286,12860.00,2016-05-29 03:36:00.455900
8201,201605293364530,PRIN,6,38,100,1261,126100.00,2016-05-29 03:36:00.453000
8202,201605293364513,PRIN,6,38,100,1237,123700.00,2016-05-29 03:36:00.451300
8203,201605293364523,PRIN,6,21,10,1237,12370.00,2016-05-29 03:36:00.452300
8204,201605293364469,PRIN,17,45,10,1213,12130.00,2016-05-29 03:36:00.446900
8205,201605263364359,PRIN,55,33,90,1190,107100.00,2016-05-26 03:36:00.435900
8206,201605263364360,PRIN,55,33,100,1190,119000.00,2016-05-26 03:36:00.436000
8207,201605263364361,PRIN,29,33,200,1190,238000.00,2016-05-26 03:36:00.436100
8208,201605263364362,PRIN,29,33,200,1190,238000.00,2016-05-26 03:36:00.436200
8209,201605263364363,PRIN,16,33,410,1190,487900.00,2016-05-26 03:36:00.436300
8210,201605263364133,PRIN,41,59,150,1200,180000.00,2016-05-26 03:36:00.413300
8211,201605263364026,PRIN,39,43,200,1200,240000.00,2016-05-26 03:36:00.402600
8212,201605263364027,PRIN,39,59,300,1200,360000.00,2016-05-26 03:36:00.402700
8213,201605263364007,PRIN,41,43,100,1200,120000.00,2016-05-26 03:36:00.400700
8214,201605263363932,PRIN,34,43,200,1198,239600.00,2016-05-26 03:36:00.393200
8215,201605263363901,PRIN,38,49,100,1195,119500.00,2016-05-26 03:36:00.390100
8216,201605263363904,PRIN,39,21,200,1198,239600.00,2016-05-26 03:36:00.390400
8217,201605263363905,PRIN,39,59,250,1200,300000.00,2016-05-26 03:36:00.390500
8218,201605263363909,PRIN,38,43,100,1195,119500.00,2016-05-26 03:36:00.390900
8219,201605263363910,PRIN,38,43,100,1195,119500.00,2016-05-26 03:36:00.391000
8220,201605263363912,PRIN,39,43,20,1202,24040.00,2016-05-26 03:36:00.391200
8221,201605263363865,PRIN,59,43,150,1200,180000.00,2016-05-26 03:36:00.386500
8222,201605263363832,PRIN,59,50,350,1199,419650.00,2016-05-26 03:36:00.383200
8223,201605263363833,PRIN,59,32,200,1199,239800.00,2016-05-26 03:36:00.383300
8224,201605263363813,PRIN,55,11,500,1200,600000.00,2016-05-26 03:36:00.381300
8225,201605263363825,PRIN,36,11,350,1200,420000.00,2016-05-26 03:36:00.382500
8226,201605263363828,PRIN,36,50,150,1200,180000.00,2016-05-26 03:36:00.382800
8227,201605263363776,PRIN,55,17,50,1200,60000.00,2016-05-26 03:36:00.377600
8228,201605263363777,PRIN,55,54,200,1200,240000.00,2016-05-26 03:36:00.377700
8229,201605263363778,PRIN,55,13,230,1200,276000.00,2016-05-26 03:36:00.377800
8230,201605263363779,PRIN,55,52,70,1200,84000.00,2016-05-26 03:36:00.377900
8231,201605263363780,PRIN,55,11,150,1200,180000.00,2016-05-26 03:36:00.378000
8232,201605263363782,PRIN,42,11,500,1200,600000.00,2016-05-26 03:36:00.378200
8233,201605263363738,PRIN,55,45,100,1200,120000.00,2016-05-26 03:36:00.373800
8234,201605263363739,PRIN,55,17,200,1200,240000.00,2016-05-26 03:36:00.373900
8235,201605263363629,PRIN,38,32,86,1198,103028.00,2016-05-26 03:36:00.362900
8236,201605263363561,PRIN,36,22,300,1198,359400.00,2016-05-26 03:36:00.356100
8237,201605263363562,PRIN,36,59,100,1199,119900.00,2016-05-26 03:36:00.356200
8238,201605263363528,PRIN,55,7,103,1190,122570.00,2016-05-26 03:36:00.352800
8239,201605263363497,PRIN,55,5,300,1190,357000.00,2016-05-26 03:36:00.349700
8240,201605263363465,PRIN,36,44,1100,1195,1314500.00,2016-05-26 03:36:00.346500
8241,201605263363426,PRIN,36,21,300,1194,358200.00,2016-05-26 03:36:00.342600
8242,201605263363427,PRIN,36,44,50,1195,59750.00,2016-05-26 03:36:00.342700
8243,201605263363434,PRIN,17,44,150,1195,179250.00,2016-05-26 03:36:00.343400
8244,201605263363437,PRIN,55,14,900,1190,1071000.00,2016-05-26 03:36:00.343700
8245,201605263363440,PRIN,37,44,200,1195,239000.00,2016-05-26 03:36:00.344000
8246,201605263363403,PRIN,55,21,300,1190,357000.00,2016-05-26 03:36:00.340300
8247,201605263363354,PRIN,5,7,300,1192,357600.00,2016-05-26 03:36:00.335400
8248,201605263363247,PRIN,32,44,500,1199,599500.00,2016-05-26 03:36:00.324700
8249,201605263363225,PRIN,55,44,310,1190,368900.00,2016-05-26 03:36:00.322500
8250,201605263363136,PRIN,32,1,720,1200,864000.00,2016-05-26 03:36:00.313600
8251,201605263363124,PRIN,58,43,130,1202,156260.00,2016-05-26 03:36:00.312400
8252,201605263363105,PRIN,17,43,150,1202,180300.00,2016-05-26 03:36:00.310500
8253,201605263363061,PRIN,32,33,500,1200,600000.00,2016-05-26 03:36:00.306100
8254,201605263362990,PRIN,49,33,200,1200,240000.00,2016-05-26 03:36:00.299000
8255,201605263362917,PRIN,41,41,100,1204,120400.00,2016-05-26 03:36:00.291700
8256,201605263362892,PRIN,55,41,500,1204,602000.00,2016-05-26 03:36:00.289200
8257,201605263362859,PRIN,55,14,165,1208,199320.00,2016-05-26 03:36:00.285900
8258,201605263362872,PRIN,17,40,100,1200,120000.00,2016-05-26 03:36:00.287200
8259,201605263362785,PRIN,47,26,280,1205,337400.00,2016-05-26 03:36:00.278500
8260,201605263362748,PRIN,17,49,200,1200,240000.00,2016-05-26 03:36:00.274800
8261,201605263362734,PRIN,49,49,200,1200,240000.00,2016-05-26 03:36:00.273400
8262,201605263362682,PRIN,41,41,250,1195,298750.00,2016-05-26 03:36:00.268200
8263,201605263362573,PRIN,41,22,100,1200,120000.00,2016-05-26 03:36:00.257300
8264,201605263362574,PRIN,41,43,10,1202,12020.00,2016-05-26 03:36:00.257400
8265,201605263362575,PRIN,41,43,100,1203,120300.00,2016-05-26 03:36:00.257500
8266,201605263362489,PRIN,42,17,250,1180,295000.00,2016-05-26 03:36:00.248900
8267,201605263362398,PRIN,42,43,500,1174,587000.00,2016-05-26 03:36:00.239800
8268,201605263362381,PRIN,42,21,181,1175,212675.00,2016-05-26 03:36:00.238100
8269,201605263362304,PRIN,41,13,100,1162,116200.00,2016-05-26 03:36:00.230400
8270,201605263362323,PRIN,41,13,350,1162,406700.00,2016-05-26 03:36:00.232300
8271,201605263362246,PRIN,43,47,200,1155,231000.00,2016-05-26 03:36:00.224600
8272,201605263362235,PRIN,43,43,53,1155,61215.00,2016-05-26 03:36:00.223500
8273,201605263362213,PRIN,54,45,1460,1150,1679000.00,2016-05-26 03:36:00.221300
8274,201605263362214,PRIN,54,6,100,1150,115000.00,2016-05-26 03:36:00.221400
8275,201605263362215,PRIN,54,21,300,1150,345000.00,2016-05-26 03:36:00.221500
8276,201605263362216,PRIN,54,38,150,1150,172500.00,2016-05-26 03:36:00.221600
8277,201605263362202,PRIN,47,6,50,1145,57250.00,2016-05-26 03:36:00.220200
8278,201605263362190,PRIN,36,37,35,1140,39900.00,2016-05-26 03:36:00.219000
8279,201605263362152,PRIN,17,45,100,1150,115000.00,2016-05-26 03:36:00.215200
8280,201605263362142,PRIN,5,45,100,1150,115000.00,2016-05-26 03:36:00.214200
8281,201605263362125,PRIN,17,45,30,1150,34500.00,2016-05-26 03:36:00.212500
8282,201605263362127,PRIN,11,45,50,1150,57500.00,2016-05-26 03:36:00.212700
8283,201605263361996,PRIN,11,45,100,1150,115000.00,2016-05-26 03:36:00.199600
8284,201605263362006,PRIN,41,45,100,1150,115000.00,2016-05-26 03:36:00.200600
8285,201605263361966,PRIN,5,45,60,1150,69000.00,2016-05-26 03:36:00.196600
8286,201605263361883,PRIN,17,45,200,1145,229000.00,2016-05-26 03:36:00.188300
8287,201605263361851,PRIN,17,21,150,1145,171750.00,2016-05-26 03:36:00.185100
8288,201605263361817,PRIN,41,47,200,1140,228000.00,2016-05-26 03:36:00.181700
8289,201605263361705,PRIN,53,39,500,1140,570000.00,2016-05-26 03:36:00.170500
8290,201605263361713,PRIN,22,21,350,1145,400750.00,2016-05-26 03:36:00.171300
8291,201605263361629,PRIN,22,34,150,1138,170700.00,2016-05-26 03:36:00.162900
8292,201605263361624,PRIN,41,34,200,1138,227600.00,2016-05-26 03:36:00.162400
8293,201605263361604,PRIN,36,34,150,1138,170700.00,2016-05-26 03:36:00.160400
8294,201605263361571,PRIN,37,49,100,1139,113900.00,2016-05-26 03:36:00.157100
8295,201605263361521,PRIN,10,52,500,1138,569000.00,2016-05-26 03:36:00.152100
8296,201605263361421,PRIN,38,48,200,1130,226000.00,2016-05-26 03:36:00.142100
8297,201605263361404,PRIN,10,55,100,1138,113800.00,2016-05-26 03:36:00.140400
8298,201605263361405,PRIN,17,55,100,1130,113000.00,2016-05-26 03:36:00.140500
8299,201605263361178,PRIN,21,52,50,1132,56600.00,2016-05-26 03:36:00.117800
8300,201605263361179,PRIN,41,52,100,1130,113000.00,2016-05-26 03:36:00.117900
8301,201605263361151,PRIN,38,20,50,1131,56550.00,2016-05-26 03:36:00.115100
8302,201605263361005,PRIN,17,13,50,1140,57000.00,2016-05-26 03:36:00.100500
8303,201605263360956,PRIN,17,45,100,1140,114000.00,2016-05-26 03:36:00.095600
8304,201605263360885,PRIN,33,50,300,1140,342000.00,2016-05-26 03:36:00.088500
8305,201605263360886,PRIN,33,50,200,1140,228000.00,2016-05-26 03:36:00.088600
8306,201605263360887,PRIN,34,50,200,1136,227200.00,2016-05-26 03:36:00.088700
8307,201605263360888,PRIN,33,50,300,1135,340500.00,2016-05-26 03:36:00.088800
8308,201605263360782,PRIN,14,59,100,1140,114000.00,2016-05-26 03:36:00.078200
8309,201605263360696,PRIN,26,59,200,1136,227200.00,2016-05-26 03:36:00.069600
8310,201605263360612,PRIN,48,47,200,1130,226000.00,2016-05-26 03:36:00.061200
8311,201605263360613,PRIN,48,41,100,1130,113000.00,2016-05-26 03:36:00.061300
8312,201605263360616,PRIN,33,10,500,1135,567500.00,2016-05-26 03:36:00.061600
8313,201605263360617,PRIN,33,26,50,1135,56750.00,2016-05-26 03:36:00.061700
8314,201605263360618,PRIN,33,6,200,1135,227000.00,2016-05-26 03:36:00.061800
8315,201605263360584,PRIN,47,41,100,1130,113000.00,2016-05-26 03:36:00.058400
8316,201605263360585,PRIN,19,41,100,1130,113000.00,2016-05-26 03:36:00.058500
8317,201605263360586,PRIN,19,41,100,1130,113000.00,2016-05-26 03:36:00.058600
8318,201605263360549,PRIN,26,56,200,1130,226000.00,2016-05-26 03:36:00.054900
8319,201605263360301,PRIN,10,48,92,1128,103776.00,2016-05-26 03:36:00.030100
8320,201605263360310,PRIN,10,48,150,1128,169200.00,2016-05-26 03:36:00.031000
8321,201605263360004,PRIN,38,16,100,1127,112700.00,2016-05-26 03:36:00.000400
8322,201605263360005,PRIN,38,16,100,1128,112800.00,2016-05-26 03:36:00.000500
8323,201605263359972,PRIN,19,17,110,1125,123750.00,2016-05-26 03:35:00.997200
8324,201605263359583,PRIN,55,43,100,1120,112000.00,2016-05-26 03:35:00.958300
8325,201605263359539,PRIN,55,43,200,1142,228400.00,2016-05-26 03:35:00.953900
8326,201605263359540,PRIN,3,43,100,1142,114200.00,2016-05-26 03:35:00.954000
8327,201605263359541,PRIN,38,43,200,1142,228400.00,2016-05-26 03:35:00.954100
8328,201605253359226,PRIN,40,16,500,1165,582500.00,2016-05-25 03:35:00.922600
8329,201605253359183,PRIN,41,6,100,1154,115400.00,2016-05-25 03:35:00.918300
8330,201605253359134,PRIN,38,42,500,1154,577000.00,2016-05-25 03:35:00.913400
8331,201605253359141,PRIN,14,42,300,1154,346200.00,2016-05-25 03:35:00.914100
8332,201605253359093,PRIN,13,21,300,1160,348000.00,2016-05-25 03:35:00.909300
8333,201605253359096,PRIN,14,21,200,1160,232000.00,2016-05-25 03:35:00.909600
8334,201605253359126,PRIN,26,21,300,1160,348000.00,2016-05-25 03:35:00.912600
8335,201605253359133,PRIN,26,42,200,1155,231000.00,2016-05-25 03:35:00.913300
8336,201605253359035,PRIN,14,42,100,1160,116000.00,2016-05-25 03:35:00.903500
8337,201605253359036,PRIN,14,43,200,1160,232000.00,2016-05-25 03:35:00.903600
8338,201605253358991,PRIN,14,55,388,1159,449692.00,2016-05-25 03:35:00.899100
8339,201605253358980,PRIN,14,35,167,1157,193219.00,2016-05-25 03:35:00.898000
8340,201605253358965,PRIN,38,52,147,1155,169785.00,2016-05-25 03:35:00.896500
8341,201605253358905,PRIN,38,41,80,1157,92560.00,2016-05-25 03:35:00.890500
8342,201605253358906,PRIN,54,41,150,1157,173550.00,2016-05-25 03:35:00.890600
8343,201605253358907,PRIN,39,41,200,1156,231200.00,2016-05-25 03:35:00.890700
8344,201605253358908,PRIN,41,41,20,1155,23100.00,2016-05-25 03:35:00.890800
8345,201605253358909,PRIN,38,41,50,1155,57750.00,2016-05-25 03:35:00.890900
8346,201605253358734,PRIN,38,45,350,1155,404250.00,2016-05-25 03:35:00.873400
8347,201605253358374,PRIN,26,42,100,1160,116000.00,2016-05-25 03:35:00.837400
8348,201605253358366,PRIN,13,42,100,1162,116200.00,2016-05-25 03:35:00.836600
8349,201605253358367,PRIN,44,42,200,1160,232000.00,2016-05-25 03:35:00.836700
8350,201605253358338,PRIN,13,43,200,1165,233000.00,2016-05-25 03:35:00.833800
8351,201605253358339,PRIN,13,21,100,1165,116500.00,2016-05-25 03:35:00.833900
8352,201605253358277,PRIN,11,21,100,1165,116500.00,2016-05-25 03:35:00.827700
8353,201605253358255,PRIN,38,43,400,1155,462000.00,2016-05-25 03:35:00.825500
8354,201605253358159,PRIN,38,32,120,1157,138840.00,2016-05-25 03:35:00.815900
8355,201605253358047,PRIN,38,32,30,1158,34740.00,2016-05-25 03:35:00.804700
8356,201605253358048,PRIN,41,32,100,1157,115700.00,2016-05-25 03:35:00.804800
8357,201605253357955,PRIN,35,43,30,1165,34950.00,2016-05-25 03:35:00.795500
8358,201605253357956,PRIN,38,43,170,1158,196860.00,2016-05-25 03:35:00.795600
8359,201605253357944,PRIN,29,43,200,1160,232000.00,2016-05-25 03:35:00.794400
8360,201605253357827,PRIN,14,21,200,1175,235000.00,2016-05-25 03:35:00.782700
8361,201605253357718,PRIN,38,55,300,1170,351000.00,2016-05-25 03:35:00.771800
8362,201605253357377,PRIN,45,45,104,1160,120640.00,2016-05-25 03:35:00.737700
8363,201605253357353,PRIN,42,17,200,1175,235000.00,2016-05-25 03:35:00.735300
8364,201605253357081,PRIN,41,45,210,1155,242550.00,2016-05-25 03:35:00.708100
8365,201605253357082,PRIN,41,45,180,1155,207900.00,2016-05-25 03:35:00.708200
8366,201605253356985,PRIN,38,22,10,1158,11580.00,2016-05-25 03:35:00.698500
8367,201605253356986,PRIN,41,22,290,1155,334950.00,2016-05-25 03:35:00.698600
8368,201605253357002,PRIN,44,8,300,1160,348000.00,2016-05-25 03:35:00.700200
8369,201605253356960,PRIN,44,8,150,1160,174000.00,2016-05-25 03:35:00.696000
8370,201605253356918,PRIN,38,1,40,1158,46320.00,2016-05-25 03:35:00.691800
8371,201605253356855,PRIN,38,21,150,1155,173250.00,2016-05-25 03:35:00.685500
8372,201605253356803,PRIN,14,21,50,1155,57750.00,2016-05-25 03:35:00.680300
8373,201605253356790,PRIN,41,21,100,1155,115500.00,2016-05-25 03:35:00.679000
8374,201605253356791,PRIN,41,21,100,1155,115500.00,2016-05-25 03:35:00.679100
8375,201605253356770,PRIN,41,1,100,1155,115500.00,2016-05-25 03:35:00.677000
8376,201605253356704,PRIN,13,1,180,1155,207900.00,2016-05-25 03:35:00.670400
8377,201605253356636,PRIN,14,1,200,1155,231000.00,2016-05-25 03:35:00.663600
8378,201605253356625,PRIN,26,5,100,1152,115200.00,2016-05-25 03:35:00.662500
8379,201605253356599,PRIN,28,1,120,1155,138600.00,2016-05-25 03:35:00.659900
8380,201605253356510,PRIN,28,42,200,1155,231000.00,2016-05-25 03:35:00.651000
8381,201605253356447,PRIN,47,8,10,1160,11600.00,2016-05-25 03:35:00.644700
8382,201605253356426,PRIN,14,54,200,1170,234000.00,2016-05-25 03:35:00.642600
8383,201605253356429,PRIN,58,36,200,1166,233200.00,2016-05-25 03:35:00.642900
8384,201605253356430,PRIN,47,36,100,1166,116600.00,2016-05-25 03:35:00.643000
8385,201605253356431,PRIN,40,36,10,1165,11650.00,2016-05-25 03:35:00.643100
8386,201605253356432,PRIN,22,36,100,1165,116500.00,2016-05-25 03:35:00.643200
8387,201605253356433,PRIN,22,36,200,1165,233000.00,2016-05-25 03:35:00.643300
8388,201605253356434,PRIN,38,36,100,1160,116000.00,2016-05-25 03:35:00.643400
8389,201605253356435,PRIN,38,36,200,1160,232000.00,2016-05-25 03:35:00.643500
8390,201605253356436,PRIN,47,36,90,1160,104400.00,2016-05-25 03:35:00.643600
8391,201605253356208,PRIN,38,17,200,1166,233200.00,2016-05-25 03:35:00.620800
8392,201605253356209,PRIN,5,17,100,1166,116600.00,2016-05-25 03:35:00.620900
8393,201605253356214,PRIN,38,17,63,1166,73458.00,2016-05-25 03:35:00.621400
8394,201605253355861,PRIN,5,17,100,1180,118000.00,2016-05-25 03:35:00.586100
8395,201605253355820,PRIN,38,16,100,1166,116600.00,2016-05-25 03:35:00.582000
8396,201605253355821,PRIN,40,16,250,1165,291250.00,2016-05-25 03:35:00.582100
8397,201605253355759,PRIN,38,45,300,1176,352800.00,2016-05-25 03:35:00.575900
8398,201605253355760,PRIN,55,45,250,1175,293750.00,2016-05-25 03:35:00.576000
8399,201605253355761,PRIN,55,45,100,1175,117500.00,2016-05-25 03:35:00.576100
8400,201605253355764,PRIN,38,45,150,1180,177000.00,2016-05-25 03:35:00.576400
8401,201605253355721,PRIN,52,45,100,1182,118200.00,2016-05-25 03:35:00.572100
8402,201605253355722,PRIN,38,45,200,1181,236200.00,2016-05-25 03:35:00.572200
8403,201605253355723,PRIN,25,45,250,1180,295000.00,2016-05-25 03:35:00.572300
8404,201605253355247,PRIN,14,33,200,1190,238000.00,2016-05-25 03:35:00.524700
8405,201605253355236,PRIN,45,33,120,1190,142800.00,2016-05-25 03:35:00.523600
8406,201605253355237,PRIN,5,33,200,1190,238000.00,2016-05-25 03:35:00.523700
8407,201605253355089,PRIN,38,51,200,1194,238800.00,2016-05-25 03:35:00.508900
8408,201605253355038,PRIN,38,48,200,1190,238000.00,2016-05-25 03:35:00.503800
8409,201605253355039,PRIN,38,22,300,1195,358500.00,2016-05-25 03:35:00.503900
8410,201605253355029,PRIN,45,47,80,1190,95200.00,2016-05-25 03:35:00.502900
8411,201605253354972,PRIN,45,48,300,1190,357000.00,2016-05-25 03:35:00.497200
8412,201605253354827,PRIN,5,13,100,1200,120000.00,2016-05-25 03:35:00.482700
8413,201605253354527,PRIN,38,37,100,1210,121000.00,2016-05-25 03:35:00.452700
8414,201605253354418,PRIN,38,17,100,1205,120500.00,2016-05-25 03:35:00.441800
8415,201605253354325,PRIN,19,11,600,1195,717000.00,2016-05-25 03:35:00.432500
8416,201605253354305,PRIN,19,17,42,1195,50190.00,2016-05-25 03:35:00.430500
8417,201605253354290,PRIN,19,22,302,1190,359380.00,2016-05-25 03:35:00.429000
8418,201605253354268,PRIN,38,59,200,1190,238000.00,2016-05-25 03:35:00.426800
8419,201605253354249,PRIN,38,34,100,1188,118800.00,2016-05-25 03:35:00.424900
8420,201605253354250,PRIN,38,18,30,1190,35700.00,2016-05-25 03:35:00.425000
8421,201605253354207,PRIN,19,43,100,1180,118000.00,2016-05-25 03:35:00.420700
8422,201605253354173,PRIN,41,8,233,1175,273775.00,2016-05-25 03:35:00.417300
8423,201605253354171,PRIN,43,17,200,1172,234400.00,2016-05-25 03:35:00.417100
8424,201605253354129,PRIN,40,17,40,1165,46600.00,2016-05-25 03:35:00.412900
8425,201605253354131,PRIN,32,21,300,1169,350700.00,2016-05-25 03:35:00.413100
8426,201605253354119,PRIN,38,40,900,1165,1048500.00,2016-05-25 03:35:00.411900
8427,201605253354104,PRIN,40,8,100,1165,116500.00,2016-05-25 03:35:00.410400
8428,201605253353983,PRIN,41,57,244,1164,284016.00,2016-05-25 03:35:00.398300
8429,201605253353927,PRIN,38,21,300,1169,350700.00,2016-05-25 03:35:00.392700
8430,201605253353922,PRIN,14,21,100,1169,116900.00,2016-05-25 03:35:00.392200
8431,201605253353924,PRIN,38,57,600,1153,691800.00,2016-05-25 03:35:00.392400
8432,201605253353901,PRIN,43,57,100,1170,117000.00,2016-05-25 03:35:00.390100
8433,201605253353908,PRIN,11,57,300,1170,351000.00,2016-05-25 03:35:00.390800
8434,201605253353817,PRIN,38,21,1000,1151,1151000.00,2016-05-25 03:35:00.381700
8435,201605253353823,PRIN,57,57,200,1150,230000.00,2016-05-25 03:35:00.382300
8436,201605253353798,PRIN,38,8,100,1170,117000.00,2016-05-25 03:35:00.379800
8437,201605253353790,PRIN,32,42,149,1160,172840.00,2016-05-25 03:35:00.379000
8438,201605253353568,PRIN,32,6,300,1172,351600.00,2016-05-25 03:35:00.356800
8439,201605243353317,PRIN,38,36,150,1190,178500.00,2016-05-24 03:35:00.331700
8440,201605243353318,PRIN,38,6,40,1190,47600.00,2016-05-24 03:35:00.331800
8441,201605243353319,PRIN,38,13,200,1195,239000.00,2016-05-24 03:35:00.331900
8442,201605243353235,PRIN,41,7,500,1185,592500.00,2016-05-24 03:35:00.323500
8443,201605243353029,PRIN,26,36,100,1190,119000.00,2016-05-24 03:35:00.302900
8444,201605243353004,PRIN,26,36,100,1190,119000.00,2016-05-24 03:35:00.300400
8445,201605243352929,PRIN,29,6,200,1180,236000.00,2016-05-24 03:35:00.292900
8446,201605243352930,PRIN,29,6,100,1180,118000.00,2016-05-24 03:35:00.293000
8447,201605243352508,PRIN,41,50,100,1186,118600.00,2016-05-24 03:35:00.250800
8448,201605243352232,PRIN,29,48,150,1201,180150.00,2016-05-24 03:35:00.223200
8449,201605243352233,PRIN,38,48,150,1200,180000.00,2016-05-24 03:35:00.223300
8450,201605243352234,PRIN,17,48,100,1200,120000.00,2016-05-24 03:35:00.223400
8451,201605243352214,PRIN,38,55,100,1204,120400.00,2016-05-24 03:35:00.221400
8452,201605243352187,PRIN,29,37,200,1201,240200.00,2016-05-24 03:35:00.218700
8453,201605243352151,PRIN,29,11,50,1201,60050.00,2016-05-24 03:35:00.215100
8454,201605243351981,PRIN,52,17,100,1208,120800.00,2016-05-24 03:35:00.198100
8455,201605243351934,PRIN,28,21,500,1200,600000.00,2016-05-24 03:35:00.193400
8456,201605243351828,PRIN,33,41,63,1203,75789.00,2016-05-24 03:35:00.182800
8457,201605243351804,PRIN,33,22,100,1203,120300.00,2016-05-24 03:35:00.180400
8458,201605243351782,PRIN,28,33,500,1200,600000.00,2016-05-24 03:35:00.178200
8459,201605243351688,PRIN,29,36,30,1203,36090.00,2016-05-24 03:35:00.168800
8460,201605243351691,PRIN,41,25,1000,1205,1205000.00,2016-05-24 03:35:00.169100
8461,201605243351693,PRIN,41,22,30,1205,36150.00,2016-05-24 03:35:00.169300
8462,201605243351694,PRIN,29,22,70,1203,84210.00,2016-05-24 03:35:00.169400
8463,201605243351668,PRIN,11,36,270,1203,324810.00,2016-05-24 03:35:00.166800
8464,201605243351635,PRIN,48,22,70,1205,84350.00,2016-05-24 03:35:00.163500
8465,201605243351636,PRIN,29,22,100,1204,120400.00,2016-05-24 03:35:00.163600
8466,201605243351637,PRIN,11,22,30,1203,36090.00,2016-05-24 03:35:00.163700
8467,201605243351619,PRIN,11,45,200,1203,240600.00,2016-05-24 03:35:00.161900
8468,201605243351593,PRIN,29,6,100,1204,120400.00,2016-05-24 03:35:00.159300
8469,201605243351501,PRIN,11,28,115,1200,138000.00,2016-05-24 03:35:00.150100
8470,201605243351505,PRIN,59,6,60,1200,72000.00,2016-05-24 03:35:00.150500
8471,201605243351476,PRIN,11,40,99,1200,118800.00,2016-05-24 03:35:00.147600
8472,201605243351464,PRIN,21,28,300,1197,359100.00,2016-05-24 03:35:00.146400
8473,201605243351326,PRIN,38,22,100,1200,120000.00,2016-05-24 03:35:00.132600
8474,201605243351303,PRIN,38,8,50,1199,59950.00,2016-05-24 03:35:00.130300
8475,201605243351304,PRIN,38,5,76,1200,91200.00,2016-05-24 03:35:00.130400
8476,201605243351281,PRIN,21,44,1000,1198,1198000.00,2016-05-24 03:35:00.128100
8477,201605243351226,PRIN,21,39,100,1197,119700.00,2016-05-24 03:35:00.122600
8478,201605243351129,PRIN,21,45,500,1197,598500.00,2016-05-24 03:35:00.112900
8479,201605243351085,PRIN,21,6,131,1195,156545.00,2016-05-24 03:35:00.108500
8480,201605243351021,PRIN,41,5,100,1186,118600.00,2016-05-24 03:35:00.102100
8481,201605243350976,PRIN,29,47,50,1190,59500.00,2016-05-24 03:35:00.097600
8482,201605243350977,PRIN,32,47,80,1186,94880.00,2016-05-24 03:35:00.097700
8483,201605243350978,PRIN,37,47,20,1186,23720.00,2016-05-24 03:35:00.097800
8484,201605243350916,PRIN,21,7,580,1190,690200.00,2016-05-24 03:35:00.091600
8485,201605243350917,PRIN,19,7,300,1190,357000.00,2016-05-24 03:35:00.091700
8486,201605243350874,PRIN,21,8,320,1190,380800.00,2016-05-24 03:35:00.087400
8487,201605243350875,PRIN,21,21,100,1190,119000.00,2016-05-24 03:35:00.087500
8488,201605243350708,PRIN,57,48,20,1190,23800.00,2016-05-24 03:35:00.070800
8489,201605243350709,PRIN,57,8,180,1190,214200.00,2016-05-24 03:35:00.070900
8490,201605243350595,PRIN,19,29,10,1188,11880.00,2016-05-24 03:35:00.059500
8491,201605243350444,PRIN,38,54,97,1186,115042.00,2016-05-24 03:35:00.044400
8492,201605243350415,PRIN,19,50,90,1188,106920.00,2016-05-24 03:35:00.041500
8493,201605243350215,PRIN,29,48,20,1200,24000.00,2016-05-24 03:35:00.021500
8494,201605243350189,PRIN,14,8,100,1187,118700.00,2016-05-24 03:35:00.018900
8495,201605243350190,PRIN,13,8,130,1186,154180.00,2016-05-24 03:35:00.019000
8496,201605243350191,PRIN,38,8,770,1186,913220.00,2016-05-24 03:35:00.019100
8497,201605243350090,PRIN,13,17,70,1186,83020.00,2016-05-24 03:35:00.009000
8498,201605243349955,PRIN,41,48,60,1201,72060.00,2016-05-24 03:34:00.995500
8499,201605243349956,PRIN,41,48,100,1200,120000.00,2016-05-24 03:34:00.995600
8500,201605243349957,PRIN,38,48,100,1200,120000.00,2016-05-24 03:34:00.995700
8501,201605243349958,PRIN,38,48,100,1200,120000.00,2016-05-24 03:34:00.995800
8502,201605243349921,PRIN,41,56,240,1201,288240.00,2016-05-24 03:34:00.992100
8503,201605243349885,PRIN,41,57,200,1201,240200.00,2016-05-24 03:34:00.988500
8504,201605243349837,PRIN,41,21,150,1201,180150.00,2016-05-24 03:34:00.983700
8505,201605243349838,PRIN,21,21,100,1200,120000.00,2016-05-24 03:34:00.983800
8506,201605243349839,PRIN,41,21,100,1200,120000.00,2016-05-24 03:34:00.983900
8507,201605243349840,PRIN,29,21,650,1200,780000.00,2016-05-24 03:34:00.984000
8508,201605243349778,PRIN,11,47,27,1209,32643.00,2016-05-24 03:34:00.977800
8509,201605243349751,PRIN,33,48,100,1210,121000.00,2016-05-24 03:34:00.975100
8510,201605243349752,PRIN,57,48,150,1210,181500.00,2016-05-24 03:34:00.975200
8511,201605243349753,PRIN,38,48,180,1210,217800.00,2016-05-24 03:34:00.975300
8512,201605243349754,PRIN,11,48,70,1209,84630.00,2016-05-24 03:34:00.975400
8513,201605243349705,PRIN,38,14,320,1210,387200.00,2016-05-24 03:34:00.970500
8514,201605243349625,PRIN,39,50,60,1212,72720.00,2016-05-24 03:34:00.962500
8515,201605243349588,PRIN,33,33,150,1210,181500.00,2016-05-24 03:34:00.958800
8516,201605243349561,PRIN,50,33,500,1210,605000.00,2016-05-24 03:34:00.956100
8517,201605243349542,PRIN,32,33,50,1211,60550.00,2016-05-24 03:34:00.954200
8518,201605243349509,PRIN,38,50,50,1215,60750.00,2016-05-24 03:34:00.950900
8519,201605243349510,PRIN,1,50,100,1213,121300.00,2016-05-24 03:34:00.951000
8520,201605243349511,PRIN,19,50,200,1212,242400.00,2016-05-24 03:34:00.951100
8521,201605243349351,PRIN,38,11,27,1213,32751.00,2016-05-24 03:34:00.935100
8522,201605243349118,PRIN,49,49,365,1223,446395.00,2016-05-24 03:34:00.911800
8523,201605243349000,PRIN,38,26,284,1210,343640.00,2016-05-24 03:34:00.900000
8524,201605243348979,PRIN,38,54,200,1210,242000.00,2016-05-24 03:34:00.897900
8525,201605243348961,PRIN,11,45,162,1211,196182.00,2016-05-24 03:34:00.896100
8526,201605243348909,PRIN,1,34,200,1215,243000.00,2016-05-24 03:34:00.890900
8527,201605243348853,PRIN,5,48,300,1220,366000.00,2016-05-24 03:34:00.885300
8528,201605243348577,PRIN,41,37,200,1220,244000.00,2016-05-24 03:34:00.857700
8529,201605243348526,PRIN,41,8,100,1220,122000.00,2016-05-24 03:34:00.852600
8530,201605243348390,PRIN,17,48,500,1220,610000.00,2016-05-24 03:34:00.839000
8531,201605243348166,PRIN,7,36,100,1233,123300.00,2016-05-24 03:34:00.816600
8532,201605243348044,PRIN,41,19,100,1235,123500.00,2016-05-24 03:34:00.804400
8533,201605243348045,PRIN,41,1,200,1239,247800.00,2016-05-24 03:34:00.804500
8534,201605243347882,PRIN,19,43,20,1240,24800.00,2016-05-24 03:34:00.788200
8535,201605243347849,PRIN,5,45,100,1241,124100.00,2016-05-24 03:34:00.784900
8536,201605243347728,PRIN,5,32,100,1241,124100.00,2016-05-24 03:34:00.772800
8537,201605243347702,PRIN,38,43,100,1230,123000.00,2016-05-24 03:34:00.770200
8538,201605243347492,PRIN,59,48,100,1235,123500.00,2016-05-24 03:34:00.749200
8539,201605243347440,PRIN,19,39,28,1235,34580.00,2016-05-24 03:34:00.744000
8540,201605243347406,PRIN,11,33,150,1242,186300.00,2016-05-24 03:34:00.740600
8541,201605243347407,PRIN,14,33,500,1241,620500.00,2016-05-24 03:34:00.740700
8542,201605243347408,PRIN,41,33,400,1240,496000.00,2016-05-24 03:34:00.740800
8543,201605243347409,PRIN,13,33,100,1240,124000.00,2016-05-24 03:34:00.740900
8544,201605243347410,PRIN,14,33,100,1240,124000.00,2016-05-24 03:34:00.741000
8545,201605243347411,PRIN,33,33,750,1239,929250.00,2016-05-24 03:34:00.741100
8546,201605243347349,PRIN,39,22,50,1241,62050.00,2016-05-24 03:34:00.734900
8547,201605243347329,PRIN,51,56,50,1250,62500.00,2016-05-24 03:34:00.732900
8548,201605243347317,PRIN,51,36,50,1250,62500.00,2016-05-24 03:34:00.731700
8549,201605243347296,PRIN,16,36,500,1250,625000.00,2016-05-24 03:34:00.729600
8550,201605243347252,PRIN,16,6,100,1250,125000.00,2016-05-24 03:34:00.725200
8551,201605243347201,PRIN,39,37,50,1250,62500.00,2016-05-24 03:34:00.720100
8552,201605243347174,PRIN,48,21,100,1238,123800.00,2016-05-24 03:34:00.717400
8553,201605243347175,PRIN,48,20,200,1239,247800.00,2016-05-24 03:34:00.717500
8554,201605243347177,PRIN,41,8,100,1240,124000.00,2016-05-24 03:34:00.717700
8555,201605243347112,PRIN,40,4,50,1220,61000.00,2016-05-24 03:34:00.711200
8556,201605233346939,PRIN,5,32,50,1220,61000.00,2016-05-23 03:34:00.693900
8557,201605233346677,PRIN,45,48,100,1215,121500.00,2016-05-23 03:34:00.667700
8558,201605233346678,PRIN,41,48,130,1210,157300.00,2016-05-23 03:34:00.667800
8559,201605233346679,PRIN,38,48,170,1205,204850.00,2016-05-23 03:34:00.667900
8560,201605233346619,PRIN,59,6,100,1220,122000.00,2016-05-23 03:34:00.661900
8561,201605233346620,PRIN,59,11,200,1220,244000.00,2016-05-23 03:34:00.662000
8562,201605233346608,PRIN,59,58,500,1217,608500.00,2016-05-23 03:34:00.660800
8563,201605233346609,PRIN,59,32,100,1218,121800.00,2016-05-23 03:34:00.660900
8564,201605233346610,PRIN,59,32,100,1218,121800.00,2016-05-23 03:34:00.661000
8565,201605233346566,PRIN,40,48,300,1216,364800.00,2016-05-23 03:34:00.656600
8566,201605233346502,PRIN,40,21,200,1215,243000.00,2016-05-23 03:34:00.650200
8567,201605233346226,PRIN,41,8,370,1210,447700.00,2016-05-23 03:34:00.622600
8568,201605233346141,PRIN,11,42,100,1205,120500.00,2016-05-23 03:34:00.614100
8569,201605233346148,PRIN,11,6,100,1205,120500.00,2016-05-23 03:34:00.614800
8570,201605233346109,PRIN,19,53,100,1201,120100.00,2016-05-23 03:34:00.610900
8571,201605233346087,PRIN,38,6,150,1204,180600.00,2016-05-23 03:34:00.608700
8572,201605233346059,PRIN,16,59,230,1200,276000.00,2016-05-23 03:34:00.605900
8573,201605233346022,PRIN,13,56,100,1203,120300.00,2016-05-23 03:34:00.602200
8574,201605233345991,PRIN,29,42,300,1200,360000.00,2016-05-23 03:34:00.599100
8575,201605233345998,PRIN,47,5,1000,1200,1200000.00,2016-05-23 03:34:00.599800
8576,201605233345934,PRIN,28,1,200,1200,240000.00,2016-05-23 03:34:00.593400
8577,201605233345845,PRIN,38,26,50,1200,60000.00,2016-05-23 03:34:00.584500
8578,201605233345846,PRIN,41,26,200,1200,240000.00,2016-05-23 03:34:00.584600
8579,201605233345847,PRIN,28,26,50,1200,60000.00,2016-05-23 03:34:00.584700
8580,201605233345760,PRIN,38,37,100,1200,120000.00,2016-05-23 03:34:00.576000
8581,201605233345763,PRIN,41,42,100,1200,120000.00,2016-05-23 03:34:00.576300
8582,201605233345730,PRIN,45,37,100,1200,120000.00,2016-05-23 03:34:00.573000
8583,201605233345720,PRIN,36,37,100,1200,120000.00,2016-05-23 03:34:00.572000
8584,201605233345701,PRIN,38,48,200,1203,240600.00,2016-05-23 03:34:00.570100
8585,201605233345702,PRIN,38,6,100,1204,120400.00,2016-05-23 03:34:00.570200
8586,201605233345616,PRIN,29,36,453,1199,543147.00,2016-05-23 03:34:00.561600
8587,201605233345462,PRIN,8,32,146,1199,175054.00,2016-05-23 03:34:00.546200
8588,201605233345307,PRIN,41,33,100,1192,119200.00,2016-05-23 03:34:00.530700
8589,201605233345255,PRIN,52,33,50,1200,60000.00,2016-05-23 03:34:00.525500
8590,201605233345256,PRIN,55,33,150,1192,178800.00,2016-05-23 03:34:00.525600
8591,201605233345230,PRIN,49,37,100,1200,120000.00,2016-05-23 03:34:00.523000
8592,201605233345091,PRIN,57,33,500,1190,595000.00,2016-05-23 03:34:00.509100
8593,201605233345083,PRIN,4,45,209,1195,249755.00,2016-05-23 03:34:00.508300
8594,201605233344991,PRIN,42,33,150,1200,180000.00,2016-05-23 03:34:00.499100
8595,201605233344993,PRIN,42,6,50,1204,60200.00,2016-05-23 03:34:00.499300
8596,201605233345006,PRIN,56,33,300,1195,358500.00,2016-05-23 03:34:00.500600
8597,201605233344987,PRIN,41,10,97,1200,116400.00,2016-05-23 03:34:00.498700
8598,201605233344958,PRIN,41,13,40,1200,48000.00,2016-05-23 03:34:00.495800
8599,201605233344940,PRIN,41,55,100,1200,120000.00,2016-05-23 03:34:00.494000
8600,201605233344886,PRIN,41,54,200,1200,240000.00,2016-05-23 03:34:00.488600
8601,201605233344825,PRIN,41,57,10,1200,12000.00,2016-05-23 03:34:00.482500
8602,201605233344816,PRIN,41,11,100,1200,120000.00,2016-05-23 03:34:00.481600
8603,201605233344749,PRIN,41,13,100,1200,120000.00,2016-05-23 03:34:00.474900
8604,201605233344738,PRIN,47,13,60,1200,72000.00,2016-05-23 03:34:00.473800
8605,201605233344720,PRIN,45,22,297,1200,356400.00,2016-05-23 03:34:00.472000
8606,201605233344526,PRIN,47,43,40,1200,48000.00,2016-05-23 03:34:00.452600
8607,201605233344387,PRIN,49,49,500,1190,595000.00,2016-05-23 03:34:00.438700
8608,201605233344325,PRIN,33,11,500,1191,595500.00,2016-05-23 03:34:00.432500
8609,201605233344326,PRIN,35,11,300,1190,357000.00,2016-05-23 03:34:00.432600
8610,201605233344327,PRIN,47,11,100,1190,119000.00,2016-05-23 03:34:00.432700
8611,201605233344328,PRIN,38,11,100,1188,118800.00,2016-05-23 03:34:00.432800
8612,201605233344305,PRIN,28,6,100,1204,120400.00,2016-05-23 03:34:00.430500
8613,201605233344081,PRIN,22,47,100,1195,119500.00,2016-05-23 03:34:00.408100
8614,201605233344082,PRIN,41,47,200,1190,238000.00,2016-05-23 03:34:00.408200
8615,201605233344010,PRIN,50,47,100,1205,120500.00,2016-05-23 03:34:00.401000
8616,201605233343925,PRIN,47,47,300,1200,360000.00,2016-05-23 03:34:00.392500
8617,201605233343882,PRIN,38,36,200,1201,240200.00,2016-05-23 03:34:00.388200
8618,201605233343886,PRIN,33,36,200,1200,240000.00,2016-05-23 03:34:00.388600
8619,201605233343761,PRIN,29,16,111,1208,134088.00,2016-05-23 03:34:00.376100
8620,201605233343697,PRIN,42,53,200,1200,240000.00,2016-05-23 03:34:00.369700
8621,201605233343698,PRIN,42,40,50,1200,60000.00,2016-05-23 03:34:00.369800
8622,201605233343699,PRIN,42,21,300,1200,360000.00,2016-05-23 03:34:00.369900
8623,201605233343700,PRIN,42,45,1000,1200,1200000.00,2016-05-23 03:34:00.370000
8624,201605233343600,PRIN,38,16,100,1198,119800.00,2016-05-23 03:34:00.360000
8625,201605233343576,PRIN,38,16,500,1195,597500.00,2016-05-23 03:34:00.357600
8626,201605233343564,PRIN,38,18,100,1194,119400.00,2016-05-23 03:34:00.356400
8627,201605233343498,PRIN,33,33,300,1185,355500.00,2016-05-23 03:34:00.349800
8628,201605233343378,PRIN,19,33,100,1181,118100.00,2016-05-23 03:34:00.337800
8629,201605233343341,PRIN,21,33,100,1195,119500.00,2016-05-23 03:34:00.334100
8630,201605233343342,PRIN,21,33,600,1190,714000.00,2016-05-23 03:34:00.334200
8631,201605233343326,PRIN,1,55,100,1196,119600.00,2016-05-23 03:34:00.332600
8632,201605233343196,PRIN,34,55,100,1200,120000.00,2016-05-23 03:34:00.319600
8633,201605233343095,PRIN,28,14,68,1200,81600.00,2016-05-23 03:34:00.309500
8634,201605233343082,PRIN,41,14,400,1210,484000.00,2016-05-23 03:34:00.308200
8635,201605233343083,PRIN,38,14,400,1208,483200.00,2016-05-23 03:34:00.308300
8636,201605233343084,PRIN,25,14,500,1205,602500.00,2016-05-23 03:34:00.308400
8637,201605233343070,PRIN,34,6,100,1215,121500.00,2016-05-23 03:34:00.307000
8638,201605233342988,PRIN,38,33,650,1215,789750.00,2016-05-23 03:34:00.298800
8639,201605233342964,PRIN,38,33,50,1218,60900.00,2016-05-23 03:34:00.296400
8640,201605233342965,PRIN,38,33,100,1215,121500.00,2016-05-23 03:34:00.296500
8641,201605233342967,PRIN,46,33,100,1215,121500.00,2016-05-23 03:34:00.296700
8642,201605233342859,PRIN,38,48,800,1220,976000.00,2016-05-23 03:34:00.285900
8643,201605233342807,PRIN,38,21,500,1215,607500.00,2016-05-23 03:34:00.280700
8644,201605233342715,PRIN,58,33,400,1224,489600.00,2016-05-23 03:34:00.271500
8645,201605233342612,PRIN,34,28,300,1227,368100.00,2016-05-23 03:34:00.261200
8646,201605233342604,PRIN,1,33,200,1226,245200.00,2016-05-23 03:34:00.260400
8647,201605233342571,PRIN,45,53,150,1225,183750.00,2016-05-23 03:34:00.257100
8648,201605233342551,PRIN,45,32,100,1225,122500.00,2016-05-23 03:34:00.255100
8649,201605233342552,PRIN,45,21,150,1225,183750.00,2016-05-23 03:34:00.255200
8650,201605233342511,PRIN,33,47,70,1224,85680.00,2016-05-23 03:34:00.251100
8651,201605233342492,PRIN,38,56,100,1223,122300.00,2016-05-23 03:34:00.249200
8652,201605233342410,PRIN,38,59,200,1220,244000.00,2016-05-23 03:34:00.241000
8653,201605233342413,PRIN,55,22,200,1223,244600.00,2016-05-23 03:34:00.241300
8654,201605233342425,PRIN,58,33,100,1220,122000.00,2016-05-23 03:34:00.242500
8655,201605233342387,PRIN,55,32,25,1218,30450.00,2016-05-23 03:34:00.238700
8656,201605233342388,PRIN,38,26,100,1218,121800.00,2016-05-23 03:34:00.238800
8657,201605233342360,PRIN,20,33,400,1215,486000.00,2016-05-23 03:34:00.236000
8658,201605233342366,PRIN,38,33,100,1215,121500.00,2016-05-23 03:34:00.236600
8659,201605233342336,PRIN,34,41,200,1211,242200.00,2016-05-23 03:34:00.233600
8660,201605233342274,PRIN,38,48,1077,1215,1308555.00,2016-05-23 03:34:00.227400
8661,201605233342220,PRIN,13,13,200,1215,243000.00,2016-05-23 03:34:00.222000
8662,201605233342172,PRIN,49,53,100,1215,121500.00,2016-05-23 03:34:00.217200
8663,201605233342173,PRIN,49,8,100,1215,121500.00,2016-05-23 03:34:00.217300
8664,201605233342174,PRIN,49,32,200,1215,243000.00,2016-05-23 03:34:00.217400
8665,201605233342153,PRIN,13,47,100,1210,121000.00,2016-05-23 03:34:00.215300
8666,201605233342122,PRIN,21,50,100,1200,120000.00,2016-05-23 03:34:00.212200
8667,201605233342107,PRIN,48,53,200,1215,243000.00,2016-05-23 03:34:00.210700
8668,201605233342088,PRIN,5,22,200,1203,240600.00,2016-05-23 03:34:00.208800
8669,201605233342076,PRIN,49,45,91,1200,109200.00,2016-05-23 03:34:00.207600
8670,201605233342077,PRIN,5,39,14,1203,16842.00,2016-05-23 03:34:00.207700
8671,201605233342043,PRIN,20,47,600,1195,717000.00,2016-05-23 03:34:00.204300
8672,201605233342050,PRIN,49,44,90,1200,108000.00,2016-05-23 03:34:00.205000
8673,201605233342051,PRIN,49,21,200,1200,240000.00,2016-05-23 03:34:00.205100
8674,201605233342034,PRIN,29,44,500,1196,598000.00,2016-05-23 03:34:00.203400
8675,201605233341955,PRIN,16,17,500,1193,596500.00,2016-05-23 03:34:00.195500
8676,201605233341934,PRIN,38,56,100,1190,119000.00,2016-05-23 03:34:00.193400
8677,201605233341949,PRIN,38,32,200,1190,238000.00,2016-05-23 03:34:00.194900
8678,201605233341927,PRIN,49,22,200,1190,238000.00,2016-05-23 03:34:00.192700
8679,201605233341928,PRIN,49,21,200,1190,238000.00,2016-05-23 03:34:00.192800
8680,201605233341905,PRIN,7,32,100,1185,118500.00,2016-05-23 03:34:00.190500
8681,201605233341883,PRIN,38,47,200,1180,236000.00,2016-05-23 03:34:00.188300
8682,201605233341850,PRIN,7,45,100,1170,117000.00,2016-05-23 03:34:00.185000
8683,201605233341864,PRIN,58,37,100,1170,117000.00,2016-05-23 03:34:00.186400
8684,201605233341798,PRIN,19,47,100,1170,117000.00,2016-05-23 03:34:00.179800
8685,201605233341722,PRIN,38,22,200,1170,234000.00,2016-05-23 03:34:00.172200
8686,201605233341705,PRIN,7,49,50,1155,57750.00,2016-05-23 03:34:00.170500
8687,201605233341685,PRIN,38,48,167,1152,192384.00,2016-05-23 03:34:00.168500
8688,201605233341680,PRIN,6,13,200,1150,230000.00,2016-05-23 03:34:00.168000
8689,201605233341663,PRIN,21,45,950,1152,1094400.00,2016-05-23 03:34:00.166300
8690,201605233341642,PRIN,20,22,200,1150,230000.00,2016-05-23 03:34:00.164200
8691,201605233341613,PRIN,38,19,100,1140,114000.00,2016-05-23 03:34:00.161300
8692,201605233341600,PRIN,38,40,100,1139,113900.00,2016-05-23 03:34:00.160000
8693,201605233341580,PRIN,5,57,500,1125,562500.00,2016-05-23 03:34:00.158000
8694,201605233341547,PRIN,11,37,300,1130,339000.00,2016-05-23 03:34:00.154700
8695,201605233341550,PRIN,5,37,170,1130,192100.00,2016-05-23 03:34:00.155000
8696,201605233341531,PRIN,59,37,100,1130,113000.00,2016-05-23 03:34:00.153100
8697,201605233341532,PRIN,29,13,500,1115,557500.00,2016-05-23 03:34:00.153200
8698,201605233341533,PRIN,5,13,100,1113,111300.00,2016-05-23 03:34:00.153300
8699,201605233341538,PRIN,5,37,150,1130,169500.00,2016-05-23 03:34:00.153800
8700,201605233341482,PRIN,5,45,340,1130,384200.00,2016-05-23 03:34:00.148200
8701,201605233341483,PRIN,5,38,200,1130,226000.00,2016-05-23 03:34:00.148300
8702,201605233341442,PRIN,47,38,100,1130,113000.00,2016-05-23 03:34:00.144200
8703,201605233341433,PRIN,4,39,50,1121,56050.00,2016-05-23 03:34:00.143300
8704,201605233341434,PRIN,26,39,50,1120,56000.00,2016-05-23 03:34:00.143400
8705,201605233341438,PRIN,47,40,100,1127,112700.00,2016-05-23 03:34:00.143800
8706,201605233341439,PRIN,47,32,100,1130,113000.00,2016-05-23 03:34:00.143900
8707,201605233341332,PRIN,55,37,100,1105,110500.00,2016-05-23 03:34:00.133200
8708,201605233341320,PRIN,39,39,100,1114,111400.00,2016-05-23 03:34:00.132000
8709,201605233341322,PRIN,1,37,500,1107,553500.00,2016-05-23 03:34:00.132200
8710,201605233341294,PRIN,32,37,206,1101,226806.00,2016-05-23 03:34:00.129400
8711,201605233341291,PRIN,36,13,23,1101,25323.00,2016-05-23 03:34:00.129100
8712,201605233341227,PRIN,26,17,50,1110,55500.00,2016-05-23 03:34:00.122700
8713,201605233341231,PRIN,11,55,500,1090,545000.00,2016-05-23 03:34:00.123100
8714,201605233341203,PRIN,22,38,139,1110,154290.00,2016-05-23 03:34:00.120300
8715,201605233341161,PRIN,53,47,50,1140,57000.00,2016-05-23 03:34:00.116100
8716,201605233341162,PRIN,53,47,50,1140,57000.00,2016-05-23 03:34:00.116200
8717,201605233341166,PRIN,38,45,500,1130,565000.00,2016-05-23 03:34:00.116600
8718,201605233341178,PRIN,53,8,200,1110,222000.00,2016-05-23 03:34:00.117800
8719,201605233341179,PRIN,22,8,200,1110,222000.00,2016-05-23 03:34:00.117900
8720,201605233341123,PRIN,32,49,50,1162,58100.00,2016-05-23 03:34:00.112300
8721,201605233341124,PRIN,21,49,100,1160,116000.00,2016-05-23 03:34:00.112400
8722,201605233341132,PRIN,22,49,500,1155,577500.00,2016-05-23 03:34:00.113200
8723,201605233341133,PRIN,26,49,500,1155,577500.00,2016-05-23 03:34:00.113300
8724,201605233341134,PRIN,17,49,100,1155,115500.00,2016-05-23 03:34:00.113400
8725,201605233341060,PRIN,55,49,100,1180,118000.00,2016-05-23 03:34:00.106000
8726,201605233341051,PRIN,26,48,200,1196,239200.00,2016-05-23 03:34:00.105100
8727,201605233341038,PRIN,32,44,10,1205,12050.00,2016-05-23 03:34:00.103800
8728,201605233341039,PRIN,47,44,200,1200,240000.00,2016-05-23 03:34:00.103900
8729,201605233341040,PRIN,47,44,100,1200,120000.00,2016-05-23 03:34:00.104000
8730,201605233341015,PRIN,38,53,50,1215,60750.00,2016-05-23 03:34:00.101500
8731,201605233341023,PRIN,38,45,150,1215,182250.00,2016-05-23 03:34:00.102300
8732,201605233341024,PRIN,36,45,200,1215,243000.00,2016-05-23 03:34:00.102400
8733,201605233341005,PRIN,42,59,137,1205,165085.00,2016-05-23 03:34:00.100500
8734,201605233341006,PRIN,45,45,50,1214,60700.00,2016-05-23 03:34:00.100600
8735,201605233341008,PRIN,55,45,50,1214,60700.00,2016-05-23 03:34:00.100800
8736,201605233341009,PRIN,55,53,150,1215,182250.00,2016-05-23 03:34:00.100900
8737,201605233340980,PRIN,45,33,200,1219,243800.00,2016-05-23 03:34:00.098000
8738,201605233340985,PRIN,19,53,100,1215,121500.00,2016-05-23 03:34:00.098500
8739,201605233340986,PRIN,45,53,200,1215,243000.00,2016-05-23 03:34:00.098600
8740,201605233340932,PRIN,5,4,55,1229,67595.00,2016-05-23 03:34:00.093200
8741,201605233340938,PRIN,50,45,200,1229,245800.00,2016-05-23 03:34:00.093800
8742,201605233340924,PRIN,7,17,108,1219,131652.00,2016-05-23 03:34:00.092400
8743,201605233340929,PRIN,55,45,100,1220,122000.00,2016-05-23 03:34:00.092900
8744,201605233340930,PRIN,11,45,50,1219,60950.00,2016-05-23 03:34:00.093000
8745,201605233340901,PRIN,11,17,108,1219,131652.00,2016-05-23 03:34:00.090100
8746,201605233340902,PRIN,32,59,200,1219,243800.00,2016-05-23 03:34:00.090200
8747,201605233340884,PRIN,55,44,200,1180,236000.00,2016-05-23 03:34:00.088400
8748,201605233340888,PRIN,38,59,200,1196,239200.00,2016-05-23 03:34:00.088800
8749,201605233340883,PRIN,26,44,100,1180,118000.00,2016-05-23 03:34:00.088300
8750,201605233340877,PRIN,38,59,100,1173,117300.00,2016-05-23 03:34:00.087700
8751,201605233340870,PRIN,26,8,100,1150,115000.00,2016-05-23 03:34:00.087000
8752,201605223340077,PRIN,54,11,1000,1131,1131000.00,2016-05-22 03:34:00.007700
8753,201605223339522,PRIN,17,17,50,1131,56550.00,2016-05-22 03:33:00.952200
8754,201605223339238,PRIN,25,19,200,1131,226200.00,2016-05-22 03:33:00.923800
8755,201605223339050,PRIN,54,44,701,1131,792831.00,2016-05-22 03:33:00.905000
8756,201605223338919,PRIN,25,41,35,1131,39585.00,2016-05-22 03:33:00.891900
8757,201605223338879,PRIN,38,44,50,1131,56550.00,2016-05-22 03:33:00.887900
8758,201605223338880,PRIN,38,56,100,1131,113100.00,2016-05-22 03:33:00.888000
8759,201605223338881,PRIN,38,39,11,1131,12441.00,2016-05-22 03:33:00.888100
8760,201605223338882,PRIN,38,10,73,1131,82563.00,2016-05-22 03:33:00.888200
8761,201605223338883,PRIN,38,39,100,1131,113100.00,2016-05-22 03:33:00.888300
8762,201605223338884,PRIN,38,44,368,1131,416208.00,2016-05-22 03:33:00.888400
8763,201605223338819,PRIN,17,58,400,1130,452000.00,2016-05-22 03:33:00.881900
8764,201605223338731,PRIN,1,44,100,1131,113100.00,2016-05-22 03:33:00.873100
8765,201605223338709,PRIN,5,44,200,1131,226200.00,2016-05-22 03:33:00.870900
8766,201605223338622,PRIN,6,44,100,1131,113100.00,2016-05-22 03:33:00.862200
8767,201605223338623,PRIN,55,44,50,1131,56550.00,2016-05-22 03:33:00.862300
8768,201605223338600,PRIN,36,32,100,1131,113100.00,2016-05-22 03:33:00.860000
8769,201605223338569,PRIN,38,52,500,1127,563500.00,2016-05-22 03:33:00.856900
8770,201605223338534,PRIN,41,43,45,1120,50400.00,2016-05-22 03:33:00.853400
8771,201605223338544,PRIN,41,29,400,1122,448800.00,2016-05-22 03:33:00.854400
8772,201605223338545,PRIN,41,40,100,1122,112200.00,2016-05-22 03:33:00.854500
8773,201605223338531,PRIN,40,40,22,1120,24640.00,2016-05-22 03:33:00.853100
8774,201605223338493,PRIN,38,1,466,1113,518658.00,2016-05-22 03:33:00.849300
8775,201605223338496,PRIN,36,22,50,1114,55700.00,2016-05-22 03:33:00.849600
8776,201605223338510,PRIN,38,32,50,1115,55750.00,2016-05-22 03:33:00.851000
8777,201605223338511,PRIN,38,20,80,1115,89200.00,2016-05-22 03:33:00.851100
8778,201605223338408,PRIN,49,22,50,1114,55700.00,2016-05-22 03:33:00.840800
8779,201605223338384,PRIN,49,22,450,1114,501300.00,2016-05-22 03:33:00.838400
8780,201605223338348,PRIN,26,22,50,1114,55700.00,2016-05-22 03:33:00.834800
8781,201605223338223,PRIN,41,43,20,1106,22120.00,2016-05-22 03:33:00.822300
8782,201605223338224,PRIN,41,6,100,1110,111000.00,2016-05-22 03:33:00.822400
8783,201605223338169,PRIN,42,22,450,1105,497250.00,2016-05-22 03:33:00.816900
8784,201605223338170,PRIN,42,44,500,1105,552500.00,2016-05-22 03:33:00.817000
8785,201605223338052,PRIN,41,59,500,1103,551500.00,2016-05-22 03:33:00.805200
8786,201605223337999,PRIN,38,10,463,1103,510689.00,2016-05-22 03:33:00.799900
8787,201605223337988,PRIN,38,19,400,1103,441200.00,2016-05-22 03:33:00.798800
8788,201605223337952,PRIN,38,17,300,1100,330000.00,2016-05-22 03:33:00.795200
8789,201605223337953,PRIN,38,57,150,1100,165000.00,2016-05-22 03:33:00.795300
8790,201605223337954,PRIN,38,43,13,1100,14300.00,2016-05-22 03:33:00.795400
8791,201605223337955,PRIN,38,46,100,1100,110000.00,2016-05-22 03:33:00.795500
8792,201605223337956,PRIN,38,55,100,1100,110000.00,2016-05-22 03:33:00.795600
8793,201605223337891,PRIN,22,44,300,1100,330000.00,2016-05-22 03:33:00.789100
8794,201605223337839,PRIN,19,43,200,1099,219800.00,2016-05-22 03:33:00.783900
8795,201605223337751,PRIN,58,43,300,1099,329700.00,2016-05-22 03:33:00.775100
8796,201605223337681,PRIN,40,49,100,1098,109800.00,2016-05-22 03:33:00.768100
8797,201605223337692,PRIN,40,52,100,1098,109800.00,2016-05-22 03:33:00.769200
8798,201605223337666,PRIN,40,44,50,1098,54900.00,2016-05-22 03:33:00.766600
8799,201605223337661,PRIN,40,35,500,1097,548500.00,2016-05-22 03:33:00.766100
8800,201605223337601,PRIN,36,21,100,1095,109500.00,2016-05-22 03:33:00.760100
8801,201605223337523,PRIN,46,44,450,1096,493200.00,2016-05-22 03:33:00.752300
8802,201605223337525,PRIN,42,35,1000,1097,1097000.00,2016-05-22 03:33:00.752500
8803,201605223337496,PRIN,19,44,50,1096,54800.00,2016-05-22 03:33:00.749600
8804,201605223337369,PRIN,51,44,380,1095,416100.00,2016-05-22 03:33:00.736900
8805,201605223337370,PRIN,51,36,300,1095,328500.00,2016-05-22 03:33:00.737000
8806,201605223337345,PRIN,32,33,441,1093,482013.00,2016-05-22 03:33:00.734500
8807,201605223337268,PRIN,40,56,200,1093,218600.00,2016-05-22 03:33:00.726800
8808,201605223337275,PRIN,52,44,150,1095,164250.00,2016-05-22 03:33:00.727500
8809,201605223337289,PRIN,52,44,200,1095,219000.00,2016-05-22 03:33:00.728900
8810,201605223337096,PRIN,28,44,200,1095,219000.00,2016-05-22 03:33:00.709600
8811,201605223337059,PRIN,40,17,300,1093,327900.00,2016-05-22 03:33:00.705900
8812,201605223337062,PRIN,8,44,150,1095,164250.00,2016-05-22 03:33:00.706200
8813,201605223337063,PRIN,8,44,70,1095,76650.00,2016-05-22 03:33:00.706300
8814,201605223337038,PRIN,8,13,85,1093,92905.00,2016-05-22 03:33:00.703800
8815,201605223337017,PRIN,13,13,100,1092,109200.00,2016-05-22 03:33:00.701700
8816,201605223337003,PRIN,26,45,100,1086,108600.00,2016-05-22 03:33:00.700300
8817,201605223336963,PRIN,38,44,200,1095,219000.00,2016-05-22 03:33:00.696300
8818,201605223336964,PRIN,32,35,500,1092,546000.00,2016-05-22 03:33:00.696400
8819,201605223336965,PRIN,38,35,150,1091,163650.00,2016-05-22 03:33:00.696500
8820,201605223336966,PRIN,38,35,400,1091,436400.00,2016-05-22 03:33:00.696600
8821,201605223336967,PRIN,41,35,450,1090,490500.00,2016-05-22 03:33:00.696700
8822,201605223336933,PRIN,41,44,500,1095,547500.00,2016-05-22 03:33:00.693300
8823,201605223336925,PRIN,21,44,100,1095,109500.00,2016-05-22 03:33:00.692500
8824,201605223336928,PRIN,35,44,50,1095,54750.00,2016-05-22 03:33:00.692800
8825,201605223336918,PRIN,19,36,200,1096,219200.00,2016-05-22 03:33:00.691800
8826,201605223336821,PRIN,38,44,100,1095,109500.00,2016-05-22 03:33:00.682100
8827,201605223336822,PRIN,21,44,400,1095,438000.00,2016-05-22 03:33:00.682200
8828,201605223336769,PRIN,21,44,400,1098,439200.00,2016-05-22 03:33:00.676900
8829,201605223336660,PRIN,5,44,500,1098,549000.00,2016-05-22 03:33:00.666000
8830,201605223336663,PRIN,5,48,250,1095,273750.00,2016-05-22 03:33:00.666300
8831,201605223336664,PRIN,38,48,100,1094,109400.00,2016-05-22 03:33:00.666400
8832,201605223336665,PRIN,38,48,500,1093,546500.00,2016-05-22 03:33:00.666500
8833,201605223336666,PRIN,22,48,200,1092,218400.00,2016-05-22 03:33:00.666600
8834,201605223336678,PRIN,38,48,50,1091,54550.00,2016-05-22 03:33:00.667800
8835,201605223336537,PRIN,38,8,300,1094,328200.00,2016-05-22 03:33:00.653700
8836,201605223336551,PRIN,38,33,500,1094,547000.00,2016-05-22 03:33:00.655100
8837,201605223336445,PRIN,21,33,500,1096,548000.00,2016-05-22 03:33:00.644500
8838,201605223336446,PRIN,5,33,200,1095,219000.00,2016-05-22 03:33:00.644600
8839,201605223336447,PRIN,38,33,100,1095,109500.00,2016-05-22 03:33:00.644700
8840,201605223336331,PRIN,6,45,450,1100,495000.00,2016-05-22 03:33:00.633100
8841,201605223336332,PRIN,6,44,50,1100,55000.00,2016-05-22 03:33:00.633200
8842,201605223336307,PRIN,49,49,505,1099,554995.00,2016-05-22 03:33:00.630700
8843,201605223336277,PRIN,5,48,100,1095,109500.00,2016-05-22 03:33:00.627700
8844,201605223336262,PRIN,43,43,100,1096,109600.00,2016-05-22 03:33:00.626200
8845,201605223336268,PRIN,58,45,100,1100,110000.00,2016-05-22 03:33:00.626800
8846,201605223336236,PRIN,43,36,162,1098,177876.00,2016-05-22 03:33:00.623600
8847,201605223336208,PRIN,7,53,151,1092,164892.00,2016-05-22 03:33:00.620800
8848,201605223336094,PRIN,47,26,200,1100,220000.00,2016-05-22 03:33:00.609400
8849,201605223336089,PRIN,7,35,500,1100,550000.00,2016-05-22 03:33:00.608900
8850,201605223336077,PRIN,38,14,24,1100,26400.00,2016-05-22 03:33:00.607700
8851,201605223336012,PRIN,38,4,50,1100,55000.00,2016-05-22 03:33:00.601200
8852,201605223336013,PRIN,38,44,200,1100,220000.00,2016-05-22 03:33:00.601300
8853,201605223336031,PRIN,38,44,300,1100,330000.00,2016-05-22 03:33:00.603100
8854,201605223335994,PRIN,55,19,300,1100,330000.00,2016-05-22 03:33:00.599400
8855,201605223335966,PRIN,35,14,50,1100,55000.00,2016-05-22 03:33:00.596600
8856,201605223335975,PRIN,48,14,250,1100,275000.00,2016-05-22 03:33:00.597500
8857,201605223335976,PRIN,48,47,50,1100,55000.00,2016-05-22 03:33:00.597600
8858,201605223335940,PRIN,55,44,230,1102,253460.00,2016-05-22 03:33:00.594000
8859,201605223335946,PRIN,48,44,770,1102,848540.00,2016-05-22 03:33:00.594600
8860,201605223335926,PRIN,55,19,70,1100,77000.00,2016-05-22 03:33:00.592600
8861,201605223335922,PRIN,48,33,300,1100,330000.00,2016-05-22 03:33:00.592200
8862,201605223335886,PRIN,38,59,178,1100,195800.00,2016-05-22 03:33:00.588600
8863,201605223335843,PRIN,7,20,34,1098,37332.00,2016-05-22 03:33:00.584300
8864,201605223335845,PRIN,48,16,300,1100,330000.00,2016-05-22 03:33:00.584500
8865,201605223335808,PRIN,48,44,200,1098,219600.00,2016-05-22 03:33:00.580800
8866,201605223335828,PRIN,45,44,800,1098,878400.00,2016-05-22 03:33:00.582800
8867,201605223335829,PRIN,45,20,200,1099,219800.00,2016-05-22 03:33:00.582900
8868,201605223335830,PRIN,45,43,40,1104,44160.00,2016-05-22 03:33:00.583000
8869,201605223335784,PRIN,32,59,100,1090,109000.00,2016-05-22 03:33:00.578400
8870,201605223335764,PRIN,28,20,200,1099,219800.00,2016-05-22 03:33:00.576400
8871,201605223335766,PRIN,38,55,200,1086,217200.00,2016-05-22 03:33:00.576600
8872,201605223335754,PRIN,28,22,50,1105,55250.00,2016-05-22 03:33:00.575400
8873,201605223335729,PRIN,28,20,100,1095,109500.00,2016-05-22 03:33:00.572900
8874,201605223335730,PRIN,28,44,390,1105,430950.00,2016-05-22 03:33:00.573000
8875,201605223335714,PRIN,38,20,100,1095,109500.00,2016-05-22 03:33:00.571400
8876,201605223335699,PRIN,28,44,100,1105,110500.00,2016-05-22 03:33:00.569900
8877,201605223335660,PRIN,41,44,10,1115,11150.00,2016-05-22 03:33:00.566000
8878,201605223335581,PRIN,21,44,600,1100,660000.00,2016-05-22 03:33:00.558100
8879,201605223335571,PRIN,38,50,200,1090,218000.00,2016-05-22 03:33:00.557100
8880,201605223335566,PRIN,38,20,200,1085,217000.00,2016-05-22 03:33:00.556600
8881,201605223335475,PRIN,34,20,200,1069,213800.00,2016-05-22 03:33:00.547500
8882,201605223335421,PRIN,40,4,100,1049,104900.00,2016-05-22 03:33:00.542100
8883,201605193335195,PRIN,47,45,500,1030,515000.00,2016-05-19 03:33:00.519500
8884,201605193335213,PRIN,22,45,100,1029,102900.00,2016-05-19 03:33:00.521300
8885,201605193335121,PRIN,17,44,390,1030,401700.00,2016-05-19 03:33:00.512100
8886,201605193335122,PRIN,41,44,500,1030,515000.00,2016-05-19 03:33:00.512200
8887,201605193335144,PRIN,45,44,10,1030,10300.00,2016-05-19 03:33:00.514400
8888,201605193335145,PRIN,45,45,490,1030,504700.00,2016-05-19 03:33:00.514500
8889,201605193334940,PRIN,19,45,50,1030,51500.00,2016-05-19 03:33:00.494000
8890,201605193334941,PRIN,1,45,340,1029,349860.00,2016-05-19 03:33:00.494100
8891,201605193334944,PRIN,17,45,610,1029,627690.00,2016-05-19 03:33:00.494400
8892,201605193334899,PRIN,41,53,26,1029,26754.00,2016-05-19 03:33:00.489900
8893,201605193334873,PRIN,49,48,340,1029,349860.00,2016-05-19 03:33:00.487300
8894,201605193334838,PRIN,42,48,200,1029,205800.00,2016-05-19 03:33:00.483800
8895,201605193334747,PRIN,46,51,49,1026,50274.00,2016-05-19 03:33:00.474700
8896,201605193334736,PRIN,22,48,200,1029,205800.00,2016-05-19 03:33:00.473600
8897,201605193334602,PRIN,58,33,100,1027,102700.00,2016-05-19 03:33:00.460200
8898,201605193334603,PRIN,14,33,30,1026,30780.00,2016-05-19 03:33:00.460300
8899,201605193334604,PRIN,57,33,200,1026,205200.00,2016-05-19 03:33:00.460400
8900,201605193334605,PRIN,11,33,300,1026,307800.00,2016-05-19 03:33:00.460500
8901,201605193334576,PRIN,21,48,60,1029,61740.00,2016-05-19 03:33:00.457600
8902,201605193334577,PRIN,1,48,200,1029,205800.00,2016-05-19 03:33:00.457700
8903,201605193334328,PRIN,41,41,300,1032,309600.00,2016-05-19 03:33:00.432800
8904,201605193334329,PRIN,11,41,100,1030,103000.00,2016-05-19 03:33:00.432900
8905,201605193334335,PRIN,21,41,90,1029,92610.00,2016-05-19 03:33:00.433500
8906,201605193334260,PRIN,38,58,100,1030,103000.00,2016-05-19 03:33:00.426000
8907,201605193334199,PRIN,11,51,100,1035,103500.00,2016-05-19 03:33:00.419900
8908,201605193334148,PRIN,21,56,200,1030,206000.00,2016-05-19 03:33:00.414800
8909,201605193334140,PRIN,44,44,500,1026,513000.00,2016-05-19 03:33:00.414000
8910,201605193334130,PRIN,19,51,50,1035,51750.00,2016-05-19 03:33:00.413000
8911,201605193334111,PRIN,19,51,100,1035,103500.00,2016-05-19 03:33:00.411100
8912,201605193334079,PRIN,19,51,200,1035,207000.00,2016-05-19 03:33:00.407900
8913,201605193334080,PRIN,1,51,100,1035,103500.00,2016-05-19 03:33:00.408000
8914,201605193334042,PRIN,11,53,100,1035,103500.00,2016-05-19 03:33:00.404200
8915,201605193333936,PRIN,34,41,10,1040,10400.00,2016-05-19 03:33:00.393600
8916,201605193333877,PRIN,34,5,50,1035,51750.00,2016-05-19 03:33:00.387700
8917,201605193333878,PRIN,34,40,40,1040,41600.00,2016-05-19 03:33:00.387800
8918,201605193333862,PRIN,13,5,50,1035,51750.00,2016-05-19 03:33:00.386200
8919,201605193333849,PRIN,47,5,200,1035,207000.00,2016-05-19 03:33:00.384900
8920,201605193333822,PRIN,41,38,200,1035,207000.00,2016-05-19 03:33:00.382200
8921,201605193333794,PRIN,47,6,175,1035,181125.00,2016-05-19 03:33:00.379400
8922,201605193333799,PRIN,47,48,300,1035,310500.00,2016-05-19 03:33:00.379900
8923,201605193333692,PRIN,38,48,490,1034,506660.00,2016-05-19 03:33:00.369200
8924,201605193333679,PRIN,57,48,100,1034,103400.00,2016-05-19 03:33:00.367900
8925,201605193333584,PRIN,57,42,100,1035,103500.00,2016-05-19 03:33:00.358400
8926,201605193333601,PRIN,57,48,50,1035,51750.00,2016-05-19 03:33:00.360100
8927,201605193333569,PRIN,57,40,50,1030,51500.00,2016-05-19 03:33:00.356900
8928,201605193333544,PRIN,54,32,100,1024,102400.00,2016-05-19 03:33:00.354400
8929,201605193333545,PRIN,54,34,200,1025,205000.00,2016-05-19 03:33:00.354500
8930,201605193333533,PRIN,54,5,167,1023,170841.00,2016-05-19 03:33:00.353300
8931,201605193333485,PRIN,33,29,335,1020,341700.00,2016-05-19 03:33:00.348500
8932,201605193333491,PRIN,53,26,100,1020,102000.00,2016-05-19 03:33:00.349100
8933,201605193333492,PRIN,53,40,51,1020,52020.00,2016-05-19 03:33:00.349200
8934,201605193333500,PRIN,54,21,100,1020,102000.00,2016-05-19 03:33:00.350000
8935,201605193333468,PRIN,54,56,150,1019,152850.00,2016-05-19 03:33:00.346800
8936,201605193333469,PRIN,54,52,68,1020,69360.00,2016-05-19 03:33:00.346900
8937,201605193333470,PRIN,54,47,17,1020,17340.00,2016-05-19 03:33:00.347000
8938,201605193333448,PRIN,54,48,1000,1018,1018000.00,2016-05-19 03:33:00.344800
8939,201605193333336,PRIN,59,39,25,1018,25450.00,2016-05-19 03:33:00.333600
8940,201605193333143,PRIN,6,47,20,1017,20340.00,2016-05-19 03:33:00.314300
8941,201605193333118,PRIN,20,6,50,1017,50850.00,2016-05-19 03:33:00.311800
8942,201605193333119,PRIN,20,48,100,1017,101700.00,2016-05-19 03:33:00.311900
8943,201605193332978,PRIN,6,53,30,1017,30510.00,2016-05-19 03:33:00.297800
8944,201605193332979,PRIN,14,53,100,1014,101400.00,2016-05-19 03:33:00.297900
8945,201605193332980,PRIN,17,53,250,1013,253250.00,2016-05-19 03:33:00.298000
8946,201605193332951,PRIN,6,43,20,1017,20340.00,2016-05-19 03:33:00.295100
8947,201605193332881,PRIN,36,45,100,1013,101300.00,2016-05-19 03:33:00.288100
8948,201605193332891,PRIN,36,45,100,1014,101400.00,2016-05-19 03:33:00.289100
8949,201605193332875,PRIN,20,45,400,1013,405200.00,2016-05-19 03:33:00.287500
8950,201605193332836,PRIN,21,48,950,1016,965200.00,2016-05-19 03:33:00.283600
8951,201605193332815,PRIN,48,48,50,1016,50800.00,2016-05-19 03:33:00.281500
8952,201605193332802,PRIN,48,49,41,1016,41656.00,2016-05-19 03:33:00.280200
8953,201605193332780,PRIN,33,8,224,1014,227136.00,2016-05-19 03:33:00.278000
8954,201605193332641,PRIN,36,48,300,1011,303300.00,2016-05-19 03:33:00.264100
8955,201605193332273,PRIN,28,48,200,1016,203200.00,2016-05-19 03:33:00.227300
8956,201605193332274,PRIN,34,48,100,1015,101500.00,2016-05-19 03:33:00.227400
8957,201605193332275,PRIN,22,48,300,1011,303300.00,2016-05-19 03:33:00.227500
8958,201605193332276,PRIN,28,48,100,1010,101000.00,2016-05-19 03:33:00.227600
8959,201605193332277,PRIN,38,48,1000,1010,1010000.00,2016-05-19 03:33:00.227700
8960,201605193332066,PRIN,44,44,500,1017,508500.00,2016-05-19 03:33:00.206600
8961,201605193332024,PRIN,1,39,200,1010,202000.00,2016-05-19 03:33:00.202400
8962,201605193332025,PRIN,22,39,200,1010,202000.00,2016-05-19 03:33:00.202500
8963,201605193332006,PRIN,45,49,100,1015,101500.00,2016-05-19 03:33:00.200600
8964,201605193332010,PRIN,33,49,50,1012,50600.00,2016-05-19 03:33:00.201000
8965,201605193332011,PRIN,33,44,500,1017,508500.00,2016-05-19 03:33:00.201100
8966,201605193331802,PRIN,50,47,100,1011,101100.00,2016-05-19 03:33:00.180200
8967,201605193331779,PRIN,21,50,100,1011,101100.00,2016-05-19 03:33:00.177900
8968,201605193331780,PRIN,21,57,150,1012,151800.00,2016-05-19 03:33:00.178000
8969,201605193331741,PRIN,48,53,100,1015,101500.00,2016-05-19 03:33:00.174100
8970,201605193331742,PRIN,41,53,100,1010,101000.00,2016-05-19 03:33:00.174200
8971,201605193331743,PRIN,1,53,300,1010,303000.00,2016-05-19 03:33:00.174300
8972,201605193331511,PRIN,41,40,100,1010,101000.00,2016-05-19 03:33:00.151100
8973,201605193331419,PRIN,6,40,50,1010,50500.00,2016-05-19 03:33:00.141900
8974,201605193331420,PRIN,55,40,50,1010,50500.00,2016-05-19 03:33:00.142000
8975,201605193331272,PRIN,6,49,150,1016,152400.00,2016-05-19 03:33:00.127200
8976,201605193331146,PRIN,55,47,100,1015,101500.00,2016-05-19 03:33:00.114600
8977,201605193331121,PRIN,21,49,50,1020,51000.00,2016-05-19 03:33:00.112100
8978,201605193331122,PRIN,51,49,300,1016,304800.00,2016-05-19 03:33:00.112200
8979,201605193331038,PRIN,17,35,50,1022,51100.00,2016-05-19 03:33:00.103800
8980,201605193331039,PRIN,6,35,300,1022,306600.00,2016-05-19 03:33:00.103900
8981,201605193331040,PRIN,42,35,200,1021,204200.00,2016-05-19 03:33:00.104000
8982,201605193331041,PRIN,21,35,450,1020,459000.00,2016-05-19 03:33:00.104100
8983,201605193330958,PRIN,45,45,100,1025,102500.00,2016-05-19 03:33:00.095800
8984,201605193330968,PRIN,21,58,102,1022,104244.00,2016-05-19 03:33:00.096800
8985,201605193330922,PRIN,41,8,183,1023,187209.00,2016-05-19 03:33:00.092200
8986,201605193330751,PRIN,14,58,80,1025,82000.00,2016-05-19 03:33:00.075100
8987,201605193330752,PRIN,14,58,100,1025,102500.00,2016-05-19 03:33:00.075200
8988,201605193330753,PRIN,59,58,250,1025,256250.00,2016-05-19 03:33:00.075300
8989,201605193330754,PRIN,22,58,200,1025,205000.00,2016-05-19 03:33:00.075400
8990,201605193330717,PRIN,14,33,20,1025,20500.00,2016-05-19 03:33:00.071700
8991,201605193330708,PRIN,10,34,500,1030,515000.00,2016-05-19 03:33:00.070800
8992,201605193330598,PRIN,28,32,50,1035,51750.00,2016-05-19 03:33:00.059800
8993,201605193330599,PRIN,28,48,500,1035,517500.00,2016-05-19 03:33:00.059900
8994,201605193330497,PRIN,28,39,50,1030,51500.00,2016-05-19 03:33:00.049700
8995,201605193330417,PRIN,17,45,200,1030,206000.00,2016-05-19 03:33:00.041700
8996,201605193330425,PRIN,44,45,800,1030,824000.00,2016-05-19 03:33:00.042500
8997,201605193330339,PRIN,21,43,100,1025,102500.00,2016-05-19 03:33:00.033900
8998,201605193330218,PRIN,5,56,200,1020,204000.00,2016-05-19 03:33:00.021800
8999,201605193330181,PRIN,36,34,560,1014,567840.00,2016-05-19 03:33:00.018100
9000,201605193330148,PRIN,33,20,500,1013,506500.00,2016-05-19 03:33:00.014800
9001,201605193330106,PRIN,20,43,200,1010,202000.00,2016-05-19 03:33:00.010600
9002,201605193330090,PRIN,20,6,250,1006,251500.00,2016-05-19 03:33:00.009000
9003,201605193330091,PRIN,20,57,40,1010,40400.00,2016-05-19 03:33:00.009100
9004,201605193330092,PRIN,20,47,544,1010,549440.00,2016-05-19 03:33:00.009200
9005,201605193330054,PRIN,57,45,750,1005,753750.00,2016-05-19 03:33:00.005400
9006,201605193330036,PRIN,8,45,100,1005,100500.00,2016-05-19 03:33:00.003600
9007,201605193329986,PRIN,4,45,150,1005,150750.00,2016-05-19 03:32:00.998600
9008,201605193329987,PRIN,33,48,170,1004,170680.00,2016-05-19 03:32:00.998700
9009,201605193329988,PRIN,51,48,830,1004,833320.00,2016-05-19 03:32:00.998800
9010,201605193329974,PRIN,51,44,170,1003,170510.00,2016-05-19 03:32:00.997400
9011,201605193329979,PRIN,33,35,830,1004,833320.00,2016-05-19 03:32:00.997900
9012,201605193329980,PRIN,50,48,1000,1000,1000000.00,2016-05-19 03:32:00.998000
9013,201605193329966,PRIN,33,44,500,1003,501500.00,2016-05-19 03:32:00.996600
9014,201605193329973,PRIN,33,44,330,1004,331320.00,2016-05-19 03:32:00.997300
9015,201605193329953,PRIN,44,44,500,1003,501500.00,2016-05-19 03:32:00.995300
9016,201605193329959,PRIN,41,55,200,997,199400.00,2016-05-19 03:32:00.995900
9017,201605193329915,PRIN,40,44,100,1000,100000.00,2016-05-19 03:32:00.991500
9018,201605193329920,PRIN,33,44,820,1000,820000.00,2016-05-19 03:32:00.992000
9019,201605193329906,PRIN,32,44,50,1000,50000.00,2016-05-19 03:32:00.990600
9020,201605193329907,PRIN,32,44,30,1000,30000.00,2016-05-19 03:32:00.990700
9021,201605193329860,PRIN,5,45,300,1005,301500.00,2016-05-19 03:32:00.986000
9022,201605193329843,PRIN,26,26,150,1009,151350.00,2016-05-19 03:32:00.984300
9023,201605193329844,PRIN,26,26,50,1009,50450.00,2016-05-19 03:32:00.984400
9024,201605193329846,PRIN,47,33,78,1010,78780.00,2016-05-19 03:32:00.984600
9025,201605193329831,PRIN,57,44,500,1000,500000.00,2016-05-19 03:32:00.983100
9026,201605193329812,PRIN,44,44,1000,989,989000.00,2016-05-19 03:32:00.981200
9027,201605183319806,PRIN,7,44,20,986,19720.00,2016-05-18 03:31:00.980600
9028,201605183319807,PRIN,21,44,250,986,246500.00,2016-05-18 03:31:00.980700
9029,201605183319732,PRIN,57,52,200,989,197800.00,2016-05-18 03:31:00.973200
9030,201605183319697,PRIN,41,35,500,988,494000.00,2016-05-18 03:31:00.969700
9031,201605183319684,PRIN,36,35,500,985,492500.00,2016-05-18 03:31:00.968400
9032,201605183319489,PRIN,42,6,200,987,197400.00,2016-05-18 03:31:00.948900
9033,201605183319480,PRIN,45,45,190,985,187150.00,2016-05-18 03:31:00.948000
9034,201605183319481,PRIN,29,45,10,985,9850.00,2016-05-18 03:31:00.948100
9035,201605183319438,PRIN,45,11,110,985,108350.00,2016-05-18 03:31:00.943800
9036,201605183319307,PRIN,36,36,350,984,344400.00,2016-05-18 03:31:00.930700
9037,201605183319239,PRIN,33,6,308,984,303072.00,2016-05-18 03:31:00.923900
9038,201605183319228,PRIN,33,56,144,983,141552.00,2016-05-18 03:31:00.922800
9039,201605183319119,PRIN,55,11,100,985,98500.00,2016-05-18 03:31:00.911900
9040,201605183319027,PRIN,19,8,50,981,49050.00,2016-05-18 03:31:00.902700
9041,201605183318896,PRIN,7,41,19,981,18639.00,2016-05-18 03:31:00.889600
9042,201605183318714,PRIN,48,57,150,982,147300.00,2016-05-18 03:31:00.871400
9043,201605183318715,PRIN,41,57,500,981,490500.00,2016-05-18 03:31:00.871500
9044,201605183318716,PRIN,58,57,450,980,441000.00,2016-05-18 03:31:00.871600
9045,201605183318692,PRIN,47,44,500,984,492000.00,2016-05-18 03:31:00.869200
9046,201605183318423,PRIN,32,36,150,987,148050.00,2016-05-18 03:31:00.842300
9047,201605183318431,PRIN,59,11,500,985,492500.00,2016-05-18 03:31:00.843100
9048,201605183318358,PRIN,32,18,100,987,98700.00,2016-05-18 03:31:00.835800
9049,201605183318272,PRIN,17,6,330,987,325710.00,2016-05-18 03:31:00.827200
9050,201605183318273,PRIN,17,32,100,987,98700.00,2016-05-18 03:31:00.827300
9051,201605183318274,PRIN,17,55,33,987,32571.00,2016-05-18 03:31:00.827400
9052,201605183318209,PRIN,17,6,600,987,592200.00,2016-05-18 03:31:00.820900
9053,201605183318107,PRIN,5,38,200,983,196600.00,2016-05-18 03:31:00.810700
9054,201605183318108,PRIN,22,38,100,982,98200.00,2016-05-18 03:31:00.810800
9055,201605183318109,PRIN,22,38,200,982,196400.00,2016-05-18 03:31:00.810900
9056,201605183318103,PRIN,21,44,18,984,17712.00,2016-05-18 03:31:00.810300
9057,201605183318000,PRIN,33,6,70,988,69160.00,2016-05-18 03:31:00.800000
9058,201605183317910,PRIN,22,50,200,988,197600.00,2016-05-18 03:31:00.791000
9059,201605183317879,PRIN,33,43,30,988,29640.00,2016-05-18 03:31:00.787900
9060,201605183317880,PRIN,33,22,100,988,98800.00,2016-05-18 03:31:00.788000
9061,201605183317825,PRIN,59,6,20,987,19740.00,2016-05-18 03:31:00.782500
9062,201605183317826,PRIN,59,6,80,987,78960.00,2016-05-18 03:31:00.782600
9063,201605183317811,PRIN,16,35,500,984,492000.00,2016-05-18 03:31:00.781100
9064,201605183317655,PRIN,45,11,130,984,127920.00,2016-05-18 03:31:00.765500
9065,201605183317656,PRIN,22,11,100,984,98400.00,2016-05-18 03:31:00.765600
9066,201605183317657,PRIN,41,11,60,984,59040.00,2016-05-18 03:31:00.765700
9067,201605183317590,PRIN,41,40,137,985,134945.00,2016-05-18 03:31:00.759000
9068,201605183317562,PRIN,46,35,500,984,492000.00,2016-05-18 03:31:00.756200
9069,201605183317505,PRIN,45,42,70,984,68880.00,2016-05-18 03:31:00.750500
9070,201605183317449,PRIN,47,44,880,980,862400.00,2016-05-18 03:31:00.744900
9071,201605183317322,PRIN,22,44,300,980,294000.00,2016-05-18 03:31:00.732200
9072,201605183317294,PRIN,59,44,200,980,196000.00,2016-05-18 03:31:00.729400
9073,201605183317180,PRIN,21,35,500,982,491000.00,2016-05-18 03:31:00.718000
9074,201605183317174,PRIN,21,43,500,980,490000.00,2016-05-18 03:31:00.717400
9075,201605183317171,PRIN,11,44,500,980,490000.00,2016-05-18 03:31:00.717100
9076,201605183317131,PRIN,33,57,700,979,685300.00,2016-05-18 03:31:00.713100
9077,201605183317119,PRIN,33,57,1000,979,979000.00,2016-05-18 03:31:00.711900
9078,201605183316858,PRIN,38,35,200,977,195400.00,2016-05-18 03:31:00.685800
9079,201605183316859,PRIN,5,35,500,976,488000.00,2016-05-18 03:31:00.685900
9080,201605183316840,PRIN,22,44,500,985,492500.00,2016-05-18 03:31:00.684000
9081,201605183316848,PRIN,21,43,400,981,392400.00,2016-05-18 03:31:00.684800
9082,201605183316849,PRIN,22,43,200,980,196000.00,2016-05-18 03:31:00.684900
9083,201605183316850,PRIN,32,43,100,979,97900.00,2016-05-18 03:31:00.685000
9084,201605183316528,PRIN,59,43,10,995,9950.00,2016-05-18 03:31:00.652800
9085,201605183316525,PRIN,21,43,135,986,133110.00,2016-05-18 03:31:00.652500
9086,201605183316509,PRIN,21,35,500,985,492500.00,2016-05-18 03:31:00.650900
9087,201605183316490,PRIN,21,38,118,984,116112.00,2016-05-18 03:31:00.649000
9088,201605183316473,PRIN,22,44,500,983,491500.00,2016-05-18 03:31:00.647300
9089,201605183316451,PRIN,21,21,100,978,97800.00,2016-05-18 03:31:00.645100
9090,201605183316430,PRIN,45,43,100,986,98600.00,2016-05-18 03:31:00.643000
9091,201605183316433,PRIN,28,54,500,980,490000.00,2016-05-18 03:31:00.643300
9092,201605183316409,PRIN,44,44,1000,980,980000.00,2016-05-18 03:31:00.640900
9093,201605183316377,PRIN,36,41,462,980,452760.00,2016-05-18 03:31:00.637700
9094,201605183316371,PRIN,5,55,1000,975,975000.00,2016-05-18 03:31:00.637100
9095,201605183316345,PRIN,59,35,227,973,220871.00,2016-05-18 03:31:00.634500
9096,201605183316288,PRIN,59,38,100,970,97000.00,2016-05-18 03:31:00.628800
9097,201605183316273,PRIN,8,21,400,974,389600.00,2016-05-18 03:31:00.627300
9098,201605183316252,PRIN,58,35,500,969,484500.00,2016-05-18 03:31:00.625200
9099,201605183316261,PRIN,8,40,200,970,194000.00,2016-05-18 03:31:00.626100
9100,201605183316249,PRIN,58,6,282,968,272976.00,2016-05-18 03:31:00.624900
9101,201605183316241,PRIN,44,35,1000,967,967000.00,2016-05-18 03:31:00.624100
9102,201605183315993,PRIN,33,35,1000,965,965000.00,2016-05-18 03:31:00.599300
9103,201605183315861,PRIN,33,38,388,967,375196.00,2016-05-18 03:31:00.586100
9104,201605183315750,PRIN,48,21,100,957,95700.00,2016-05-18 03:31:00.575000
9105,201605183315709,PRIN,5,43,100,968,96800.00,2016-05-18 03:31:00.570900
9106,201605183315686,PRIN,41,43,200,968,193600.00,2016-05-18 03:31:00.568600
9107,201605183315656,PRIN,10,37,221,965,213265.00,2016-05-18 03:31:00.565600
9108,201605183315454,PRIN,33,47,400,950,380000.00,2016-05-18 03:31:00.545400
9109,201605173315305,PRIN,43,55,200,940,188000.00,2016-05-17 03:31:00.530500
9110,201605173315313,PRIN,36,55,200,940,188000.00,2016-05-17 03:31:00.531300
9111,201605173315272,PRIN,49,55,100,940,94000.00,2016-05-17 03:31:00.527200
9112,201605173315230,PRIN,16,55,100,940,94000.00,2016-05-17 03:31:00.523000
9113,201605173315166,PRIN,48,55,100,942,94200.00,2016-05-17 03:31:00.516600
9114,201605173315167,PRIN,59,55,300,940,282000.00,2016-05-17 03:31:00.516700
9115,201605173314974,PRIN,59,18,100,945,94500.00,2016-05-17 03:31:00.497400
9116,201605173314982,PRIN,59,36,100,945,94500.00,2016-05-17 03:31:00.498200
9117,201605173314983,PRIN,32,36,200,944,188800.00,2016-05-17 03:31:00.498300
9118,201605173314984,PRIN,36,36,200,943,188600.00,2016-05-17 03:31:00.498400
9119,201605173314985,PRIN,44,36,100,940,94000.00,2016-05-17 03:31:00.498500
9120,201605173314986,PRIN,28,36,200,940,188000.00,2016-05-17 03:31:00.498600
9121,201605173314987,PRIN,59,36,200,940,188000.00,2016-05-17 03:31:00.498700
9122,201605173314795,PRIN,16,6,200,946,189200.00,2016-05-17 03:31:00.479500
9123,201605173314796,PRIN,21,6,150,945,141750.00,2016-05-17 03:31:00.479600
9124,201605173314797,PRIN,43,6,100,941,94100.00,2016-05-17 03:31:00.479700
9125,201605173314798,PRIN,44,6,950,940,893000.00,2016-05-17 03:31:00.479800
9126,201605173314799,PRIN,43,6,300,940,282000.00,2016-05-17 03:31:00.479900
9127,201605173314800,PRIN,13,6,100,940,94000.00,2016-05-17 03:31:00.480000
9128,201605173314801,PRIN,44,6,200,940,188000.00,2016-05-17 03:31:00.480100
9129,201605173314790,PRIN,21,6,100,945,94500.00,2016-05-17 03:31:00.479000
9130,201605173314770,PRIN,51,6,400,946,378400.00,2016-05-17 03:31:00.477000
9131,201605173314742,PRIN,54,6,50,945,47250.00,2016-05-17 03:31:00.474200
9132,201605173314743,PRIN,16,6,100,945,94500.00,2016-05-17 03:31:00.474300
9133,201605173314744,PRIN,21,6,250,945,236250.00,2016-05-17 03:31:00.474400
9134,201605173314726,PRIN,51,29,167,946,157982.00,2016-05-17 03:31:00.472600
9135,201605173314645,PRIN,16,6,200,945,189000.00,2016-05-17 03:31:00.464500
9136,201605173314635,PRIN,21,6,200,946,189200.00,2016-05-17 03:31:00.463500
9137,201605173314511,PRIN,38,11,200,949,189800.00,2016-05-17 03:31:00.451100
9138,201605173314512,PRIN,38,11,50,948,47400.00,2016-05-17 03:31:00.451200
9139,201605173314513,PRIN,21,11,300,948,284400.00,2016-05-17 03:31:00.451300
9140,201605173314514,PRIN,55,11,50,948,47400.00,2016-05-17 03:31:00.451400
9141,201605173314515,PRIN,14,11,200,947,189400.00,2016-05-17 03:31:00.451500
9142,201605173314516,PRIN,29,11,50,945,47250.00,2016-05-17 03:31:00.451600
9143,201605173314517,PRIN,54,11,150,945,141750.00,2016-05-17 03:31:00.451700
9144,201605173314490,PRIN,5,6,100,954,95400.00,2016-05-17 03:31:00.449000
9145,201605173314479,PRIN,5,21,100,954,95400.00,2016-05-17 03:31:00.447900
9146,201605173314458,PRIN,59,55,500,954,477000.00,2016-05-17 03:31:00.445800
9147,201605173314373,PRIN,38,11,50,949,47450.00,2016-05-17 03:31:00.437300
9148,201605173314305,PRIN,16,6,200,950,190000.00,2016-05-17 03:31:00.430500
9149,201605173314255,PRIN,29,6,200,950,190000.00,2016-05-17 03:31:00.425500
9150,201605173314231,PRIN,37,6,200,950,190000.00,2016-05-17 03:31:00.423100
9151,201605173314194,PRIN,38,6,150,950,142500.00,2016-05-17 03:31:00.419400
9152,201605173314195,PRIN,8,6,50,950,47500.00,2016-05-17 03:31:00.419500
9153,201605173314198,PRIN,55,43,200,956,191200.00,2016-05-17 03:31:00.419800
9154,201605173314189,PRIN,55,6,50,951,47550.00,2016-05-17 03:31:00.418900
9155,201605173314190,PRIN,38,6,150,950,142500.00,2016-05-17 03:31:00.419000
9156,201605173314067,PRIN,33,45,2000,952,1904000.00,2016-05-17 03:31:00.406700
9157,201605173314042,PRIN,28,45,100,955,95500.00,2016-05-17 03:31:00.404200
9158,201605173314043,PRIN,56,45,200,955,191000.00,2016-05-17 03:31:00.404300
9159,201605173314039,PRIN,28,45,400,955,382000.00,2016-05-17 03:31:00.403900
9160,201605173313909,PRIN,28,1,100,955,95500.00,2016-05-17 03:31:00.390900
9161,201605173313910,PRIN,28,34,315,957,301455.00,2016-05-17 03:31:00.391000
9162,201605173313770,PRIN,38,54,100,948,94800.00,2016-05-17 03:31:00.377000
9163,201605173313758,PRIN,45,45,200,950,190000.00,2016-05-17 03:31:00.375800
9164,201605173313762,PRIN,44,45,5000,950,4750000.00,2016-05-17 03:31:00.376200
9165,201605173313731,PRIN,55,41,59,948,55932.00,2016-05-17 03:31:00.373100
9166,201605173313725,PRIN,54,41,100,949,94900.00,2016-05-17 03:31:00.372500
9167,201605173313717,PRIN,33,45,200,950,190000.00,2016-05-17 03:31:00.371700
9168,201605173313644,PRIN,19,45,100,950,95000.00,2016-05-17 03:31:00.364400
9169,201605173313584,PRIN,38,47,100,950,95000.00,2016-05-17 03:31:00.358400
9170,201605173313567,PRIN,21,49,53,950,50350.00,2016-05-17 03:31:00.356700
9171,201605173313570,PRIN,37,47,300,950,285000.00,2016-05-17 03:31:00.357000
9172,201605173313571,PRIN,18,47,100,950,95000.00,2016-05-17 03:31:00.357100
9173,201605173313551,PRIN,13,49,100,950,95000.00,2016-05-17 03:31:00.355100
9174,201605173313552,PRIN,42,49,100,950,95000.00,2016-05-17 03:31:00.355200
9175,201605173313553,PRIN,21,49,100,950,95000.00,2016-05-17 03:31:00.355300
9176,201605173313468,PRIN,48,33,100,954,95400.00,2016-05-17 03:31:00.346800
9177,201605173313469,PRIN,42,33,50,953,47650.00,2016-05-17 03:31:00.346900
9178,201605173313470,PRIN,22,33,200,953,190600.00,2016-05-17 03:31:00.347000
9179,201605173313471,PRIN,37,33,100,953,95300.00,2016-05-17 03:31:00.347100
9180,201605173313472,PRIN,37,33,500,951,475500.00,2016-05-17 03:31:00.347200
9181,201605173313473,PRIN,37,33,50,951,47550.00,2016-05-17 03:31:00.347300
9182,201605173313421,PRIN,55,22,100,953,95300.00,2016-05-17 03:31:00.342100
9183,201605173313268,PRIN,19,41,100,955,95500.00,2016-05-17 03:31:00.326800
9184,201605173313269,PRIN,49,41,250,953,238250.00,2016-05-17 03:31:00.326900
9185,201605173313270,PRIN,42,41,50,953,47650.00,2016-05-17 03:31:00.327000
9186,201605173313119,PRIN,17,47,200,955,191000.00,2016-05-17 03:31:00.311900
9187,201605173313062,PRIN,49,52,50,953,47650.00,2016-05-17 03:31:00.306200
9188,201605173313039,PRIN,49,26,100,953,95300.00,2016-05-17 03:31:00.303900
9189,201605173313016,PRIN,37,47,100,951,95100.00,2016-05-17 03:31:00.301600
9190,201605173313010,PRIN,6,26,50,953,47650.00,2016-05-17 03:31:00.301000
9191,201605173312978,PRIN,37,53,35,952,33320.00,2016-05-17 03:31:00.297800
9192,201605173312899,PRIN,55,26,50,955,47750.00,2016-05-17 03:31:00.289900
9193,201605173312900,PRIN,41,26,100,955,95500.00,2016-05-17 03:31:00.290000
9194,201605173312901,PRIN,21,26,100,955,95500.00,2016-05-17 03:31:00.290100
9195,201605173312902,PRIN,34,26,100,953,95300.00,2016-05-17 03:31:00.290200
9196,201605173312868,PRIN,17,55,500,958,479000.00,2016-05-17 03:31:00.286800
9197,201605173312797,PRIN,37,53,50,956,47800.00,2016-05-17 03:31:00.279700
9198,201605173312798,PRIN,55,53,200,955,191000.00,2016-05-17 03:31:00.279800
9199,201605173312805,PRIN,44,53,50,951,47550.00,2016-05-17 03:31:00.280500
9200,201605173312788,PRIN,55,55,350,958,335300.00,2016-05-17 03:31:00.278800
9201,201605173312760,PRIN,49,55,50,958,47900.00,2016-05-17 03:31:00.276000
9202,201605173312741,PRIN,21,53,300,955,286500.00,2016-05-17 03:31:00.274100
9203,201605173312733,PRIN,41,53,100,955,95500.00,2016-05-17 03:31:00.273300
9204,201605173312734,PRIN,21,53,200,955,191000.00,2016-05-17 03:31:00.273400
9205,201605173312685,PRIN,37,48,200,960,192000.00,2016-05-17 03:31:00.268500
9206,201605173312674,PRIN,37,43,80,960,76800.00,2016-05-17 03:31:00.267400
9207,201605173312675,PRIN,21,43,500,960,480000.00,2016-05-17 03:31:00.267500
9208,201605173312676,PRIN,55,43,100,960,96000.00,2016-05-17 03:31:00.267600
9209,201605173312661,PRIN,55,48,100,961,96100.00,2016-05-17 03:31:00.266100
9210,201605173312662,PRIN,21,48,80,960,76800.00,2016-05-17 03:31:00.266200
9211,201605173312663,PRIN,22,48,100,960,96000.00,2016-05-17 03:31:00.266300
9212,201605173312664,PRIN,37,48,120,960,115200.00,2016-05-17 03:31:00.266400
9213,201605173312613,PRIN,49,55,150,965,144750.00,2016-05-17 03:31:00.261300
9214,201605173312522,PRIN,28,55,400,965,386000.00,2016-05-17 03:31:00.252200
9215,201605173312461,PRIN,29,55,50,965,48250.00,2016-05-17 03:31:00.246100
9216,201605173312413,PRIN,29,49,355,965,342575.00,2016-05-17 03:31:00.241300
9217,201605173312389,PRIN,40,57,30,961,28830.00,2016-05-17 03:31:00.238900
9218,201605173312390,PRIN,20,57,50,960,48000.00,2016-05-17 03:31:00.239000
9219,201605173312391,PRIN,32,57,500,960,480000.00,2016-05-17 03:31:00.239100
9220,201605173312392,PRIN,21,57,420,960,403200.00,2016-05-17 03:31:00.239200
9221,201605173312344,PRIN,55,43,100,967,96700.00,2016-05-17 03:31:00.234400
9222,201605173312329,PRIN,55,10,200,967,193400.00,2016-05-17 03:31:00.232900
9223,201605173312251,PRIN,22,39,202,961,194122.00,2016-05-17 03:31:00.225100
9224,201605173312095,PRIN,32,41,178,965,171770.00,2016-05-17 03:31:00.209500
9225,201605173311979,PRIN,49,10,100,966,96600.00,2016-05-17 03:31:00.197900
9226,201605173311981,PRIN,49,47,463,970,449110.00,2016-05-17 03:31:00.198100
9227,201605173311929,PRIN,36,43,100,970,97000.00,2016-05-17 03:31:00.192900
9228,201605173311869,PRIN,38,44,500,970,485000.00,2016-05-17 03:31:00.186900
9229,201605173311870,PRIN,38,44,200,970,194000.00,2016-05-17 03:31:00.187000
9230,201605173311860,PRIN,38,29,100,966,96600.00,2016-05-17 03:31:00.186000
9231,201605173311829,PRIN,36,44,300,970,291000.00,2016-05-17 03:31:00.182900
9232,201605173311668,PRIN,36,35,200,980,196000.00,2016-05-17 03:31:00.166800
9233,201605173311640,PRIN,40,17,10,980,9800.00,2016-05-17 03:31:00.164000
9234,201605163311534,PRIN,36,43,100,970,97000.00,2016-05-16 03:31:00.153400
9235,201605163311460,PRIN,44,6,100,964,96400.00,2016-05-16 03:31:00.146000
9236,201605163311468,PRIN,36,43,400,970,388000.00,2016-05-16 03:31:00.146800
9237,201605163311397,PRIN,44,6,200,964,192800.00,2016-05-16 03:31:00.139700
9238,201605163311384,PRIN,40,6,50,968,48400.00,2016-05-16 03:31:00.138400
9239,201605163311385,PRIN,11,6,300,967,290100.00,2016-05-16 03:31:00.138500
9240,201605163311386,PRIN,8,6,200,966,193200.00,2016-05-16 03:31:00.138600
9241,201605163311387,PRIN,19,6,250,965,241250.00,2016-05-16 03:31:00.138700
9242,201605163311388,PRIN,11,6,300,965,289500.00,2016-05-16 03:31:00.138800
9243,201605163311389,PRIN,22,6,200,964,192800.00,2016-05-16 03:31:00.138900
9244,201605163311390,PRIN,44,6,1700,964,1638800.00,2016-05-16 03:31:00.139000
9245,201605163311341,PRIN,1,54,400,970,388000.00,2016-05-16 03:31:00.134100
9246,201605163311342,PRIN,1,43,100,970,97000.00,2016-05-16 03:31:00.134200
9247,201605163311317,PRIN,22,57,37,966,35742.00,2016-05-16 03:31:00.131700
9248,201605163311303,PRIN,21,57,500,967,483500.00,2016-05-16 03:31:00.130300
9249,201605163311304,PRIN,21,57,200,967,193400.00,2016-05-16 03:31:00.130400
9250,201605163311305,PRIN,19,57,100,967,96700.00,2016-05-16 03:31:00.130500
9251,201605163311306,PRIN,22,57,150,966,144900.00,2016-05-16 03:31:00.130600
9252,201605163311307,PRIN,22,57,50,966,48300.00,2016-05-16 03:31:00.130700
9253,201605163311240,PRIN,6,43,300,969,290700.00,2016-05-16 03:31:00.124000
9254,201605163311247,PRIN,19,43,30,968,29040.00,2016-05-16 03:31:00.124700
9255,201605163311248,PRIN,19,43,50,968,48400.00,2016-05-16 03:31:00.124800
9256,201605163311249,PRIN,5,43,1000,968,968000.00,2016-05-16 03:31:00.124900
9257,201605163311232,PRIN,17,54,300,970,291000.00,2016-05-16 03:31:00.123200
9258,201605163311206,PRIN,41,54,200,970,194000.00,2016-05-16 03:31:00.120600
9259,201605163311205,PRIN,17,54,100,970,97000.00,2016-05-16 03:31:00.120500
9260,201605163311042,PRIN,5,6,100,973,97300.00,2016-05-16 03:31:00.104200
9261,201605163311049,PRIN,6,43,100,970,97000.00,2016-05-16 03:31:00.104900
9262,201605163311050,PRIN,47,43,100,970,97000.00,2016-05-16 03:31:00.105000
9263,201605163311051,PRIN,33,43,500,970,485000.00,2016-05-16 03:31:00.105100
9264,201605163311008,PRIN,5,46,100,972,97200.00,2016-05-16 03:31:00.100800
9265,201605163310929,PRIN,21,44,500,973,486500.00,2016-05-16 03:31:00.092900
9266,201605163310847,PRIN,33,6,320,973,311360.00,2016-05-16 03:31:00.084700
9267,201605163310776,PRIN,33,32,30,973,29190.00,2016-05-16 03:31:00.077600
9268,201605163310739,PRIN,28,54,200,975,195000.00,2016-05-16 03:31:00.073900
9269,201605163310726,PRIN,28,55,150,973,145950.00,2016-05-16 03:31:00.072600
9270,201605163310727,PRIN,28,40,100,973,97300.00,2016-05-16 03:31:00.072700
9271,201605163310728,PRIN,28,48,100,973,97300.00,2016-05-16 03:31:00.072800
9272,201605163310732,PRIN,28,54,150,975,146250.00,2016-05-16 03:31:00.073200
9273,201605163310684,PRIN,16,53,300,973,291900.00,2016-05-16 03:31:00.068400
9274,201605163310573,PRIN,13,53,200,973,194600.00,2016-05-16 03:31:00.057300
9275,201605163310480,PRIN,32,21,100,973,97300.00,2016-05-16 03:31:00.048000
9276,201605163310458,PRIN,5,21,100,973,97300.00,2016-05-16 03:31:00.045800
9277,201605163310465,PRIN,33,6,500,972,486000.00,2016-05-16 03:31:00.046500
9278,201605163310372,PRIN,33,45,200,970,194000.00,2016-05-16 03:31:00.037200
9279,201605163310353,PRIN,33,42,367,968,355256.00,2016-05-16 03:31:00.035300
9280,201605163310312,PRIN,33,53,300,970,291000.00,2016-05-16 03:31:00.031200
9281,201605163310304,PRIN,33,32,151,970,146470.00,2016-05-16 03:31:00.030400
9282,201605163310286,PRIN,36,53,100,970,97000.00,2016-05-16 03:31:00.028600
9283,201605163310279,PRIN,19,45,200,968,193600.00,2016-05-16 03:31:00.027900
9284,201605163310156,PRIN,19,45,44,968,42592.00,2016-05-16 03:31:00.015600
9285,201605163310105,PRIN,41,53,100,970,97000.00,2016-05-16 03:31:00.010500
9286,201605163310097,PRIN,32,29,500,968,484000.00,2016-05-16 03:31:00.009700
9287,201605163310020,PRIN,37,45,270,969,261630.00,2016-05-16 03:31:00.002000
9288,201605163310004,PRIN,8,21,24,967,23208.00,2016-05-16 03:31:00.000400
9289,201605163309980,PRIN,16,45,200,969,193800.00,2016-05-16 03:30:00.998000
9290,201605163309798,PRIN,35,45,500,969,484500.00,2016-05-16 03:30:00.979800
9291,201605163309790,PRIN,34,41,50,966,48300.00,2016-05-16 03:30:00.979000
9292,201605163309791,PRIN,22,41,250,966,241500.00,2016-05-16 03:30:00.979100
9293,201605163309754,PRIN,21,45,100,969,96900.00,2016-05-16 03:30:00.975400
9294,201605163309745,PRIN,39,45,500,969,484500.00,2016-05-16 03:30:00.974500
9295,201605163309718,PRIN,33,59,100,966,96600.00,2016-05-16 03:30:00.971800
9296,201605163309705,PRIN,33,50,241,965,232565.00,2016-05-16 03:30:00.970500
9297,201605163309702,PRIN,8,59,200,966,193200.00,2016-05-16 03:30:00.970200
9298,201605163309704,PRIN,59,59,300,966,289800.00,2016-05-16 03:30:00.970400
9299,201605163309690,PRIN,28,50,494,965,476710.00,2016-05-16 03:30:00.969000
9300,201605163309668,PRIN,5,45,100,970,97000.00,2016-05-16 03:30:00.966800
9301,201605163309661,PRIN,17,45,50,970,48500.00,2016-05-16 03:30:00.966100
9302,201605163309650,PRIN,17,14,250,973,243250.00,2016-05-16 03:30:00.965000
9303,201605163309585,PRIN,8,50,200,965,193000.00,2016-05-16 03:30:00.958500
9304,201605163309587,PRIN,33,56,500,969,484500.00,2016-05-16 03:30:00.958700
9305,201605163309588,PRIN,33,36,400,970,388000.00,2016-05-16 03:30:00.958800
9306,201605163309589,PRIN,33,10,500,970,485000.00,2016-05-16 03:30:00.958900
9307,201605163309551,PRIN,11,50,300,965,289500.00,2016-05-16 03:30:00.955100
9308,201605163309527,PRIN,38,45,500,965,482500.00,2016-05-16 03:30:00.952700
9309,201605163309506,PRIN,28,50,494,965,476710.00,2016-05-16 03:30:00.950600
9310,201605163309486,PRIN,49,49,100,963,96300.00,2016-05-16 03:30:00.948600
9311,201605163309487,PRIN,32,49,400,961,384400.00,2016-05-16 03:30:00.948700
9312,201605163309358,PRIN,45,45,200,965,193000.00,2016-05-16 03:30:00.935800
9313,201605163309359,PRIN,45,45,300,965,289500.00,2016-05-16 03:30:00.935900
9314,201605163309294,PRIN,38,53,250,965,241250.00,2016-05-16 03:30:00.929400
9315,201605163309247,PRIN,32,26,100,964,96400.00,2016-05-16 03:30:00.924700
9316,201605163309212,PRIN,5,53,100,965,96500.00,2016-05-16 03:30:00.921200
9317,201605163309172,PRIN,43,53,100,965,96500.00,2016-05-16 03:30:00.917200
9318,201605163309142,PRIN,22,53,100,965,96500.00,2016-05-16 03:30:00.914200
9319,201605163309145,PRIN,22,53,100,965,96500.00,2016-05-16 03:30:00.914500
9320,201605163309148,PRIN,8,53,200,965,193000.00,2016-05-16 03:30:00.914800
9321,201605163309109,PRIN,55,53,210,965,202650.00,2016-05-16 03:30:00.910900
9322,201605163309095,PRIN,49,53,210,965,202650.00,2016-05-16 03:30:00.909500
9323,201605163309096,PRIN,49,53,90,965,86850.00,2016-05-16 03:30:00.909600
9324,201605163309082,PRIN,38,53,500,967,483500.00,2016-05-16 03:30:00.908200
9325,201605163309084,PRIN,59,19,35,968,33880.00,2016-05-16 03:30:00.908400
9326,201605163309086,PRIN,38,22,40,972,38880.00,2016-05-16 03:30:00.908600
9327,201605163309088,PRIN,49,49,3850,965,3715250.00,2016-05-16 03:30:00.908800
9328,201605163309089,PRIN,18,53,40,965,38600.00,2016-05-16 03:30:00.908900
9329,201605163309064,PRIN,57,45,280,965,270200.00,2016-05-16 03:30:00.906400
9330,201605163309065,PRIN,59,45,500,965,482500.00,2016-05-16 03:30:00.906500
9331,201605163309069,PRIN,38,45,500,965,482500.00,2016-05-16 03:30:00.906900
9332,201605163309049,PRIN,29,53,80,961,76880.00,2016-05-16 03:30:00.904900
9333,201605163309050,PRIN,6,53,200,961,192200.00,2016-05-16 03:30:00.905000
9334,201605163309052,PRIN,57,53,220,961,211420.00,2016-05-16 03:30:00.905200
9335,201605163309056,PRIN,59,46,500,965,482500.00,2016-05-16 03:30:00.905600
9336,201605163309027,PRIN,25,10,1000,963,963000.00,2016-05-16 03:30:00.902700
9337,201605163309020,PRIN,48,54,500,963,481500.00,2016-05-16 03:30:00.902000
9338,201605163309011,PRIN,48,41,77,961,73997.00,2016-05-16 03:30:00.901100
9339,201605163309016,PRIN,48,46,500,962,481000.00,2016-05-16 03:30:00.901600
9340,201605163308998,PRIN,48,7,200,960,192000.00,2016-05-16 03:30:00.899800
9341,201605163308960,PRIN,38,45,251,950,238450.00,2016-05-16 03:30:00.896000
9342,201605163308949,PRIN,43,45,100,950,95000.00,2016-05-16 03:30:00.894900
9343,201605163308797,PRIN,28,44,100,955,95500.00,2016-05-16 03:30:00.879700
9344,201605163308798,PRIN,45,44,200,950,190000.00,2016-05-16 03:30:00.879800
9345,201605163308799,PRIN,5,44,100,950,95000.00,2016-05-16 03:30:00.879900
9346,201605163308800,PRIN,11,44,300,946,283800.00,2016-05-16 03:30:00.880000
9347,201605163308801,PRIN,29,44,100,946,94600.00,2016-05-16 03:30:00.880100
9348,201605163308780,PRIN,54,17,500,950,475000.00,2016-05-16 03:30:00.878000
9349,201605163308766,PRIN,21,54,500,955,477500.00,2016-05-16 03:30:00.876600
9350,201605163308767,PRIN,44,54,1000,954,954000.00,2016-05-16 03:30:00.876700
9351,201605163308768,PRIN,44,54,1000,953,953000.00,2016-05-16 03:30:00.876800
9352,201605163308754,PRIN,42,14,100,955,95500.00,2016-05-16 03:30:00.875400
9353,201605163308740,PRIN,38,46,50,961,48050.00,2016-05-16 03:30:00.874000
9354,201605163308745,PRIN,49,56,43,961,41323.00,2016-05-16 03:30:00.874500
9355,201605163308747,PRIN,13,14,200,960,192000.00,2016-05-16 03:30:00.874700
9356,201605163308737,PRIN,33,46,300,961,288300.00,2016-05-16 03:30:00.873700
9357,201605163308738,PRIN,39,46,150,961,144150.00,2016-05-16 03:30:00.873800
9358,201605163308715,PRIN,46,46,1000,963,963000.00,2016-05-16 03:30:00.871500
9359,201605163308717,PRIN,41,14,1000,960,960000.00,2016-05-16 03:30:00.871700
9360,201605163308709,PRIN,38,47,350,963,337050.00,2016-05-16 03:30:00.870900
9361,201605163308710,PRIN,38,47,500,963,481500.00,2016-05-16 03:30:00.871000
9362,201605163308711,PRIN,38,56,200,969,193800.00,2016-05-16 03:30:00.871100
9363,201605163308697,PRIN,54,47,50,964,48200.00,2016-05-16 03:30:00.869700
9364,201605163308698,PRIN,34,47,100,964,96400.00,2016-05-16 03:30:00.869800
9365,201605163308699,PRIN,57,47,500,963,481500.00,2016-05-16 03:30:00.869900
9366,201605163308704,PRIN,22,48,1000,962,962000.00,2016-05-16 03:30:00.870400
9367,201605163308684,PRIN,32,58,407,963,391941.00,2016-05-16 03:30:00.868400
9368,201605163308654,PRIN,33,50,100,968,96800.00,2016-05-16 03:30:00.865400
9369,201605163308646,PRIN,21,53,200,965,193000.00,2016-05-16 03:30:00.864600
9370,201605163308613,PRIN,21,49,199,965,192035.00,2016-05-16 03:30:00.861300
9371,201605163308604,PRIN,42,36,400,966,386400.00,2016-05-16 03:30:00.860400
9372,201605163308605,PRIN,50,36,100,965,96500.00,2016-05-16 03:30:00.860500
9373,201605163308602,PRIN,21,32,200,970,194000.00,2016-05-16 03:30:00.860200
9374,201605163308578,PRIN,5,33,100,980,98000.00,2016-05-16 03:30:00.857800
9375,201605163308567,PRIN,28,56,35,965,33775.00,2016-05-16 03:30:00.856700
9376,201605163308565,PRIN,46,56,300,965,289500.00,2016-05-16 03:30:00.856500
9377,201605163308551,PRIN,28,56,400,965,386000.00,2016-05-16 03:30:00.855100
9378,201605163308525,PRIN,32,49,390,964,375960.00,2016-05-16 03:30:00.852500
9379,201605163308520,PRIN,6,49,400,966,386400.00,2016-05-16 03:30:00.852000
9380,201605163308521,PRIN,21,49,200,965,193000.00,2016-05-16 03:30:00.852100
9381,201605163308516,PRIN,55,49,10,972,9720.00,2016-05-16 03:30:00.851600
9382,201605163308511,PRIN,16,50,100,970,97000.00,2016-05-16 03:30:00.851100
9383,201605163308514,PRIN,55,32,50,972,48600.00,2016-05-16 03:30:00.851400
9384,201605163308509,PRIN,55,19,400,971,388400.00,2016-05-16 03:30:00.850900
9385,201605163308499,PRIN,55,21,42,970,40740.00,2016-05-16 03:30:00.849900
9386,201605163308500,PRIN,32,32,200,964,192800.00,2016-05-16 03:30:00.850000
9387,201605163308501,PRIN,16,37,11,970,10670.00,2016-05-16 03:30:00.850100
9388,201605163308492,PRIN,33,48,300,965,289500.00,2016-05-16 03:30:00.849200
9389,201605163308489,PRIN,32,46,246,961,236406.00,2016-05-16 03:30:00.848900
9390,201605163308478,PRIN,45,48,500,965,482500.00,2016-05-16 03:30:00.847800
9391,201605163308479,PRIN,44,44,2400,953,2287200.00,2016-05-16 03:30:00.847900
9392,201605163308483,PRIN,47,48,200,961,192200.00,2016-05-16 03:30:00.848300
9393,201605163308457,PRIN,13,53,50,960,48000.00,2016-05-16 03:30:00.845700
9394,201605163308455,PRIN,13,53,450,960,432000.00,2016-05-16 03:30:00.845500
9395,201605163308456,PRIN,1,25,118,965,113870.00,2016-05-16 03:30:00.845600
9396,201605163308433,PRIN,43,25,200,964,192800.00,2016-05-16 03:30:00.843300
9397,201605163308434,PRIN,11,25,100,964,96400.00,2016-05-16 03:30:00.843400
9398,201605163308428,PRIN,13,48,200,971,194200.00,2016-05-16 03:30:00.842800
9399,201605163308424,PRIN,13,38,135,975,131625.00,2016-05-16 03:30:00.842400
9400,201605163308416,PRIN,51,51,150,989,148350.00,2016-05-16 03:30:00.841600
9401,201605163308417,PRIN,55,10,50,990,49500.00,2016-05-16 03:30:00.841700
9402,201605163308399,PRIN,13,54,200,985,197000.00,2016-05-16 03:30:00.839900
9403,201605163308400,PRIN,38,54,200,985,197000.00,2016-05-16 03:30:00.840000
9404,201605163308401,PRIN,39,54,200,981,196200.00,2016-05-16 03:30:00.840100
9405,201605163308402,PRIN,19,54,200,980,196000.00,2016-05-16 03:30:00.840200
9406,201605163308403,PRIN,54,54,200,980,196000.00,2016-05-16 03:30:00.840300
9407,201605163308404,PRIN,55,32,100,994,99400.00,2016-05-16 03:30:00.840400
9408,201605163308386,PRIN,45,34,100,990,99000.00,2016-05-16 03:30:00.838600
9409,201605163308387,PRIN,55,34,20,990,19800.00,2016-05-16 03:30:00.838700
9410,201605163308388,PRIN,55,41,74,990,73260.00,2016-05-16 03:30:00.838800
9411,201605163308391,PRIN,19,21,100,986,98600.00,2016-05-16 03:30:00.839100
9412,201605163308392,PRIN,26,26,280,989,276920.00,2016-05-16 03:30:00.839200
9413,201605163308394,PRIN,19,44,200,986,197200.00,2016-05-16 03:30:00.839400
9414,201605163308395,PRIN,13,44,500,985,492500.00,2016-05-16 03:30:00.839500
9415,201605163308396,PRIN,13,44,300,985,295500.00,2016-05-16 03:30:00.839600
9416,201605163308378,PRIN,45,34,109,990,107910.00,2016-05-16 03:30:00.837800
9417,201605163308383,PRIN,37,34,70,990,69300.00,2016-05-16 03:30:00.838300
9418,201605163308384,PRIN,38,34,110,990,108900.00,2016-05-16 03:30:00.838400
9419,201605163308377,PRIN,55,44,300,995,298500.00,2016-05-16 03:30:00.837700
9420,201605163308376,PRIN,19,47,100,995,99500.00,2016-05-16 03:30:00.837600
9421,201605163308369,PRIN,37,58,200,990,198000.00,2016-05-16 03:30:00.836900
9422,201605163308370,PRIN,37,58,36,990,35640.00,2016-05-16 03:30:00.837000
9423,201605163308372,PRIN,55,58,200,998,199600.00,2016-05-16 03:30:00.837200
9424,201605163308373,PRIN,55,58,42,998,41916.00,2016-05-16 03:30:00.837300
9425,201605163308368,PRIN,55,26,500,996,498000.00,2016-05-16 03:30:00.836800
9426,201605163308365,PRIN,43,58,100,998,99800.00,2016-05-16 03:30:00.836500
9427,201605163308367,PRIN,37,49,100,990,99000.00,2016-05-16 03:30:00.836700
9428,201605163308362,PRIN,40,16,500,999,499500.00,2016-05-16 03:30:00.836200
9429,201605163308363,PRIN,53,58,200,1000,200000.00,2016-05-16 03:30:00.836300
9430,201605163308352,PRIN,32,29,100,1000,100000.00,2016-05-16 03:30:00.835200
9431,201605163308353,PRIN,42,29,300,1000,300000.00,2016-05-16 03:30:00.835300
9432,201605163308354,PRIN,19,29,100,1000,100000.00,2016-05-16 03:30:00.835400
9433,201605163308355,PRIN,19,58,300,1000,300000.00,2016-05-16 03:30:00.835500
9434,201605163308357,PRIN,47,49,27,999,26973.00,2016-05-16 03:30:00.835700
9435,201605163308359,PRIN,42,58,200,1000,200000.00,2016-05-16 03:30:00.835900
9436,201605163308360,PRIN,42,41,96,1007,96672.00,2016-05-16 03:30:00.836000
9437,201605163308349,PRIN,32,49,200,1000,200000.00,2016-05-16 03:30:00.834900
9438,201605163308350,PRIN,32,41,300,1000,300000.00,2016-05-16 03:30:00.835000
9439,201605163308348,PRIN,47,49,300,1009,302700.00,2016-05-16 03:30:00.834800
9440,201605163308344,PRIN,50,49,300,1000,300000.00,2016-05-16 03:30:00.834400
9441,201605163308345,PRIN,50,44,200,1010,202000.00,2016-05-16 03:30:00.834500
9442,201605163308346,PRIN,11,44,300,1010,303000.00,2016-05-16 03:30:00.834600
9443,201605163308341,PRIN,5,58,100,1003,100300.00,2016-05-16 03:30:00.834100
9444,201605163308342,PRIN,13,58,500,1000,500000.00,2016-05-16 03:30:00.834200
9445,201605163308343,PRIN,29,49,200,1000,200000.00,2016-05-16 03:30:00.834300
9446,201605163308339,PRIN,48,44,400,1002,400800.00,2016-05-16 03:30:00.833900
9447,201605163308340,PRIN,37,44,100,1002,100200.00,2016-05-16 03:30:00.834000
9448,201605163308331,PRIN,19,44,100,1000,100000.00,2016-05-16 03:30:00.833100
9449,201605163308332,PRIN,47,44,300,1000,300000.00,2016-05-16 03:30:00.833200
9450,201605163308335,PRIN,48,44,100,1000,100000.00,2016-05-16 03:30:00.833500
9451,201605163308337,PRIN,48,49,500,1002,501000.00,2016-05-16 03:30:00.833700
9452,201605163308328,PRIN,19,49,50,1000,50000.00,2016-05-16 03:30:00.832800
9453,201605163308329,PRIN,19,48,50,1000,50000.00,2016-05-16 03:30:00.832900
9454,201605163308330,PRIN,26,26,300,1001,300300.00,2016-05-16 03:30:00.833000
9455,201605163308326,PRIN,43,44,100,983,98300.00,2016-05-16 03:30:00.832600
9456,201605163308325,PRIN,43,44,50,964,48200.00,2016-05-16 03:30:00.832500
9457,201605153308321,PRIN,45,45,300,946,283800.00,2016-05-15 03:30:00.832100
9458,201605153307825,PRIN,37,39,125,946,118250.00,2016-05-15 03:30:00.782500
9459,201605153307685,PRIN,50,33,30,946,28380.00,2016-05-15 03:30:00.768500
9460,201605153307353,PRIN,28,59,500,946,473000.00,2016-05-15 03:30:00.735300
9461,201605153306273,PRIN,47,32,365,946,345290.00,2016-05-15 03:30:00.627300
9462,201605153306150,PRIN,28,41,1000,946,946000.00,2016-05-15 03:30:00.615000
9463,201605153305951,PRIN,28,13,430,946,406780.00,2016-05-15 03:30:00.595100
9464,201605153305750,PRIN,50,55,300,946,283800.00,2016-05-15 03:30:00.575000
9465,201605153305687,PRIN,21,41,500,946,473000.00,2016-05-15 03:30:00.568700
9466,201605153305695,PRIN,50,19,100,946,94600.00,2016-05-15 03:30:00.569500
9467,201605153305645,PRIN,21,38,100,946,94600.00,2016-05-15 03:30:00.564500
9468,201605153305467,PRIN,21,32,100,946,94600.00,2016-05-15 03:30:00.546700
9469,201605153305452,PRIN,55,17,183,946,173118.00,2016-05-15 03:30:00.545200
9470,201605153305418,PRIN,46,54,20,946,18920.00,2016-05-15 03:30:00.541800
9471,201605153305419,PRIN,38,54,100,946,94600.00,2016-05-15 03:30:00.541900
9472,201605153305420,PRIN,6,54,500,946,473000.00,2016-05-15 03:30:00.542000
9473,201605153305421,PRIN,11,54,200,946,189200.00,2016-05-15 03:30:00.542100
9474,201605153305422,PRIN,43,54,200,946,189200.00,2016-05-15 03:30:00.542200
9475,201605153305423,PRIN,28,54,500,946,473000.00,2016-05-15 03:30:00.542300
9476,201605153305424,PRIN,8,54,1000,946,946000.00,2016-05-15 03:30:00.542400
9477,201605153305425,PRIN,8,54,500,946,473000.00,2016-05-15 03:30:00.542500
9478,201605153305426,PRIN,38,54,500,946,473000.00,2016-05-15 03:30:00.542600
9479,201605153305427,PRIN,57,54,100,946,94600.00,2016-05-15 03:30:00.542700
9480,201605153305428,PRIN,45,54,500,946,473000.00,2016-05-15 03:30:00.542800
9481,201605153305429,PRIN,55,54,380,946,359480.00,2016-05-15 03:30:00.542900
9482,201605153305407,PRIN,45,45,1450,946,1371700.00,2016-05-15 03:30:00.540700
9483,201605153305380,PRIN,44,44,1183,946,1119118.00,2016-05-15 03:30:00.538000
9484,201605153305371,PRIN,52,49,20,946,18920.00,2016-05-15 03:30:00.537100
9485,201605153305372,PRIN,42,49,100,946,94600.00,2016-05-15 03:30:00.537200
9486,201605153305373,PRIN,17,49,100,946,94600.00,2016-05-15 03:30:00.537300
9487,201605153305374,PRIN,46,49,180,946,170280.00,2016-05-15 03:30:00.537400
9488,201605153305293,PRIN,8,45,500,946,473000.00,2016-05-15 03:30:00.529300
9489,201605153305304,PRIN,38,45,500,946,473000.00,2016-05-15 03:30:00.530400
9490,201605153305286,PRIN,52,50,70,946,66220.00,2016-05-15 03:30:00.528600
9491,201605153305238,PRIN,58,54,300,946,283800.00,2016-05-15 03:30:00.523800
9492,201605153305239,PRIN,1,54,100,946,94600.00,2016-05-15 03:30:00.523900
9493,201605153305240,PRIN,17,54,150,946,141900.00,2016-05-15 03:30:00.524000
9494,201605153305241,PRIN,13,54,200,946,189200.00,2016-05-15 03:30:00.524100
9495,201605153305242,PRIN,36,54,200,946,189200.00,2016-05-15 03:30:00.524200
9496,201605153305243,PRIN,44,54,400,946,378400.00,2016-05-15 03:30:00.524300
9497,201605153305244,PRIN,50,54,500,946,473000.00,2016-05-15 03:30:00.524400
9498,201605153305245,PRIN,17,54,100,946,94600.00,2016-05-15 03:30:00.524500
9499,201605153305246,PRIN,17,54,40,946,37840.00,2016-05-15 03:30:00.524600
9500,201605153305247,PRIN,52,54,10,946,9460.00,2016-05-15 03:30:00.524700
9501,201605153305248,PRIN,45,38,162,946,153252.00,2016-05-15 03:30:00.524800
9502,201605153305236,PRIN,45,45,550,946,520300.00,2016-05-15 03:30:00.523600
9503,201605153305222,PRIN,36,45,1000,946,946000.00,2016-05-15 03:30:00.522200
9504,201605153305223,PRIN,21,33,1433,946,1355618.00,2016-05-15 03:30:00.522300
9505,201605153305225,PRIN,33,45,1000,946,946000.00,2016-05-15 03:30:00.522500
9506,201605153305151,PRIN,8,33,370,946,350020.00,2016-05-15 03:30:00.515100
9507,201605153305106,PRIN,11,19,100,946,94600.00,2016-05-15 03:30:00.510600
9508,201605153305120,PRIN,59,19,250,946,236500.00,2016-05-15 03:30:00.512000
9509,201605153305121,PRIN,59,19,28,946,26488.00,2016-05-15 03:30:00.512100
9510,201605153305092,PRIN,49,19,500,946,473000.00,2016-05-15 03:30:00.509200
9511,201605153305094,PRIN,40,19,200,946,189200.00,2016-05-15 03:30:00.509400
9512,201605153305089,PRIN,34,19,100,946,94600.00,2016-05-15 03:30:00.508900
9513,201605153305091,PRIN,34,19,50,946,47300.00,2016-05-15 03:30:00.509100
9514,201605153305080,PRIN,28,19,300,946,283800.00,2016-05-15 03:30:00.508000
9515,201605153305081,PRIN,45,26,1400,946,1324400.00,2016-05-15 03:30:00.508100
9516,201605153305082,PRIN,45,19,100,946,94600.00,2016-05-15 03:30:00.508200
9517,201605153305084,PRIN,45,26,137,945,129465.00,2016-05-15 03:30:00.508400
9518,201605153305074,PRIN,19,33,300,946,283800.00,2016-05-15 03:30:00.507400
9519,201605153305075,PRIN,21,33,1000,946,946000.00,2016-05-15 03:30:00.507500
9520,201605153305076,PRIN,5,33,100,946,94600.00,2016-05-15 03:30:00.507600
9521,201605153305031,PRIN,49,39,408,946,385968.00,2016-05-15 03:30:00.503100
9522,201605153305025,PRIN,42,33,280,946,264880.00,2016-05-15 03:30:00.502500
9523,201605153305026,PRIN,17,33,150,946,141900.00,2016-05-15 03:30:00.502600
9524,201605153305018,PRIN,49,38,524,945,495180.00,2016-05-15 03:30:00.501800
9525,201605153305009,PRIN,42,39,25,946,23650.00,2016-05-15 03:30:00.500900
9526,201605153304999,PRIN,21,21,556,945,525420.00,2016-05-15 03:30:00.499900
9527,201605153304991,PRIN,44,44,4750,945,4488750.00,2016-05-15 03:30:00.499100
9528,201605153304994,PRIN,42,33,50,946,47300.00,2016-05-15 03:30:00.499400
9529,201605153304995,PRIN,6,33,150,946,141900.00,2016-05-15 03:30:00.499500
9530,201605153304996,PRIN,49,33,100,946,94600.00,2016-05-15 03:30:00.499600
9531,201605153304997,PRIN,58,33,500,945,472500.00,2016-05-15 03:30:00.499700
9532,201605153304973,PRIN,42,39,200,946,189200.00,2016-05-15 03:30:00.497300
9533,201605153304974,PRIN,42,43,50,946,47300.00,2016-05-15 03:30:00.497400
9534,201605153304983,PRIN,21,35,1000,946,946000.00,2016-05-15 03:30:00.498300
9535,201605153304954,PRIN,19,49,90,946,85140.00,2016-05-15 03:30:00.495400
9536,201605153304957,PRIN,44,35,1000,945,945000.00,2016-05-15 03:30:00.495700
9537,201605153304960,PRIN,45,49,110,946,104060.00,2016-05-15 03:30:00.496000
9538,201605153304961,PRIN,45,14,144,946,136224.00,2016-05-15 03:30:00.496100
9539,201605153304951,PRIN,5,19,448,946,423808.00,2016-05-15 03:30:00.495100
9540,201605153304942,PRIN,11,49,400,946,378400.00,2016-05-15 03:30:00.494200
9541,201605153304944,PRIN,21,35,1000,945,945000.00,2016-05-15 03:30:00.494400
9542,201605153304939,PRIN,40,58,500,944,472000.00,2016-05-15 03:30:00.493900
9543,201605153304923,PRIN,44,36,566,940,532040.00,2016-05-15 03:30:00.492300
9544,201605153304908,PRIN,44,14,629,939,590631.00,2016-05-15 03:30:00.490800
9545,201605153304910,PRIN,44,51,100,940,94000.00,2016-05-15 03:30:00.491000
9546,201605153304897,PRIN,44,35,1000,939,939000.00,2016-05-15 03:30:00.489700
9547,201605153304864,PRIN,42,43,50,937,46850.00,2016-05-15 03:30:00.486400
9548,201605153304856,PRIN,42,58,100,937,93700.00,2016-05-15 03:30:00.485600
9549,201605153304863,PRIN,56,17,200,938,187600.00,2016-05-15 03:30:00.486300
9550,201605153304833,PRIN,5,21,100,938,93800.00,2016-05-15 03:30:00.483300
9551,201605153304819,PRIN,42,56,200,939,187800.00,2016-05-15 03:30:00.481900
9552,201605153304795,PRIN,43,33,100,935,93500.00,2016-05-15 03:30:00.479500
9553,201605153304805,PRIN,1,39,100,935,93500.00,2016-05-15 03:30:00.480500
9554,201605153304781,PRIN,26,50,130,930,120900.00,2016-05-15 03:30:00.478100
9555,201605153304782,PRIN,38,50,300,930,279000.00,2016-05-15 03:30:00.478200
9556,201605153304751,PRIN,38,49,100,932,93200.00,2016-05-15 03:30:00.475100
9557,201605153304752,PRIN,5,49,40,931,37240.00,2016-05-15 03:30:00.475200
9558,201605153304753,PRIN,5,49,100,931,93100.00,2016-05-15 03:30:00.475300
9559,201605153304754,PRIN,26,49,60,930,55800.00,2016-05-15 03:30:00.475400
9560,201605153304748,PRIN,19,50,206,935,192610.00,2016-05-15 03:30:00.474800
9561,201605153304734,PRIN,28,1,40,932,37280.00,2016-05-15 03:30:00.473400
9562,201605153304735,PRIN,5,1,60,931,55860.00,2016-05-15 03:30:00.473500
9563,201605153304726,PRIN,28,59,500,932,466000.00,2016-05-15 03:30:00.472600
9564,201605153304729,PRIN,28,49,460,932,428720.00,2016-05-15 03:30:00.472900
9565,201605153304718,PRIN,11,44,150,945,141750.00,2016-05-15 03:30:00.471800
9566,201605153304724,PRIN,1,44,100,945,94500.00,2016-05-15 03:30:00.472400
9567,201605153304696,PRIN,5,10,152,946,143792.00,2016-05-15 03:30:00.469600
9568,201605153304699,PRIN,19,58,40,946,37840.00,2016-05-15 03:30:00.469900
9569,201605153304700,PRIN,17,58,100,946,94600.00,2016-05-15 03:30:00.470000
9570,201605153304701,PRIN,40,58,200,946,189200.00,2016-05-15 03:30:00.470100
9571,201605153304702,PRIN,40,58,160,946,151360.00,2016-05-15 03:30:00.470200
9572,201605153304704,PRIN,40,49,240,946,227040.00,2016-05-15 03:30:00.470400
9573,201605153304687,PRIN,21,35,10,912,9120.00,2016-05-15 03:30:00.468700
9574,201605153304689,PRIN,26,35,10,930,9300.00,2016-05-15 03:30:00.468900
9575,201605153304611,PRIN,13,21,10,895,8950.00,2016-05-15 03:30:00.461100
9576,201605153304568,PRIN,14,21,900,878,790200.00,2016-05-15 03:30:00.456800
9577,201605153304557,PRIN,57,21,10,877,8770.00,2016-05-15 03:30:00.455700
9578,201605123304009,PRIN,6,40,200,858,171600.00,2016-05-12 03:30:00.400900
9579,201605123304012,PRIN,8,29,183,860,157380.00,2016-05-12 03:30:00.401200
9580,201605123304205,PRIN,40,34,70,862,60340.00,2016-05-12 03:30:00.420500
9581,201605123304393,PRIN,44,32,598,860,514280.00,2016-05-12 03:30:00.439300
9582,201605123303905,PRIN,5,14,200,857,171400.00,2016-05-12 03:30:00.390500
9583,201605123303854,PRIN,26,55,200,857,171400.00,2016-05-12 03:30:00.385400
9584,201605123303855,PRIN,37,55,100,856,85600.00,2016-05-12 03:30:00.385500
9585,201605123303828,PRIN,48,14,200,858,171600.00,2016-05-12 03:30:00.382800
9586,201605123303793,PRIN,48,49,300,858,257400.00,2016-05-12 03:30:00.379300
9587,201605123303738,PRIN,49,14,100,860,86000.00,2016-05-12 03:30:00.373800
9588,201605123303262,PRIN,6,34,6000,862,5172000.00,2016-05-12 03:30:00.326200
9589,201605123303054,PRIN,37,53,121,865,104665.00,2016-05-12 03:30:00.305400
9590,201605123303061,PRIN,48,35,2000,864,1728000.00,2016-05-12 03:30:00.306100
9591,201605123302916,PRIN,48,34,500,865,432500.00,2016-05-12 03:30:00.291600
9592,201605123302917,PRIN,48,35,500,869,434500.00,2016-05-12 03:30:00.291700
9593,201605123302896,PRIN,36,34,500,865,432500.00,2016-05-12 03:30:00.289600
9594,201605123302774,PRIN,48,54,400,860,344000.00,2016-05-12 03:30:00.277400
9595,201605123302730,PRIN,6,39,131,859,112529.00,2016-05-12 03:30:00.273000
9596,201605123302511,PRIN,39,54,100,865,86500.00,2016-05-12 03:30:00.251100
9597,201605123302512,PRIN,51,54,500,865,432500.00,2016-05-12 03:30:00.251200
9598,201605123302513,PRIN,6,54,200,863,172600.00,2016-05-12 03:30:00.251300
9599,201605123302514,PRIN,6,54,500,863,431500.00,2016-05-12 03:30:00.251400
9600,201605123302515,PRIN,21,54,500,862,431000.00,2016-05-12 03:30:00.251500
9601,201605123302516,PRIN,48,54,600,861,516600.00,2016-05-12 03:30:00.251600
9602,201605123302517,PRIN,6,54,50,860,43000.00,2016-05-12 03:30:00.251700
9603,201605123302518,PRIN,6,54,100,860,86000.00,2016-05-12 03:30:00.251800
9604,201605123302519,PRIN,29,54,50,860,43000.00,2016-05-12 03:30:00.251900
9605,201605123302503,PRIN,39,40,50,865,43250.00,2016-05-12 03:30:00.250300
9606,201605123302429,PRIN,29,44,50,870,43500.00,2016-05-12 03:30:00.242900
9607,201605123302368,PRIN,53,44,300,870,261000.00,2016-05-12 03:30:00.236800
9608,201605123302265,PRIN,29,49,40,868,34720.00,2016-05-12 03:30:00.226500
9609,201605123302266,PRIN,39,49,350,865,302750.00,2016-05-12 03:30:00.226600
9610,201605123302213,PRIN,21,14,490,870,426300.00,2016-05-12 03:30:00.221300
9611,201605123302214,PRIN,21,14,12,870,10440.00,2016-05-12 03:30:00.221400
9612,201605123302221,PRIN,51,38,132,867,114444.00,2016-05-12 03:30:00.222100
9613,201605123301821,PRIN,57,34,200,870,174000.00,2016-05-12 03:30:00.182100
9614,201605123301414,PRIN,48,32,50,870,43500.00,2016-05-12 03:30:00.141400
9615,201605123301325,PRIN,48,32,50,870,43500.00,2016-05-12 03:30:00.132500
9616,201605123301227,PRIN,6,26,282,867,244494.00,2016-05-12 03:30:00.122700
9617,201605123301100,PRIN,29,48,60,868,52080.00,2016-05-12 03:30:00.110000
9618,201605123301076,PRIN,16,38,91,873,79443.00,2016-05-12 03:30:00.107600
9619,201605123300945,PRIN,14,44,320,870,278400.00,2016-05-12 03:30:00.094500
9620,201605123300934,PRIN,55,11,50,869,43450.00,2016-05-12 03:30:00.093400
9621,201605123300843,PRIN,8,35,500,868,434000.00,2016-05-12 03:30:00.084300
9622,201605123300830,PRIN,49,44,50,870,43500.00,2016-05-12 03:30:00.083000
9623,201605123300811,PRIN,16,44,500,870,435000.00,2016-05-12 03:30:00.081100
9624,201605123300788,PRIN,26,35,100,878,87800.00,2016-05-12 03:30:00.078800
9625,201605123300796,PRIN,48,35,400,875,350000.00,2016-05-12 03:30:00.079600
9626,201605123300768,PRIN,6,35,500,877,438500.00,2016-05-12 03:30:00.076800
9627,201605123290347,PRIN,29,49,302,881,266062.00,2016-05-12 03:29:00.034700
9628,201605123289917,PRIN,55,34,200,877,175400.00,2016-05-12 03:28:00.991700
9629,201605123289918,PRIN,55,49,200,877,175400.00,2016-05-12 03:28:00.991800
9630,201605123289783,PRIN,36,47,400,860,344000.00,2016-05-12 03:28:00.978300
9631,201605123289659,PRIN,11,53,50,860,43000.00,2016-05-12 03:28:00.965900
9632,201605113289441,PRIN,6,19,25,845,21125.00,2016-05-11 03:28:00.944100
9633,201605113289258,PRIN,6,36,70,845,59150.00,2016-05-11 03:28:00.925800
9634,201605113289259,PRIN,6,56,250,849,212250.00,2016-05-11 03:28:00.925900
9635,201605113288979,PRIN,29,54,200,840,168000.00,2016-05-11 03:28:00.897900
9636,201605113288816,PRIN,17,8,70,831,58170.00,2016-05-11 03:28:00.881600
9637,201605113288778,PRIN,53,54,250,845,211250.00,2016-05-11 03:28:00.877800
9638,201605113288779,PRIN,6,54,500,840,420000.00,2016-05-11 03:28:00.877900
9639,201605113288629,PRIN,6,53,100,849,84900.00,2016-05-11 03:28:00.862900
9640,201605113288630,PRIN,6,53,100,849,84900.00,2016-05-11 03:28:00.863000
9641,201605113288464,PRIN,52,54,50,850,42500.00,2016-05-11 03:28:00.846400
9642,201605113288185,PRIN,53,38,500,850,425000.00,2016-05-11 03:28:00.818500
9643,201605113288120,PRIN,6,38,295,850,250750.00,2016-05-11 03:28:00.812000
9644,201605113287912,PRIN,17,45,500,859,429500.00,2016-05-11 03:28:00.791200
9645,201605113287901,PRIN,45,45,1500,850,1275000.00,2016-05-11 03:28:00.790100
9646,201605113287903,PRIN,53,54,300,860,258000.00,2016-05-11 03:28:00.790300
9647,201605113287895,PRIN,45,45,2500,850,2125000.00,2016-05-11 03:28:00.789500
9648,201605113287885,PRIN,53,1,200,860,172000.00,2016-05-11 03:28:00.788500
9649,201605113287847,PRIN,28,34,200,855,171000.00,2016-05-11 03:28:00.784700
9650,201605113287815,PRIN,6,1,76,850,64600.00,2016-05-11 03:28:00.781500
9651,201605113287683,PRIN,6,7,400,848,339200.00,2016-05-11 03:28:00.768300
9652,201605113287684,PRIN,6,36,400,850,340000.00,2016-05-11 03:28:00.768400
9653,201605113287660,PRIN,6,28,238,845,201110.00,2016-05-11 03:28:00.766000
9654,201605113287610,PRIN,6,53,275,840,231000.00,2016-05-11 03:28:00.761000
9655,201605113287447,PRIN,6,44,300,840,252000.00,2016-05-11 03:28:00.744700
9656,201605113287420,PRIN,6,21,500,835,417500.00,2016-05-11 03:28:00.742000
9657,201605113287421,PRIN,6,36,467,835,389945.00,2016-05-11 03:28:00.742100
9658,201605113287432,PRIN,6,54,800,835,668000.00,2016-05-11 03:28:00.743200
9659,201605113287384,PRIN,28,54,100,835,83500.00,2016-05-11 03:28:00.738400
9660,201605113287385,PRIN,49,54,100,835,83500.00,2016-05-11 03:28:00.738500
9661,201605113286302,PRIN,36,21,500,829,414500.00,2016-05-11 03:28:00.630200
9662,201605113286287,PRIN,46,21,500,830,415000.00,2016-05-11 03:28:00.628700
9663,201605113286288,PRIN,36,21,500,829,414500.00,2016-05-11 03:28:00.628800
9664,201605113286270,PRIN,34,44,100,841,84100.00,2016-05-11 03:28:00.627000
9665,201605113286271,PRIN,19,44,100,840,84000.00,2016-05-11 03:28:00.627100
9666,201605113286146,PRIN,34,36,200,850,170000.00,2016-05-11 03:28:00.614600
9667,201605113286128,PRIN,34,11,335,855,286425.00,2016-05-11 03:28:00.612800
9668,201605113286109,PRIN,34,11,502,855,429210.00,2016-05-11 03:28:00.610900
9669,201605113285999,PRIN,34,48,200,855,171000.00,2016-05-11 03:28:00.599900
9670,201605113285921,PRIN,34,21,1000,855,855000.00,2016-05-11 03:28:00.592100
9671,201605113285853,PRIN,57,49,44,840,36960.00,2016-05-11 03:28:00.585300
9672,201605113285855,PRIN,5,40,190,850,161500.00,2016-05-11 03:28:00.585500
9673,201605113285860,PRIN,5,47,90,860,77400.00,2016-05-11 03:28:00.586000
9674,201605113285839,PRIN,49,49,100,841,84100.00,2016-05-11 03:28:00.583900
9675,201605113285840,PRIN,57,49,300,840,252000.00,2016-05-11 03:28:00.584000
9676,201605113285847,PRIN,57,49,500,840,420000.00,2016-05-11 03:28:00.584700
9677,201605113285667,PRIN,19,49,500,849,424500.00,2016-05-11 03:28:00.566700
9678,201605113285599,PRIN,57,49,500,848,424000.00,2016-05-11 03:28:00.559900
9679,201605113285600,PRIN,57,49,100,849,84900.00,2016-05-11 03:28:00.560000
9680,201605113285514,PRIN,34,49,500,840,420000.00,2016-05-11 03:28:00.551400
9681,201605113285515,PRIN,34,56,100,840,84000.00,2016-05-11 03:28:00.551500
9682,201605113285516,PRIN,34,34,600,844,506400.00,2016-05-11 03:28:00.551600
9683,201605113285517,PRIN,34,14,500,845,422500.00,2016-05-11 03:28:00.551700
9684,201605113285308,PRIN,49,49,700,844,590800.00,2016-05-11 03:28:00.530800
9685,201605113285042,PRIN,19,54,200,830,166000.00,2016-05-11 03:28:00.504200
9686,201605103284676,PRIN,36,44,160,819,131040.00,2016-05-10 03:28:00.467600
9687,201605103284677,PRIN,36,14,340,820,278800.00,2016-05-10 03:28:00.467700
9688,201605103284582,PRIN,59,44,1479,815,1205385.00,2016-05-10 03:28:00.458200
9689,201605103284449,PRIN,49,14,160,818,130880.00,2016-05-10 03:28:00.444900
9690,201605103284450,PRIN,49,18,200,819,163800.00,2016-05-10 03:28:00.445000
9691,201605103284451,PRIN,49,44,340,819,278460.00,2016-05-10 03:28:00.445100
9692,201605103284340,PRIN,6,14,500,821,410500.00,2016-05-10 03:28:00.434000
9693,201605103284224,PRIN,53,14,1160,820,951200.00,2016-05-10 03:28:00.422400
9694,201605103284185,PRIN,6,14,740,820,606800.00,2016-05-10 03:28:00.418500
9695,201605103284163,PRIN,53,14,200,820,164000.00,2016-05-10 03:28:00.416300
9696,201605103284148,PRIN,5,53,200,822,164400.00,2016-05-10 03:28:00.414800
9697,201605103284127,PRIN,6,13,1260,820,1033200.00,2016-05-10 03:28:00.412700
9698,201605103284011,PRIN,47,7,1000,820,820000.00,2016-05-10 03:28:00.401100
9699,201605103284012,PRIN,47,45,2000,820,1640000.00,2016-05-10 03:28:00.401200
9700,201605103283993,PRIN,47,56,203,819,166257.00,2016-05-10 03:28:00.399300
9701,201605103283816,PRIN,33,5,771,820,632220.00,2016-05-10 03:28:00.381600
9702,201605103283762,PRIN,17,14,50,820,41000.00,2016-05-10 03:28:00.376200
9703,201605103283599,PRIN,53,26,200,820,164000.00,2016-05-10 03:28:00.359900
9704,201605103283496,PRIN,53,54,2500,820,2050000.00,2016-05-10 03:28:00.349600
9705,201605103283497,PRIN,53,54,100,820,82000.00,2016-05-10 03:28:00.349700
9706,201605103283479,PRIN,53,26,400,818,327200.00,2016-05-10 03:28:00.347900
9707,201605103283367,PRIN,53,26,100,820,82000.00,2016-05-10 03:28:00.336700
9708,201605103283191,PRIN,53,36,400,820,328000.00,2016-05-10 03:28:00.319100
9709,201605103283177,PRIN,53,44,300,820,246000.00,2016-05-10 03:28:00.317700
9710,201605103283184,PRIN,47,20,100,815,81500.00,2016-05-10 03:28:00.318400
9711,201605103283185,PRIN,53,44,200,820,164000.00,2016-05-10 03:28:00.318500
9712,201605103283081,PRIN,47,11,40,815,32600.00,2016-05-10 03:28:00.308100
9713,201605103282832,PRIN,47,45,200,815,163000.00,2016-05-10 03:28:00.283200
9714,201605103282620,PRIN,47,26,40,815,32600.00,2016-05-10 03:28:00.262000
9715,201605103282536,PRIN,53,13,335,818,274030.00,2016-05-10 03:28:00.253600
9716,201605103282398,PRIN,34,56,20,816,16320.00,2016-05-10 03:28:00.239800
9717,201605103282382,PRIN,20,35,80,815,65200.00,2016-05-10 03:28:00.238200
9718,201605103282383,PRIN,47,35,420,815,342300.00,2016-05-10 03:28:00.238300
9719,201605103282338,PRIN,51,56,100,816,81600.00,2016-05-10 03:28:00.233800
9720,201605103282150,PRIN,34,44,100,820,82000.00,2016-05-10 03:28:00.215000
9721,201605103281713,PRIN,33,5,1000,820,820000.00,2016-05-10 03:28:00.171300
9722,201605103281694,PRIN,34,25,50,823,41150.00,2016-05-10 03:28:00.169400
9723,201605103281695,PRIN,34,17,100,824,82400.00,2016-05-10 03:28:00.169500
9724,201605103281696,PRIN,34,45,50,825,41250.00,2016-05-10 03:28:00.169600
9725,201605103281194,PRIN,33,54,300,825,247500.00,2016-05-10 03:28:00.119400
9726,201605103281182,PRIN,35,54,200,825,165000.00,2016-05-10 03:28:00.118200
9727,201605103281130,PRIN,29,5,100,825,82500.00,2016-05-10 03:28:00.113000
9728,201605103281041,PRIN,33,54,500,808,404000.00,2016-05-10 03:28:00.104100
9729,201605103281042,PRIN,33,5,200,809,161800.00,2016-05-10 03:28:00.104200
9730,201605103281030,PRIN,33,3,67,808,54136.00,2016-05-10 03:28:00.103000
9731,201605103280831,PRIN,33,18,40,794,31760.00,2016-05-10 03:28:00.083100
9732,201605053251225,PRIN,34,20,600,779,467400.00,2016-05-05 03:25:00.122500
9733,201605053251057,PRIN,21,10,270,767,207090.00,2016-05-05 03:25:00.105700
9734,201605053250742,PRIN,33,33,500,770,385000.00,2016-05-05 03:25:00.074200
9735,201605053250495,PRIN,29,17,100,780,78000.00,2016-05-05 03:25:00.049500
9736,201605053250496,PRIN,29,26,300,780,234000.00,2016-05-05 03:25:00.049600
9737,201605053250497,PRIN,29,42,200,780,156000.00,2016-05-05 03:25:00.049700
9738,201605053250008,PRIN,29,5,600,780,468000.00,2016-05-05 03:25:00.000800
9739,201605053250009,PRIN,29,17,200,780,156000.00,2016-05-05 03:25:00.000900
9740,201605053248960,PRIN,33,59,100,775,77500.00,2016-05-05 03:24:00.896000
9741,201605053248961,PRIN,33,32,60,780,46800.00,2016-05-05 03:24:00.896100
9742,201605053248494,PRIN,45,45,200,777,155400.00,2016-05-05 03:24:00.849400
9743,201605053248072,PRIN,33,40,100,775,77500.00,2016-05-05 03:24:00.807200
9744,201605053248033,PRIN,33,33,448,765,342720.00,2016-05-05 03:24:00.803300
9745,201605053247999,PRIN,5,21,20,770,15400.00,2016-05-05 03:24:00.799900
9746,201605053247948,PRIN,54,35,220,760,167200.00,2016-05-05 03:24:00.794800
9747,201605053247803,PRIN,33,32,90,760,68400.00,2016-05-05 03:24:00.780300
9748,201605043246993,PRIN,54,48,100,770,77000.00,2016-05-04 03:24:00.699300
9749,201605043246178,PRIN,54,25,1979,772,1527788.00,2016-05-04 03:24:00.617800
9750,201605043244871,PRIN,34,34,109,785,85565.00,2016-05-04 03:24:00.487100
9751,201605033243759,PRIN,47,26,40,779,31160.00,2016-05-03 03:24:00.375900
9752,201605033243760,PRIN,54,26,960,770,739200.00,2016-05-03 03:24:00.376000
9753,201605033243026,PRIN,47,33,10,779,7790.00,2016-05-03 03:24:00.302600
9754,201605033242281,PRIN,47,53,350,779,272650.00,2016-05-03 03:24:00.228100
9755,201605023239272,PRIN,52,38,250,794,198500.00,2016-05-02 03:23:00.927200
9756,201605023238312,PRIN,45,45,400,790,316000.00,2016-05-02 03:23:00.831200
9757,201605023237462,PRIN,39,41,150,781,117150.00,2016-05-02 03:23:00.746200
9758,201605023237217,PRIN,39,41,52,790,41080.00,2016-05-02 03:23:00.721700
9759,201605023236828,PRIN,34,48,245,791,193795.00,2016-05-02 03:23:00.682800
9760,201604283216319,PRIN,44,28,200,800,160000.00,2016-04-28 03:21:00.631900
9761,201604283216320,PRIN,44,47,40,800,32000.00,2016-04-28 03:21:00.632000
9762,201604283216321,PRIN,44,46,12,800,9600.00,2016-04-28 03:21:00.632100
9763,201604283216353,PRIN,44,25,839,800,671200.00,2016-04-28 03:21:00.635300
9764,201604283216354,PRIN,44,45,1000,800,800000.00,2016-04-28 03:21:00.635400
9765,201604283216312,PRIN,44,36,20,787,15740.00,2016-04-28 03:21:00.631200
9766,201604283216313,PRIN,44,41,685,790,541150.00,2016-04-28 03:21:00.631300
9767,201604283216314,PRIN,44,26,400,790,316000.00,2016-04-28 03:21:00.631400
9768,201604283216315,PRIN,44,48,82,795,65190.00,2016-04-28 03:21:00.631500
9769,201604283215857,PRIN,38,50,12,780,9360.00,2016-04-28 03:21:00.585700
9770,201604283215839,PRIN,38,50,430,780,335400.00,2016-04-28 03:21:00.583900
9771,201604283215676,PRIN,17,50,70,780,54600.00,2016-04-28 03:21:00.567600
9772,201604283215677,PRIN,54,50,300,780,234000.00,2016-04-28 03:21:00.567700
9773,201604283215002,PRIN,54,38,840,785,659400.00,2016-04-28 03:21:00.500200
9774,201604283214940,PRIN,59,38,200,790,158000.00,2016-04-28 03:21:00.494000
9775,201604283214463,PRIN,54,26,160,785,125600.00,2016-04-28 03:21:00.446300
9776,201604283214268,PRIN,38,1,200,786,157200.00,2016-04-28 03:21:00.426800
9777,201604283213546,PRIN,44,13,700,790,553000.00,2016-04-28 03:21:00.354600
9778,201604283213528,PRIN,44,44,473,790,373670.00,2016-04-28 03:21:00.352800
9779,201604283212932,PRIN,54,41,1000,800,800000.00,2016-04-28 03:21:00.293200
9780,201604283212887,PRIN,54,28,1000,800,800000.00,2016-04-28 03:21:00.288700
9781,201604283212875,PRIN,54,45,118,790,93220.00,2016-04-28 03:21:00.287500
9782,201604273211256,PRIN,33,16,455,786,357630.00,2016-04-27 03:21:00.125600
9783,201604273211239,PRIN,57,16,50,790,39500.00,2016-04-27 03:21:00.123900
9784,201604273211198,PRIN,57,16,200,790,158000.00,2016-04-27 03:21:00.119800
9785,201604273210330,PRIN,33,19,100,799,79900.00,2016-04-27 03:21:00.033000
9786,201604273210331,PRIN,33,1,500,800,400000.00,2016-04-27 03:21:00.033100
9787,201604263208237,PRIN,54,47,198,800,158400.00,2016-04-26 03:20:00.823700
9788,201604263207570,PRIN,1,22,50,790,39500.00,2016-04-26 03:20:00.757000
9789,201604263207494,PRIN,56,36,203,800,162400.00,2016-04-26 03:20:00.749400
9790,201604263207282,PRIN,1,14,26,790,20540.00,2016-04-26 03:20:00.728200
9791,201604263206284,PRIN,33,56,167,775,129425.00,2016-04-26 03:20:00.628400
9792,201604263206134,PRIN,33,8,500,790,395000.00,2016-04-26 03:20:00.613400
9793,201604263206001,PRIN,33,33,219,801,175419.00,2016-04-26 03:20:00.600100
9794,201604263205997,PRIN,35,47,100,800,80000.00,2016-04-26 03:20:00.599700
9795,201604263205465,PRIN,33,40,111,800,88800.00,2016-04-26 03:20:00.546500
9796,201604263205323,PRIN,6,17,439,811,356029.00,2016-04-26 03:20:00.532300
9797,201604263205235,PRIN,28,56,300,814,244200.00,2016-04-26 03:20:00.523500
9798,201604263205168,PRIN,33,50,300,816,244800.00,2016-04-26 03:20:00.516800
9799,201604263205148,PRIN,33,22,136,812,110432.00,2016-04-26 03:20:00.514800
9800,201604263205095,PRIN,21,50,200,813,162600.00,2016-04-26 03:20:00.509500
9801,201604263204179,PRIN,54,19,100,810,81000.00,2016-04-26 03:20:00.417900
9802,201604263204081,PRIN,54,44,550,810,445500.00,2016-04-26 03:20:00.408100
9803,201604253203329,PRIN,39,14,20,819,16380.00,2016-04-25 03:20:00.332900
9804,201604253203299,PRIN,11,36,400,807,322800.00,2016-04-25 03:20:00.329900
9805,201604253203300,PRIN,11,40,100,812,81200.00,2016-04-25 03:20:00.330000
9806,201604253203301,PRIN,11,1,935,815,762025.00,2016-04-25 03:20:00.330100
9807,201604253203241,PRIN,54,54,200,805,161000.00,2016-04-25 03:20:00.324100
9808,201604253203242,PRIN,54,38,500,805,402500.00,2016-04-25 03:20:00.324200
9809,201604253203172,PRIN,54,34,1000,790,790000.00,2016-04-25 03:20:00.317200
9810,201604253202399,PRIN,54,40,100,804,80400.00,2016-04-25 03:20:00.239900
9811,201604253202400,PRIN,54,26,533,805,429065.00,2016-04-25 03:20:00.240000
9812,201604253202401,PRIN,54,13,500,805,402500.00,2016-04-25 03:20:00.240100
9813,201604253202402,PRIN,54,1,1000,805,805000.00,2016-04-25 03:20:00.240200
9814,201604253202403,PRIN,54,50,200,805,161000.00,2016-04-25 03:20:00.240300
9815,201604253202313,PRIN,54,44,2000,803,1606000.00,2016-04-25 03:20:00.231300
9816,201604253202303,PRIN,54,44,2000,800,1600000.00,2016-04-25 03:20:00.230300
9817,201604253202103,PRIN,54,41,50,800,40000.00,2016-04-25 03:20:00.210300
9818,201604253202104,PRIN,54,40,167,803,134101.00,2016-04-25 03:20:00.210400
9819,201604253202105,PRIN,54,44,500,804,402000.00,2016-04-25 03:20:00.210500
9820,201604253202106,PRIN,54,1,1000,805,805000.00,2016-04-25 03:20:00.210600
9821,201604253201929,PRIN,54,43,134,795,106530.00,2016-04-25 03:20:00.192900
9822,201604253201395,PRIN,54,25,60,800,48000.00,2016-04-25 03:20:00.139500
9823,201604253201396,PRIN,54,48,100,800,80000.00,2016-04-25 03:20:00.139600
9824,201604253201397,PRIN,54,1,1000,805,805000.00,2016-04-25 03:20:00.139700
9825,201604253201391,PRIN,54,41,164,795,130380.00,2016-04-25 03:20:00.139100
9826,201604253200714,PRIN,11,55,200,784,156800.00,2016-04-25 03:20:00.071400
9827,201604243199185,PRIN,48,14,100,794,79400.00,2016-04-24 03:19:00.918500
9828,201604243199186,PRIN,48,41,700,795,556500.00,2016-04-24 03:19:00.918600
9829,201604243199187,PRIN,48,3,100,800,80000.00,2016-04-24 03:19:00.918700
9830,201604243199188,PRIN,48,40,100,800,80000.00,2016-04-24 03:19:00.918800
9831,201604243199080,PRIN,45,14,200,788,157600.00,2016-04-24 03:19:00.908000
9832,201604243199081,PRIN,45,22,150,790,118500.00,2016-04-24 03:19:00.908100
9833,201604243198800,PRIN,54,40,195,782,152490.00,2016-04-24 03:19:00.880000
9834,201604243198646,PRIN,54,19,104,782,81328.00,2016-04-24 03:19:00.864600
9835,201604243198240,PRIN,33,33,1000,783,783000.00,2016-04-24 03:19:00.824000
9836,201604243198046,PRIN,54,41,1000,790,790000.00,2016-04-24 03:19:00.804600
9837,201604243198028,PRIN,54,6,55,790,43450.00,2016-04-24 03:19:00.802800
9838,201604243197203,PRIN,11,26,1000,775,775000.00,2016-04-24 03:19:00.720300
9839,201604203190823,PRIN,21,41,100,795,79500.00,2016-04-20 03:19:00.082300
9840,201604203190824,PRIN,21,41,100,795,79500.00,2016-04-20 03:19:00.082400
9841,201604203190825,PRIN,17,41,100,790,79000.00,2016-04-20 03:19:00.082500
9842,201604203190571,PRIN,21,21,500,794,397000.00,2016-04-20 03:19:00.057100
9843,201604203189569,PRIN,29,1,100,805,80500.00,2016-04-20 03:18:00.956900
9844,201604203189295,PRIN,21,58,24,810,19440.00,2016-04-20 03:18:00.929500
9845,201604203189264,PRIN,21,14,20,803,16060.00,2016-04-20 03:18:00.926400
9846,201604203189245,PRIN,21,16,100,803,80300.00,2016-04-20 03:18:00.924500
9847,201604193187475,PRIN,36,38,200,793,158600.00,2016-04-19 03:18:00.747500
9848,201604193187476,PRIN,55,38,200,791,158200.00,2016-04-19 03:18:00.747600
9849,201604193187477,PRIN,46,38,200,789,157800.00,2016-04-19 03:18:00.747700
9850,201604193187478,PRIN,52,38,80,788,63040.00,2016-04-19 03:18:00.747800
9851,201604193187487,PRIN,52,38,17,788,13396.00,2016-04-19 03:18:00.748700
9852,201604193187446,PRIN,52,13,100,795,79500.00,2016-04-19 03:18:00.744600
9853,201604193187447,PRIN,39,13,200,794,158800.00,2016-04-19 03:18:00.744700
9854,201604193187396,PRIN,7,49,80,799,63920.00,2016-04-19 03:18:00.739600
9855,201604193185677,PRIN,46,52,200,793,158600.00,2016-04-19 03:18:00.567700
9856,201604193184973,PRIN,34,40,200,793,158600.00,2016-04-19 03:18:00.497300
9857,201604193184974,PRIN,46,40,300,793,237900.00,2016-04-19 03:18:00.497400
9858,201604183184105,PRIN,26,33,280,809,226520.00,2016-04-18 03:18:00.410500
9859,201604183184044,PRIN,49,35,100,805,80500.00,2016-04-18 03:18:00.404400
9860,201604183183983,PRIN,26,50,100,803,80300.00,2016-04-18 03:18:00.398300
9861,201604183183984,PRIN,26,48,182,805,146510.00,2016-04-18 03:18:00.398400
9862,201604183183956,PRIN,19,39,25,802,20050.00,2016-04-18 03:18:00.395600
9863,201604183183910,PRIN,48,32,700,800,560000.00,2016-04-18 03:18:00.391000
9864,201604183183911,PRIN,48,38,100,800,80000.00,2016-04-18 03:18:00.391100
9865,201604183183858,PRIN,56,41,150,795,119250.00,2016-04-18 03:18:00.385800
9866,201604183183859,PRIN,14,41,250,793,198250.00,2016-04-18 03:18:00.385900
9867,201604183183870,PRIN,26,44,200,800,160000.00,2016-04-18 03:18:00.387000
9868,201604183183871,PRIN,26,32,300,800,240000.00,2016-04-18 03:18:00.387100
9869,201604183183522,PRIN,39,33,150,798,119700.00,2016-04-18 03:18:00.352200
9870,201604183183124,PRIN,21,22,500,792,396000.00,2016-04-18 03:18:00.312400
9871,201604183182312,PRIN,35,38,47,806,37882.00,2016-04-18 03:18:00.231200
9872,201604183182302,PRIN,35,40,108,800,86400.00,2016-04-18 03:18:00.230200
9873,201604183182308,PRIN,35,46,93,805,74865.00,2016-04-18 03:18:00.230800
9874,201604183182279,PRIN,35,55,118,792,93456.00,2016-04-18 03:18:00.227900
9875,201604183182285,PRIN,35,40,336,793,266448.00,2016-04-18 03:18:00.228500
9876,201604183182291,PRIN,35,38,100,800,80000.00,2016-04-18 03:18:00.229100
9877,201604183182292,PRIN,35,33,162,800,129600.00,2016-04-18 03:18:00.229200
9878,201604183181893,PRIN,36,28,300,791,237300.00,2016-04-18 03:18:00.189300
9879,201604183181638,PRIN,49,38,200,785,157000.00,2016-04-18 03:18:00.163800
9880,201604183181114,PRIN,42,58,200,791,158200.00,2016-04-18 03:18:00.111400
9881,201604183180929,PRIN,17,17,100,789,78900.00,2016-04-18 03:18:00.092900
9882,201604183180827,PRIN,56,44,200,790,158000.00,2016-04-18 03:18:00.082700
9883,201604183180828,PRIN,56,44,200,790,158000.00,2016-04-18 03:18:00.082800
9884,201604183180734,PRIN,43,44,100,795,79500.00,2016-04-18 03:18:00.073400
9885,201604183180320,PRIN,35,48,10,805,8050.00,2016-04-18 03:18:00.032000
9886,201604183180312,PRIN,17,3,100,790,79000.00,2016-04-18 03:18:00.031200
9887,201604173180167,PRIN,33,43,1453,775,1126075.00,2016-04-17 03:18:00.016700
9888,201604173180159,PRIN,33,33,40,770,30800.00,2016-04-17 03:18:00.015900
9889,201604173180160,PRIN,33,38,38,775,29450.00,2016-04-17 03:18:00.016000
9890,201604173179142,PRIN,5,40,135,765,103275.00,2016-04-17 03:17:00.914200
9891,201604173178451,PRIN,38,41,100,750,75000.00,2016-04-17 03:17:00.845100
9892,201604173177871,PRIN,26,41,100,745,74500.00,2016-04-17 03:17:00.787100
9893,201604173177759,PRIN,41,17,1000,750,750000.00,2016-04-17 03:17:00.775900
9894,201604143177012,PRIN,11,39,167,760,126920.00,2016-04-14 03:17:00.701200
9895,201604143176853,PRIN,54,38,300,773,231900.00,2016-04-14 03:17:00.685300
9896,201604143176854,PRIN,54,38,200,775,155000.00,2016-04-14 03:17:00.685400
9897,201604143176855,PRIN,54,38,200,775,155000.00,2016-04-14 03:17:00.685500
9898,201604143176840,PRIN,54,16,252,770,194040.00,2016-04-14 03:17:00.684000
9899,201604143176565,PRIN,26,36,137,760,104120.00,2016-04-14 03:17:00.656500
9900,201604143176560,PRIN,28,36,500,761,380500.00,2016-04-14 03:17:00.656000
9901,201604143176435,PRIN,28,36,100,773,77300.00,2016-04-14 03:17:00.643500
9902,201604143176041,PRIN,21,53,100,765,76500.00,2016-04-14 03:17:00.604100
9903,201604143175706,PRIN,28,44,200,765,153000.00,2016-04-14 03:17:00.570600
9904,201604143175374,PRIN,54,52,200,759,151800.00,2016-04-14 03:17:00.537400
9905,201604143175375,PRIN,54,1,100,759,75900.00,2016-04-14 03:17:00.537500
9906,201604143175282,PRIN,54,17,108,745,80460.00,2016-04-14 03:17:00.528200
9907,201604123174609,PRIN,49,43,400,745,298000.00,2016-04-12 03:17:00.460900
9908,201604123174524,PRIN,39,21,35,744,26040.00,2016-04-12 03:17:00.452400
9909,201604123174485,PRIN,40,40,500,743,371500.00,2016-04-12 03:17:00.448500
9910,201604123174303,PRIN,36,16,400,740,296000.00,2016-04-12 03:17:00.430300
9911,201604123174234,PRIN,36,17,270,740,199800.00,2016-04-12 03:17:00.423400
9912,201604123174201,PRIN,36,10,300,740,222000.00,2016-04-12 03:17:00.420100
9913,201604123174202,PRIN,36,32,100,740,74000.00,2016-04-12 03:17:00.420200
9914,201604123173818,PRIN,49,21,400,735,294000.00,2016-04-12 03:17:00.381800
9915,201604123173545,PRIN,5,38,200,728,145600.00,2016-04-12 03:17:00.354500
9916,201604123173216,PRIN,41,38,108,727,78516.00,2016-04-12 03:17:00.321600
9917,201604123173078,PRIN,41,33,56,727,40712.00,2016-04-12 03:17:00.307800
9918,201604123173013,PRIN,49,52,200,730,146000.00,2016-04-12 03:17:00.301300
9919,201604113171750,PRIN,55,40,108,740,79920.00,2016-04-11 03:17:00.175000
9920,201604113171672,PRIN,5,50,200,733,146600.00,2016-04-11 03:17:00.167200
9921,201604113171345,PRIN,26,10,127,734,93218.00,2016-04-11 03:17:00.134500
9922,201604113170915,PRIN,13,38,185,739,136715.00,2016-04-11 03:17:00.091500
9923,201604113170832,PRIN,26,19,33,735,24255.00,2016-04-11 03:17:00.083200
9924,201604113170447,PRIN,41,25,77,731,56287.00,2016-04-11 03:17:00.044700
9925,201604113170269,PRIN,36,25,300,730,219000.00,2016-04-11 03:17:00.026900
9926,201604113170050,PRIN,35,25,100,717,71700.00,2016-04-11 03:17:00.005000
9927,201604113170051,PRIN,21,25,200,717,143400.00,2016-04-11 03:17:00.005100
9928,201604113170052,PRIN,17,25,100,717,71700.00,2016-04-11 03:17:00.005200
9929,201604113169924,PRIN,35,19,100,731,73100.00,2016-04-11 03:16:00.992400
9930,201604103169405,PRIN,35,38,100,745,74500.00,2016-04-10 03:16:00.940500
9931,201604103168445,PRIN,41,50,59,760,44840.00,2016-04-10 03:16:00.844500
9932,201604053163446,PRIN,44,17,201,770,154770.00,2016-04-05 03:16:00.344600
9933,201604053162706,PRIN,44,25,500,775,387500.00,2016-04-05 03:16:00.270600
9934,201604053161788,PRIN,36,36,400,779,311600.00,2016-04-05 03:16:00.178800
9935,201604053161305,PRIN,44,25,100,780,78000.00,2016-04-05 03:16:00.130500
9936,201604053161152,PRIN,44,26,200,767,153400.00,2016-04-05 03:16:00.115200
9937,201604043160068,PRIN,49,49,200,752,150400.00,2016-04-04 03:16:00.006800
9938,201604043159695,PRIN,32,22,108,751,81108.00,2016-04-04 03:15:00.969500
9939,201604033157675,PRIN,55,55,200,757,151400.00,2016-04-03 03:15:00.767500
9940,201604033157384,PRIN,36,45,300,745,223500.00,2016-04-03 03:15:00.738400
9941,201604033157370,PRIN,36,45,37,736,27232.00,2016-04-03 03:15:00.737000
9942,201604033156879,PRIN,21,19,42,726,30492.00,2016-04-03 03:15:00.687900
9943,201604033156871,PRIN,36,19,470,725,340750.00,2016-04-03 03:15:00.687100
9944,201604033156872,PRIN,35,19,130,721,93730.00,2016-04-03 03:15:00.687200
9945,201604033156848,PRIN,36,22,30,725,21750.00,2016-04-03 03:15:00.684800
9946,201604033156247,PRIN,50,6,110,735,80850.00,2016-04-03 03:15:00.624700
9947,201604033155810,PRIN,11,47,10,740,7400.00,2016-04-03 03:15:00.581000
9948,201604033155811,PRIN,50,47,90,735,66150.00,2016-04-03 03:15:00.581100
9949,201603313155371,PRIN,49,22,100,750,75000.00,2016-03-31 03:15:00.537100
9950,201603313155064,PRIN,49,34,100,750,75000.00,2016-03-31 03:15:00.506400
9951,201603313154307,PRIN,49,22,100,750,75000.00,2016-03-31 03:15:00.430700
9952,201603313154311,PRIN,49,22,100,750,75000.00,2016-03-31 03:15:00.431100
9953,201603313153946,PRIN,57,41,40,760,30400.00,2016-03-31 03:15:00.394600
9954,201603303152201,PRIN,44,6,295,775,228625.00,2016-03-30 03:15:00.220100
9955,201603303151183,PRIN,32,48,21,775,16275.00,2016-03-30 03:15:00.118300
9956,201603303151171,PRIN,47,48,50,780,39000.00,2016-03-30 03:15:00.117100
9957,201603303149990,PRIN,25,22,50,775,38750.00,2016-03-30 03:14:00.999000
9958,201603303149991,PRIN,32,22,50,775,38750.00,2016-03-30 03:14:00.999100
9959,201603303149964,PRIN,48,38,50,785,39250.00,2016-03-30 03:14:00.996400
9960,201603303149684,PRIN,6,49,60,790,47400.00,2016-03-30 03:14:00.968400
9961,201603303149685,PRIN,17,49,200,790,158000.00,2016-03-30 03:14:00.968500
9962,201603303149674,PRIN,48,17,60,795,47700.00,2016-03-30 03:14:00.967400
9963,201603303149675,PRIN,6,17,40,790,31600.00,2016-03-30 03:14:00.967500
9964,201603303149664,PRIN,38,38,300,796,238800.00,2016-03-30 03:14:00.966400
9965,201603303149499,PRIN,7,19,200,795,159000.00,2016-03-30 03:14:00.949900
9966,201603293149375,PRIN,44,17,100,790,79000.00,2016-03-29 03:14:00.937500
9967,201603293149356,PRIN,44,50,500,788,394000.00,2016-03-29 03:14:00.935600
9968,201603293149347,PRIN,44,50,1000,789,789000.00,2016-03-29 03:14:00.934700
9969,201603293149338,PRIN,16,50,200,790,158000.00,2016-03-29 03:14:00.933800
9970,201603293148548,PRIN,56,40,67,805,53935.00,2016-03-29 03:14:00.854800
9971,201603293148520,PRIN,44,36,400,800,320000.00,2016-03-29 03:14:00.852000
9972,201603293148521,PRIN,44,25,400,800,320000.00,2016-03-29 03:14:00.852100
9973,201603293148522,PRIN,44,38,600,800,480000.00,2016-03-29 03:14:00.852200
9974,201603293148497,PRIN,41,25,100,800,80000.00,2016-03-29 03:14:00.849700
9975,201603293148274,PRIN,41,49,50,790,39500.00,2016-03-29 03:14:00.827400
9976,201603293148263,PRIN,56,43,192,794,152448.00,2016-03-29 03:14:00.826300
9977,201603293148271,PRIN,56,19,40,795,31800.00,2016-03-29 03:14:00.827100
9978,201603293148272,PRIN,56,39,121,795,96195.00,2016-03-29 03:14:00.827200
9979,201603293148192,PRIN,44,50,271,790,214090.00,2016-03-29 03:14:00.819200
9980,201603293148143,PRIN,44,17,100,785,78500.00,2016-03-29 03:14:00.814300
9981,201603293148144,PRIN,44,25,500,790,395000.00,2016-03-29 03:14:00.814400
9982,201603293148145,PRIN,44,17,100,790,79000.00,2016-03-29 03:14:00.814500
9983,201603293147919,PRIN,44,42,163,780,127140.00,2016-03-29 03:14:00.791900
9984,201603293147701,PRIN,32,22,56,780,43680.00,2016-03-29 03:14:00.770100
9985,201603293147671,PRIN,38,22,134,775,103850.00,2016-03-29 03:14:00.767100
9986,201603293147617,PRIN,11,25,500,780,390000.00,2016-03-29 03:14:00.761700
9987,201603293147618,PRIN,11,43,178,785,139730.00,2016-03-29 03:14:00.761800
9988,201603293147375,PRIN,44,50,500,780,390000.00,2016-03-29 03:14:00.737500
9989,201603293147016,PRIN,44,47,100,775,77500.00,2016-03-29 03:14:00.701600
9990,201603293147017,PRIN,44,8,285,780,222300.00,2016-03-29 03:14:00.701700
9991,201603283136360,PRIN,36,50,400,765,306000.00,2016-03-28 03:13:00.636000
9992,201603283136284,PRIN,58,50,500,760,380000.00,2016-03-28 03:13:00.628400
9993,201603283136266,PRIN,32,50,500,762,381000.00,2016-03-28 03:13:00.626600
9994,201603283136267,PRIN,44,50,500,761,380500.00,2016-03-28 03:13:00.626700
9995,201603283136100,PRIN,32,49,42,765,32130.00,2016-03-28 03:13:00.610000
9996,201603283135638,PRIN,35,50,500,780,390000.00,2016-03-28 03:13:00.563800
9997,201603283135618,PRIN,44,45,500,770,385000.00,2016-03-28 03:13:00.561800
9998,201603283135321,PRIN,10,48,40,765,30600.00,2016-03-28 03:13:00.532100
9999,201603283135322,PRIN,10,32,107,765,81855.00,2016-03-28 03:13:00.532200
10000,201603283135279,PRIN,44,42,184,760,139840.00,2016-03-28 03:13:00.527900
10001,201603283135267,PRIN,38,32,100,759,75900.00,2016-03-28 03:13:00.526700
10002,201603283135268,PRIN,38,32,100,759,75900.00,2016-03-28 03:13:00.526800
10003,201603283135029,PRIN,44,50,703,753,529359.00,2016-03-28 03:13:00.502900
10004,201603283135012,PRIN,54,32,200,750,150000.00,2016-03-28 03:13:00.501200
10005,201603283134890,PRIN,16,13,60,746,44760.00,2016-03-28 03:13:00.489000
10006,201603283134538,PRIN,49,32,50,745,37250.00,2016-03-28 03:13:00.453800
10007,201603283134531,PRIN,49,17,216,745,160920.00,2016-03-28 03:13:00.453100
10008,201603283134425,PRIN,16,26,50,741,37050.00,2016-03-28 03:13:00.442500
10009,201603283133942,PRIN,50,8,200,740,148000.00,2016-03-28 03:13:00.394200
10010,201603283133943,PRIN,16,8,200,735,147000.00,2016-03-28 03:13:00.394300
10011,201603283133944,PRIN,34,8,100,731,73100.00,2016-03-28 03:13:00.394400
10012,201603283133667,PRIN,16,20,300,745,223500.00,2016-03-28 03:13:00.366700
10013,201603283133308,PRIN,34,50,500,751,375500.00,2016-03-28 03:13:00.330800
10014,201603283133309,PRIN,36,50,500,750,375000.00,2016-03-28 03:13:00.330900
10015,201603283133133,PRIN,34,38,1063,750,797250.00,2016-03-28 03:13:00.313300
10016,201603283133070,PRIN,38,32,65,750,48750.00,2016-03-28 03:13:00.307000
10017,201603283132982,PRIN,34,38,500,750,375000.00,2016-03-28 03:13:00.298200
10018,201603273132267,PRIN,49,11,600,750,450000.00,2016-03-27 03:13:00.226700
10019,201603273131962,PRIN,41,7,250,750,187500.00,2016-03-27 03:13:00.196200
10020,201603273131045,PRIN,16,43,100,755,75500.00,2016-03-27 03:13:00.104500
10021,201603273130803,PRIN,42,50,200,752,150400.00,2016-03-27 03:13:00.080300
10022,201603273130804,PRIN,44,50,500,751,375500.00,2016-03-27 03:13:00.080400
10023,201603273130805,PRIN,21,50,200,750,150000.00,2016-03-27 03:13:00.080500
10024,201603273130806,PRIN,13,50,500,750,375000.00,2016-03-27 03:13:00.080600
10025,201603273130612,PRIN,49,45,1000,750,750000.00,2016-03-27 03:13:00.061200
10026,201603273130544,PRIN,32,33,50,752,37600.00,2016-03-27 03:13:00.054400
10027,201603273130545,PRIN,44,33,1500,751,1126500.00,2016-03-27 03:13:00.054500
10028,201603273130488,PRIN,32,1,50,752,37600.00,2016-03-27 03:13:00.048800
10029,201603273130363,PRIN,49,45,500,751,375500.00,2016-03-27 03:13:00.036300
10030,201603273130364,PRIN,29,45,500,751,375500.00,2016-03-27 03:13:00.036400
10031,201603273130335,PRIN,58,50,300,750,225000.00,2016-03-27 03:13:00.033500
10032,201603273130313,PRIN,21,50,500,750,375000.00,2016-03-27 03:13:00.031300
10033,201603273130323,PRIN,13,20,562,736,413632.00,2016-03-27 03:13:00.032300
10034,201603273130278,PRIN,34,45,350,750,262500.00,2016-03-27 03:13:00.027800
10035,201603273130255,PRIN,29,45,100,750,75000.00,2016-03-27 03:13:00.025500
10036,201603273130256,PRIN,21,45,250,750,187500.00,2016-03-27 03:13:00.025600
10037,201603273130257,PRIN,34,45,1000,750,750000.00,2016-03-27 03:13:00.025700
10038,201603273130258,PRIN,34,45,650,750,487500.00,2016-03-27 03:13:00.025800
10039,201603273130251,PRIN,56,45,100,751,75100.00,2016-03-27 03:13:00.025100
10040,201603273130252,PRIN,49,45,500,751,375500.00,2016-03-27 03:13:00.025200
10041,201603273130166,PRIN,41,20,300,755,226500.00,2016-03-27 03:13:00.016600
10042,201603273130113,PRIN,21,17,300,760,228000.00,2016-03-27 03:13:00.011300
10043,201603273129914,PRIN,21,50,500,756,378000.00,2016-03-27 03:12:00.991400
10044,201603273129750,PRIN,49,50,500,760,380000.00,2016-03-27 03:12:00.975000
10045,201603273129222,PRIN,16,50,132,765,100980.00,2016-03-27 03:12:00.922200
10046,201603273128859,PRIN,29,17,100,750,75000.00,2016-03-27 03:12:00.885900
10047,201603273128620,PRIN,34,51,100,750,75000.00,2016-03-27 03:12:00.862000
10048,201603273128347,PRIN,34,48,1000,750,750000.00,2016-03-27 03:12:00.834700
10049,201603273128302,PRIN,34,34,515,765,393975.00,2016-03-27 03:12:00.830200
10050,201603273128247,PRIN,40,40,50,765,38250.00,2016-03-27 03:12:00.824700
10051,201603273128239,PRIN,32,40,100,765,76500.00,2016-03-27 03:12:00.823900
10052,201603273128202,PRIN,48,48,245,779,190855.00,2016-03-27 03:12:00.820200
10053,201603243127732,PRIN,38,1,100,780,78000.00,2016-03-24 03:12:00.773200
10054,201603243126883,PRIN,42,7,250,765,191250.00,2016-03-24 03:12:00.688300
10055,201603243126718,PRIN,49,49,200,762,152400.00,2016-03-24 03:12:00.671800
10056,201603243126622,PRIN,19,45,100,765,76500.00,2016-03-24 03:12:00.662200
10057,201603243126623,PRIN,7,45,400,760,304000.00,2016-03-24 03:12:00.662300
10058,201603243126431,PRIN,58,41,500,770,385000.00,2016-03-24 03:12:00.643100
10059,201603243126200,PRIN,58,19,84,762,64008.00,2016-03-24 03:12:00.620000
10060,201603243126202,PRIN,58,38,252,765,192780.00,2016-03-24 03:12:00.620200
10061,201603243125926,PRIN,58,21,200,759,151800.00,2016-03-24 03:12:00.592600
10062,201603243125805,PRIN,40,43,337,755,254435.00,2016-03-24 03:12:00.580500
10063,201603243125749,PRIN,49,47,80,750,60000.00,2016-03-24 03:12:00.574900
10064,201603243125615,PRIN,19,38,104,748,77792.00,2016-03-24 03:12:00.561500
10065,201603243125451,PRIN,22,38,100,747,74700.00,2016-03-24 03:12:00.545100
10066,201603243125452,PRIN,26,38,200,746,149200.00,2016-03-24 03:12:00.545200
10067,201603243125239,PRIN,22,47,150,760,114000.00,2016-03-24 03:12:00.523900
10068,201603243125041,PRIN,16,22,100,775,77500.00,2016-03-24 03:12:00.504100
10069,201603243125030,PRIN,26,47,170,780,132600.00,2016-03-24 03:12:00.503000
10070,201603243124999,PRIN,44,40,70,780,54600.00,2016-03-24 03:12:00.499900
10071,201603243125000,PRIN,28,40,200,780,156000.00,2016-03-24 03:12:00.500000
10072,201603243125001,PRIN,26,40,30,780,23400.00,2016-03-24 03:12:00.500100
10073,201603243124875,PRIN,44,52,400,780,312000.00,2016-03-24 03:12:00.487500
10074,201603243124846,PRIN,49,13,270,785,211950.00,2016-03-24 03:12:00.484600
10075,201603243124847,PRIN,32,13,100,781,78100.00,2016-03-24 03:12:00.484700
10076,201603243124848,PRIN,19,13,100,780,78000.00,2016-03-24 03:12:00.484800
10077,201603243124849,PRIN,44,13,1530,780,1193400.00,2016-03-24 03:12:00.484900
10078,201603243124836,PRIN,49,44,230,785,180550.00,2016-03-24 03:12:00.483600
10079,201603243124599,PRIN,49,29,400,785,314000.00,2016-03-24 03:12:00.459900
10080,201603243124467,PRIN,49,49,100,785,78500.00,2016-03-24 03:12:00.446700
10081,201603233123693,PRIN,11,47,100,790,79000.00,2016-03-23 03:12:00.369300
10082,201603233123519,PRIN,35,36,56,800,44800.00,2016-03-23 03:12:00.351900
10083,201603233123158,PRIN,55,7,200,786,157200.00,2016-03-23 03:12:00.315800
10084,201603233123159,PRIN,22,7,150,786,117900.00,2016-03-23 03:12:00.315900
10085,201603233123125,PRIN,38,7,65,800,52000.00,2016-03-23 03:12:00.312500
10086,201603233122306,PRIN,42,47,117,800,93600.00,2016-03-23 03:12:00.230600
10087,201603233122105,PRIN,39,11,108,812,87696.00,2016-03-23 03:12:00.210500
10088,201603233122032,PRIN,19,40,100,820,82000.00,2016-03-23 03:12:00.203200
10089,201603233121836,PRIN,39,45,100,820,82000.00,2016-03-23 03:12:00.183600
10090,201603233121822,PRIN,39,58,200,820,164000.00,2016-03-23 03:12:00.182200
10091,201603233121726,PRIN,49,21,277,825,228525.00,2016-03-23 03:12:00.172600
10092,201603233121470,PRIN,55,21,200,825,165000.00,2016-03-23 03:12:00.147000
10093,201603213119714,PRIN,1,45,220,840,184800.00,2016-03-21 03:11:00.971400
10094,201603213119715,PRIN,20,45,250,836,209000.00,2016-03-21 03:11:00.971500
10095,201603213119716,PRIN,21,45,500,836,418000.00,2016-03-21 03:11:00.971600
10096,201603213119717,PRIN,36,45,1000,835,835000.00,2016-03-21 03:11:00.971700
10097,201603213119239,PRIN,43,21,200,844,168800.00,2016-03-21 03:11:00.923900
10098,201603213119181,PRIN,42,33,149,842,125458.00,2016-03-21 03:11:00.918100
10099,201603213119109,PRIN,21,50,500,841,420500.00,2016-03-21 03:11:00.910900
10100,201603213118832,PRIN,32,41,41,839,34399.00,2016-03-21 03:11:00.883200
10101,201603213118704,PRIN,58,33,100,840,84000.00,2016-03-21 03:11:00.870400
10102,201603213116688,PRIN,50,26,241,840,202440.00,2016-03-21 03:11:00.668800
10103,201603213116477,PRIN,22,28,200,848,169600.00,2016-03-21 03:11:00.647700
10104,201603213116107,PRIN,48,45,500,850,425000.00,2016-03-21 03:11:00.610700
10105,201603213116108,PRIN,48,19,200,865,173000.00,2016-03-21 03:11:00.610800
10106,201603213115797,PRIN,50,47,1000,849,849000.00,2016-03-21 03:11:00.579700
10107,201603213115734,PRIN,50,50,206,840,173040.00,2016-03-21 03:11:00.573400
10108,201603203114585,PRIN,11,7,150,835,125250.00,2016-03-20 03:11:00.458500
10109,201603203114525,PRIN,35,44,28,841,23548.00,2016-03-20 03:11:00.452500
10110,201603203113750,PRIN,54,45,103,845,87035.00,2016-03-20 03:11:00.375000
10111,201603203113666,PRIN,54,6,11,845,9295.00,2016-03-20 03:11:00.366600
10112,201603203112369,PRIN,49,47,500,850,425000.00,2016-03-20 03:11:00.236900
10113,201603203111474,PRIN,35,47,99,856,84744.00,2016-03-20 03:11:00.147400
10114,201603173111203,PRIN,6,47,200,841,168200.00,2016-03-17 03:11:00.120300
10115,201603173111204,PRIN,58,47,100,840,84000.00,2016-03-17 03:11:00.120400
10116,201603173111202,PRIN,18,47,200,843,168600.00,2016-03-17 03:11:00.120200
10117,201603173111012,PRIN,39,20,500,843,421500.00,2016-03-17 03:11:00.101200
10118,201603173110811,PRIN,54,26,200,842,168400.00,2016-03-17 03:11:00.081100
10119,201603173110812,PRIN,21,26,200,840,168000.00,2016-03-17 03:11:00.081200
10120,201603173110813,PRIN,46,26,50,840,42000.00,2016-03-17 03:11:00.081300
10121,201603173110814,PRIN,46,26,100,840,84000.00,2016-03-17 03:11:00.081400
10122,201603173110710,PRIN,41,43,324,845,273780.00,2016-03-17 03:11:00.071000
10123,201603173110681,PRIN,35,35,5000,835,4175000.00,2016-03-17 03:11:00.068100
10124,201603173110439,PRIN,47,47,400,837,334800.00,2016-03-17 03:11:00.043900
10125,201603173110118,PRIN,46,46,450,840,378000.00,2016-03-17 03:11:00.011800
10126,201603173109752,PRIN,38,25,200,849,169800.00,2016-03-17 03:10:00.975200
10127,201603173109564,PRIN,29,20,50,848,42400.00,2016-03-17 03:10:00.956400
10128,201603173109565,PRIN,29,20,500,846,423000.00,2016-03-17 03:10:00.956500
10129,201603173109566,PRIN,20,20,50,845,42250.00,2016-03-17 03:10:00.956600
10130,201603173109567,PRIN,35,20,800,845,676000.00,2016-03-17 03:10:00.956700
10131,201603173109479,PRIN,52,25,200,849,169800.00,2016-03-17 03:10:00.947900
10132,201603173109467,PRIN,52,25,500,849,424500.00,2016-03-17 03:10:00.946700
10133,201603173108771,PRIN,35,57,500,845,422500.00,2016-03-17 03:10:00.877100
10134,201603173108772,PRIN,35,38,500,849,424500.00,2016-03-17 03:10:00.877200
10135,201603173108773,PRIN,35,36,500,850,425000.00,2016-03-17 03:10:00.877300
10136,201603173108790,PRIN,35,55,200,861,172200.00,2016-03-17 03:10:00.879000
10137,201603173108791,PRIN,35,48,300,862,258600.00,2016-03-17 03:10:00.879100
10138,201603173108831,PRIN,55,45,500,865,432500.00,2016-03-17 03:10:00.883100
10139,201603173108622,PRIN,48,56,200,840,168000.00,2016-03-17 03:10:00.862200
10140,201603173108451,PRIN,1,25,500,835,417500.00,2016-03-17 03:10:00.845100
10141,201603173108084,PRIN,16,39,100,846,84600.00,2016-03-17 03:10:00.808400
10142,201603173108085,PRIN,20,39,250,845,211250.00,2016-03-17 03:10:00.808500
10143,201603163107190,PRIN,47,25,400,863,345200.00,2016-03-16 03:10:00.719000
10144,201603163107191,PRIN,1,25,140,862,120680.00,2016-03-16 03:10:00.719100
10145,201603163106752,PRIN,39,39,268,861,230748.00,2016-03-16 03:10:00.675200
10146,201603163106702,PRIN,39,28,123,865,106395.00,2016-03-16 03:10:00.670200
10147,201603163106636,PRIN,20,49,200,870,174000.00,2016-03-16 03:10:00.663600
10148,201603163106637,PRIN,20,57,100,870,87000.00,2016-03-16 03:10:00.663700
10149,201603163106638,PRIN,20,5,193,873,168489.00,2016-03-16 03:10:00.663800
10150,201603163106406,PRIN,48,7,100,865,86500.00,2016-03-16 03:10:00.640600
10151,201603163105785,PRIN,52,56,100,858,85800.00,2016-03-16 03:10:00.578500
10152,201603163105786,PRIN,20,56,100,857,85700.00,2016-03-16 03:10:00.578600
10153,201603163105787,PRIN,35,56,40,856,34240.00,2016-03-16 03:10:00.578700
10154,201603163105550,PRIN,20,56,69,865,59685.00,2016-03-16 03:10:00.555000
10155,201603163104955,PRIN,35,44,977,873,852921.00,2016-03-16 03:10:00.495500
10156,201603163104949,PRIN,49,47,203,875,177625.00,2016-03-16 03:10:00.494900
10157,201603163104858,PRIN,49,11,150,875,131250.00,2016-03-16 03:10:00.485800
10158,201603163104745,PRIN,48,47,100,890,89000.00,2016-03-16 03:10:00.474500
10159,201603163104430,PRIN,46,50,100,895,89500.00,2016-03-16 03:10:00.443000
10160,201603163104432,PRIN,46,41,251,895,224645.00,2016-03-16 03:10:00.443200
10161,201603153103869,PRIN,21,38,170,890,151300.00,2016-03-15 03:10:00.386900
10162,201603153103780,PRIN,48,38,100,894,89400.00,2016-03-15 03:10:00.378000
10163,201603153103781,PRIN,20,38,130,892,115960.00,2016-03-15 03:10:00.378100
10164,201603153103782,PRIN,45,38,100,890,89000.00,2016-03-15 03:10:00.378200
10165,201603153103296,PRIN,58,50,500,898,449000.00,2016-03-15 03:10:00.329600
10166,201603153103138,PRIN,40,50,500,898,449000.00,2016-03-15 03:10:00.313800
10167,201603153102860,PRIN,21,11,60,890,53400.00,2016-03-15 03:10:00.286000
10168,201603153102861,PRIN,21,25,500,890,445000.00,2016-03-15 03:10:00.286100
10169,201603153102550,PRIN,48,42,100,880,88000.00,2016-03-15 03:10:00.255000
10170,201603153102551,PRIN,48,13,90,888,79920.00,2016-03-15 03:10:00.255100
10171,201603153102348,PRIN,55,33,150,885,132750.00,2016-03-15 03:10:00.234800
10172,201603153102349,PRIN,55,41,250,885,221250.00,2016-03-15 03:10:00.234900
10173,201603153102332,PRIN,38,17,100,884,88400.00,2016-03-15 03:10:00.233200
10174,201603153102256,PRIN,38,44,300,883,264900.00,2016-03-15 03:10:00.225600
10175,201603153101719,PRIN,48,22,100,884,88400.00,2016-03-15 03:10:00.171900
10176,201603153101720,PRIN,48,28,500,885,442500.00,2016-03-15 03:10:00.172000
10177,201603153101693,PRIN,20,25,500,880,440000.00,2016-03-15 03:10:00.169300
10178,201603153101709,PRIN,10,25,1000,880,880000.00,2016-03-15 03:10:00.170900
10179,201603153101711,PRIN,10,25,500,880,440000.00,2016-03-15 03:10:00.171100
10180,201603153101712,PRIN,20,25,100,880,88000.00,2016-03-15 03:10:00.171200
10181,201603153101530,PRIN,20,47,769,872,670568.00,2016-03-15 03:10:00.153000
10182,201603153101513,PRIN,20,17,100,869,86900.00,2016-03-15 03:10:00.151300
10183,201603153101514,PRIN,20,25,500,870,435000.00,2016-03-15 03:10:00.151400
10184,201603153101493,PRIN,55,44,300,868,260400.00,2016-03-15 03:10:00.149300
10185,201603153101341,PRIN,10,56,200,865,173000.00,2016-03-15 03:10:00.134100
10186,201603153101330,PRIN,10,35,100,865,86500.00,2016-03-15 03:10:00.133000
10187,201603153101309,PRIN,48,25,800,850,680000.00,2016-03-15 03:10:00.130900
10188,201603153101289,PRIN,21,25,500,848,424000.00,2016-03-15 03:10:00.128900
10189,201603153101295,PRIN,55,25,100,846,84600.00,2016-03-15 03:10:00.129500
10190,201603153101296,PRIN,48,25,500,845,422500.00,2016-03-15 03:10:00.129600
10191,201603153101297,PRIN,55,25,100,845,84500.00,2016-03-15 03:10:00.129700
10192,201603153101267,PRIN,21,55,100,855,85500.00,2016-03-15 03:10:00.126700
10193,201603153101268,PRIN,21,44,200,856,171200.00,2016-03-15 03:10:00.126800
10194,201603153101048,PRIN,48,44,200,840,168000.00,2016-03-15 03:10:00.104800
10195,201603153100903,PRIN,43,25,100,860,86000.00,2016-03-15 03:10:00.090300
10196,201603153100904,PRIN,48,25,200,856,171200.00,2016-03-15 03:10:00.090400
10197,201603153100905,PRIN,55,25,100,855,85500.00,2016-03-15 03:10:00.090500
10198,201603153100906,PRIN,55,25,200,855,171000.00,2016-03-15 03:10:00.090600
10199,201603153100907,PRIN,48,25,500,854,427000.00,2016-03-15 03:10:00.090700
10200,201603153100908,PRIN,36,25,200,853,170600.00,2016-03-15 03:10:00.090800
10201,201603153100842,PRIN,55,39,200,860,172000.00,2016-03-15 03:10:00.084200
10202,201603153100843,PRIN,48,39,200,856,171200.00,2016-03-15 03:10:00.084300
10203,201603153100844,PRIN,55,39,100,855,85500.00,2016-03-15 03:10:00.084400
10204,201603153100622,PRIN,36,28,200,871,174200.00,2016-03-15 03:10:00.062200
10205,201603153100623,PRIN,48,28,300,870,261000.00,2016-03-15 03:10:00.062300
10206,201603153100555,PRIN,55,50,188,872,163936.00,2016-03-15 03:10:00.055500
10207,201603153100434,PRIN,55,26,200,886,177200.00,2016-03-15 03:10:00.043400
10208,201603143100268,PRIN,34,34,10,904,9040.00,2016-03-14 03:10:00.026800
10209,201603143100217,PRIN,55,14,10,875,8750.00,2016-03-14 03:10:00.021700
10210,201603143100239,PRIN,34,34,10,892,8920.00,2016-03-14 03:10:00.023900
10211,201603143100173,PRIN,55,42,200,875,175000.00,2016-03-14 03:10:00.017300
10212,201603143100128,PRIN,41,56,100,881,88100.00,2016-03-14 03:10:00.012800
10213,201603143100129,PRIN,19,56,200,880,176000.00,2016-03-14 03:10:00.012900
10214,201603143100108,PRIN,48,56,50,885,44250.00,2016-03-14 03:10:00.010800
10215,201603143100109,PRIN,16,56,400,882,352800.00,2016-03-14 03:10:00.010900
10216,201603143100110,PRIN,55,56,300,881,264300.00,2016-03-14 03:10:00.011000
10217,201603143100114,PRIN,48,26,67,890,59630.00,2016-03-14 03:10:00.011400
10218,201603143100100,PRIN,16,29,100,882,88200.00,2016-03-14 03:10:00.010000
10219,201603143100081,PRIN,48,13,50,885,44250.00,2016-03-14 03:10:00.008100
10220,201603143099993,PRIN,36,49,66,886,58476.00,2016-03-14 03:09:00.999300
10221,201603143099986,PRIN,49,49,42,894,37548.00,2016-03-14 03:09:00.998600
10222,201603143099962,PRIN,55,48,200,887,177400.00,2016-03-14 03:09:00.996200
10223,201603143099938,PRIN,48,13,100,885,88500.00,2016-03-14 03:09:00.993800
10224,201603143099901,PRIN,46,14,500,887,443500.00,2016-03-14 03:09:00.990100
10225,201603143099484,PRIN,43,45,37,890,32930.00,2016-03-14 03:09:00.948400
10226,201603143099417,PRIN,48,48,2000,895,1790000.00,2016-03-14 03:09:00.941700
10227,201603143099415,PRIN,48,45,800,885,708000.00,2016-03-14 03:09:00.941500
10228,201603143099270,PRIN,58,21,42,890,37380.00,2016-03-14 03:09:00.927000
10229,201603143099251,PRIN,54,25,200,900,180000.00,2016-03-14 03:09:00.925100
10230,201603143099227,PRIN,42,25,205,909,186345.00,2016-03-14 03:09:00.922700
10231,201603143099043,PRIN,16,38,200,900,180000.00,2016-03-14 03:09:00.904300
10232,201603143098982,PRIN,39,26,45,900,40500.00,2016-03-14 03:09:00.898200
10233,201603143098953,PRIN,42,25,400,905,362000.00,2016-03-14 03:09:00.895300
10234,201603143098935,PRIN,54,25,500,905,452500.00,2016-03-14 03:09:00.893500
10235,201603143098908,PRIN,54,22,30,890,26700.00,2016-03-14 03:09:00.890800
10236,201603143098909,PRIN,54,17,79,900,71100.00,2016-03-14 03:09:00.890900
10237,201603143098900,PRIN,29,42,396,898,355608.00,2016-03-14 03:09:00.890000
10238,201603143098882,PRIN,42,39,91,897,81627.00,2016-03-14 03:09:00.888200
10239,201603143098823,PRIN,48,49,221,895,197795.00,2016-03-14 03:09:00.882300
10240,201603143098759,PRIN,48,57,500,895,447500.00,2016-03-14 03:09:00.875900
10241,201603143098751,PRIN,29,51,167,894,149298.00,2016-03-14 03:09:00.875100
10242,201603143098563,PRIN,57,57,150,895,134250.00,2016-03-14 03:09:00.856300
10243,201603143098494,PRIN,48,25,1000,892,892000.00,2016-03-14 03:09:00.849400
10244,201603143098473,PRIN,26,39,400,893,357200.00,2016-03-14 03:09:00.847300
10245,201603143098317,PRIN,43,45,55,900,49500.00,2016-03-14 03:09:00.831700
10246,201603143098309,PRIN,32,33,50,896,44800.00,2016-03-14 03:09:00.830900
10247,201603143098310,PRIN,32,33,50,895,44750.00,2016-03-14 03:09:00.831000
10248,201603143098311,PRIN,26,33,100,893,89300.00,2016-03-14 03:09:00.831100
10249,201603143098195,PRIN,21,49,30,910,27300.00,2016-03-14 03:09:00.819500
10250,201603143098104,PRIN,32,47,10,917,9170.00,2016-03-14 03:09:00.810400
10251,201603143098119,PRIN,38,47,139,911,126629.00,2016-03-14 03:09:00.811900
10252,201603143097772,PRIN,48,47,1000,910,910000.00,2016-03-14 03:09:00.777200
10253,201603143097714,PRIN,48,33,67,920,61640.00,2016-03-14 03:09:00.771400
10254,201603143097532,PRIN,25,16,100,935,93500.00,2016-03-14 03:09:00.753200
10255,201603143097516,PRIN,21,39,50,942,47100.00,2016-03-14 03:09:00.751600
10256,201603143097522,PRIN,36,39,162,940,152280.00,2016-03-14 03:09:00.752200
10257,201603143097463,PRIN,21,44,150,942,141300.00,2016-03-14 03:09:00.746300
10258,201603143097453,PRIN,39,34,100,943,94300.00,2016-03-14 03:09:00.745300
10259,201603143097454,PRIN,21,34,400,943,377200.00,2016-03-14 03:09:00.745400
10260,201603133096570,PRIN,34,34,2100,939,1971900.00,2016-03-13 03:09:00.657000
10261,201603133096462,PRIN,51,34,100,939,93900.00,2016-03-13 03:09:00.646200
10262,201603133096463,PRIN,45,34,80,939,75120.00,2016-03-13 03:09:00.646300
10263,201603133096464,PRIN,26,34,500,939,469500.00,2016-03-13 03:09:00.646400
10264,201603133096465,PRIN,21,34,100,939,93900.00,2016-03-13 03:09:00.646500
10265,201603133096466,PRIN,8,34,100,939,93900.00,2016-03-13 03:09:00.646600
10266,201603133096467,PRIN,22,34,800,939,751200.00,2016-03-13 03:09:00.646700
10267,201603133096468,PRIN,58,34,500,939,469500.00,2016-03-13 03:09:00.646800
10268,201603133096469,PRIN,21,34,230,939,215970.00,2016-03-13 03:09:00.646900
10269,201603133096470,PRIN,57,34,150,939,140850.00,2016-03-13 03:09:00.647000
10270,201603133095897,PRIN,45,44,77,939,72303.00,2016-03-13 03:09:00.589700
10271,201603133095885,PRIN,20,44,133,939,124887.00,2016-03-13 03:09:00.588500
10272,201603133095865,PRIN,48,44,500,939,469500.00,2016-03-13 03:09:00.586500
10273,201603133095851,PRIN,21,35,400,939,375600.00,2016-03-13 03:09:00.585100
10274,201603133095840,PRIN,21,44,100,939,93900.00,2016-03-13 03:09:00.584000
10275,201603133095843,PRIN,16,44,100,939,93900.00,2016-03-13 03:09:00.584300
10276,201603133095844,PRIN,16,35,200,939,187800.00,2016-03-13 03:09:00.584400
10277,201603133095827,PRIN,35,44,300,939,281700.00,2016-03-13 03:09:00.582700
10278,201603133095809,PRIN,38,44,200,939,187800.00,2016-03-13 03:09:00.580900
10279,201603133095812,PRIN,21,44,500,939,469500.00,2016-03-13 03:09:00.581200
10280,201603133095753,PRIN,55,44,200,939,187800.00,2016-03-13 03:09:00.575300
10281,201603133095754,PRIN,22,44,100,939,93900.00,2016-03-13 03:09:00.575400
10282,201603133095748,PRIN,48,44,200,939,187800.00,2016-03-13 03:09:00.574800
10283,201603133095749,PRIN,48,45,500,939,469500.00,2016-03-13 03:09:00.574900
10284,201603133095736,PRIN,55,45,500,939,469500.00,2016-03-13 03:09:00.573600
10285,201603133095711,PRIN,41,37,100,939,93900.00,2016-03-13 03:09:00.571100
10286,201603133095712,PRIN,41,44,300,939,281700.00,2016-03-13 03:09:00.571200
10287,201603133095667,PRIN,41,37,178,939,167142.00,2016-03-13 03:09:00.566700
10288,201603133095576,PRIN,36,37,100,939,93900.00,2016-03-13 03:09:00.557600
10289,201603133095498,PRIN,26,46,243,939,228177.00,2016-03-13 03:09:00.549800
10290,201603133095487,PRIN,34,34,550,939,516450.00,2016-03-13 03:09:00.548700
10291,201603133095458,PRIN,55,35,500,939,469500.00,2016-03-13 03:09:00.545800
10292,201603133095448,PRIN,51,34,50,939,46950.00,2016-03-13 03:09:00.544800
10293,201603133095449,PRIN,22,34,100,939,93900.00,2016-03-13 03:09:00.544900
10294,201603133095450,PRIN,55,34,500,939,469500.00,2016-03-13 03:09:00.545000
10295,201603133095391,PRIN,48,45,500,939,469500.00,2016-03-13 03:09:00.539100
10296,201603133095392,PRIN,48,45,500,939,469500.00,2016-03-13 03:09:00.539200
10297,201603133095360,PRIN,51,17,100,939,93900.00,2016-03-13 03:09:00.536000
10298,201603133095336,PRIN,54,17,116,939,108924.00,2016-03-13 03:09:00.533600
10299,201603133095304,PRIN,54,17,100,939,93900.00,2016-03-13 03:09:00.530400
10300,201603133095293,PRIN,48,43,500,939,469500.00,2016-03-13 03:09:00.529300
10301,201603133095286,PRIN,54,47,380,939,356820.00,2016-03-13 03:09:00.528600
10302,201603133095287,PRIN,54,47,92,939,86388.00,2016-03-13 03:09:00.528700
10303,201603133095288,PRIN,54,38,87,939,81693.00,2016-03-13 03:09:00.528800
10304,201603133095247,PRIN,54,44,620,939,582180.00,2016-03-13 03:09:00.524700
10305,201603133095248,PRIN,54,44,102,939,95778.00,2016-03-13 03:09:00.524800
10306,201603133095168,PRIN,16,45,320,939,300480.00,2016-03-13 03:09:00.516800
10307,201603133095169,PRIN,16,57,300,939,281700.00,2016-03-13 03:09:00.516900
10308,201603133095179,PRIN,16,49,971,939,911769.00,2016-03-13 03:09:00.517900
10309,201603133095182,PRIN,16,44,380,939,356820.00,2016-03-13 03:09:00.518200
10310,201603133095154,PRIN,35,35,320,939,300480.00,2016-03-13 03:09:00.515400
10311,201603133095155,PRIN,35,45,180,939,169020.00,2016-03-13 03:09:00.515500
10312,201603133095138,PRIN,26,19,100,939,93900.00,2016-03-13 03:09:00.513800
10313,201603133095129,PRIN,26,38,400,938,375200.00,2016-03-13 03:09:00.512900
10314,201603133095118,PRIN,26,38,300,938,281400.00,2016-03-13 03:09:00.511800
10315,201603133095119,PRIN,26,40,200,938,187600.00,2016-03-13 03:09:00.511900
10316,201603133095126,PRIN,11,38,100,938,93800.00,2016-03-13 03:09:00.512600
10317,201603133095086,PRIN,57,38,137,938,128506.00,2016-03-13 03:09:00.508600
10318,201603133094917,PRIN,48,14,500,935,467500.00,2016-03-13 03:09:00.491700
10319,201603133094918,PRIN,48,45,100,938,93800.00,2016-03-13 03:09:00.491800
10320,201603133094914,PRIN,48,44,260,930,241800.00,2016-03-13 03:09:00.491400
10321,201603133094804,PRIN,29,49,3500,916,3206000.00,2016-03-13 03:09:00.480400
10322,201603133094763,PRIN,20,47,324,902,292248.00,2016-03-13 03:09:00.476300
10323,201603133094759,PRIN,16,43,800,904,723200.00,2016-03-13 03:09:00.475900
10324,201603133094751,PRIN,16,21,149,903,134547.00,2016-03-13 03:09:00.475100
10325,201603133094738,PRIN,16,47,162,901,145962.00,2016-03-13 03:09:00.473800
10326,201603133094729,PRIN,7,25,370,900,333000.00,2016-03-13 03:09:00.472900
10327,201603133094730,PRIN,7,44,400,900,360000.00,2016-03-13 03:09:00.473000
10328,201603133094705,PRIN,35,17,40,891,35640.00,2016-03-13 03:09:00.470500
10329,201603133094706,PRIN,35,37,39,899,35061.00,2016-03-13 03:09:00.470600
10330,201603133094632,PRIN,33,17,100,889,88900.00,2016-03-13 03:09:00.463200
10331,201603133094633,PRIN,33,38,200,890,178000.00,2016-03-13 03:09:00.463300
10332,201603133094626,PRIN,16,43,500,888,444000.00,2016-03-13 03:09:00.462600
10333,201603133094601,PRIN,58,44,500,887,443500.00,2016-03-13 03:09:00.460100
10334,201603133094588,PRIN,58,43,500,886,443000.00,2016-03-13 03:09:00.458800
10335,201603133094555,PRIN,35,43,500,883,441500.00,2016-03-13 03:09:00.455500
10336,201603133094556,PRIN,35,20,20,884,17680.00,2016-03-13 03:09:00.455600
10337,201603133094557,PRIN,35,44,177,885,156645.00,2016-03-13 03:09:00.455700
10338,201603133094512,PRIN,49,56,155,882,136710.00,2016-03-13 03:09:00.451200
10339,201603133094509,PRIN,35,49,1500,882,1323000.00,2016-03-13 03:09:00.450900
10340,201603133094483,PRIN,35,19,100,875,87500.00,2016-03-13 03:09:00.448300
10341,201603133094484,PRIN,35,43,500,880,440000.00,2016-03-13 03:09:00.448400
10342,201603133094474,PRIN,1,21,100,865,86500.00,2016-03-13 03:09:00.447400
10343,201603133094451,PRIN,14,44,368,861,316848.00,2016-03-13 03:09:00.445100
10344,201603133094398,PRIN,33,21,400,865,346000.00,2016-03-13 03:09:00.439800
10345,201603133094390,PRIN,45,43,200,870,174000.00,2016-03-13 03:09:00.439000
10346,201603133094253,PRIN,38,45,300,887,266100.00,2016-03-13 03:09:00.425300
10347,201603133094261,PRIN,33,25,130,882,114660.00,2016-03-13 03:09:00.426100
10348,201603133094269,PRIN,45,44,281,870,244470.00,2016-03-13 03:09:00.426900
10349,201603133094153,PRIN,33,25,70,881,61670.00,2016-03-13 03:09:00.415300
10350,201603133094154,PRIN,33,11,100,882,88200.00,2016-03-13 03:09:00.415400
10351,201603133094150,PRIN,33,44,400,880,352000.00,2016-03-13 03:09:00.415000
10352,201603133094135,PRIN,22,40,100,863,86300.00,2016-03-13 03:09:00.413500
10353,201603133094133,PRIN,22,40,100,863,86300.00,2016-03-13 03:09:00.413300
10354,201603133094117,PRIN,55,45,506,870,440220.00,2016-03-13 03:09:00.411700
10355,201603133094090,PRIN,48,44,300,866,259800.00,2016-03-13 03:09:00.409000
10356,201603133094091,PRIN,32,44,100,865,86500.00,2016-03-13 03:09:00.409100
10357,201603133094092,PRIN,19,44,100,865,86500.00,2016-03-13 03:09:00.409200
10358,201603133094093,PRIN,55,44,950,865,821750.00,2016-03-13 03:09:00.409300
10359,201603133093963,PRIN,45,44,200,868,173600.00,2016-03-13 03:09:00.396300
10360,201603133093964,PRIN,32,44,600,865,519000.00,2016-03-13 03:09:00.396400
10361,201603133093866,PRIN,32,25,300,873,261900.00,2016-03-13 03:09:00.386600
10362,201603133093864,PRIN,58,44,307,874,268318.00,2016-03-13 03:09:00.386400
10363,201603133093710,PRIN,42,44,100,890,89000.00,2016-03-13 03:09:00.371000
10364,201603133093565,PRIN,41,59,500,875,437500.00,2016-03-13 03:09:00.356500
10365,201603133093439,PRIN,6,46,200,854,170800.00,2016-03-13 03:09:00.343900
10366,201603133093444,PRIN,55,49,2030,871,1768130.00,2016-03-13 03:09:00.344400
10367,201603133093424,PRIN,55,41,337,871,293527.00,2016-03-13 03:09:00.342400
10368,201603133093419,PRIN,11,49,10,871,8710.00,2016-03-13 03:09:00.341900
10369,201603133093420,PRIN,58,49,100,871,87100.00,2016-03-13 03:09:00.342000
10370,201603133093401,PRIN,45,14,112,871,97552.00,2016-03-13 03:09:00.340100
10371,201603133093232,PRIN,26,44,50,888,44400.00,2016-03-13 03:09:00.323200
10372,201603133093233,PRIN,47,44,1000,888,888000.00,2016-03-13 03:09:00.323300
10373,201603133093234,PRIN,57,44,500,888,444000.00,2016-03-13 03:09:00.323400
10374,201603133093222,PRIN,5,49,100,910,91000.00,2016-03-13 03:09:00.322200
10375,201603133093223,PRIN,48,49,440,905,398200.00,2016-03-13 03:09:00.322300
10376,201603133093224,PRIN,48,49,60,905,54300.00,2016-03-13 03:09:00.322400
10377,201603133093225,PRIN,14,49,1000,905,905000.00,2016-03-13 03:09:00.322500
10378,201603133093226,PRIN,48,49,400,905,362000.00,2016-03-13 03:09:00.322600
10379,201603133093209,PRIN,45,44,100,923,92300.00,2016-03-13 03:09:00.320900
10380,201603133093166,PRIN,1,44,500,923,461500.00,2016-03-13 03:09:00.316600
10381,201603133093137,PRIN,49,49,200,932,186400.00,2016-03-13 03:09:00.313700
10382,201603133093129,PRIN,42,42,300,932,279600.00,2016-03-13 03:09:00.312900
10383,201603133093067,PRIN,22,44,1490,939,1399110.00,2016-03-13 03:09:00.306700
10384,201603133093043,PRIN,22,42,410,939,384990.00,2016-03-13 03:09:00.304300
10385,201603133093044,PRIN,22,50,100,939,93900.00,2016-03-13 03:09:00.304400
10386,201603133093022,PRIN,6,25,130,939,122070.00,2016-03-13 03:09:00.302200
10387,201603133093023,PRIN,26,25,370,939,347430.00,2016-03-13 03:09:00.302300
10388,201603133093024,PRIN,26,58,130,939,122070.00,2016-03-13 03:09:00.302400
10389,201603133093027,PRIN,26,58,180,939,169020.00,2016-03-13 03:09:00.302700
10390,201603133093028,PRIN,26,42,90,939,84510.00,2016-03-13 03:09:00.302800
10391,201603133092985,PRIN,6,39,50,939,46950.00,2016-03-13 03:09:00.298500
10392,201603133092974,PRIN,6,39,20,923,18460.00,2016-03-13 03:09:00.297400
10393,201603133092915,PRIN,19,39,50,905,45250.00,2016-03-13 03:09:00.291500
10394,201603133092898,PRIN,26,39,30,888,26640.00,2016-03-13 03:09:00.289800
10395,201603133092826,PRIN,11,39,50,871,43550.00,2016-03-13 03:09:00.282600
10396,201603103091402,PRIN,58,11,100,854,85400.00,2016-03-10 03:09:00.140200
10397,201603103089195,PRIN,58,19,100,854,85400.00,2016-03-10 03:08:00.919500
10398,201603103089159,PRIN,58,33,100,854,85400.00,2016-03-10 03:08:00.915900
10399,201603103089152,PRIN,58,42,10,854,8540.00,2016-03-10 03:08:00.915200
10400,201603103089124,PRIN,44,42,10,839,8390.00,2016-03-10 03:08:00.912400
10401,201603103088808,PRIN,44,44,50,823,41150.00,2016-03-10 03:08:00.880800
10402,201603103088738,PRIN,25,44,50,792,39600.00,2016-03-10 03:08:00.873800
10403,201603103088739,PRIN,44,44,50,807,40350.00,2016-03-10 03:08:00.873900
10404,201603063087947,PRIN,5,39,50,777,38850.00,2016-03-06 03:08:00.794700
10405,201603063085278,PRIN,25,25,1185,777,920745.00,2016-03-06 03:08:00.527800
10406,201603063085220,PRIN,20,11,20,777,15540.00,2016-03-06 03:08:00.522000
10407,201603063085217,PRIN,6,11,11,763,8393.00,2016-03-06 03:08:00.521700
10408,201603063085204,PRIN,44,11,17,749,12733.00,2016-03-06 03:08:00.520400
10409,201603063085124,PRIN,44,44,50,735,36750.00,2016-03-06 03:08:00.512400
10410,201603063085103,PRIN,25,44,20,721,14420.00,2016-03-06 03:08:00.510300
10411,201603033082884,PRIN,47,57,160,707,113120.00,2016-03-03 03:08:00.288400
10412,201603033082750,PRIN,14,33,112,707,79184.00,2016-03-03 03:08:00.275000
10413,201603033082721,PRIN,44,39,44,707,31108.00,2016-03-03 03:08:00.272100
10414,201603033082659,PRIN,44,37,10,694,6940.00,2016-03-03 03:08:00.265900
10415,201603033082301,PRIN,44,44,50,681,34050.00,2016-03-03 03:08:00.230100
10416,201603033082210,PRIN,44,44,50,668,33400.00,2016-03-03 03:08:00.221000
10417,201603033082099,PRIN,41,44,20,655,13100.00,2016-03-03 03:08:00.209900
10418,201603023080822,PRIN,19,47,10,643,6430.00,2016-03-02 03:08:00.082200
10419,201603023080808,PRIN,14,47,10,631,6310.00,2016-03-02 03:08:00.080800
10420,201603023080794,PRIN,44,47,10,619,6190.00,2016-03-02 03:08:00.079400
10421,201603023080455,PRIN,25,44,20,596,11920.00,2016-03-02 03:08:00.045500
10422,201603023080461,PRIN,44,44,20,607,12140.00,2016-03-02 03:08:00.046100
10423,201601142990454,PRIN,59,42,100,585,58500.00,2016-01-14 02:09:00.904540
10424,201601142988406,PRIN,59,43,100,585,58500.00,2016-01-14 02:09:00.884060
10425,201601142988171,PRIN,48,42,10,579,5790.00,2016-01-14 02:09:00.881710
10426,201601142987387,PRIN,32,42,10,568,5680.00,2016-01-14 02:09:00.873870
10427,201601132983242,PRIN,32,33,200,557,111400.00,2016-01-13 02:09:00.832420
10428,201601122977542,PRIN,45,45,100,547,54700.00,2016-01-12 02:09:00.775420
10429,201601122977471,PRIN,49,1,500,539,269500.00,2016-01-12 02:09:00.774710
10430,201601122977480,PRIN,17,1,361,544,196384.00,2016-01-12 02:09:00.774800
10431,201601122977218,PRIN,45,36,100,547,54700.00,2016-01-12 02:09:00.772180
10432,201601122976048,PRIN,49,57,338,539,182182.00,2016-01-12 02:09:00.760480
10433,201601122975113,PRIN,44,4,107,545,58315.00,2016-01-12 02:09:00.751130
10434,201601122975079,PRIN,36,38,203,540,109620.00,2016-01-12 02:09:00.750790
10435,201601122974548,PRIN,25,1,200,548,109600.00,2016-01-12 02:09:00.745480
10436,201601122974543,PRIN,25,32,138,547,75486.00,2016-01-12 02:09:00.745430
10437,201601122974394,PRIN,47,36,200,545,109000.00,2016-01-12 02:09:00.743940
10438,201601122973600,PRIN,47,11,40,550,22000.00,2016-01-12 02:09:00.736000
10439,201601122973601,PRIN,47,11,40,556,22240.00,2016-01-12 02:09:00.736010
10440,201601112971819,PRIN,49,49,365,546,199290.00,2016-01-11 02:09:00.718190
10441,201601112971619,PRIN,35,47,1100,545,599500.00,2016-01-11 02:09:00.716190
10442,201601112960553,PRIN,44,25,1687,550,927850.00,2016-01-11 02:09:00.605530
10443,201601102957590,PRIN,7,11,40,561,22440.00,2016-01-10 02:09:00.575900
10444,201601102956130,PRIN,44,22,100,561,56100.00,2016-01-10 02:09:00.561300
10445,201601102955999,PRIN,44,45,500,560,280000.00,2016-01-10 02:09:00.559990
10446,201601102955890,PRIN,44,19,100,561,56100.00,2016-01-10 02:09:00.558900
10447,201601102955312,PRIN,49,49,2100,550,1155000.00,2016-01-10 02:09:00.553120
10448,201601102955290,PRIN,49,49,3721,550,2046550.00,2016-01-10 02:09:00.552900
10449,201601102955212,PRIN,48,49,2851,556,1585156.00,2016-01-10 02:09:00.552120
10450,201601102954491,PRIN,44,28,500,563,281500.00,2016-01-10 02:09:00.544910
10451,201601102954290,PRIN,35,35,2000,570,1140000.00,2016-01-10 02:09:00.542900
10452,201601102954235,PRIN,35,35,3000,570,1710000.00,2016-01-10 02:09:00.542350
10453,201601072951931,PRIN,21,41,150,574,86100.00,2016-01-07 02:09:00.519310
10454,201601072951861,PRIN,48,55,430,570,245100.00,2016-01-07 02:09:00.518610
10455,201601072951541,PRIN,21,55,428,570,243960.00,2016-01-07 02:09:00.515410
10456,201601072951343,PRIN,29,55,444,578,256632.00,2016-01-07 02:09:00.513430
10457,201601072950507,PRIN,25,25,15,589,8835.00,2016-01-07 02:09:00.505070
10458,201601072949863,PRIN,40,25,195,581,113295.00,2016-01-07 02:09:00.498630
10459,201601072949832,PRIN,44,25,182,588,107016.00,2016-01-07 02:09:00.498320
10460,201601072949826,PRIN,34,25,200,589,117800.00,2016-01-07 02:09:00.498260
10461,201601072949612,PRIN,44,36,250,588,147000.00,2016-01-07 02:09:00.496120
10462,201601072948487,PRIN,5,56,300,600,180000.00,2016-01-07 02:09:00.484870
10463,201601072948442,PRIN,32,41,500,600,300000.00,2016-01-07 02:09:00.484420
10464,201601072948308,PRIN,25,48,162,592,95904.00,2016-01-07 02:09:00.483080
10465,201601072947831,PRIN,49,39,324,581,188244.00,2016-01-07 02:09:00.478310
10466,201601072947818,PRIN,49,22,647,580,375260.00,2016-01-07 02:09:00.478180
10467,201601062947570,PRIN,57,41,100,570,57000.00,2016-01-06 02:09:00.475700
10468,201601062947216,PRIN,35,35,1000,570,570000.00,2016-01-06 02:09:00.472160
10469,201601062947217,PRIN,35,35,1000,570,570000.00,2016-01-06 02:09:00.472170
10470,201601062947218,PRIN,35,35,1000,570,570000.00,2016-01-06 02:09:00.472180
10471,201601062947187,PRIN,35,35,1000,570,570000.00,2016-01-06 02:09:00.471870
10472,201601062947188,PRIN,35,35,1000,570,570000.00,2016-01-06 02:09:00.471880
10473,201601062946468,PRIN,49,14,71,570,40470.00,2016-01-06 02:09:00.464680
10474,201601062946284,PRIN,49,17,67,560,37520.00,2016-01-06 02:09:00.462840
10475,201601062945485,PRIN,46,29,246,553,136038.00,2016-01-06 02:09:00.454850
10476,201601062945450,PRIN,49,39,155,559,86645.00,2016-01-06 02:09:00.454500
10477,201601062945455,PRIN,49,49,385,559,215215.00,2016-01-06 02:09:00.454550
10478,201601062945223,PRIN,44,19,576,549,316224.00,2016-01-06 02:09:00.452230
10479,201601062945204,PRIN,44,41,599,560,335440.00,2016-01-06 02:09:00.452040
10480,201601062944872,PRIN,49,1,500,560,280000.00,2016-01-06 02:09:00.448720
10481,201601062944755,PRIN,49,32,500,565,282500.00,2016-01-06 02:09:00.447550
10482,201601062944256,PRIN,57,16,100,565,56500.00,2016-01-06 02:09:00.442560
10483,201601052939952,PRIN,55,4,55,593,32615.00,2016-01-05 02:09:00.399520
10484,201601052940027,PRIN,55,11,100,582,58200.00,2016-01-05 02:09:00.400270
10485,201601052940116,PRIN,44,28,199,582,115818.00,2016-01-05 02:09:00.401160
10486,201601052940183,PRIN,44,57,383,585,224055.00,2016-01-05 02:09:00.401830
10487,201601052940324,PRIN,44,45,1223,590,721570.00,2016-01-05 02:09:00.403240
10488,201601052940536,PRIN,43,49,78,583,45474.00,2016-01-05 02:09:00.405360
10489,201601052940833,PRIN,36,25,295,583,171985.00,2016-01-05 02:09:00.408330
10490,201601052941097,PRIN,38,25,416,582,242112.00,2016-01-05 02:09:00.410970
10491,201601052941276,PRIN,44,42,519,581,301539.00,2016-01-05 02:09:00.412760
10492,201601052941669,PRIN,44,29,500,576,288000.00,2016-01-05 02:09:00.416690
10493,201601052941851,PRIN,44,25,550,576,316800.00,2016-01-05 02:09:00.418510
10494,201601052941972,PRIN,38,56,109,582,63438.00,2016-01-05 02:09:00.419720
10495,201601052942236,PRIN,44,26,176,576,101376.00,2016-01-05 02:09:00.422360
10496,201601052942331,PRIN,17,26,10,576,5760.00,2016-01-05 02:09:00.423310
10497,201601052942435,PRIN,17,26,70,576,40320.00,2016-01-05 02:09:00.424350
10498,201601052942526,PRIN,44,42,500,576,288000.00,2016-01-05 02:09:00.425260
10499,201601052942558,PRIN,10,26,115,576,66240.00,2016-01-05 02:09:00.425580
10500,201601052942672,PRIN,44,26,229,575,131675.00,2016-01-05 02:09:00.426720
10501,201601052943251,PRIN,43,1,100,576,57600.00,2016-01-05 02:09:00.432510
10502,201601052943255,PRIN,51,26,100,575,57500.00,2016-01-05 02:09:00.432550
10503,201601052943265,PRIN,17,1,20,576,11520.00,2016-01-05 02:09:00.432650
10504,201601042938976,PRIN,44,8,100,605,60500.00,2016-01-04 02:09:00.389760
10505,201601042938888,PRIN,44,35,3000,600,1800000.00,2016-01-04 02:09:00.388880
10506,201601042938770,PRIN,33,51,249,600,149400.00,2016-01-04 02:09:00.387700
10507,201601042938698,PRIN,38,47,119,600,71400.00,2016-01-04 02:09:00.386980
10508,201601042938574,PRIN,42,8,100,605,60500.00,2016-01-04 02:09:00.385740
10509,201601042938497,PRIN,44,46,309,601,185709.00,2016-01-04 02:09:00.384970
10510,201601042938471,PRIN,49,49,775,602,466550.00,2016-01-04 02:09:00.384710
10511,201601042938409,PRIN,49,11,540,601,324540.00,2016-01-04 02:09:00.384090
10512,201601042938303,PRIN,49,49,457,601,274657.00,2016-01-04 02:09:00.383030
10513,201601042938178,PRIN,49,48,494,605,298870.00,2016-01-04 02:09:00.381780
10514,201601042938148,PRIN,38,48,195,601,117195.00,2016-01-04 02:09:00.381480
10515,201601042938086,PRIN,45,48,110,605,66550.00,2016-01-04 02:09:00.380860
10516,201601042938053,PRIN,18,48,100,606,60600.00,2016-01-04 02:09:00.380530
10517,201601042938066,PRIN,18,48,100,606,60600.00,2016-01-04 02:09:00.380660
10518,201601042938019,PRIN,49,39,600,601,360600.00,2016-01-04 02:09:00.380190
10519,201601042937970,PRIN,49,13,528,610,322080.00,2016-01-04 02:09:00.379700
10520,201601042937913,PRIN,45,38,390,605,235950.00,2016-01-04 02:09:00.379130
10521,201601042937887,PRIN,16,38,50,607,30350.00,2016-01-04 02:09:00.378870
10522,201601042937872,PRIN,38,41,155,605,93775.00,2016-01-04 02:09:00.378720
10523,201601042937875,PRIN,38,56,300,601,180300.00,2016-01-04 02:09:00.378750
10524,201601042937708,PRIN,49,41,155,605,93775.00,2016-01-04 02:09:00.377080
10525,201601042937597,PRIN,47,13,303,605,183315.00,2016-01-04 02:09:00.375970
10526,201601042937388,PRIN,49,1,200,615,123000.00,2016-01-04 02:09:00.373880
10527,201601042937375,PRIN,49,50,324,615,199260.00,2016-01-04 02:09:00.373750
10528,201601042937295,PRIN,41,6,250,614,153500.00,2016-01-04 02:09:00.372950
10529,201601042936982,PRIN,14,47,351,610,214110.00,2016-01-04 02:09:00.369820
10530,201601042936963,PRIN,14,29,166,609,101094.00,2016-01-04 02:09:00.369630
10531,201601042936949,PRIN,28,37,100,609,60900.00,2016-01-04 02:09:00.369490
10532,201601042936890,PRIN,44,59,550,605,332750.00,2016-01-04 02:09:00.368900
10533,201601042936883,PRIN,44,29,27,605,16335.00,2016-01-04 02:09:00.368830
10534,201601042936868,PRIN,44,29,50,605,30250.00,2016-01-04 02:09:00.368680
10535,201601042936663,PRIN,25,47,68,604,41072.00,2016-01-04 02:09:00.366630
10536,201601042936575,PRIN,44,50,200,603,120600.00,2016-01-04 02:09:00.365750
10537,201601042936578,PRIN,44,41,135,605,81675.00,2016-01-04 02:09:00.365780
10538,201601042936584,PRIN,44,1,340,605,205700.00,2016-01-04 02:09:00.365840
10539,201601042936540,PRIN,11,37,480,603,289440.00,2016-01-04 02:09:00.365400
10540,201601042936526,PRIN,46,39,281,604,169724.00,2016-01-04 02:09:00.365260
10541,201601042936429,PRIN,38,22,162,602,97524.00,2016-01-04 02:09:00.364290
10542,201601042936438,PRIN,46,29,82,600,49200.00,2016-01-04 02:09:00.364380
10543,201601042936407,PRIN,44,47,101,600,60600.00,2016-01-04 02:09:00.364070
10544,201601042936344,PRIN,49,48,300,600,180000.00,2016-01-04 02:09:00.363440
10545,201601042936325,PRIN,46,45,80,600,48000.00,2016-01-04 02:09:00.363250
10546,201601042936225,PRIN,47,43,16,595,9520.00,2016-01-04 02:09:00.362250
10547,201601042936227,PRIN,44,46,352,591,208032.00,2016-01-04 02:09:00.362270
10548,201601042936048,PRIN,44,22,500,590,295000.00,2016-01-04 02:09:00.360480
10549,201601042936036,PRIN,47,58,50,595,29750.00,2016-01-04 02:09:00.360360
10550,201601042936024,PRIN,44,39,1000,591,591000.00,2016-01-04 02:09:00.360240
10551,201601042935851,PRIN,44,17,300,600,180000.00,2016-01-04 02:09:00.358510
10552,201601042935844,PRIN,49,17,100,605,60500.00,2016-01-04 02:09:00.358440
10553,201601042935838,PRIN,44,8,200,600,120000.00,2016-01-04 02:09:00.358380
10554,201601042935815,PRIN,14,22,100,610,61000.00,2016-01-04 02:09:00.358150
10555,201601042935817,PRIN,14,40,200,610,122000.00,2016-01-04 02:09:00.358170
10556,201601042935789,PRIN,44,36,473,605,286165.00,2016-01-04 02:09:00.357890
10557,201601042935774,PRIN,28,40,23,611,14053.00,2016-01-04 02:09:00.357740
10558,201601042935761,PRIN,1,48,100,629,62900.00,2016-01-04 02:09:00.357610
10559,201601042935765,PRIN,47,45,19,620,11780.00,2016-01-04 02:09:00.357650
10560,201601042935665,PRIN,26,22,100,629,62900.00,2016-01-04 02:09:00.356650
10561,201601042935663,PRIN,44,39,170,629,106930.00,2016-01-04 02:09:00.356630
10562,201601042935664,PRIN,44,44,115,629,72335.00,2016-01-04 02:09:00.356640
10563,201601042935644,PRIN,44,45,465,629,292485.00,2016-01-04 02:09:00.356440
10564,201601032935142,PRIN,19,17,576,617,355392.00,2016-01-03 02:09:00.351420
10565,201601032934997,PRIN,35,11,540,617,333180.00,2016-01-03 02:09:00.349970
10566,201601032935001,PRIN,38,46,908,617,560236.00,2016-01-03 02:09:00.350010
10567,201601032934948,PRIN,49,1,1000,615,615000.00,2016-01-03 02:09:00.349480
10568,201601032934923,PRIN,49,5,113,615,69495.00,2016-01-03 02:09:00.349230
10569,201601032934888,PRIN,38,56,500,612,306000.00,2016-01-03 02:09:00.348880
10570,201601032934889,PRIN,38,38,594,612,363528.00,2016-01-03 02:09:00.348890
10571,201601032934863,PRIN,38,39,350,609,213150.00,2016-01-03 02:09:00.348630
10572,201601032934859,PRIN,17,39,100,612,61200.00,2016-01-03 02:09:00.348590
10573,201601032934860,PRIN,19,39,100,610,61000.00,2016-01-03 02:09:00.348600
10574,201601032934861,PRIN,53,39,150,610,91500.00,2016-01-03 02:09:00.348610
10575,201601032934862,PRIN,57,39,300,609,182700.00,2016-01-03 02:09:00.348620
10576,201601032934602,PRIN,36,56,220,611,134420.00,2016-01-03 02:09:00.346020
10577,201601032934469,PRIN,16,39,100,612,61200.00,2016-01-03 02:09:00.344690
10578,201601032934348,PRIN,14,1,500,609,304500.00,2016-01-03 02:09:00.343480
10579,201601032934292,PRIN,17,43,73,610,44530.00,2016-01-03 02:09:00.342920
10580,201601032934239,PRIN,29,56,885,609,538965.00,2016-01-03 02:09:00.342390
10581,201601032933762,PRIN,38,6,200,605,121000.00,2016-01-03 02:09:00.337620
10582,201601032933660,PRIN,48,51,500,604,302000.00,2016-01-03 02:09:00.336600
10583,201601032933622,PRIN,38,51,135,605,81675.00,2016-01-03 02:09:00.336220
10584,201601032933531,PRIN,49,51,200,612,122400.00,2016-01-03 02:09:00.335310
10585,201601032933428,PRIN,57,39,550,610,335500.00,2016-01-03 02:09:00.334280
10586,201601032933336,PRIN,21,35,37,612,22644.00,2016-01-03 02:09:00.333360
10587,201601032933324,PRIN,14,35,1000,611,611000.00,2016-01-03 02:09:00.333240
10588,201601032933248,PRIN,38,22,100,608,60800.00,2016-01-03 02:09:00.332480
10589,201601032933249,PRIN,38,41,500,610,305000.00,2016-01-03 02:09:00.332490
10590,201601032933250,PRIN,38,25,815,610,497150.00,2016-01-03 02:09:00.332500
10591,201601032933251,PRIN,38,41,605,611,369655.00,2016-01-03 02:09:00.332510
10592,201601032933259,PRIN,21,11,50,612,30600.00,2016-01-03 02:09:00.332590
10593,201601032933232,PRIN,38,35,558,609,339822.00,2016-01-03 02:09:00.332320
10594,201601032933046,PRIN,48,41,300,604,181200.00,2016-01-03 02:09:00.330460
10595,201601032932916,PRIN,44,8,368,600,220800.00,2016-01-03 02:09:00.329160
10596,201601032932779,PRIN,19,38,100,605,60500.00,2016-01-03 02:09:00.327790
10597,201601032932610,PRIN,19,29,100,605,60500.00,2016-01-03 02:09:00.326100
10598,201601032932612,PRIN,44,29,320,600,192000.00,2016-01-03 02:09:00.326120
10599,201601032932180,PRIN,48,54,335,610,204350.00,2016-01-03 02:09:00.321800
10600,201601032931982,PRIN,44,40,281,604,169724.00,2016-01-03 02:09:00.319820
10601,201601032931914,PRIN,48,41,68,610,41480.00,2016-01-03 02:09:00.319140
10602,201601032931909,PRIN,10,41,168,607,101976.00,2016-01-03 02:09:00.319090
10603,201601032931890,PRIN,38,41,492,609,299628.00,2016-01-03 02:09:00.318900
10604,201601032931808,PRIN,44,41,542,608,329536.00,2016-01-03 02:09:00.318080
10605,201601032931771,PRIN,10,41,463,608,281504.00,2016-01-03 02:09:00.317710
10606,201601032931694,PRIN,44,41,935,606,566610.00,2016-01-03 02:09:00.316940
10607,201601032931663,PRIN,41,21,337,607,204559.00,2016-01-03 02:09:00.316630
10608,201601032931580,PRIN,8,39,185,610,112850.00,2016-01-03 02:09:00.315800
10609,201601032931547,PRIN,8,4,100,610,61000.00,2016-01-03 02:09:00.315470
10610,201601032931371,PRIN,48,48,3350,600,2010000.00,2016-01-03 02:09:00.313710
10611,201601032931334,PRIN,14,11,1000,612,612000.00,2016-01-03 02:09:00.313340
10612,201601032931335,PRIN,14,36,162,612,99144.00,2016-01-03 02:09:00.313350
10613,201601032931330,PRIN,38,4,55,612,33660.00,2016-01-03 02:09:00.313300
10614,201601032931306,PRIN,8,17,11,600,6600.00,2016-01-03 02:09:00.313060
10615,201601032931236,PRIN,38,39,25,605,15125.00,2016-01-03 02:09:00.312360
10616,201601032931162,PRIN,14,39,50,594,29700.00,2016-01-03 02:09:00.311620
10617,201601032931139,PRIN,11,39,50,583,29150.00,2016-01-03 02:09:00.311390
1,201712315658470,PRIN,36,53,20,802,16040.00,2017-12-31 05:06:00.584700
2,201712315658471,PRIN,36,53,180,798,143640.00,2017-12-31 05:06:00.584710
3,201712315658371,PRIN,36,19,80,802,64160.00,2017-12-31 05:06:00.583710
4,201712315657996,PRIN,46,14,400,800,320000.00,2017-12-31 05:06:00.579960
5,201712315657788,PRIN,6,14,100,800,80000.00,2017-12-31 05:06:00.577880
6,201712315657446,PRIN,40,7,100,798,79800.00,2017-12-31 05:06:00.574460
7,201712315657324,PRIN,46,53,300,800,240000.00,2017-12-31 05:06:00.573240
8,201712315657117,PRIN,46,38,59,796,46964.00,2017-12-31 05:06:00.571170
9,201712315657090,PRIN,41,53,100,800,80000.00,2017-12-31 05:06:00.570900
10,201712315657032,PRIN,38,35,50,797,39850.00,2017-12-31 05:06:00.570320
11,201712315657010,PRIN,51,53,100,800,80000.00,2017-12-31 05:06:00.570100
12,201712315656964,PRIN,37,7,500,800,400000.00,2017-12-31 05:06:00.569640
13,201712315656900,PRIN,6,14,50,801,40050.00,2017-12-31 05:06:00.569000
14,201712315656901,PRIN,42,14,200,801,160200.00,2017-12-31 05:06:00.569010
15,201712315656542,PRIN,45,14,100,815,81500.00,2017-12-31 05:06:00.565420
16,201712315656445,PRIN,52,19,100,814,81400.00,2017-12-31 05:06:00.564450
17,201712315656366,PRIN,48,21,134,810,108540.00,2017-12-31 05:06:00.563660
18,201712315656348,PRIN,17,51,100,800,80000.00,2017-12-31 05:06:00.563480
19,201712315656024,PRIN,7,20,59,800,47200.00,2017-12-31 05:06:00.560240
20,201712315656025,PRIN,7,45,100,800,80000.00,2017-12-31 05:06:00.560250
21,201712315655938,PRIN,7,34,55,799,43945.00,2017-12-31 05:06:00.559380
22,201712315655861,PRIN,26,11,209,797,166573.00,2017-12-31 05:06:00.558610
23,201712315655862,PRIN,26,21,291,798,232218.00,2017-12-31 05:06:00.558620
24,201712315655867,PRIN,7,21,52,798,41496.00,2017-12-31 05:06:00.558670
25,201712315655868,PRIN,7,3,51,798,40698.00,2017-12-31 05:06:00.558680
26,201712315655869,PRIN,7,34,497,799,397103.00,2017-12-31 05:06:00.558690
27,201712315655804,PRIN,17,51,50,796,39800.00,2017-12-31 05:06:00.558040
28,201712315655733,PRIN,7,52,300,795,238500.00,2017-12-31 05:06:00.557330
29,201712315655616,PRIN,45,41,95,790,75050.00,2017-12-31 05:06:00.556160
30,201712315655212,PRIN,44,50,50,783,39150.00,2017-12-31 05:06:00.552120
31,201712315655106,PRIN,7,42,560,787,440720.00,2017-12-31 05:06:00.551060
32,201712315655107,PRIN,1,42,50,786,39300.00,2017-12-31 05:06:00.551070
33,201712315655108,PRIN,22,42,50,785,39250.00,2017-12-31 05:06:00.551080
34,201712315655109,PRIN,21,42,50,785,39250.00,2017-12-31 05:06:00.551090
35,201712315655115,PRIN,7,42,290,784,227360.00,2017-12-31 05:06:00.551150
36,201712315654527,PRIN,5,36,100,787,78700.00,2017-12-31 05:06:00.545270
37,201712315654482,PRIN,7,50,30,790,23700.00,2017-12-31 05:06:00.544820
38,201712315654483,PRIN,7,41,47,790,37130.00,2017-12-31 05:06:00.544830
39,201712315654032,PRIN,33,45,180,790,142200.00,2017-12-31 05:06:00.540320
40,201712315653953,PRIN,7,51,80,790,63200.00,2017-12-31 05:06:00.539530
41,201712315653954,PRIN,7,45,20,790,15800.00,2017-12-31 05:06:00.539540
42,201712315653851,PRIN,41,51,10,790,7900.00,2017-12-31 05:06:00.538510
43,201712315653560,PRIN,57,45,10,791,7910.00,2017-12-31 05:06:00.535600
44,201712315653561,PRIN,21,45,50,791,39550.00,2017-12-31 05:06:00.535610
45,201712315653562,PRIN,41,45,100,791,79100.00,2017-12-31 05:06:00.535620
46,201712315653563,PRIN,22,45,100,790,79000.00,2017-12-31 05:06:00.535630
47,201712315653564,PRIN,41,45,90,790,71100.00,2017-12-31 05:06:00.535640
48,201712315653315,PRIN,22,54,100,790,79000.00,2017-12-31 05:06:00.533150
49,201712285652961,PRIN,7,43,50,804,40200.00,2017-12-28 05:06:00.529610
50,201712285652905,PRIN,22,36,57,795,45315.00,2017-12-28 05:06:00.529050
51,201712285652742,PRIN,7,50,119,801,95319.00,2017-12-28 05:06:00.527420
52,201712285652525,PRIN,34,34,10,801,8010.00,2017-12-28 05:06:00.525250
53,201712285651666,PRIN,11,55,11,790,8690.00,2017-12-28 05:06:00.516660
54,201712285650427,PRIN,32,56,100,790,79000.00,2017-12-28 05:06:00.504270
55,201712285650428,PRIN,41,56,100,790,79000.00,2017-12-28 05:06:00.504280
56,201712285650429,PRIN,32,56,100,786,78600.00,2017-12-28 05:06:00.504290
57,201712285650430,PRIN,59,56,200,780,156000.00,2017-12-28 05:06:00.504300
58,201712285650431,PRIN,6,56,100,777,77700.00,2017-12-28 05:06:00.504310
59,201712285650432,PRIN,51,56,50,776,38800.00,2017-12-28 05:06:00.504320
60,201712285650433,PRIN,51,56,20,776,15520.00,2017-12-28 05:06:00.504330
61,201712285650434,PRIN,47,56,100,775,77500.00,2017-12-28 05:06:00.504340
62,201712285650435,PRIN,59,56,50,775,38750.00,2017-12-28 05:06:00.504350
63,201712285650436,PRIN,17,56,100,775,77500.00,2017-12-28 05:06:00.504360
64,201712285650437,PRIN,56,56,250,775,193750.00,2017-12-28 05:06:00.504370
65,201712285650438,PRIN,53,56,100,775,77500.00,2017-12-28 05:06:00.504380
66,201712285650439,PRIN,58,56,60,775,46500.00,2017-12-28 05:06:00.504390
67,201712285650371,PRIN,17,56,100,790,79000.00,2017-12-28 05:06:00.503710
68,201712285650335,PRIN,38,56,50,785,39250.00,2017-12-28 05:06:00.503350
69,201712285650336,PRIN,25,56,100,785,78500.00,2017-12-28 05:06:00.503360
70,201712285650337,PRIN,43,56,50,784,39200.00,2017-12-28 05:06:00.503370
71,201712285650338,PRIN,41,56,300,784,235200.00,2017-12-28 05:06:00.503380
72,201712285650339,PRIN,57,56,100,780,78000.00,2017-12-28 05:06:00.503390
73,201712285650340,PRIN,53,56,10,775,7750.00,2017-12-28 05:06:00.503400
74,201712285650341,PRIN,37,56,100,775,77500.00,2017-12-28 05:06:00.503410
75,201712285650342,PRIN,8,56,50,775,38750.00,2017-12-28 05:06:00.503420
76,201712285650345,PRIN,58,56,400,775,310000.00,2017-12-28 05:06:00.503450
77,201712285650288,PRIN,25,56,100,795,79500.00,2017-12-28 05:06:00.502880
78,201712285650289,PRIN,41,56,200,795,159000.00,2017-12-28 05:06:00.502890
79,201712285650290,PRIN,33,56,50,794,39700.00,2017-12-28 05:06:00.502900
80,201712285650291,PRIN,54,56,50,792,39600.00,2017-12-28 05:06:00.502910
81,201712285650292,PRIN,6,56,100,791,79100.00,2017-12-28 05:06:00.502920
82,201712285650293,PRIN,36,56,150,791,118650.00,2017-12-28 05:06:00.502930
83,201712285650294,PRIN,38,56,200,790,158000.00,2017-12-28 05:06:00.502940
84,201712285650295,PRIN,19,56,20,790,15800.00,2017-12-28 05:06:00.502950
85,201712285650296,PRIN,37,56,20,790,15800.00,2017-12-28 05:06:00.502960
86,201712285650297,PRIN,17,56,20,790,15800.00,2017-12-28 05:06:00.502970
87,201712285650298,PRIN,38,56,50,790,39500.00,2017-12-28 05:06:00.502980
88,201712285650299,PRIN,11,56,100,790,79000.00,2017-12-28 05:06:00.502990
89,201712285650274,PRIN,34,56,30,802,24060.00,2017-12-28 05:06:00.502740
90,201712285650275,PRIN,28,56,20,801,16020.00,2017-12-28 05:06:00.502750
91,201712285650276,PRIN,17,56,200,798,159600.00,2017-12-28 05:06:00.502760
92,201712285650277,PRIN,37,56,500,797,398500.00,2017-12-28 05:06:00.502770
93,201712285650278,PRIN,37,56,100,797,79700.00,2017-12-28 05:06:00.502780
94,201712285650279,PRIN,53,56,500,796,398000.00,2017-12-28 05:06:00.502790
95,201712285650029,PRIN,59,53,100,803,80300.00,2017-12-28 05:06:00.500290
96,201712285649596,PRIN,5,5,300,804,241200.00,2017-12-28 05:06:00.495960
97,201712285649445,PRIN,17,26,30,805,24150.00,2017-12-28 05:06:00.494450
98,201712285649446,PRIN,34,26,170,802,136340.00,2017-12-28 05:06:00.494460
99,201712285649352,PRIN,17,17,34,804,27336.00,2017-12-28 05:06:00.493520
100,201712285648866,PRIN,37,39,100,805,80500.00,2017-12-28 05:06:00.488660
101,201712285648878,PRIN,37,56,200,805,161000.00,2017-12-28 05:06:00.488780
102,201712285648828,PRIN,37,5,200,806,161200.00,2017-12-28 05:06:00.488280
103,201712285648773,PRIN,37,26,100,806,80600.00,2017-12-28 05:06:00.487730
104,201712285648638,PRIN,19,28,50,807,40350.00,2017-12-28 05:06:00.486380
105,201712285648639,PRIN,37,28,191,806,153946.00,2017-12-28 05:06:00.486390
106,201712285648305,PRIN,41,43,50,815,40750.00,2017-12-28 05:06:00.483050
107,201712285648012,PRIN,7,34,10,819,8190.00,2017-12-28 05:06:00.480120
108,201712285648013,PRIN,7,58,65,820,53300.00,2017-12-28 05:06:00.480130
109,201712285648014,PRIN,7,13,100,820,82000.00,2017-12-28 05:06:00.480140
110,201712285647752,PRIN,7,22,35,820,28700.00,2017-12-28 05:06:00.477520
111,201712285647753,PRIN,7,58,115,820,94300.00,2017-12-28 05:06:00.477530
112,201712285647691,PRIN,21,43,50,815,40750.00,2017-12-28 05:06:00.476910
113,201712285647594,PRIN,17,49,50,811,40550.00,2017-12-28 05:06:00.475940
114,201712285647595,PRIN,17,32,17,811,13787.00,2017-12-28 05:06:00.475950
115,201712285647596,PRIN,17,57,356,812,289072.00,2017-12-28 05:06:00.475960
116,201712285647597,PRIN,17,14,500,813,406500.00,2017-12-28 05:06:00.475970
117,201712285647598,PRIN,17,40,328,813,266664.00,2017-12-28 05:06:00.475980
118,201712285647619,PRIN,21,42,150,815,122250.00,2017-12-28 05:06:00.476190
119,201712285647243,PRIN,17,13,100,811,81100.00,2017-12-28 05:06:00.472430
120,201712285647047,PRIN,19,14,20,800,16000.00,2017-12-28 05:06:00.470470
121,201712285647048,PRIN,19,47,161,800,128800.00,2017-12-28 05:06:00.470480
122,201712285646610,PRIN,37,41,19,798,15162.00,2017-12-28 05:06:00.466100
123,201712285646337,PRIN,34,34,10,813,8130.00,2017-12-28 05:06:00.463370
124,201712285646292,PRIN,37,52,278,798,221844.00,2017-12-28 05:06:00.462920
125,201712285646047,PRIN,7,43,19,795,15105.00,2017-12-28 05:06:00.460470
126,201712285645285,PRIN,14,41,119,790,94010.00,2017-12-28 05:06:00.452850
127,201712285645155,PRIN,22,21,50,785,39250.00,2017-12-28 05:06:00.451550
128,201712285645156,PRIN,22,21,50,785,39250.00,2017-12-28 05:06:00.451560
129,201712285645157,PRIN,43,21,50,784,39200.00,2017-12-28 05:06:00.451570
130,201712275644835,PRIN,22,58,30,799,23970.00,2017-12-27 05:06:00.448350
131,201712275644849,PRIN,22,58,80,799,63920.00,2017-12-27 05:06:00.448490
132,201712275644791,PRIN,37,49,41,795,32595.00,2017-12-27 05:06:00.447910
133,201712275644749,PRIN,22,58,132,799,105468.00,2017-12-27 05:06:00.447490
134,201712275644436,PRIN,18,26,50,794,39700.00,2017-12-27 05:06:00.444360
135,201712275644441,PRIN,6,20,100,793,79300.00,2017-12-27 05:06:00.444410
136,201712275644442,PRIN,53,20,20,793,15860.00,2017-12-27 05:06:00.444420
137,201712275644399,PRIN,11,58,48,798,38304.00,2017-12-27 05:06:00.443990
138,201712275644400,PRIN,59,58,50,798,39900.00,2017-12-27 05:06:00.444000
139,201712275644401,PRIN,29,58,100,797,79700.00,2017-12-27 05:06:00.444010
140,201712275644402,PRIN,29,58,100,797,79700.00,2017-12-27 05:06:00.444020
141,201712275644403,PRIN,34,58,300,796,238800.00,2017-12-27 05:06:00.444030
142,201712275644404,PRIN,14,58,48,795,38160.00,2017-12-27 05:06:00.444040
143,201712275644405,PRIN,45,58,72,795,57240.00,2017-12-27 05:06:00.444050
144,201712275644406,PRIN,22,58,50,795,39750.00,2017-12-27 05:06:00.444060
145,201712275644407,PRIN,7,58,200,795,159000.00,2017-12-27 05:06:00.444070
146,201712275644150,PRIN,37,49,140,799,111860.00,2017-12-27 05:06:00.441500
147,201712275644151,PRIN,42,49,100,798,79800.00,2017-12-27 05:06:00.441510
148,201712275644152,PRIN,11,49,452,798,360696.00,2017-12-27 05:06:00.441520
149,201712275644026,PRIN,37,58,300,800,240000.00,2017-12-27 05:06:00.440260
150,201712275643821,PRIN,59,58,30,800,24000.00,2017-12-27 05:06:00.438210
151,201712275643804,PRIN,34,58,100,800,80000.00,2017-12-27 05:06:00.438040
152,201712275643746,PRIN,34,58,100,800,80000.00,2017-12-27 05:06:00.437460
153,201712275643701,PRIN,11,58,100,800,80000.00,2017-12-27 05:06:00.437010
154,201712275643665,PRIN,17,58,50,800,40000.00,2017-12-27 05:06:00.436650
155,201712275643666,PRIN,14,58,50,800,40000.00,2017-12-27 05:06:00.436660
156,201712275643667,PRIN,51,58,200,800,160000.00,2017-12-27 05:06:00.436670
157,201712275643366,PRIN,38,43,100,803,80300.00,2017-12-27 05:06:00.433660
158,201712275643367,PRIN,38,58,200,804,160800.00,2017-12-27 05:06:00.433670
159,201712275643368,PRIN,38,13,100,805,80500.00,2017-12-27 05:06:00.433680
160,201712275643369,PRIN,38,56,100,806,80600.00,2017-12-27 05:06:00.433690
161,201712275643191,PRIN,38,58,500,800,400000.00,2017-12-27 05:06:00.431910
162,201712275643086,PRIN,53,58,200,805,161000.00,2017-12-27 05:06:00.430860
163,201712275643094,PRIN,10,58,100,804,80400.00,2017-12-27 05:06:00.430940
164,201712275643010,PRIN,10,13,100,804,80400.00,2017-12-27 05:06:00.430100
165,201712275642977,PRIN,53,43,200,802,160400.00,2017-12-27 05:06:00.429770
166,201712275642852,PRIN,58,58,300,799,239700.00,2017-12-27 05:06:00.428520
167,201712275642860,PRIN,21,28,100,800,80000.00,2017-12-27 05:06:00.428600
168,201712275642863,PRIN,36,1,27,797,21519.00,2017-12-27 05:06:00.428630
169,201712275642864,PRIN,25,1,40,797,31880.00,2017-12-27 05:06:00.428640
170,201712275642869,PRIN,14,1,52,795,41340.00,2017-12-27 05:06:00.428690
171,201712275642689,PRIN,16,16,393,792,311256.00,2017-12-27 05:06:00.426890
172,201712275642529,PRIN,14,16,50,798,39900.00,2017-12-27 05:06:00.425290
173,201712275642530,PRIN,43,16,100,798,79800.00,2017-12-27 05:06:00.425300
174,201712275642531,PRIN,33,16,50,797,39850.00,2017-12-27 05:06:00.425310
175,201712275642532,PRIN,13,16,20,797,15940.00,2017-12-27 05:06:00.425320
176,201712275642533,PRIN,36,16,173,797,137881.00,2017-12-27 05:06:00.425330
177,201712275642302,PRIN,17,58,60,799,47940.00,2017-12-27 05:06:00.423020
178,201712275642303,PRIN,22,58,200,799,159800.00,2017-12-27 05:06:00.423030
179,201712275642276,PRIN,7,16,100,800,80000.00,2017-12-27 05:06:00.422760
180,201712275642277,PRIN,37,16,293,800,234400.00,2017-12-27 05:06:00.422770
181,201712275642245,PRIN,22,43,100,802,80200.00,2017-12-27 05:06:00.422450
182,201712275641809,PRIN,37,58,30,801,24030.00,2017-12-27 05:06:00.418090
183,201712275641810,PRIN,22,58,100,801,80100.00,2017-12-27 05:06:00.418100
184,201712275641811,PRIN,17,58,165,801,132165.00,2017-12-27 05:06:00.418110
185,201712275641812,PRIN,41,58,122,800,97600.00,2017-12-27 05:06:00.418120
186,201712275641813,PRIN,58,58,100,800,80000.00,2017-12-27 05:06:00.418130
187,201712275641814,PRIN,43,58,57,800,45600.00,2017-12-27 05:06:00.418140
188,201712275641815,PRIN,17,58,100,800,80000.00,2017-12-27 05:06:00.418150
189,201712275641816,PRIN,41,58,100,800,80000.00,2017-12-27 05:06:00.418160
190,201712275641817,PRIN,37,58,100,800,80000.00,2017-12-27 05:06:00.418170
191,201712275641818,PRIN,21,58,30,799,23970.00,2017-12-27 05:06:00.418180
192,201712275641819,PRIN,6,58,500,799,399500.00,2017-12-27 05:06:00.418190
193,201712275641820,PRIN,25,58,96,799,76704.00,2017-12-27 05:06:00.418200
194,201712275641400,PRIN,37,59,170,801,136170.00,2017-12-27 05:06:00.414000
195,201712275641289,PRIN,45,56,100,801,80100.00,2017-12-27 05:06:00.412890
196,201712275641006,PRIN,17,42,50,806,40300.00,2017-12-27 05:06:00.410060
197,201712275641007,PRIN,45,42,50,805,40250.00,2017-12-27 05:06:00.410070
198,201712275641008,PRIN,37,42,200,802,160400.00,2017-12-27 05:06:00.410080
199,201712275641009,PRIN,14,42,20,801,16020.00,2017-12-27 05:06:00.410090
200,201712275641010,PRIN,50,42,40,801,32040.00,2017-12-27 05:06:00.410100
201,201712275641011,PRIN,17,42,50,801,40050.00,2017-12-27 05:06:00.410110
202,201712275641012,PRIN,32,42,100,800,80000.00,2017-12-27 05:06:00.410120
203,201712275641013,PRIN,37,42,262,800,209600.00,2017-12-27 05:06:00.410130
204,201712275641014,PRIN,53,42,100,800,80000.00,2017-12-27 05:06:00.410140
205,201712275641015,PRIN,17,42,50,800,40000.00,2017-12-27 05:06:00.410150
206,201712275641016,PRIN,41,42,78,800,62400.00,2017-12-27 05:06:00.410160
207,201712275640800,PRIN,52,14,10,808,8080.00,2017-12-27 05:06:00.408000
208,201712275640801,PRIN,8,14,42,808,33936.00,2017-12-27 05:06:00.408010
209,201712275640802,PRIN,34,14,231,807,186417.00,2017-12-27 05:06:00.408020
210,201712275640740,PRIN,8,52,20,808,16160.00,2017-12-27 05:06:00.407400
211,201712275640748,PRIN,34,35,69,807,55683.00,2017-12-27 05:06:00.407480
212,201712275640672,PRIN,8,53,38,808,30704.00,2017-12-27 05:06:00.406720
213,201712275640569,PRIN,52,4,90,808,72720.00,2017-12-27 05:06:00.405690
214,201712275640428,PRIN,7,45,40,812,32480.00,2017-12-27 05:06:00.404280
215,201712275640429,PRIN,45,45,200,810,162000.00,2017-12-27 05:06:00.404290
216,201712275640357,PRIN,17,43,50,813,40650.00,2017-12-27 05:06:00.403570
217,201712275640407,PRIN,7,41,200,812,162400.00,2017-12-27 05:06:00.404070
218,201712275640267,PRIN,14,34,248,815,202120.00,2017-12-27 05:06:00.402670
219,201712275640203,PRIN,57,44,120,817,98040.00,2017-12-27 05:06:00.402030
220,201712275640204,PRIN,41,44,100,816,81600.00,2017-12-27 05:06:00.402040
221,201712275640205,PRIN,14,44,52,815,42380.00,2017-12-27 05:06:00.402050
222,201712275640127,PRIN,57,58,20,824,16480.00,2017-12-27 05:06:00.401270
223,201712275639770,PRIN,19,34,200,825,165000.00,2017-12-27 05:06:00.397700
224,201712275639470,PRIN,7,34,440,814,358160.00,2017-12-27 05:06:00.394700
225,201712275639472,PRIN,7,8,100,815,81500.00,2017-12-27 05:06:00.394720
226,201712275639341,PRIN,52,34,60,814,48840.00,2017-12-27 05:06:00.393410
227,201712275639303,PRIN,37,19,200,812,162400.00,2017-12-27 05:06:00.393030
228,201712275639193,PRIN,34,42,200,813,162600.00,2017-12-27 05:06:00.391930
229,201712275638840,PRIN,53,4,50,808,40400.00,2017-12-27 05:06:00.388400
230,201712275638846,PRIN,53,22,100,809,80900.00,2017-12-27 05:06:00.388460
231,201712275638651,PRIN,16,22,200,805,161000.00,2017-12-27 05:06:00.386510
232,201712275638662,PRIN,37,40,160,795,127200.00,2017-12-27 05:06:00.386620
233,201712275638509,PRIN,37,1,238,800,190400.00,2017-12-27 05:06:00.385090
234,201712275638430,PRIN,17,34,194,790,153260.00,2017-12-27 05:06:00.384300
235,201712275638268,PRIN,1,22,50,801,40050.00,2017-12-27 05:06:00.382680
236,201712275638269,PRIN,51,22,50,801,40050.00,2017-12-27 05:06:00.382690
237,201712275638270,PRIN,38,22,100,801,80100.00,2017-12-27 05:06:00.382700
238,201712265637778,PRIN,29,21,100,817,81700.00,2017-12-26 05:06:00.377780
239,201712265637779,PRIN,19,21,100,817,81700.00,2017-12-26 05:06:00.377790
240,201712265637340,PRIN,40,45,239,816,195024.00,2017-12-26 05:06:00.373400
241,201712265636966,PRIN,11,34,11,818,8998.00,2017-12-26 05:06:00.369660
242,201712265636967,PRIN,36,34,122,817,99674.00,2017-12-26 05:06:00.369670
243,201712265636779,PRIN,49,17,11,820,9020.00,2017-12-26 05:06:00.367790
244,201712265636780,PRIN,11,17,89,818,72802.00,2017-12-26 05:06:00.367800
245,201712265636571,PRIN,49,21,100,820,82000.00,2017-12-26 05:06:00.365710
246,201712265636513,PRIN,49,17,89,820,72980.00,2017-12-26 05:06:00.365130
247,201712265636344,PRIN,36,47,19,817,15523.00,2017-12-26 05:06:00.363440
248,201712265635836,PRIN,34,34,1000,810,810000.00,2017-12-26 05:06:00.358360
249,201712265635847,PRIN,42,26,60,818,49080.00,2017-12-26 05:06:00.358470
250,201712265635848,PRIN,36,26,280,817,228760.00,2017-12-26 05:06:00.358480
251,201712265635832,PRIN,42,35,60,818,49080.00,2017-12-26 05:06:00.358320
252,201712265635689,PRIN,36,26,79,817,64543.00,2017-12-26 05:06:00.356890
253,201712265635264,PRIN,41,34,100,820,82000.00,2017-12-26 05:06:00.352640
254,201712265635265,PRIN,41,34,130,820,106600.00,2017-12-26 05:06:00.352650
255,201712265635009,PRIN,10,47,100,821,82100.00,2017-12-26 05:06:00.350090
256,201712265634949,PRIN,17,57,113,818,92434.00,2017-12-26 05:06:00.349490
257,201712265634950,PRIN,17,34,500,819,409500.00,2017-12-26 05:06:00.349500
258,201712265634771,PRIN,5,34,100,814,81400.00,2017-12-26 05:06:00.347710
259,201712265634772,PRIN,44,34,500,814,407000.00,2017-12-26 05:06:00.347720
260,201712265634773,PRIN,6,34,400,813,325200.00,2017-12-26 05:06:00.347730
261,201712265634774,PRIN,19,34,100,813,81300.00,2017-12-26 05:06:00.347740
262,201712265634749,PRIN,5,34,43,815,35045.00,2017-12-26 05:06:00.347490
263,201712265634750,PRIN,25,34,250,815,203750.00,2017-12-26 05:06:00.347500
264,201712265634607,PRIN,35,34,50,819,40950.00,2017-12-26 05:06:00.346070
265,201712265634528,PRIN,34,34,1500,810,1215000.00,2017-12-26 05:06:00.345280
266,201712265634251,PRIN,57,34,100,817,81700.00,2017-12-26 05:06:00.342510
267,201712265634252,PRIN,34,34,52,816,42432.00,2017-12-26 05:06:00.342520
268,201712265634253,PRIN,44,34,200,816,163200.00,2017-12-26 05:06:00.342530
269,201712265634254,PRIN,21,34,10,815,8150.00,2017-12-26 05:06:00.342540
270,201712265634255,PRIN,22,34,100,815,81500.00,2017-12-26 05:06:00.342550
271,201712265634256,PRIN,5,34,57,815,46455.00,2017-12-26 05:06:00.342560
272,201712265634210,PRIN,22,34,50,820,41000.00,2017-12-26 05:06:00.342100
273,201712265634034,PRIN,53,34,31,820,25420.00,2017-12-26 05:06:00.340340
274,201712265634035,PRIN,16,34,50,820,41000.00,2017-12-26 05:06:00.340350
275,201712265634036,PRIN,37,34,50,820,41000.00,2017-12-26 05:06:00.340360
276,201712265633497,PRIN,53,14,19,820,15580.00,2017-12-26 05:06:00.334970
277,201712265633444,PRIN,21,14,190,815,154850.00,2017-12-26 05:06:00.334440
278,201712265633335,PRIN,37,45,500,821,410500.00,2017-12-26 05:06:00.333350
279,201712265633175,PRIN,5,35,100,820,82000.00,2017-12-26 05:06:00.331750
280,201712265633114,PRIN,35,45,200,818,163600.00,2017-12-26 05:06:00.331140
281,201712265633099,PRIN,1,45,60,816,48960.00,2017-12-26 05:06:00.330990
282,201712265632834,PRIN,51,21,20,811,16220.00,2017-12-26 05:06:00.328340
283,201712265632835,PRIN,44,21,200,810,162000.00,2017-12-26 05:06:00.328350
284,201712265632836,PRIN,53,21,70,809,56630.00,2017-12-26 05:06:00.328360
285,201712265632837,PRIN,25,21,10,808,8080.00,2017-12-26 05:06:00.328370
286,201712265632720,PRIN,53,47,30,809,24270.00,2017-12-26 05:06:00.327200
287,201712265632607,PRIN,59,6,38,820,31160.00,2017-12-26 05:06:00.326070
288,201712265632352,PRIN,59,21,50,825,41250.00,2017-12-26 05:06:00.323520
289,201712265632353,PRIN,22,21,200,824,164800.00,2017-12-26 05:06:00.323530
290,201712265632354,PRIN,8,21,50,824,41200.00,2017-12-26 05:06:00.323540
291,201712245631126,PRIN,42,28,200,840,168000.00,2017-12-24 05:06:00.311260
292,201712245630985,PRIN,32,13,200,843,168600.00,2017-12-24 05:06:00.309850
293,201712245630915,PRIN,22,13,500,841,420500.00,2017-12-24 05:06:00.309150
294,201712245630500,PRIN,42,45,208,840,174720.00,2017-12-24 05:06:00.305000
295,201712245629316,PRIN,7,45,200,846,169200.00,2017-12-24 05:06:00.293160
296,201712245629244,PRIN,7,45,125,843,105375.00,2017-12-24 05:06:00.292440
297,201712245628711,PRIN,59,18,125,843,105375.00,2017-12-24 05:06:00.287110
298,201712245628712,PRIN,7,18,75,843,63225.00,2017-12-24 05:06:00.287120
299,201712245628567,PRIN,44,45,700,844,590800.00,2017-12-24 05:06:00.285670
300,201712245628253,PRIN,29,45,200,844,168800.00,2017-12-24 05:06:00.282530
301,201712245628136,PRIN,22,5,190,845,160550.00,2017-12-24 05:06:00.281360
302,201712245628137,PRIN,38,5,100,845,84500.00,2017-12-24 05:06:00.281370
303,201712245628005,PRIN,21,44,118,846,99828.00,2017-12-24 05:06:00.280050
304,201712245628008,PRIN,21,44,82,846,69372.00,2017-12-24 05:06:00.280080
305,201712245628009,PRIN,21,44,100,846,84600.00,2017-12-24 05:06:00.280090
306,201712245627643,PRIN,51,44,200,846,169200.00,2017-12-24 05:06:00.276430
307,201712245627644,PRIN,42,44,10,845,8450.00,2017-12-24 05:06:00.276440
308,201712245627645,PRIN,57,44,160,845,135200.00,2017-12-24 05:06:00.276450
309,201712245627592,PRIN,22,50,67,850,56950.00,2017-12-24 05:06:00.275920
310,201712245627607,PRIN,22,44,33,850,28050.00,2017-12-24 05:06:00.276070
311,201712245627608,PRIN,17,44,40,850,34000.00,2017-12-24 05:06:00.276080
312,201712245627526,PRIN,35,1,189,850,160650.00,2017-12-24 05:06:00.275260
313,201712245627135,PRIN,5,53,200,850,170000.00,2017-12-24 05:06:00.271350
314,201712245626890,PRIN,57,45,78,850,66300.00,2017-12-24 05:06:00.268900
315,201712245626678,PRIN,55,45,150,852,127800.00,2017-12-24 05:06:00.266780
316,201712245626679,PRIN,20,45,100,851,85100.00,2017-12-24 05:06:00.266790
317,201712245626680,PRIN,57,45,250,850,212500.00,2017-12-24 05:06:00.266800
318,201712245626082,PRIN,57,18,100,850,85000.00,2017-12-24 05:06:00.260820
319,201712245626083,PRIN,57,41,72,855,61560.00,2017-12-24 05:06:00.260830
320,201712245626057,PRIN,59,6,19,849,16131.00,2017-12-24 05:06:00.260570
321,201712215625172,PRIN,57,20,66,845,55770.00,2017-12-21 05:06:00.251720
322,201712215625173,PRIN,53,20,100,844,84400.00,2017-12-21 05:06:00.251730
323,201712215625174,PRIN,11,20,50,843,42150.00,2017-12-21 05:06:00.251740
324,201712215625086,PRIN,57,53,200,845,169000.00,2017-12-21 05:06:00.250860
325,201712215625094,PRIN,57,20,100,845,84500.00,2017-12-21 05:06:00.250940
326,201712215625029,PRIN,57,7,400,845,338000.00,2017-12-21 05:06:00.250290
327,201712215624274,PRIN,29,20,100,849,84900.00,2017-12-21 05:06:00.242740
328,201712215623971,PRIN,33,38,150,845,126750.00,2017-12-21 05:06:00.239710
329,201712215623925,PRIN,56,32,100,843,84300.00,2017-12-21 05:06:00.239250
330,201712215623926,PRIN,57,32,90,842,75780.00,2017-12-21 05:06:00.239260
331,201712215623731,PRIN,21,32,290,838,243020.00,2017-12-21 05:06:00.237310
332,201712215623743,PRIN,8,32,10,842,8420.00,2017-12-21 05:06:00.237430
333,201712215623641,PRIN,37,35,30,845,25350.00,2017-12-21 05:06:00.236410
334,201712215623642,PRIN,37,35,544,845,459680.00,2017-12-21 05:06:00.236420
335,201712215623336,PRIN,37,14,100,842,84200.00,2017-12-21 05:06:00.233360
336,201712215623066,PRIN,57,28,144,837,120528.00,2017-12-21 05:06:00.230660
337,201712215623071,PRIN,10,7,100,837,83700.00,2017-12-21 05:06:00.230710
338,201712215623072,PRIN,52,7,100,837,83700.00,2017-12-21 05:06:00.230720
339,201712215622424,PRIN,37,17,100,836,83600.00,2017-12-21 05:06:00.224240
340,201712215622425,PRIN,21,17,10,835,8350.00,2017-12-21 05:06:00.224250
341,201712215622188,PRIN,18,17,100,840,84000.00,2017-12-21 05:06:00.221880
342,201712205620404,PRIN,53,45,10,841,8410.00,2017-12-20 05:06:00.204040
343,201712205620405,PRIN,53,45,20,841,16820.00,2017-12-20 05:06:00.204050
344,201712205620406,PRIN,22,45,50,841,42050.00,2017-12-20 05:06:00.204060
345,201712205620407,PRIN,35,45,10,840,8400.00,2017-12-20 05:06:00.204070
346,201712205620408,PRIN,47,45,10,840,8400.00,2017-12-20 05:06:00.204080
347,201712205620409,PRIN,35,45,50,840,42000.00,2017-12-20 05:06:00.204090
348,201712205620410,PRIN,16,45,50,840,42000.00,2017-12-20 05:06:00.204100
349,201712205620356,PRIN,37,45,40,845,33800.00,2017-12-20 05:06:00.203560
350,201712205620051,PRIN,56,45,15,850,12750.00,2017-12-20 05:06:00.200510
351,201712205620052,PRIN,51,45,12,848,10176.00,2017-12-20 05:06:00.200520
352,201712205620053,PRIN,59,45,50,848,42400.00,2017-12-20 05:06:00.200530
353,201712205620054,PRIN,37,45,48,847,40656.00,2017-12-20 05:06:00.200540
354,201712205620055,PRIN,28,45,50,846,42300.00,2017-12-20 05:06:00.200550
355,201712205620056,PRIN,22,45,180,846,152280.00,2017-12-20 05:06:00.200560
356,201712205620057,PRIN,43,45,30,845,25350.00,2017-12-20 05:06:00.200570
357,201712205620058,PRIN,22,45,100,845,84500.00,2017-12-20 05:06:00.200580
358,201712205620059,PRIN,22,45,300,845,253500.00,2017-12-20 05:06:00.200590
359,201712205620060,PRIN,52,45,50,845,42250.00,2017-12-20 05:06:00.200600
360,201712205620061,PRIN,52,45,20,844,16880.00,2017-12-20 05:06:00.200610
361,201712205620062,PRIN,6,45,100,843,84300.00,2017-12-20 05:06:00.200620
362,201712205620063,PRIN,22,45,300,843,252900.00,2017-12-20 05:06:00.200630
363,201712205620064,PRIN,1,45,50,843,42150.00,2017-12-20 05:06:00.200640
364,201712205620065,PRIN,43,45,20,842,16840.00,2017-12-20 05:06:00.200650
365,201712205620066,PRIN,22,45,50,842,42100.00,2017-12-20 05:06:00.200660
366,201712205620067,PRIN,17,45,60,842,50520.00,2017-12-20 05:06:00.200670
367,201712205620068,PRIN,41,45,200,842,168400.00,2017-12-20 05:06:00.200680
368,201712205620069,PRIN,43,45,100,841,84100.00,2017-12-20 05:06:00.200690
369,201712205620070,PRIN,53,45,50,840,42000.00,2017-12-20 05:06:00.200700
370,201712205620071,PRIN,49,45,500,840,420000.00,2017-12-20 05:06:00.200710
371,201712205619664,PRIN,51,36,38,848,32224.00,2017-12-20 05:06:00.196640
372,201712205619561,PRIN,51,28,100,850,85000.00,2017-12-20 05:06:00.195610
373,201712205619562,PRIN,37,28,52,847,44044.00,2017-12-20 05:06:00.195620
374,201712205619214,PRIN,5,45,42,845,35490.00,2017-12-20 05:06:00.192140
375,201712205619174,PRIN,51,45,50,847,42350.00,2017-12-20 05:06:00.191740
376,201712205619175,PRIN,14,45,200,845,169000.00,2017-12-20 05:06:00.191750
377,201712205619176,PRIN,59,45,400,845,338000.00,2017-12-20 05:06:00.191760
378,201712205619177,PRIN,29,45,150,845,126750.00,2017-12-20 05:06:00.191770
379,201712205619151,PRIN,49,45,100,851,85100.00,2017-12-20 05:06:00.191510
380,201712205619152,PRIN,55,45,43,850,36550.00,2017-12-20 05:06:00.191520
381,201712205619153,PRIN,22,45,359,850,305150.00,2017-12-20 05:06:00.191530
382,201712205619154,PRIN,37,45,100,850,85000.00,2017-12-20 05:06:00.191540
383,201712205619032,PRIN,58,49,143,852,121836.00,2017-12-20 05:06:00.190320
384,201712205619039,PRIN,59,49,50,851,42550.00,2017-12-20 05:06:00.190390
385,201712205619040,PRIN,49,49,100,850,85000.00,2017-12-20 05:06:00.190400
386,201712205619041,PRIN,50,49,50,850,42500.00,2017-12-20 05:06:00.190410
387,201712205619042,PRIN,55,49,157,850,133450.00,2017-12-20 05:06:00.190420
388,201712205618998,PRIN,57,34,20,854,17080.00,2017-12-20 05:06:00.189980
389,201712205618999,PRIN,56,34,21,853,17913.00,2017-12-20 05:06:00.189990
390,201712205619000,PRIN,37,34,147,853,125391.00,2017-12-20 05:06:00.190000
391,201712205619005,PRIN,58,49,200,852,170400.00,2017-12-20 05:06:00.190050
392,201712205619013,PRIN,58,57,57,852,48564.00,2017-12-20 05:06:00.190130
393,201712205618982,PRIN,56,49,29,853,24737.00,2017-12-20 05:06:00.189820
394,201712205618850,PRIN,56,22,150,853,127950.00,2017-12-20 05:06:00.188500
395,201712205618436,PRIN,52,49,182,855,155610.00,2017-12-20 05:06:00.184360
396,201712205618371,PRIN,33,45,397,858,340626.00,2017-12-20 05:06:00.183710
397,201712205618402,PRIN,16,36,16,857,13712.00,2017-12-20 05:06:00.184020
398,201712205618403,PRIN,1,36,100,856,85600.00,2017-12-20 05:06:00.184030
399,201712205618404,PRIN,53,36,30,856,25680.00,2017-12-20 05:06:00.184040
400,201712205618405,PRIN,1,36,100,855,85500.00,2017-12-20 05:06:00.184050
401,201712205618406,PRIN,59,36,100,855,85500.00,2017-12-20 05:06:00.184060
402,201712205618407,PRIN,52,36,18,855,15390.00,2017-12-20 05:06:00.184070
403,201712205618313,PRIN,33,33,103,860,88580.00,2017-12-20 05:06:00.183130
404,201712205617960,PRIN,33,45,100,865,86500.00,2017-12-20 05:06:00.179600
405,201712205617923,PRIN,16,45,34,857,29138.00,2017-12-20 05:06:00.179230
406,201712205617633,PRIN,45,45,200,860,172000.00,2017-12-20 05:06:00.176330
407,201712205617505,PRIN,59,45,100,865,86500.00,2017-12-20 05:06:00.175050
408,201712205617453,PRIN,11,37,17,865,14705.00,2017-12-20 05:06:00.174530
409,201712205617327,PRIN,10,45,100,858,85800.00,2017-12-20 05:06:00.173270
410,201712205617328,PRIN,10,17,100,860,86000.00,2017-12-20 05:06:00.173280
411,201712205617329,PRIN,10,55,19,860,16340.00,2017-12-20 05:06:00.173290
412,201712205617333,PRIN,37,55,100,860,86000.00,2017-12-20 05:06:00.173330
413,201712205617182,PRIN,40,19,100,858,85800.00,2017-12-20 05:06:00.171820
414,201712205617150,PRIN,37,58,160,856,136960.00,2017-12-20 05:06:00.171500
415,201712205617138,PRIN,53,58,150,856,128400.00,2017-12-20 05:06:00.171380
416,201712205617052,PRIN,43,58,20,856,17120.00,2017-12-20 05:06:00.170520
417,201712205616954,PRIN,28,33,25,850,21250.00,2017-12-20 05:06:00.169540
418,201712205616955,PRIN,28,33,20,850,17000.00,2017-12-20 05:06:00.169550
419,201712205616956,PRIN,22,33,141,846,119286.00,2017-12-20 05:06:00.169560
420,201712205616563,PRIN,25,33,100,850,85000.00,2017-12-20 05:06:00.165630
421,201712205616564,PRIN,47,33,20,850,17000.00,2017-12-20 05:06:00.165640
422,201712205616565,PRIN,22,33,50,850,42500.00,2017-12-20 05:06:00.165650
423,201712205616566,PRIN,1,33,100,846,84600.00,2017-12-20 05:06:00.165660
424,201712205616567,PRIN,48,33,50,842,42100.00,2017-12-20 05:06:00.165670
425,201712205616487,PRIN,43,45,100,851,85100.00,2017-12-20 05:06:00.164870
426,201712205616390,PRIN,55,33,85,857,72845.00,2017-12-20 05:06:00.163900
427,201712205616391,PRIN,4,33,100,857,85700.00,2017-12-20 05:06:00.163910
428,201712205616345,PRIN,6,45,100,858,85800.00,2017-12-20 05:06:00.163450
429,201712205616346,PRIN,55,45,15,857,12855.00,2017-12-20 05:06:00.163460
430,201712205616224,PRIN,6,5,32,859,27488.00,2017-12-20 05:06:00.162240
431,201712205616217,PRIN,52,6,100,860,86000.00,2017-12-20 05:06:00.162170
432,201712205616218,PRIN,6,6,138,859,118542.00,2017-12-20 05:06:00.162180
433,201712205616151,PRIN,6,29,76,859,65284.00,2017-12-20 05:06:00.161510
434,201712195615643,PRIN,1,6,100,869,86900.00,2017-12-19 05:06:00.156430
435,201712195615644,PRIN,43,6,200,868,173600.00,2017-12-19 05:06:00.156440
436,201712195615645,PRIN,37,6,100,868,86800.00,2017-12-19 05:06:00.156450
437,201712195613831,PRIN,40,44,330,875,288750.00,2017-12-19 05:06:00.138310
438,201712195613204,PRIN,32,19,200,870,174000.00,2017-12-19 05:06:00.132040
439,201712195612996,PRIN,43,18,12,866,10392.00,2017-12-19 05:06:00.129960
440,201712195612942,PRIN,36,18,150,866,129900.00,2017-12-19 05:06:00.129420
441,201712195612103,PRIN,43,43,20,866,17320.00,2017-12-19 05:06:00.121030
442,201712195612104,PRIN,55,43,100,865,86500.00,2017-12-19 05:06:00.121040
443,201712195612054,PRIN,43,14,20,867,17340.00,2017-12-19 05:06:00.120540
444,201712195612055,PRIN,43,14,80,866,69280.00,2017-12-19 05:06:00.120550
445,201712185610311,PRIN,52,6,20,870,17400.00,2017-12-18 05:06:00.103110
446,201712185610327,PRIN,40,6,150,874,131100.00,2017-12-18 05:06:00.103270
447,201712185610328,PRIN,40,36,200,875,175000.00,2017-12-18 05:06:00.103280
448,201712185610329,PRIN,40,32,100,875,87500.00,2017-12-18 05:06:00.103290
449,201712185610156,PRIN,17,33,30,870,26100.00,2017-12-18 05:06:00.101560
450,201712185610157,PRIN,55,33,100,870,87000.00,2017-12-18 05:06:00.101570
451,201712185610158,PRIN,6,33,200,870,174000.00,2017-12-18 05:06:00.101580
452,201712185610159,PRIN,42,33,50,869,43450.00,2017-12-18 05:06:00.101590
453,201712185610160,PRIN,40,33,1193,869,1036717.00,2017-12-18 05:06:00.101600
454,201712185609869,PRIN,17,19,20,870,17400.00,2017-12-18 05:06:00.098690
455,201712185609707,PRIN,49,45,150,870,130500.00,2017-12-18 05:06:00.097070
456,201712185609708,PRIN,17,45,50,870,43500.00,2017-12-18 05:06:00.097080
457,201712185609535,PRIN,6,45,200,871,174200.00,2017-12-18 05:06:00.095350
458,201712185609536,PRIN,40,45,58,870,50460.00,2017-12-18 05:06:00.095360
459,201712185609537,PRIN,41,45,100,870,87000.00,2017-12-18 05:06:00.095370
460,201712185609538,PRIN,52,45,100,870,87000.00,2017-12-18 05:06:00.095380
461,201712185609539,PRIN,41,45,50,870,43500.00,2017-12-18 05:06:00.095390
462,201712185609540,PRIN,46,45,250,870,217500.00,2017-12-18 05:06:00.095400
463,201712185609541,PRIN,58,45,42,870,36540.00,2017-12-18 05:06:00.095410
464,201712185609463,PRIN,19,33,100,871,87100.00,2017-12-18 05:06:00.094630
465,201712185609464,PRIN,7,33,100,870,87000.00,2017-12-18 05:06:00.094640
466,201712185609465,PRIN,53,33,50,870,43500.00,2017-12-18 05:06:00.094650
467,201712185609466,PRIN,25,33,100,870,87000.00,2017-12-18 05:06:00.094660
468,201712185609467,PRIN,47,33,20,870,17400.00,2017-12-18 05:06:00.094670
469,201712185609468,PRIN,40,33,142,870,123540.00,2017-12-18 05:06:00.094680
470,201712185609301,PRIN,19,35,100,871,87100.00,2017-12-18 05:06:00.093010
471,201712185609285,PRIN,17,35,41,873,35793.00,2017-12-18 05:06:00.092850
472,201712185609263,PRIN,41,35,79,873,68967.00,2017-12-18 05:06:00.092630
473,201712185609264,PRIN,50,35,100,873,87300.00,2017-12-18 05:06:00.092640
474,201712185609265,PRIN,17,35,100,873,87300.00,2017-12-18 05:06:00.092650
475,201712185609115,PRIN,50,47,100,873,87300.00,2017-12-18 05:06:00.091150
476,201712185608787,PRIN,11,33,70,874,61180.00,2017-12-18 05:06:00.087870
477,201712185608788,PRIN,42,33,100,874,87400.00,2017-12-18 05:06:00.087880
478,201712185608789,PRIN,42,33,117,874,102258.00,2017-12-18 05:06:00.087890
479,201712185608639,PRIN,14,33,450,876,394200.00,2017-12-18 05:06:00.086390
480,201712185608640,PRIN,40,33,551,875,482125.00,2017-12-18 05:06:00.086400
481,201712185608641,PRIN,58,33,150,875,131250.00,2017-12-18 05:06:00.086410
482,201712185608410,PRIN,40,57,100,875,87500.00,2017-12-18 05:06:00.084100
483,201712185608387,PRIN,47,34,44,878,38632.00,2017-12-18 05:06:00.083870
484,201712185608388,PRIN,40,34,500,878,439000.00,2017-12-18 05:06:00.083880
485,201712185608389,PRIN,58,34,300,876,262800.00,2017-12-18 05:06:00.083890
486,201712185608390,PRIN,58,34,100,875,87500.00,2017-12-18 05:06:00.083900
487,201712185608391,PRIN,58,34,100,875,87500.00,2017-12-18 05:06:00.083910
488,201712185608392,PRIN,58,34,100,875,87500.00,2017-12-18 05:06:00.083920
489,201712185608393,PRIN,52,34,100,875,87500.00,2017-12-18 05:06:00.083930
490,201712185608394,PRIN,40,34,849,875,742875.00,2017-12-18 05:06:00.083940
491,201712185608329,PRIN,47,37,120,878,105360.00,2017-12-18 05:06:00.083290
492,201712185608196,PRIN,6,1,100,879,87900.00,2017-12-18 05:06:00.081960
493,201712185608167,PRIN,47,8,136,878,119408.00,2017-12-18 05:06:00.081670
494,201712185608171,PRIN,53,1,150,879,131850.00,2017-12-18 05:06:00.081710
495,201712185608133,PRIN,58,33,300,878,263400.00,2017-12-18 05:06:00.081330
496,201712185608096,PRIN,29,34,500,877,438500.00,2017-12-18 05:06:00.080960
497,201712185607861,PRIN,7,47,100,874,87400.00,2017-12-18 05:06:00.078610
498,201712185607862,PRIN,11,47,30,874,26220.00,2017-12-18 05:06:00.078620
499,201712185607453,PRIN,55,37,50,877,43850.00,2017-12-18 05:06:00.074530
500,201712185607380,PRIN,25,21,140,875,122500.00,2017-12-18 05:06:00.073800
501,201712185607350,PRIN,58,57,300,874,262200.00,2017-12-18 05:06:00.073500
502,201712185607274,PRIN,58,21,60,875,52500.00,2017-12-18 05:06:00.072740
503,201712185607080,PRIN,10,1,200,879,175800.00,2017-12-18 05:06:00.070800
504,201712185606194,PRIN,58,48,140,873,122220.00,2017-12-18 05:06:00.061940
505,201712185606090,PRIN,5,8,100,874,87400.00,2017-12-18 05:06:00.060900
506,201712185605890,PRIN,41,47,21,873,18333.00,2017-12-18 05:06:00.058900
507,201712185605633,PRIN,41,8,20,870,17400.00,2017-12-18 05:06:00.056330
508,201712185605634,PRIN,6,8,80,869,69520.00,2017-12-18 05:06:00.056340
509,201712175605369,PRIN,46,34,20,880,17600.00,2017-12-17 05:06:00.053690
510,201712175605279,PRIN,11,34,100,880,88000.00,2017-12-17 05:06:00.052790
511,201712175604475,PRIN,1,1,50,873,43650.00,2017-12-17 05:06:00.044750
512,201712175604388,PRIN,43,36,20,874,17480.00,2017-12-17 05:06:00.043880
513,201712175604362,PRIN,59,36,30,875,26250.00,2017-12-17 05:06:00.043620
514,201712175604363,PRIN,6,36,100,874,87400.00,2017-12-17 05:06:00.043630
515,201712175604364,PRIN,37,36,150,874,131100.00,2017-12-17 05:06:00.043640
516,201712175604001,PRIN,41,41,150,877,131550.00,2017-12-17 05:06:00.040010
517,201712175604002,PRIN,44,41,50,874,43700.00,2017-12-17 05:06:00.040020
518,201712175603509,PRIN,32,34,100,880,88000.00,2017-12-17 05:06:00.035090
519,201712175603504,PRIN,34,34,1000,875,875000.00,2017-12-17 05:06:00.035040
520,201712175603144,PRIN,58,34,220,880,193600.00,2017-12-17 05:06:00.031440
521,201712175602886,PRIN,22,34,100,876,87600.00,2017-12-17 05:06:00.028860
522,201712175602887,PRIN,58,34,380,875,332500.00,2017-12-17 05:06:00.028870
523,201712175602888,PRIN,29,34,200,875,175000.00,2017-12-17 05:06:00.028880
524,201712175602889,PRIN,47,34,100,875,87500.00,2017-12-17 05:06:00.028890
525,201712175602675,PRIN,58,21,40,875,35000.00,2017-12-17 05:06:00.026750
526,201712175602466,PRIN,55,34,50,875,43750.00,2017-12-17 05:06:00.024660
527,201712175602467,PRIN,14,34,30,875,26250.00,2017-12-17 05:06:00.024670
528,201712175602468,PRIN,58,34,540,875,472500.00,2017-12-17 05:06:00.024680
529,201712175601985,PRIN,21,34,10,876,8760.00,2017-12-17 05:06:00.019850
530,201712175601986,PRIN,33,34,50,875,43750.00,2017-12-17 05:06:00.019860
531,201712175601987,PRIN,21,34,100,875,87500.00,2017-12-17 05:06:00.019870
532,201712175601701,PRIN,20,16,150,880,132000.00,2017-12-17 05:06:00.017010
533,201712175601375,PRIN,32,34,50,879,43950.00,2017-12-17 05:06:00.013750
534,201712175601376,PRIN,32,34,50,878,43900.00,2017-12-17 05:06:00.013760
535,201712175601377,PRIN,32,34,50,878,43900.00,2017-12-17 05:06:00.013770
536,201712175601378,PRIN,57,34,100,878,87800.00,2017-12-17 05:06:00.013780
537,201712175601379,PRIN,6,34,100,877,87700.00,2017-12-17 05:06:00.013790
538,201712175601380,PRIN,55,34,100,876,87600.00,2017-12-17 05:06:00.013800
539,201712175601381,PRIN,43,34,300,875,262500.00,2017-12-17 05:06:00.013810
540,201712175601382,PRIN,41,34,50,875,43750.00,2017-12-17 05:06:00.013820
541,201712175600961,PRIN,43,53,50,880,44000.00,2017-12-17 05:06:00.009610
542,201712145600017,PRIN,25,28,27,888,23976.00,2017-12-14 05:06:00.000170
543,201712145600018,PRIN,4,28,200,885,177000.00,2017-12-14 05:06:00.000180
544,201712145600019,PRIN,32,28,100,884,88400.00,2017-12-14 05:06:00.000190
545,201712145600020,PRIN,32,28,100,884,88400.00,2017-12-14 05:06:00.000200
546,201712145600021,PRIN,32,28,100,884,88400.00,2017-12-14 05:06:00.000210
547,201712145600022,PRIN,45,28,163,883,143929.00,2017-12-14 05:06:00.000220
548,201712145600023,PRIN,45,28,160,883,141280.00,2017-12-14 05:06:00.000230
549,201712145599710,PRIN,25,59,10,888,8880.00,2017-12-14 05:59:00.971000
550,201712145599732,PRIN,35,34,100,889,88900.00,2017-12-14 05:59:00.973200
551,201712145599433,PRIN,25,13,63,888,55944.00,2017-12-14 05:59:00.943300
552,201712145598849,PRIN,45,5,137,883,120971.00,2017-12-14 05:59:00.884900
553,201712145598829,PRIN,45,17,15,883,13245.00,2017-12-14 05:59:00.882900
554,201712145598755,PRIN,43,17,50,885,44250.00,2017-12-14 05:59:00.875500
555,201712145598740,PRIN,6,17,100,885,88500.00,2017-12-14 05:59:00.874000
556,201712145598706,PRIN,1,17,15,885,13275.00,2017-12-14 05:59:00.870600
557,201712145598498,PRIN,42,13,25,888,22200.00,2017-12-14 05:59:00.849800
558,201712145597918,PRIN,21,48,50,884,44200.00,2017-12-14 05:59:00.791800
559,201712145597919,PRIN,45,48,50,883,44150.00,2017-12-14 05:59:00.791900
560,201712145596688,PRIN,36,59,20,880,17600.00,2017-12-14 05:59:00.668800
561,201712145596091,PRIN,36,42,20,880,17600.00,2017-12-14 05:59:00.609100
562,201712145596044,PRIN,38,45,10,890,8900.00,2017-12-14 05:59:00.604400
563,201712145595939,PRIN,19,45,20,890,17800.00,2017-12-14 05:59:00.593900
564,201712135595801,PRIN,14,53,17,890,15130.00,2017-12-13 05:59:00.580100
565,201712135595802,PRIN,22,53,50,890,44500.00,2017-12-13 05:59:00.580200
566,201712135595803,PRIN,22,53,50,890,44500.00,2017-12-13 05:59:00.580300
567,201712135595804,PRIN,17,53,183,890,162870.00,2017-12-13 05:59:00.580400
568,201712135595549,PRIN,52,46,50,891,44550.00,2017-12-13 05:59:00.554900
569,201712135595550,PRIN,59,46,74,890,65860.00,2017-12-13 05:59:00.555000
570,201712135595551,PRIN,14,46,83,890,73870.00,2017-12-13 05:59:00.555100
571,201712135594651,PRIN,59,34,26,890,23140.00,2017-12-13 05:59:00.465100
572,201712135594029,PRIN,4,37,50,900,45000.00,2017-12-13 05:59:00.402900
573,201712135594030,PRIN,4,59,40,900,36000.00,2017-12-13 05:59:00.403000
574,201712135594031,PRIN,4,37,50,900,45000.00,2017-12-13 05:59:00.403100
575,201712135593993,PRIN,34,53,50,900,45000.00,2017-12-13 05:59:00.399300
576,201712135593994,PRIN,34,37,50,900,45000.00,2017-12-13 05:59:00.399400
577,201712135593979,PRIN,4,18,100,892,89200.00,2017-12-13 05:59:00.397900
578,201712135593750,PRIN,22,34,300,890,267000.00,2017-12-13 05:59:00.375000
579,201712135593656,PRIN,35,34,100,890,89000.00,2017-12-13 05:59:00.365600
580,201712135592889,PRIN,28,34,100,890,89000.00,2017-12-13 05:59:00.288900
581,201712125591932,PRIN,37,46,200,885,177000.00,2017-12-12 05:59:00.193200
582,201712125591933,PRIN,22,46,20,885,17700.00,2017-12-12 05:59:00.193300
583,201712125591934,PRIN,22,46,200,885,177000.00,2017-12-12 05:59:00.193400
584,201712125591935,PRIN,35,46,50,885,44250.00,2017-12-12 05:59:00.193500
585,201712125590871,PRIN,13,34,439,889,390271.00,2017-12-12 05:59:00.087100
586,201712125590803,PRIN,11,34,100,889,88900.00,2017-12-12 05:59:00.080300
587,201712125590538,PRIN,22,11,100,885,88500.00,2017-12-12 05:59:00.053800
588,201712125590539,PRIN,38,11,50,883,44150.00,2017-12-12 05:59:00.053900
589,201712125590540,PRIN,20,11,120,883,105960.00,2017-12-12 05:59:00.054000
590,201712125590221,PRIN,6,36,148,882,130536.00,2017-12-12 05:59:00.022100
591,201712125590199,PRIN,35,47,17,884,15028.00,2017-12-12 05:59:00.019900
592,201712125590200,PRIN,21,47,100,884,88400.00,2017-12-12 05:59:00.020000
593,201712125589787,PRIN,42,34,100,889,88900.00,2017-12-12 05:58:00.978700
594,201712125589640,PRIN,35,5,33,884,29172.00,2017-12-12 05:58:00.964000
595,201712125589382,PRIN,7,51,105,885,92925.00,2017-12-12 05:58:00.938200
596,201712125589181,PRIN,58,49,150,885,132750.00,2017-12-12 05:58:00.918100
597,201712125589129,PRIN,17,49,50,885,44250.00,2017-12-12 05:58:00.912900
598,201712125588656,PRIN,58,34,211,886,186946.00,2017-12-12 05:58:00.865600
599,201712125588657,PRIN,14,34,100,885,88500.00,2017-12-12 05:58:00.865700
600,201712125588658,PRIN,25,34,50,885,44250.00,2017-12-12 05:58:00.865800
601,201712125588533,PRIN,55,26,50,888,44400.00,2017-12-12 05:58:00.853300
602,201712125588534,PRIN,58,26,289,886,256054.00,2017-12-12 05:58:00.853400
603,201712125587786,PRIN,28,26,100,899,89900.00,2017-12-12 05:58:00.778600
604,201712115586518,PRIN,36,34,720,893,642960.00,2017-12-11 05:58:00.651800
605,201712115586519,PRIN,36,35,50,895,44750.00,2017-12-11 05:58:00.651900
606,201712115586520,PRIN,36,33,281,895,251495.00,2017-12-11 05:58:00.652000
607,201712115586521,PRIN,36,53,1000,900,900000.00,2017-12-11 05:58:00.652100
608,201712115586522,PRIN,36,1,19,903,17157.00,2017-12-11 05:58:00.652200
609,201712115585774,PRIN,58,34,500,887,443500.00,2017-12-11 05:58:00.577400
610,201712115585775,PRIN,5,34,100,886,88600.00,2017-12-11 05:58:00.577500
611,201712115585776,PRIN,14,34,30,886,26580.00,2017-12-11 05:58:00.577600
612,201712115585777,PRIN,53,34,150,886,132900.00,2017-12-11 05:58:00.577700
613,201712115585778,PRIN,49,34,500,886,443000.00,2017-12-11 05:58:00.577800
614,201712115585779,PRIN,58,34,500,885,442500.00,2017-12-11 05:58:00.577900
615,201712115585780,PRIN,36,34,500,885,442500.00,2017-12-11 05:58:00.578000
616,201712115583930,PRIN,34,1,30,903,27090.00,2017-12-11 05:58:00.393000
617,201712105582489,PRIN,21,59,30,892,26760.00,2017-12-10 05:58:00.248900
618,201712105582490,PRIN,41,59,50,890,44500.00,2017-12-10 05:58:00.249000
619,201712105582491,PRIN,49,59,320,890,284800.00,2017-12-10 05:58:00.249100
620,201712105582005,PRIN,58,34,500,893,446500.00,2017-12-10 05:58:00.200500
621,201712105581766,PRIN,35,17,70,897,62790.00,2017-12-10 05:58:00.176600
622,201712105581767,PRIN,52,17,200,896,179200.00,2017-12-10 05:58:00.176700
623,201712105581768,PRIN,42,17,50,896,44800.00,2017-12-10 05:58:00.176800
624,201712105581769,PRIN,21,17,200,895,179000.00,2017-12-10 05:58:00.176900
625,201712105581770,PRIN,14,17,20,895,17900.00,2017-12-10 05:58:00.177000
626,201712105581771,PRIN,56,17,300,895,268500.00,2017-12-10 05:58:00.177100
627,201712105581772,PRIN,37,17,300,895,268500.00,2017-12-10 05:58:00.177200
628,201712105581773,PRIN,37,17,200,895,179000.00,2017-12-10 05:58:00.177300
629,201712105581774,PRIN,55,17,100,894,89400.00,2017-12-10 05:58:00.177400
630,201712105581775,PRIN,55,17,100,894,89400.00,2017-12-10 05:58:00.177500
631,201712105581776,PRIN,58,17,260,893,232180.00,2017-12-10 05:58:00.177600
632,201712105581543,PRIN,37,45,200,897,179400.00,2017-12-10 05:58:00.154300
633,201712105581547,PRIN,36,34,640,899,575360.00,2017-12-10 05:58:00.154700
634,201712105581548,PRIN,36,41,100,899,89900.00,2017-12-10 05:58:00.154800
635,201712105581341,PRIN,52,59,150,898,134700.00,2017-12-10 05:58:00.134100
636,201712105581342,PRIN,37,59,100,898,89800.00,2017-12-10 05:58:00.134200
637,201712105581343,PRIN,21,59,100,898,89800.00,2017-12-10 05:58:00.134300
638,201712105581256,PRIN,21,34,100,899,89900.00,2017-12-10 05:58:00.125600
639,201712105580969,PRIN,17,34,60,899,53940.00,2017-12-10 05:58:00.096900
640,201712105580751,PRIN,47,34,200,899,179800.00,2017-12-10 05:58:00.075100
641,201712105580304,PRIN,17,59,200,900,180000.00,2017-12-10 05:58:00.030400
642,201712105580097,PRIN,58,53,750,900,675000.00,2017-12-10 05:58:00.009700
643,201712105580098,PRIN,58,19,100,900,90000.00,2017-12-10 05:58:00.009800
644,201712105579734,PRIN,21,59,100,896,89600.00,2017-12-10 05:57:00.973400
645,201712105579214,PRIN,14,53,50,905,45250.00,2017-12-10 05:57:00.921400
646,201712105579215,PRIN,1,53,200,900,180000.00,2017-12-10 05:57:00.921500
647,201712105579144,PRIN,41,49,50,906,45300.00,2017-12-10 05:57:00.914400
648,201712105579145,PRIN,41,49,50,906,45300.00,2017-12-10 05:57:00.914500
649,201712105579146,PRIN,14,49,150,905,135750.00,2017-12-10 05:57:00.914600
650,201712105578662,PRIN,33,53,300,907,272100.00,2017-12-10 05:57:00.866200
651,201712105577936,PRIN,32,49,50,910,45500.00,2017-12-10 05:57:00.793600
652,201712105577898,PRIN,32,14,50,910,45500.00,2017-12-10 05:57:00.789800
653,201712105576640,PRIN,56,58,100,928,92800.00,2017-12-10 05:57:00.664000
654,201712065575882,PRIN,14,34,60,910,54600.00,2017-12-06 05:57:00.588200
655,201712065575398,PRIN,28,40,100,908,90800.00,2017-12-06 05:57:00.539800
656,201712065575399,PRIN,28,37,100,910,91000.00,2017-12-06 05:57:00.539900
657,201712065575400,PRIN,28,47,100,910,91000.00,2017-12-06 05:57:00.540000
658,201712065575350,PRIN,47,53,26,905,23530.00,2017-12-06 05:57:00.535000
659,201712065575360,PRIN,17,5,100,906,90600.00,2017-12-06 05:57:00.536000
660,201712065575366,PRIN,47,34,500,905,452500.00,2017-12-06 05:57:00.536600
661,201712065575328,PRIN,47,22,100,905,90500.00,2017-12-06 05:57:00.532800
662,201712065575340,PRIN,47,25,20,905,18100.00,2017-12-06 05:57:00.534000
663,201712065575272,PRIN,28,5,87,903,78561.00,2017-12-06 05:57:00.527200
664,201712065574960,PRIN,29,48,25,906,22650.00,2017-12-06 05:57:00.496000
665,201712065574237,PRIN,29,36,100,900,90000.00,2017-12-06 05:57:00.423700
666,201712065573991,PRIN,37,53,130,901,117130.00,2017-12-06 05:57:00.399100
667,201712065573992,PRIN,29,53,20,900,18000.00,2017-12-06 05:57:00.399200
668,201712065573993,PRIN,29,53,50,900,45000.00,2017-12-06 05:57:00.399300
669,201712065573743,PRIN,22,36,200,902,180400.00,2017-12-06 05:57:00.374300
670,201712065573637,PRIN,36,33,20,905,18100.00,2017-12-06 05:57:00.363700
671,201712065573638,PRIN,36,33,200,906,181200.00,2017-12-06 05:57:00.363800
672,201712065573639,PRIN,36,34,1000,907,907000.00,2017-12-06 05:57:00.363900
673,201712065573444,PRIN,37,33,70,902,63140.00,2017-12-06 05:57:00.344400
674,201712065573445,PRIN,37,32,200,902,180400.00,2017-12-06 05:57:00.344500
675,201712065573131,PRIN,28,33,100,901,90100.00,2017-12-06 05:57:00.313100
676,201712065572506,PRIN,58,36,150,905,135750.00,2017-12-06 05:57:00.250600
677,201712065572507,PRIN,58,6,100,906,90600.00,2017-12-06 05:57:00.250700
678,201712065572485,PRIN,58,49,198,900,178200.00,2017-12-06 05:57:00.248500
679,201712065572490,PRIN,58,34,600,902,541200.00,2017-12-06 05:57:00.249000
680,201712065572154,PRIN,41,1,62,900,55800.00,2017-12-06 05:57:00.215400
681,201712065572155,PRIN,17,1,50,900,45000.00,2017-12-06 05:57:00.215500
682,201712065572072,PRIN,11,34,50,902,45100.00,2017-12-06 05:57:00.207200
683,201712065571978,PRIN,41,16,26,900,23400.00,2017-12-06 05:57:00.197800
684,201712065571832,PRIN,5,34,100,902,90200.00,2017-12-06 05:57:00.183200
685,201712065571815,PRIN,8,34,100,902,90200.00,2017-12-06 05:57:00.181500
686,201712065571712,PRIN,18,34,50,902,45100.00,2017-12-06 05:57:00.171200
687,201712065571478,PRIN,42,34,100,902,90200.00,2017-12-06 05:57:00.147800
688,201712065571176,PRIN,41,46,12,900,10800.00,2017-12-06 05:57:00.117600
689,201712065570483,PRIN,53,33,11,900,9900.00,2017-12-06 05:57:00.048300
690,201712055570347,PRIN,52,34,30,895,26850.00,2017-12-05 05:57:00.034700
691,201712055570296,PRIN,34,34,1000,890,890000.00,2017-12-05 05:57:00.029600
692,201712055570240,PRIN,41,55,10,898,8980.00,2017-12-05 05:57:00.024000
693,201712055570241,PRIN,4,55,100,895,89500.00,2017-12-05 05:57:00.024100
694,201712055570242,PRIN,52,55,20,895,17900.00,2017-12-05 05:57:00.024200
695,201712055569812,PRIN,41,34,90,898,80820.00,2017-12-05 05:56:00.981200
696,201712055569732,PRIN,22,34,100,898,89800.00,2017-12-05 05:56:00.973200
697,201712055569743,PRIN,4,16,50,895,44750.00,2017-12-05 05:56:00.974300
698,201712055569675,PRIN,7,34,50,898,44900.00,2017-12-05 05:56:00.967500
699,201712055569098,PRIN,37,57,100,891,89100.00,2017-12-05 05:56:00.909800
700,201712055569068,PRIN,17,57,50,891,44550.00,2017-12-05 05:56:00.906800
701,201712055569069,PRIN,41,57,100,891,89100.00,2017-12-05 05:56:00.906900
702,201712055569070,PRIN,22,57,200,891,178200.00,2017-12-05 05:56:00.907000
703,201712055568824,PRIN,1,57,200,892,178400.00,2017-12-05 05:56:00.882400
704,201712055568825,PRIN,11,57,300,891,267300.00,2017-12-05 05:56:00.882500
705,201712055568095,PRIN,1,34,70,891,62370.00,2017-12-05 05:56:00.809500
706,201712055568096,PRIN,39,34,50,890,44500.00,2017-12-05 05:56:00.809600
707,201712055568097,PRIN,17,34,20,890,17800.00,2017-12-05 05:56:00.809700
708,201712055567743,PRIN,53,36,50,891,44550.00,2017-12-05 05:56:00.774300
709,201712055567712,PRIN,17,36,100,891,89100.00,2017-12-05 05:56:00.771200
710,201712055567420,PRIN,53,34,760,890,676400.00,2017-12-05 05:56:00.742000
711,201712055566959,PRIN,53,34,30,892,26760.00,2017-12-05 05:56:00.695900
712,201712055566960,PRIN,53,34,200,891,178200.00,2017-12-05 05:56:00.696000
713,201712055566961,PRIN,22,34,10,890,8900.00,2017-12-05 05:56:00.696100
714,201712055566608,PRIN,53,42,50,895,44750.00,2017-12-05 05:56:00.660800
715,201712055566609,PRIN,16,42,20,892,17840.00,2017-12-05 05:56:00.660900
716,201712055566610,PRIN,53,42,20,892,17840.00,2017-12-05 05:56:00.661000
717,201712055566611,PRIN,37,42,200,891,178200.00,2017-12-05 05:56:00.661100
718,201712055566612,PRIN,45,42,50,890,44500.00,2017-12-05 05:56:00.661200
719,201712055566613,PRIN,17,42,50,890,44500.00,2017-12-05 05:56:00.661300
720,201712055566614,PRIN,22,42,110,890,97900.00,2017-12-05 05:56:00.661400
721,201712055566141,PRIN,17,56,10,901,9010.00,2017-12-05 05:56:00.614100
722,201712055566142,PRIN,22,49,200,900,180000.00,2017-12-05 05:56:00.614200
723,201712045564758,PRIN,39,49,100,898,89800.00,2017-12-04 05:56:00.475800
724,201712045564505,PRIN,22,34,50,900,45000.00,2017-12-04 05:56:00.450500
725,201712045564506,PRIN,46,34,50,900,45000.00,2017-12-04 05:56:00.450600
726,201712045564507,PRIN,37,34,50,900,45000.00,2017-12-04 05:56:00.450700
727,201712045564508,PRIN,21,34,100,900,90000.00,2017-12-04 05:56:00.450800
728,201712045562867,PRIN,43,34,160,906,144960.00,2017-12-04 05:56:00.286700
729,201712045562868,PRIN,25,34,70,901,63070.00,2017-12-04 05:56:00.286800
730,201712045562869,PRIN,44,34,100,900,90000.00,2017-12-04 05:56:00.286900
731,201712045562870,PRIN,21,34,100,900,90000.00,2017-12-04 05:56:00.287000
732,201712045562771,PRIN,35,34,200,910,182000.00,2017-12-04 05:56:00.277100
733,201712045562785,PRIN,35,34,100,910,91000.00,2017-12-04 05:56:00.278500
734,201712045562547,PRIN,35,34,200,910,182000.00,2017-12-04 05:56:00.254700
735,201712045562384,PRIN,36,49,847,909,769923.00,2017-12-04 05:56:00.238400
736,201712045562175,PRIN,1,53,100,908,90800.00,2017-12-04 05:56:00.217500
737,201712045561658,PRIN,43,36,40,895,35800.00,2017-12-04 05:56:00.165800
738,201712045561289,PRIN,53,17,170,897,152490.00,2017-12-04 05:56:00.128900
739,201712045561153,PRIN,42,49,20,909,18180.00,2017-12-04 05:56:00.115300
740,201711305559784,PRIN,19,38,100,905,90500.00,2017-11-30 05:55:00.978400
741,201711305559817,PRIN,34,34,10,915,9150.00,2017-11-30 05:55:00.981700
742,201711305559548,PRIN,55,38,100,905,90500.00,2017-11-30 05:55:00.954800
743,201711305559383,PRIN,57,38,50,901,45050.00,2017-11-30 05:55:00.938300
744,201711305559384,PRIN,21,38,150,900,135000.00,2017-11-30 05:55:00.938400
745,201711305559385,PRIN,22,38,50,900,45000.00,2017-11-30 05:55:00.938500
746,201711305559386,PRIN,45,38,100,900,90000.00,2017-11-30 05:55:00.938600
747,201711305559387,PRIN,22,38,300,900,270000.00,2017-11-30 05:55:00.938700
748,201711305558404,PRIN,21,36,50,897,44850.00,2017-11-30 05:55:00.840400
749,201711305558082,PRIN,37,34,70,910,63700.00,2017-11-30 05:55:00.808200
750,201711305558083,PRIN,16,34,100,906,90600.00,2017-11-30 05:55:00.808300
751,201711305558084,PRIN,43,34,100,906,90600.00,2017-11-30 05:55:00.808400
752,201711305558085,PRIN,43,34,50,905,45250.00,2017-11-30 05:55:00.808500
753,201711305558086,PRIN,22,34,150,905,135750.00,2017-11-30 05:55:00.808600
754,201711305558087,PRIN,46,34,50,902,45100.00,2017-11-30 05:55:00.808700
755,201711305558088,PRIN,48,34,200,902,180400.00,2017-11-30 05:55:00.808800
756,201711305558089,PRIN,37,34,100,902,90200.00,2017-11-30 05:55:00.808900
757,201711305558090,PRIN,21,34,50,902,45100.00,2017-11-30 05:55:00.809000
758,201711305558091,PRIN,21,34,50,902,45100.00,2017-11-30 05:55:00.809100
759,201711305558092,PRIN,17,34,70,900,63000.00,2017-11-30 05:55:00.809200
760,201711305558093,PRIN,44,34,40,900,36000.00,2017-11-30 05:55:00.809300
761,201711305557983,PRIN,49,49,50,912,45600.00,2017-11-30 05:55:00.798300
762,201711305557987,PRIN,49,49,50,911,45550.00,2017-11-30 05:55:00.798700
763,201711305557988,PRIN,33,49,50,910,45500.00,2017-11-30 05:55:00.798800
764,201711305557989,PRIN,37,49,30,910,27300.00,2017-11-30 05:55:00.798900
765,201711305557976,PRIN,11,49,120,912,109440.00,2017-11-30 05:55:00.797600
766,201711305557090,PRIN,45,22,50,920,46000.00,2017-11-30 05:55:00.709000
767,201711305557091,PRIN,43,22,50,920,46000.00,2017-11-30 05:55:00.709100
768,201711305556407,PRIN,47,34,97,917,88949.00,2017-11-30 05:55:00.640700
769,201711305556251,PRIN,55,34,100,917,91700.00,2017-11-30 05:55:00.625100
770,201711305556218,PRIN,7,34,100,917,91700.00,2017-11-30 05:55:00.621800
771,201711305556181,PRIN,43,34,20,917,18340.00,2017-11-30 05:55:00.618100
772,201711305556211,PRIN,7,34,100,917,91700.00,2017-11-30 05:55:00.621100
773,201711305555016,PRIN,42,34,200,905,181000.00,2017-11-30 05:55:00.501600
774,201711305555017,PRIN,32,34,100,903,90300.00,2017-11-30 05:55:00.501700
775,201711305555018,PRIN,11,34,156,902,140712.00,2017-11-30 05:55:00.501800
776,201711305555019,PRIN,43,34,100,900,90000.00,2017-11-30 05:55:00.501900
777,201711305555020,PRIN,43,34,100,900,90000.00,2017-11-30 05:55:00.502000
778,201711305554755,PRIN,11,29,144,902,129888.00,2017-11-30 05:55:00.475500
779,201711295552456,PRIN,29,58,200,910,182000.00,2017-11-29 05:55:00.245600
780,201711295552395,PRIN,29,37,100,910,91000.00,2017-11-29 05:55:00.239500
781,201711295552283,PRIN,38,59,50,912,45600.00,2017-11-29 05:55:00.228300
782,201711295552233,PRIN,17,58,50,915,45750.00,2017-11-29 05:55:00.223300
783,201711295552234,PRIN,22,58,190,914,173660.00,2017-11-29 05:55:00.223400
784,201711295552235,PRIN,38,58,176,912,160512.00,2017-11-29 05:55:00.223500
785,201711295552128,PRIN,1,21,60,916,54960.00,2017-11-29 05:55:00.212800
786,201711295552129,PRIN,17,21,30,914,27420.00,2017-11-29 05:55:00.212900
787,201711295552130,PRIN,22,21,10,914,9140.00,2017-11-29 05:55:00.213000
788,201711295552073,PRIN,1,10,100,916,91600.00,2017-11-29 05:55:00.207300
789,201711295552111,PRIN,35,58,100,916,91600.00,2017-11-29 05:55:00.211100
790,201711295552000,PRIN,49,21,100,920,92000.00,2017-11-29 05:55:00.200000
791,201711295552054,PRIN,1,58,340,916,311440.00,2017-11-29 05:55:00.205400
792,201711295551533,PRIN,17,22,100,918,91800.00,2017-11-29 05:55:00.153300
793,201711295551451,PRIN,17,51,100,918,91800.00,2017-11-29 05:55:00.145100
794,201711295551204,PRIN,53,55,30,920,27600.00,2017-11-29 05:55:00.120400
795,201711295551205,PRIN,6,55,90,918,82620.00,2017-11-29 05:55:00.120500
796,201711295551111,PRIN,53,48,10,920,9200.00,2017-11-29 05:55:00.111100
797,201711295551113,PRIN,53,17,10,920,9200.00,2017-11-29 05:55:00.111300
798,201711295550868,PRIN,14,40,30,921,27630.00,2017-11-29 05:55:00.086800
799,201711295550869,PRIN,38,40,200,920,184000.00,2017-11-29 05:55:00.086900
800,201711295550518,PRIN,6,42,10,918,9180.00,2017-11-29 05:55:00.051800
801,201711295548372,PRIN,16,34,50,917,45850.00,2017-11-29 05:54:00.837200
802,201711295548373,PRIN,16,1,100,918,91800.00,2017-11-29 05:54:00.837300
803,201711295548177,PRIN,49,28,100,916,91600.00,2017-11-29 05:54:00.817700
804,201711295547955,PRIN,37,49,230,912,209760.00,2017-11-29 05:54:00.795500
805,201711295547830,PRIN,58,6,32,910,29120.00,2017-11-29 05:54:00.783000
806,201711295547724,PRIN,53,33,50,905,45250.00,2017-11-29 05:54:00.772400
807,201711295547668,PRIN,36,44,93,900,83700.00,2017-11-29 05:54:00.766800
808,201711295547669,PRIN,36,13,62,900,55800.00,2017-11-29 05:54:00.766900
809,201711295547670,PRIN,36,17,50,900,45000.00,2017-11-29 05:54:00.767000
810,201711295547671,PRIN,36,40,50,900,45000.00,2017-11-29 05:54:00.767100
811,201711295547672,PRIN,36,25,100,900,90000.00,2017-11-29 05:54:00.767200
812,201711295546562,PRIN,29,58,70,883,61810.00,2017-11-29 05:54:00.656200
813,201711295546476,PRIN,34,20,100,884,88400.00,2017-11-29 05:54:00.647600
814,201711295546477,PRIN,32,20,200,884,176800.00,2017-11-29 05:54:00.647700
815,201711295545919,PRIN,49,55,23,900,20700.00,2017-11-29 05:54:00.591900
816,201711295545909,PRIN,49,50,45,900,40500.00,2017-11-29 05:54:00.590900
817,201711295545890,PRIN,45,32,70,900,63000.00,2017-11-29 05:54:00.589000
818,201711295545891,PRIN,49,32,132,900,118800.00,2017-11-29 05:54:00.589100
819,201711285544600,PRIN,29,34,50,900,45000.00,2017-11-28 05:54:00.460000
820,201711285544496,PRIN,34,34,1000,890,890000.00,2017-11-28 05:54:00.449600
821,201711285544078,PRIN,39,34,50,891,44550.00,2017-11-28 05:54:00.407800
822,201711285544079,PRIN,28,34,50,890,44500.00,2017-11-28 05:54:00.407900
823,201711285544080,PRIN,21,34,100,890,89000.00,2017-11-28 05:54:00.408000
824,201711285544081,PRIN,51,34,200,890,178000.00,2017-11-28 05:54:00.408100
825,201711285542726,PRIN,53,34,75,900,67500.00,2017-11-28 05:54:00.272600
826,201711285542727,PRIN,22,34,50,900,45000.00,2017-11-28 05:54:00.272700
827,201711285542734,PRIN,35,34,100,895,89500.00,2017-11-28 05:54:00.273400
828,201711285542735,PRIN,22,34,300,893,267900.00,2017-11-28 05:54:00.273500
829,201711285542736,PRIN,22,34,200,893,178600.00,2017-11-28 05:54:00.273600
830,201711285542737,PRIN,11,34,500,892,446000.00,2017-11-28 05:54:00.273700
831,201711285542738,PRIN,57,34,300,890,267000.00,2017-11-28 05:54:00.273800
832,201711285542563,PRIN,53,38,25,900,22500.00,2017-11-28 05:54:00.256300
833,201711285541146,PRIN,36,34,35,900,31500.00,2017-11-28 05:54:00.114600
834,201711275539751,PRIN,21,48,100,895,89500.00,2017-11-27 05:53:00.975100
835,201711275539752,PRIN,33,48,200,895,179000.00,2017-11-27 05:53:00.975200
836,201711275539754,PRIN,57,48,10,895,8950.00,2017-11-27 05:53:00.975400
837,201711275539755,PRIN,57,53,90,900,81000.00,2017-11-27 05:53:00.975500
838,201711275539664,PRIN,46,53,100,900,90000.00,2017-11-27 05:53:00.966400
839,201711275539268,PRIN,17,58,50,902,45100.00,2017-11-27 05:53:00.926800
840,201711275539269,PRIN,29,58,200,901,180200.00,2017-11-27 05:53:00.926900
841,201711275539270,PRIN,59,58,100,900,90000.00,2017-11-27 05:53:00.927000
842,201711275539271,PRIN,36,58,200,900,180000.00,2017-11-27 05:53:00.927100
843,201711275539210,PRIN,17,51,200,902,180400.00,2017-11-27 05:53:00.921000
844,201711275539151,PRIN,34,58,50,904,45200.00,2017-11-27 05:53:00.915100
845,201711275539152,PRIN,7,58,100,904,90400.00,2017-11-27 05:53:00.915200
846,201711275538379,PRIN,26,36,20,906,18120.00,2017-11-27 05:53:00.837900
847,201711275538380,PRIN,17,36,80,904,72320.00,2017-11-27 05:53:00.838000
848,201711275538381,PRIN,58,36,200,903,180600.00,2017-11-27 05:53:00.838100
849,201711275537285,PRIN,49,50,75,910,68250.00,2017-11-27 05:53:00.728500
850,201711275537205,PRIN,49,38,75,910,68250.00,2017-11-27 05:53:00.720500
851,201711275537206,PRIN,49,17,250,910,227500.00,2017-11-27 05:53:00.720600
852,201711275537207,PRIN,49,28,100,910,91000.00,2017-11-27 05:53:00.720700
853,201711275537144,PRIN,21,1,20,909,18180.00,2017-11-27 05:53:00.714400
854,201711275537145,PRIN,21,40,50,909,45450.00,2017-11-27 05:53:00.714500
855,201711275537153,PRIN,21,6,30,909,27270.00,2017-11-27 05:53:00.715300
856,201711275537154,PRIN,21,17,50,910,45500.00,2017-11-27 05:53:00.715400
857,201711275536469,PRIN,56,1,100,909,90900.00,2017-11-27 05:53:00.646900
858,201711275536437,PRIN,45,26,20,909,18180.00,2017-11-27 05:53:00.643700
859,201711275536438,PRIN,34,26,74,905,66970.00,2017-11-27 05:53:00.643800
860,201711275535526,PRIN,20,32,100,909,90900.00,2017-11-27 05:53:00.552600
861,201711275535527,PRIN,20,38,200,909,181800.00,2017-11-27 05:53:00.552700
862,201711275535170,PRIN,34,49,38,904,34352.00,2017-11-27 05:53:00.517000
863,201711275535171,PRIN,34,41,50,905,45250.00,2017-11-27 05:53:00.517100
864,201711275535172,PRIN,34,17,100,905,90500.00,2017-11-27 05:53:00.517200
865,201711275535110,PRIN,20,22,63,903,56889.00,2017-11-27 05:53:00.511000
866,201711275534894,PRIN,17,49,50,904,45200.00,2017-11-27 05:53:00.489400
867,201711275534854,PRIN,20,19,50,900,45000.00,2017-11-27 05:53:00.485400
868,201711275533688,PRIN,21,21,400,901,360400.00,2017-11-27 05:53:00.368800
869,201711265532721,PRIN,58,41,100,902,90200.00,2017-11-26 05:53:00.272100
870,201711265532722,PRIN,11,41,51,901,45951.00,2017-11-26 05:53:00.272200
871,201711265532550,PRIN,11,53,200,901,180200.00,2017-11-26 05:53:00.255000
872,201711265531336,PRIN,11,51,123,911,112053.00,2017-11-26 05:53:00.133600
873,201711265531312,PRIN,49,36,300,900,270000.00,2017-11-26 05:53:00.131200
874,201711265531313,PRIN,49,4,100,900,90000.00,2017-11-26 05:53:00.131300
875,201711265530601,PRIN,32,36,100,901,90100.00,2017-11-26 05:53:00.060100
876,201711265530602,PRIN,34,36,100,900,90000.00,2017-11-26 05:53:00.060200
877,201711265530582,PRIN,32,51,100,901,90100.00,2017-11-26 05:53:00.058200
878,201711265530537,PRIN,17,58,500,905,452500.00,2017-11-26 05:53:00.053700
879,201711265530510,PRIN,17,58,400,905,362000.00,2017-11-26 05:53:00.051000
880,201711265530323,PRIN,17,58,600,905,543000.00,2017-11-26 05:53:00.032300
881,201711265530086,PRIN,50,58,200,914,182800.00,2017-11-26 05:53:00.008600
882,201711265529936,PRIN,17,17,200,913,182600.00,2017-11-26 05:52:00.993600
883,201711265529882,PRIN,17,58,100,910,91000.00,2017-11-26 05:52:00.988200
884,201711265529629,PRIN,49,58,100,910,91000.00,2017-11-26 05:52:00.962900
885,201711265529457,PRIN,47,58,100,910,91000.00,2017-11-26 05:52:00.945700
886,201711265529424,PRIN,35,53,50,905,45250.00,2017-11-26 05:52:00.942400
887,201711265529436,PRIN,6,56,150,905,135750.00,2017-11-26 05:52:00.943600
888,201711265529382,PRIN,6,34,787,899,707513.00,2017-11-26 05:52:00.938200
889,201711265529389,PRIN,6,45,100,900,90000.00,2017-11-26 05:52:00.938900
890,201711265529191,PRIN,21,42,126,893,112518.00,2017-11-26 05:52:00.919100
891,201711235527507,PRIN,34,34,287,893,256291.00,2017-11-23 05:52:00.750700
892,201711235527362,PRIN,34,22,213,890,189570.00,2017-11-23 05:52:00.736200
893,201711235527165,PRIN,11,38,100,885,88500.00,2017-11-23 05:52:00.716500
894,201711235526854,PRIN,32,22,87,890,77430.00,2017-11-23 05:52:00.685400
895,201711235526573,PRIN,51,28,100,890,89000.00,2017-11-23 05:52:00.657300
896,201711235525908,PRIN,32,26,100,890,89000.00,2017-11-23 05:52:00.590800
897,201711235525880,PRIN,34,34,500,892,446000.00,2017-11-23 05:52:00.588000
898,201711235525862,PRIN,21,37,100,891,89100.00,2017-11-23 05:52:00.586200
899,201711235525863,PRIN,49,37,100,891,89100.00,2017-11-23 05:52:00.586300
900,201711235525864,PRIN,59,37,150,890,133500.00,2017-11-23 05:52:00.586400
901,201711235525865,PRIN,32,37,13,890,11570.00,2017-11-23 05:52:00.586500
902,201711235525418,PRIN,22,58,30,902,27060.00,2017-11-23 05:52:00.541800
903,201711235525423,PRIN,22,58,20,902,18040.00,2017-11-23 05:52:00.542300
904,201711225521612,PRIN,21,49,28,889,24892.00,2017-11-22 05:52:00.161200
905,201711225521613,PRIN,21,53,50,890,44500.00,2017-11-22 05:52:00.161300
906,201711225521359,PRIN,34,34,1500,880,1320000.00,2017-11-22 05:52:00.135900
907,201711225520929,PRIN,36,53,195,885,172575.00,2017-11-22 05:52:00.092900
908,201711225520930,PRIN,36,7,100,885,88500.00,2017-11-22 05:52:00.093000
909,201711225520931,PRIN,36,59,100,885,88500.00,2017-11-22 05:52:00.093100
910,201711225520932,PRIN,36,1,100,885,88500.00,2017-11-22 05:52:00.093200
911,201711225519941,PRIN,33,34,80,880,70400.00,2017-11-22 05:51:00.994100
912,201711225519942,PRIN,34,34,30,880,26400.00,2017-11-22 05:51:00.994200
913,201711225519946,PRIN,59,34,15,878,13170.00,2017-11-22 05:51:00.994600
914,201711225519644,PRIN,59,46,100,878,87800.00,2017-11-22 05:51:00.964400
915,201711225519571,PRIN,35,46,100,880,88000.00,2017-11-22 05:51:00.957100
916,201711225519462,PRIN,35,34,50,880,44000.00,2017-11-22 05:51:00.946200
917,201711225519414,PRIN,11,33,50,882,44100.00,2017-11-22 05:51:00.941400
918,201711225519415,PRIN,11,32,50,883,44150.00,2017-11-22 05:51:00.941500
919,201711225518562,PRIN,39,32,50,880,44000.00,2017-11-22 05:51:00.856200
920,201711225518470,PRIN,25,32,100,877,87700.00,2017-11-22 05:51:00.847000
921,201711225518469,PRIN,32,32,202,866,174932.00,2017-11-22 05:51:00.846900
922,201711215517329,PRIN,16,33,50,880,44000.00,2017-11-21 05:51:00.732900
923,201711215517330,PRIN,58,33,300,873,261900.00,2017-11-21 05:51:00.733000
924,201711215517331,PRIN,22,33,187,872,163064.00,2017-11-21 05:51:00.733100
925,201711215517174,PRIN,58,52,200,873,174600.00,2017-11-21 05:51:00.717400
926,201711215516173,PRIN,17,53,20,882,17640.00,2017-11-21 05:51:00.617300
927,201711215516174,PRIN,1,53,50,880,44000.00,2017-11-21 05:51:00.617400
928,201711215516175,PRIN,55,53,100,877,87700.00,2017-11-21 05:51:00.617500
929,201711215516176,PRIN,32,53,100,875,87500.00,2017-11-21 05:51:00.617600
930,201711215516182,PRIN,53,53,30,875,26250.00,2017-11-21 05:51:00.618200
931,201711215515911,PRIN,50,17,50,882,44100.00,2017-11-21 05:51:00.591100
932,201711215515912,PRIN,26,17,30,881,26430.00,2017-11-21 05:51:00.591200
933,201711215515913,PRIN,46,17,100,880,88000.00,2017-11-21 05:51:00.591300
934,201711215515146,PRIN,41,36,100,882,88200.00,2017-11-21 05:51:00.514600
935,201711215514935,PRIN,58,44,610,880,536800.00,2017-11-21 05:51:00.493500
936,201711215514821,PRIN,50,6,47,879,41313.00,2017-11-21 05:51:00.482100
937,201711215514635,PRIN,53,34,100,878,87800.00,2017-11-21 05:51:00.463500
938,201711205513060,PRIN,25,33,100,870,87000.00,2017-11-20 05:51:00.306000
939,201711205513061,PRIN,59,33,70,869,60830.00,2017-11-20 05:51:00.306100
940,201711205513062,PRIN,16,33,100,866,86600.00,2017-11-20 05:51:00.306200
941,201711205513063,PRIN,53,33,50,866,43300.00,2017-11-20 05:51:00.306300
942,201711205513064,PRIN,21,33,100,865,86500.00,2017-11-20 05:51:00.306400
943,201711205513065,PRIN,21,33,100,865,86500.00,2017-11-20 05:51:00.306500
944,201711205513066,PRIN,22,33,300,865,259500.00,2017-11-20 05:51:00.306600
945,201711205513067,PRIN,22,33,180,865,155700.00,2017-11-20 05:51:00.306700
946,201711205512895,PRIN,59,28,30,869,26070.00,2017-11-20 05:51:00.289500
947,201711205512489,PRIN,58,34,230,869,199870.00,2017-11-20 05:51:00.248900
948,201711205512432,PRIN,59,34,200,877,175400.00,2017-11-20 05:51:00.243200
949,201711205512433,PRIN,19,34,10,876,8760.00,2017-11-20 05:51:00.243300
950,201711205512434,PRIN,22,34,10,875,8750.00,2017-11-20 05:51:00.243400
951,201711205512435,PRIN,22,34,30,875,26250.00,2017-11-20 05:51:00.243500
952,201711205512436,PRIN,17,34,200,871,174200.00,2017-11-20 05:51:00.243600
953,201711205512437,PRIN,21,34,200,870,174000.00,2017-11-20 05:51:00.243700
954,201711205512438,PRIN,49,34,20,870,17400.00,2017-11-20 05:51:00.243800
955,201711205512439,PRIN,21,34,100,870,87000.00,2017-11-20 05:51:00.243900
956,201711205511336,PRIN,22,33,100,870,87000.00,2017-11-20 05:51:00.133600
957,201711205511337,PRIN,58,33,50,870,43500.00,2017-11-20 05:51:00.133700
958,201711205511190,PRIN,59,21,65,872,56680.00,2017-11-20 05:51:00.119000
959,201711205511124,PRIN,57,28,50,889,44450.00,2017-11-20 05:51:00.112400
960,201711205510400,PRIN,34,33,50,907,45350.00,2017-11-20 05:51:00.040000
961,201711205510175,PRIN,34,26,100,892,89200.00,2017-11-20 05:51:00.017500
962,201711195508471,PRIN,49,59,50,880,44000.00,2017-11-19 05:50:00.847100
963,201711195508472,PRIN,44,59,100,876,87600.00,2017-11-19 05:50:00.847200
964,201711195508473,PRIN,21,59,15,876,13140.00,2017-11-19 05:50:00.847300
965,201711195508474,PRIN,41,59,100,876,87600.00,2017-11-19 05:50:00.847400
966,201711195508475,PRIN,53,59,135,875,118125.00,2017-11-19 05:50:00.847500
967,201711195506686,PRIN,22,58,34,884,30056.00,2017-11-19 05:50:00.668600
968,201711195506687,PRIN,22,34,100,884,88400.00,2017-11-19 05:50:00.668700
969,201711195506688,PRIN,22,48,25,885,22125.00,2017-11-19 05:50:00.668800
970,201711195506488,PRIN,36,58,16,884,14144.00,2017-11-19 05:50:00.648800
971,201711195506382,PRIN,36,22,184,884,162656.00,2017-11-19 05:50:00.638200
972,201711195505932,PRIN,58,6,200,874,174800.00,2017-11-19 05:50:00.593200
973,201711195505933,PRIN,58,59,90,875,78750.00,2017-11-19 05:50:00.593300
974,201711195505759,PRIN,56,6,50,873,43650.00,2017-11-19 05:50:00.575900
975,201711195505014,PRIN,14,6,50,873,43650.00,2017-11-19 05:50:00.501400
976,201711195504808,PRIN,58,42,176,856,150656.00,2017-11-19 05:50:00.480800
977,201711195504614,PRIN,56,59,60,873,52380.00,2017-11-19 05:50:00.461400
978,201711195504615,PRIN,22,59,150,870,130500.00,2017-11-19 05:50:00.461500
979,201711195504617,PRIN,53,59,100,869,86900.00,2017-11-19 05:50:00.461700
980,201711165503690,PRIN,58,42,145,887,128615.00,2017-11-16 05:50:00.369000
981,201711165503691,PRIN,56,42,50,886,44300.00,2017-11-16 05:50:00.369100
982,201711165503692,PRIN,22,42,156,886,138216.00,2017-11-16 05:50:00.369200
983,201711165503574,PRIN,37,19,10,889,8890.00,2017-11-16 05:50:00.357400
984,201711165503575,PRIN,18,19,150,888,133200.00,2017-11-16 05:50:00.357500
985,201711165503576,PRIN,58,19,105,887,93135.00,2017-11-16 05:50:00.357600
986,201711165503205,PRIN,33,42,15,888,13320.00,2017-11-16 05:50:00.320500
987,201711165503206,PRIN,57,42,50,888,44400.00,2017-11-16 05:50:00.320600
988,201711165503207,PRIN,58,42,50,887,44350.00,2017-11-16 05:50:00.320700
989,201711165503001,PRIN,33,53,45,888,39960.00,2017-11-16 05:50:00.300100
990,201711165502931,PRIN,28,53,50,890,44500.00,2017-11-16 05:50:00.293100
991,201711165502932,PRIN,32,53,25,889,22225.00,2017-11-16 05:50:00.293200
992,201711165502933,PRIN,43,53,50,888,44400.00,2017-11-16 05:50:00.293300
993,201711165502934,PRIN,13,53,30,888,26640.00,2017-11-16 05:50:00.293400
994,201711165502809,PRIN,17,34,30,893,26790.00,2017-11-16 05:50:00.280900
995,201711165502739,PRIN,28,32,100,890,89000.00,2017-11-16 05:50:00.273900
996,201711165502703,PRIN,49,34,50,893,44650.00,2017-11-16 05:50:00.270300
997,201711165502704,PRIN,28,34,100,893,89300.00,2017-11-16 05:50:00.270400
998,201711165502705,PRIN,38,34,200,892,178400.00,2017-11-16 05:50:00.270500
999,201711165502706,PRIN,41,34,100,892,89200.00,2017-11-16 05:50:00.270600
1000,201711165502707,PRIN,26,34,50,891,44550.00,2017-11-16 05:50:00.270700
1001,201711165502708,PRIN,41,34,25,890,22250.00,2017-11-16 05:50:00.270800
1002,201711165502709,PRIN,39,34,100,890,89000.00,2017-11-16 05:50:00.270900
1003,201711165502710,PRIN,28,34,100,890,89000.00,2017-11-16 05:50:00.271000
1004,201711165502030,PRIN,26,34,300,893,267900.00,2017-11-16 05:50:00.203000
1005,201711165501316,PRIN,34,34,1500,890,1335000.00,2017-11-16 05:50:00.131600
1006,201711165500645,PRIN,33,38,60,892,53520.00,2017-11-16 05:50:00.064500
1007,201711165500646,PRIN,19,38,34,891,30294.00,2017-11-16 05:50:00.064600
1008,201711165500647,PRIN,41,38,100,890,89000.00,2017-11-16 05:50:00.064700
1009,201711165500648,PRIN,41,38,75,890,66750.00,2017-11-16 05:50:00.064800
1010,201711165500253,PRIN,19,1,16,891,14256.00,2017-11-16 05:50:00.025300
1011,201711165500001,PRIN,34,34,1000,890,890000.00,2017-11-16 05:50:00.000100
1012,201711165498682,PRIN,45,38,30,900,27000.00,2017-11-16 05:49:00.868200
1013,201711165498683,PRIN,45,38,200,895,179000.00,2017-11-16 05:49:00.868300
1014,201711155497714,PRIN,28,40,10,906,9060.00,2017-11-15 05:49:00.771400
1015,201711155497650,PRIN,17,40,10,906,9060.00,2017-11-15 05:49:00.765000
1016,201711155497526,PRIN,32,40,150,906,135900.00,2017-11-15 05:49:00.752600
1017,201711155497169,PRIN,1,34,100,902,90200.00,2017-11-15 05:49:00.716900
1018,201711155497170,PRIN,35,34,100,901,90100.00,2017-11-15 05:49:00.717000
1019,201711155497171,PRIN,35,34,100,901,90100.00,2017-11-15 05:49:00.717100
1020,201711155497172,PRIN,51,34,50,900,45000.00,2017-11-15 05:49:00.717200
1021,201711155497173,PRIN,46,34,200,900,180000.00,2017-11-15 05:49:00.717300
1022,201711155497174,PRIN,56,34,110,900,99000.00,2017-11-15 05:49:00.717400
1023,201711155497175,PRIN,43,34,50,900,45000.00,2017-11-15 05:49:00.717500
1024,201711155497176,PRIN,41,34,100,900,90000.00,2017-11-15 05:49:00.717600
1025,201711155497177,PRIN,34,34,500,900,450000.00,2017-11-15 05:49:00.717700
1026,201711155497178,PRIN,43,34,100,900,90000.00,2017-11-15 05:49:00.717800
1027,201711155497114,PRIN,41,40,30,907,27210.00,2017-11-15 05:49:00.711400
1028,201711155497042,PRIN,20,33,50,908,45400.00,2017-11-15 05:49:00.704200
1029,201711155497043,PRIN,20,34,50,909,45450.00,2017-11-15 05:49:00.704300
1030,201711155496508,PRIN,14,58,20,908,18160.00,2017-11-15 05:49:00.650800
1031,201711155496509,PRIN,49,58,300,906,271800.00,2017-11-15 05:49:00.650900
1032,201711155496510,PRIN,41,58,100,905,90500.00,2017-11-15 05:49:00.651000
1033,201711155496511,PRIN,58,58,200,905,181000.00,2017-11-15 05:49:00.651100
1034,201711155496333,PRIN,59,34,200,910,182000.00,2017-11-15 05:49:00.633300
1035,201711155495804,PRIN,59,17,40,912,36480.00,2017-11-15 05:49:00.580400
1036,201711155495805,PRIN,59,17,100,911,91100.00,2017-11-15 05:49:00.580500
1037,201711155495806,PRIN,53,53,500,910,455000.00,2017-11-15 05:49:00.580600
1038,201711155495555,PRIN,59,34,32,919,29408.00,2017-11-15 05:49:00.555500
1039,201711155495556,PRIN,52,34,500,913,456500.00,2017-11-15 05:49:00.555600
1040,201711155495557,PRIN,39,34,100,913,91300.00,2017-11-15 05:49:00.555700
1041,201711155495431,PRIN,59,52,15,919,13785.00,2017-11-15 05:49:00.543100
1042,201711155495352,PRIN,59,43,50,919,45950.00,2017-11-15 05:49:00.535200
1043,201711155495332,PRIN,50,34,200,922,184400.00,2017-11-15 05:49:00.533200
1044,201711155494784,PRIN,41,25,100,925,92500.00,2017-11-15 05:49:00.478400
1045,201711155494726,PRIN,59,58,200,919,183800.00,2017-11-15 05:49:00.472600
1046,201711155494727,PRIN,59,21,80,919,73520.00,2017-11-15 05:49:00.472700
1047,201711155494728,PRIN,59,53,50,919,45950.00,2017-11-15 05:49:00.472800
1048,201711155494595,PRIN,33,36,150,916,137400.00,2017-11-15 05:49:00.459500
1049,201711155494596,PRIN,33,34,300,917,275100.00,2017-11-15 05:49:00.459600
1050,201711155494546,PRIN,34,4,100,915,91500.00,2017-11-15 05:49:00.454600
1051,201711155494527,PRIN,35,34,25,913,22825.00,2017-11-15 05:49:00.452700
1052,201711155494528,PRIN,32,34,150,913,136950.00,2017-11-15 05:49:00.452800
1053,201711155494534,PRIN,33,34,525,913,479325.00,2017-11-15 05:49:00.453400
1054,201711155494535,PRIN,33,17,100,914,91400.00,2017-11-15 05:49:00.453500
1055,201711155494468,PRIN,37,34,200,913,182600.00,2017-11-15 05:49:00.446800
1056,201711155494474,PRIN,40,34,100,913,91300.00,2017-11-15 05:49:00.447400
1057,201711155493248,PRIN,49,37,100,906,90600.00,2017-11-15 05:49:00.324800
1058,201711155493192,PRIN,17,17,50,910,45500.00,2017-11-15 05:49:00.319200
1059,201711155493193,PRIN,38,17,100,910,91000.00,2017-11-15 05:49:00.319300
1060,201711155493174,PRIN,17,43,15,913,13695.00,2017-11-15 05:49:00.317400
1061,201711155493175,PRIN,22,43,80,910,72800.00,2017-11-15 05:49:00.317500
1062,201711155493100,PRIN,22,52,20,910,18200.00,2017-11-15 05:49:00.310000
1063,201711155493068,PRIN,10,57,50,914,45700.00,2017-11-15 05:49:00.306800
1064,201711155492876,PRIN,21,34,100,915,91500.00,2017-11-15 05:49:00.287600
1065,201711155492877,PRIN,16,34,100,915,91500.00,2017-11-15 05:49:00.287700
1066,201711155492727,PRIN,34,53,78,915,71370.00,2017-11-15 05:49:00.272700
1067,201711155492342,PRIN,59,54,300,919,275700.00,2017-11-15 05:49:00.234200
1068,201711155492200,PRIN,4,4,100,912,91200.00,2017-11-15 05:49:00.220000
1069,201711155492026,PRIN,50,58,10,925,9250.00,2017-11-15 05:49:00.202600
1070,201711155491762,PRIN,42,58,30,924,27720.00,2017-11-15 05:49:00.176200
1071,201711145491388,PRIN,59,34,145,924,133980.00,2017-11-14 05:49:00.138800
1072,201711145491320,PRIN,59,32,50,919,45950.00,2017-11-14 05:49:00.132000
1073,201711145491366,PRIN,58,34,10,924,9240.00,2017-11-14 05:49:00.136600
1074,201711145491258,PRIN,59,52,100,919,91900.00,2017-11-14 05:49:00.125800
1075,201711145491060,PRIN,39,22,100,925,92500.00,2017-11-14 05:49:00.106000
1076,201711145490919,PRIN,59,44,200,919,183800.00,2017-11-14 05:49:00.091900
1077,201711145490931,PRIN,53,44,100,919,91900.00,2017-11-14 05:49:00.093100
1078,201711145490932,PRIN,53,54,195,919,179205.00,2017-11-14 05:49:00.093200
1079,201711145490933,PRIN,53,58,150,920,138000.00,2017-11-14 05:49:00.093300
1080,201711145490934,PRIN,53,35,50,920,46000.00,2017-11-14 05:49:00.093400
1081,201711145490850,PRIN,34,52,200,919,183800.00,2017-11-14 05:49:00.085000
1082,201711145490602,PRIN,53,22,50,918,45900.00,2017-11-14 05:49:00.060200
1083,201711145490603,PRIN,53,21,100,919,91900.00,2017-11-14 05:49:00.060300
1084,201711145490604,PRIN,53,58,50,920,46000.00,2017-11-14 05:49:00.060400
1085,201711145490581,PRIN,17,1,50,916,45800.00,2017-11-14 05:49:00.058100
1086,201711145490360,PRIN,50,21,195,918,179010.00,2017-11-14 05:49:00.036000
1087,201711145490361,PRIN,50,1,45,918,41310.00,2017-11-14 05:49:00.036100
1088,201711145490249,PRIN,59,25,150,913,136950.00,2017-11-14 05:49:00.024900
1089,201711145490250,PRIN,59,38,189,914,172746.00,2017-11-14 05:49:00.025000
1090,201711145490052,PRIN,53,44,389,912,354768.00,2017-11-14 05:49:00.005200
1091,201711145490053,PRIN,53,38,111,914,101454.00,2017-11-14 05:49:00.005300
1092,201711145490034,PRIN,53,13,189,911,172179.00,2017-11-14 05:49:00.003400
1093,201711145490035,PRIN,53,44,111,912,101232.00,2017-11-14 05:49:00.003500
1094,201711145489806,PRIN,46,25,30,905,27150.00,2017-11-14 05:48:00.980600
1095,201711145489454,PRIN,46,48,10,901,9010.00,2017-11-14 05:48:00.945400
1096,201711145489357,PRIN,53,45,78,900,70200.00,2017-11-14 05:48:00.935700
1097,201711145489301,PRIN,32,45,23,900,20700.00,2017-11-14 05:48:00.930100
1098,201711145489302,PRIN,41,45,100,900,90000.00,2017-11-14 05:48:00.930200
1099,201711145489303,PRIN,50,45,50,900,45000.00,2017-11-14 05:48:00.930300
1100,201711145489304,PRIN,37,45,100,900,90000.00,2017-11-14 05:48:00.930400
1101,201711145488699,PRIN,37,20,31,910,28210.00,2017-11-14 05:48:00.869900
1102,201711145488700,PRIN,37,20,50,907,45350.00,2017-11-14 05:48:00.870000
1103,201711145488701,PRIN,52,20,100,907,90700.00,2017-11-14 05:48:00.870100
1104,201711145488702,PRIN,16,20,100,905,90500.00,2017-11-14 05:48:00.870200
1105,201711145488703,PRIN,17,20,100,905,90500.00,2017-11-14 05:48:00.870300
1106,201711145488704,PRIN,32,20,27,900,24300.00,2017-11-14 05:48:00.870400
1107,201711145488597,PRIN,36,7,148,910,134680.00,2017-11-14 05:48:00.859700
1108,201711145488598,PRIN,37,7,52,910,47320.00,2017-11-14 05:48:00.859800
1109,201711145488283,PRIN,16,32,100,911,91100.00,2017-11-14 05:48:00.828300
1110,201711145488287,PRIN,53,22,300,915,274500.00,2017-11-14 05:48:00.828700
1111,201711145488166,PRIN,34,22,100,912,91200.00,2017-11-14 05:48:00.816600
1112,201711145488108,PRIN,45,22,100,915,91500.00,2017-11-14 05:48:00.810800
1113,201711145487322,PRIN,21,43,50,925,46250.00,2017-11-14 05:48:00.732200
1114,201711145487082,PRIN,33,58,50,910,45500.00,2017-11-14 05:48:00.708200
1115,201711145487083,PRIN,33,28,98,910,89180.00,2017-11-14 05:48:00.708300
1116,201711145487104,PRIN,16,53,100,920,92000.00,2017-11-14 05:48:00.710400
1117,201711145487105,PRIN,16,25,100,920,92000.00,2017-11-14 05:48:00.710500
1118,201711145487066,PRIN,33,14,50,907,45350.00,2017-11-14 05:48:00.706600
1119,201711145487067,PRIN,33,58,300,908,272400.00,2017-11-14 05:48:00.706700
1120,201711145487068,PRIN,33,44,100,909,90900.00,2017-11-14 05:48:00.706800
1121,201711145487069,PRIN,33,25,200,909,181800.00,2017-11-14 05:48:00.706900
1122,201711145487070,PRIN,33,58,150,910,136500.00,2017-11-14 05:48:00.707000
1123,201711145486999,PRIN,16,19,200,905,181000.00,2017-11-14 05:48:00.699900
1124,201711145486875,PRIN,37,35,100,900,90000.00,2017-11-14 05:48:00.687500
1125,201711145486896,PRIN,45,35,100,905,90500.00,2017-11-14 05:48:00.689600
1126,201711145486827,PRIN,50,10,10,902,9020.00,2017-11-14 05:48:00.682700
1127,201711145486828,PRIN,50,21,10,904,9040.00,2017-11-14 05:48:00.682800
1128,201711145486829,PRIN,50,53,40,904,36160.00,2017-11-14 05:48:00.682900
1129,201711145486788,PRIN,58,47,57,899,51243.00,2017-11-14 05:48:00.678800
1130,201711145486789,PRIN,58,38,305,900,274500.00,2017-11-14 05:48:00.678900
1131,201711145486250,PRIN,41,38,10,900,9000.00,2017-11-14 05:48:00.625000
1132,201711145485909,PRIN,21,16,20,900,18000.00,2017-11-14 05:48:00.590900
1133,201711145485328,PRIN,41,22,30,900,27000.00,2017-11-14 05:48:00.532800
1134,201711145485167,PRIN,29,58,100,900,90000.00,2017-11-14 05:48:00.516700
1135,201711145485078,PRIN,42,35,89,893,79477.00,2017-11-14 05:48:00.507800
1136,201711145485079,PRIN,42,20,220,895,196900.00,2017-11-14 05:48:00.507900
1137,201711145484837,PRIN,37,6,33,890,29370.00,2017-11-14 05:48:00.483700
1138,201711145484838,PRIN,37,6,17,890,15130.00,2017-11-14 05:48:00.483800
1139,201711145484790,PRIN,41,6,50,891,44550.00,2017-11-14 05:48:00.479000
1140,201711145484808,PRIN,37,58,167,890,148630.00,2017-11-14 05:48:00.480800
1141,201711145484601,PRIN,57,20,330,895,295350.00,2017-11-14 05:48:00.460100
1142,201711145484467,PRIN,52,53,60,895,53700.00,2017-11-14 05:48:00.446700
1143,201711145484444,PRIN,37,58,100,900,90000.00,2017-11-14 05:48:00.444400
1144,201711145484429,PRIN,35,20,30,901,27030.00,2017-11-14 05:48:00.442900
1145,201711145484430,PRIN,48,20,100,900,90000.00,2017-11-14 05:48:00.443000
1146,201711145484431,PRIN,41,20,20,900,18000.00,2017-11-14 05:48:00.443100
1147,201711145484432,PRIN,47,20,150,900,135000.00,2017-11-14 05:48:00.443200
1148,201711145484433,PRIN,32,20,100,900,90000.00,2017-11-14 05:48:00.443300
1149,201711145484434,PRIN,17,20,200,900,180000.00,2017-11-14 05:48:00.443400
1150,201711145484404,PRIN,51,58,100,901,90100.00,2017-11-14 05:48:00.440400
1151,201711135483878,PRIN,43,52,50,900,45000.00,2017-11-13 05:48:00.387800
1152,201711135483879,PRIN,29,52,130,899,116870.00,2017-11-13 05:48:00.387900
1153,201711135483880,PRIN,37,52,20,895,17900.00,2017-11-13 05:48:00.388000
1154,201711135483719,PRIN,40,25,100,898,89800.00,2017-11-13 05:48:00.371900
1155,201711135483731,PRIN,58,5,409,898,367282.00,2017-11-13 05:48:00.373100
1156,201711135483732,PRIN,58,25,100,898,89800.00,2017-11-13 05:48:00.373200
1157,201711135483733,PRIN,58,26,43,900,38700.00,2017-11-13 05:48:00.373300
1158,201711135483734,PRIN,58,42,100,900,90000.00,2017-11-13 05:48:00.373400
1159,201711135483648,PRIN,40,26,100,896,89600.00,2017-11-13 05:48:00.364800
1160,201711135483477,PRIN,17,52,200,896,179200.00,2017-11-13 05:48:00.347700
1161,201711135483478,PRIN,17,44,300,897,269100.00,2017-11-13 05:48:00.347800
1162,201711135483374,PRIN,25,53,100,894,89400.00,2017-11-13 05:48:00.337400
1163,201711135483189,PRIN,58,44,200,895,179000.00,2017-11-13 05:48:00.318900
1164,201711135482983,PRIN,28,48,10,892,8920.00,2017-11-13 05:48:00.298300
1165,201711135482859,PRIN,28,6,25,892,22300.00,2017-11-13 05:48:00.285900
1166,201711135482808,PRIN,58,52,200,892,178400.00,2017-11-13 05:48:00.280800
1167,201711135482487,PRIN,43,34,50,898,44900.00,2017-11-13 05:48:00.248700
1168,201711135482424,PRIN,58,6,100,894,89400.00,2017-11-13 05:48:00.242400
1169,201711135482425,PRIN,58,21,300,894,268200.00,2017-11-13 05:48:00.242500
1170,201711135482426,PRIN,58,40,116,895,103820.00,2017-11-13 05:48:00.242600
1171,201711135482075,PRIN,58,44,200,889,177800.00,2017-11-13 05:48:00.207500
1172,201711135482076,PRIN,58,57,150,890,133500.00,2017-11-13 05:48:00.207600
1173,201711135482077,PRIN,58,6,400,894,357600.00,2017-11-13 05:48:00.207700
1174,201711135481282,PRIN,41,44,100,894,89400.00,2017-11-13 05:48:00.128200
1175,201711135481231,PRIN,10,44,200,894,178800.00,2017-11-13 05:48:00.123100
1176,201711135481180,PRIN,53,57,300,892,267600.00,2017-11-13 05:48:00.118000
1177,201711135481181,PRIN,53,38,500,894,447000.00,2017-11-13 05:48:00.118100
1178,201711135481051,PRIN,58,44,500,889,444500.00,2017-11-13 05:48:00.105100
1179,201711135481033,PRIN,58,6,570,888,506160.00,2017-11-13 05:48:00.103300
1180,201711135480952,PRIN,53,6,30,886,26580.00,2017-11-13 05:48:00.095200
1181,201711135480953,PRIN,50,6,200,885,177000.00,2017-11-13 05:48:00.095300
1182,201711135480954,PRIN,37,6,200,883,176600.00,2017-11-13 05:48:00.095400
1183,201711135480741,PRIN,28,40,50,891,44550.00,2017-11-13 05:48:00.074100
1184,201711135480563,PRIN,33,44,500,885,442500.00,2017-11-13 05:48:00.056300
1185,201711135480564,PRIN,33,6,500,888,444000.00,2017-11-13 05:48:00.056400
1186,201711135480382,PRIN,56,44,228,880,200640.00,2017-11-13 05:48:00.038200
1187,201711135480216,PRIN,22,44,58,882,51156.00,2017-11-13 05:48:00.021600
1188,201711135480217,PRIN,7,44,50,882,44100.00,2017-11-13 05:48:00.021700
1189,201711135480218,PRIN,32,44,100,882,88200.00,2017-11-13 05:48:00.021800
1190,201711135480219,PRIN,7,44,50,882,44100.00,2017-11-13 05:48:00.021900
1191,201711135480220,PRIN,7,44,50,882,44100.00,2017-11-13 05:48:00.022000
1192,201711135480221,PRIN,43,44,100,881,88100.00,2017-11-13 05:48:00.022100
1193,201711135480222,PRIN,42,44,20,880,17600.00,2017-11-13 05:48:00.022200
1194,201711135480223,PRIN,56,44,72,880,63360.00,2017-11-13 05:48:00.022300
1195,201711135480200,PRIN,57,38,50,883,44150.00,2017-11-13 05:48:00.020000
1196,201711135479623,PRIN,1,34,50,882,44100.00,2017-11-13 05:47:00.962300
1197,201711135479624,PRIN,22,34,102,882,89964.00,2017-11-13 05:47:00.962400
1198,201711135479571,PRIN,17,40,50,892,44600.00,2017-11-13 05:47:00.957100
1199,201711135479572,PRIN,41,40,134,892,119528.00,2017-11-13 05:47:00.957200
1200,201711135479482,PRIN,33,35,200,891,178200.00,2017-11-13 05:47:00.948200
1201,201711135479209,PRIN,41,43,50,899,44950.00,2017-11-13 05:47:00.920900
1202,201711135478815,PRIN,41,17,16,890,14240.00,2017-11-13 05:47:00.881500
1203,201711135478722,PRIN,19,36,200,895,179000.00,2017-11-13 05:47:00.872200
1204,201711135478640,PRIN,53,35,30,899,26970.00,2017-11-13 05:47:00.864000
1205,201711135478598,PRIN,50,48,75,895,67125.00,2017-11-13 05:47:00.859800
1206,201711135478599,PRIN,50,58,100,895,89500.00,2017-11-13 05:47:00.859900
1207,201711125478335,PRIN,53,50,265,883,233995.00,2017-11-12 05:47:00.833500
1208,201711125478176,PRIN,17,52,100,875,87500.00,2017-11-12 05:47:00.817600
1209,201711125478177,PRIN,35,52,100,871,87100.00,2017-11-12 05:47:00.817700
1210,201711125477134,PRIN,55,56,15,887,13305.00,2017-11-12 05:47:00.713400
1211,201711125477135,PRIN,55,50,35,887,31045.00,2017-11-12 05:47:00.713500
1212,201711125476933,PRIN,53,32,200,880,176000.00,2017-11-12 05:47:00.693300
1213,201711125476934,PRIN,53,38,500,880,440000.00,2017-11-12 05:47:00.693400
1214,201711125476801,PRIN,29,39,74,879,65046.00,2017-11-12 05:47:00.680100
1215,201711125475656,PRIN,40,21,20,875,17500.00,2017-11-12 05:47:00.565600
1216,201711125475657,PRIN,40,6,25,878,21950.00,2017-11-12 05:47:00.565700
1217,201711125475658,PRIN,40,56,58,879,50982.00,2017-11-12 05:47:00.565800
1218,201711125475418,PRIN,25,33,56,865,48440.00,2017-11-12 05:47:00.541800
1219,201711125475419,PRIN,25,41,40,870,34800.00,2017-11-12 05:47:00.541900
1220,201711095473972,PRIN,53,57,217,870,188790.00,2017-11-09 05:47:00.397200
1221,201711095473976,PRIN,53,35,100,870,87000.00,2017-11-09 05:47:00.397600
1222,201711095473924,PRIN,56,25,40,869,34760.00,2017-11-09 05:47:00.392400
1223,201711095473831,PRIN,36,25,60,865,51900.00,2017-11-09 05:47:00.383100
1224,201711095473681,PRIN,16,41,50,862,43100.00,2017-11-09 05:47:00.368100
1225,201711095473043,PRIN,10,49,100,868,86800.00,2017-11-09 05:47:00.304300
1226,201711095472939,PRIN,38,41,60,871,52260.00,2017-11-09 05:47:00.293900
1227,201711095472940,PRIN,22,41,100,870,87000.00,2017-11-09 05:47:00.294000
1228,201711095472770,PRIN,1,45,61,872,53192.00,2017-11-09 05:47:00.277000
1229,201711095472531,PRIN,11,45,39,872,34008.00,2017-11-09 05:47:00.253100
1230,201711095472532,PRIN,21,45,100,872,87200.00,2017-11-09 05:47:00.253200
1231,201711095472371,PRIN,37,20,100,875,87500.00,2017-11-09 05:47:00.237100
1232,201711095472372,PRIN,11,20,16,872,13952.00,2017-11-09 05:47:00.237200
1233,201711095472342,PRIN,47,33,30,883,26490.00,2017-11-09 05:47:00.234200
1234,201711095472343,PRIN,56,33,20,882,17640.00,2017-11-09 05:47:00.234300
1235,201711095472344,PRIN,58,33,100,880,88000.00,2017-11-09 05:47:00.234400
1236,201711095472345,PRIN,53,33,100,880,88000.00,2017-11-09 05:47:00.234500
1237,201711095472298,PRIN,17,40,100,885,88500.00,2017-11-09 05:47:00.229800
1238,201711095470964,PRIN,1,1,50,880,44000.00,2017-11-09 05:47:00.096400
1239,201711095470996,PRIN,1,25,50,885,44250.00,2017-11-09 05:47:00.099600
1240,201711095470879,PRIN,53,25,10,873,8730.00,2017-11-09 05:47:00.087900
1241,201711095470880,PRIN,53,20,300,875,262500.00,2017-11-09 05:47:00.088000
1242,201711095470881,PRIN,53,37,500,878,439000.00,2017-11-09 05:47:00.088100
1243,201711095469883,PRIN,32,32,200,856,171200.00,2017-11-09 05:46:00.988300
1244,201711095469838,PRIN,17,32,200,856,171200.00,2017-11-09 05:46:00.983800
1245,201711095469715,PRIN,33,47,100,862,86200.00,2017-11-09 05:46:00.971500
1246,201711085467880,PRIN,11,17,45,872,39240.00,2017-11-08 05:46:00.788000
1247,201711085467730,PRIN,22,29,16,876,14016.00,2017-11-08 05:46:00.773000
1248,201711085467731,PRIN,25,29,80,875,70000.00,2017-11-08 05:46:00.773100
1249,201711085467732,PRIN,5,29,50,875,43750.00,2017-11-08 05:46:00.773200
1250,201711085467428,PRIN,22,45,34,876,29784.00,2017-11-08 05:46:00.742800
1251,201711085467174,PRIN,25,22,20,875,17500.00,2017-11-08 05:46:00.717400
1252,201711085466491,PRIN,53,34,164,879,144156.00,2017-11-08 05:46:00.649100
1253,201711085466435,PRIN,53,34,133,875,116375.00,2017-11-08 05:46:00.643500
1254,201711085466401,PRIN,42,34,70,875,61250.00,2017-11-08 05:46:00.640100
1255,201711085466334,PRIN,22,52,100,870,87000.00,2017-11-08 05:46:00.633400
1256,201711085466330,PRIN,22,42,20,870,17400.00,2017-11-08 05:46:00.633000
1257,201711085465245,PRIN,53,37,100,864,86400.00,2017-11-08 05:46:00.524500
1258,201711085465246,PRIN,53,59,380,865,328700.00,2017-11-08 05:46:00.524600
1259,201711085465031,PRIN,53,35,100,864,86400.00,2017-11-08 05:46:00.503100
1260,201711085464860,PRIN,55,35,100,864,86400.00,2017-11-08 05:46:00.486000
1261,201711085464835,PRIN,59,59,20,866,17320.00,2017-11-08 05:46:00.483500
1262,201711085464367,PRIN,36,45,50,866,43300.00,2017-11-08 05:46:00.436700
1263,201711085464368,PRIN,49,45,100,866,86600.00,2017-11-08 05:46:00.436800
1264,201711085464369,PRIN,44,45,10,865,8650.00,2017-11-08 05:46:00.436900
1265,201711085464370,PRIN,14,45,50,865,43250.00,2017-11-08 05:46:00.437000
1266,201711085464371,PRIN,41,45,100,865,86500.00,2017-11-08 05:46:00.437100
1267,201711085464372,PRIN,17,45,200,864,172800.00,2017-11-08 05:46:00.437200
1268,201711085464373,PRIN,22,45,90,863,77670.00,2017-11-08 05:46:00.437300
1269,201711085464305,PRIN,43,17,50,867,43350.00,2017-11-08 05:46:00.430500
1270,201711085464176,PRIN,51,17,100,870,87000.00,2017-11-08 05:46:00.417600
1271,201711085463865,PRIN,11,33,21,870,18270.00,2017-11-08 05:46:00.386500
1272,201711085463866,PRIN,11,45,200,870,174000.00,2017-11-08 05:46:00.386600
1273,201711085463792,PRIN,34,33,64,872,55808.00,2017-11-08 05:46:00.379200
1274,201711085463793,PRIN,50,33,325,871,283075.00,2017-11-08 05:46:00.379300
1275,201711085463794,PRIN,17,33,10,870,8700.00,2017-11-08 05:46:00.379400
1276,201711085463795,PRIN,8,33,200,870,174000.00,2017-11-08 05:46:00.379500
1277,201711085463796,PRIN,47,33,30,870,26100.00,2017-11-08 05:46:00.379600
1278,201711085463797,PRIN,22,33,200,870,174000.00,2017-11-08 05:46:00.379700
1279,201711085463798,PRIN,17,33,50,870,43500.00,2017-11-08 05:46:00.379800
1280,201711085463740,PRIN,22,13,10,875,8750.00,2017-11-08 05:46:00.374000
1281,201711085463741,PRIN,16,13,30,872,26160.00,2017-11-08 05:46:00.374100
1282,201711085463742,PRIN,11,13,100,872,87200.00,2017-11-08 05:46:00.374200
1283,201711085463743,PRIN,34,13,36,872,31392.00,2017-11-08 05:46:00.374300
1284,201711085463467,PRIN,53,22,250,876,219000.00,2017-11-08 05:46:00.346700
1285,201711085463253,PRIN,50,41,25,871,21775.00,2017-11-08 05:46:00.325300
1286,201711085463019,PRIN,22,1,10,875,8750.00,2017-11-08 05:46:00.301900
1287,201711085462923,PRIN,46,20,100,877,87700.00,2017-11-08 05:46:00.292300
1288,201711075462605,PRIN,32,40,150,880,132000.00,2017-11-07 05:46:00.260500
1289,201711075462505,PRIN,51,35,60,878,52680.00,2017-11-07 05:46:00.250500
1290,201711075462429,PRIN,10,37,113,876,98988.00,2017-11-07 05:46:00.242900
1291,201711075462267,PRIN,10,40,100,877,87700.00,2017-11-07 05:46:00.226700
1292,201711075462268,PRIN,42,40,100,877,87700.00,2017-11-07 05:46:00.226800
1293,201711075462254,PRIN,33,40,300,878,263400.00,2017-11-07 05:46:00.225400
1294,201711075461974,PRIN,16,35,50,878,43900.00,2017-11-07 05:46:00.197400
1295,201711075461981,PRIN,22,35,150,877,131550.00,2017-11-07 05:46:00.198100
1296,201711075461918,PRIN,52,55,50,880,44000.00,2017-11-07 05:46:00.191800
1297,201711075461919,PRIN,34,55,10,879,8790.00,2017-11-07 05:46:00.191900
1298,201711075461920,PRIN,34,55,50,879,43950.00,2017-11-07 05:46:00.192000
1299,201711075461921,PRIN,47,55,10,879,8790.00,2017-11-07 05:46:00.192100
1300,201711075461922,PRIN,35,55,20,879,17580.00,2017-11-07 05:46:00.192200
1301,201711075461923,PRIN,34,55,100,878,87800.00,2017-11-07 05:46:00.192300
1302,201711075461924,PRIN,1,55,100,878,87800.00,2017-11-07 05:46:00.192400
1303,201711075461925,PRIN,16,55,50,878,43900.00,2017-11-07 05:46:00.192500
1304,201711075461856,PRIN,34,4,100,879,87900.00,2017-11-07 05:46:00.185600
1305,201711075461847,PRIN,41,55,10,882,8820.00,2017-11-07 05:46:00.184700
1306,201711075460951,PRIN,22,40,200,880,176000.00,2017-11-07 05:46:00.095100
1307,201711075460711,PRIN,22,55,70,881,61670.00,2017-11-07 05:46:00.071100
1308,201711075460334,PRIN,53,40,150,880,132000.00,2017-11-07 05:46:00.033400
1309,201711075460236,PRIN,53,40,350,880,308000.00,2017-11-07 05:46:00.023600
1310,201711075460117,PRIN,53,40,100,880,88000.00,2017-11-07 05:46:00.011700
1311,201711075460090,PRIN,35,40,50,880,44000.00,2017-11-07 05:46:00.009000
1312,201711075460091,PRIN,44,40,500,880,440000.00,2017-11-07 05:46:00.009100
1313,201711075459738,PRIN,19,38,100,886,88600.00,2017-11-07 05:45:00.973800
1314,201711075459739,PRIN,45,38,50,885,44250.00,2017-11-07 05:45:00.973900
1315,201711075459740,PRIN,16,38,25,885,22125.00,2017-11-07 05:45:00.974000
1316,201711075459683,PRIN,19,25,165,890,146850.00,2017-11-07 05:45:00.968300
1317,201711075459663,PRIN,53,29,150,886,132900.00,2017-11-07 05:45:00.966300
1318,201711075459652,PRIN,16,29,75,885,66375.00,2017-11-07 05:45:00.965200
1319,201711075459582,PRIN,53,26,217,885,192045.00,2017-11-07 05:45:00.958200
1320,201711075459368,PRIN,34,14,90,879,79110.00,2017-11-07 05:45:00.936800
1321,201711075459283,PRIN,53,14,300,879,263700.00,2017-11-07 05:45:00.928300
1322,201711075459223,PRIN,48,14,100,881,88100.00,2017-11-07 05:45:00.922300
1323,201711075459224,PRIN,4,14,10,880,8800.00,2017-11-07 05:45:00.922400
1324,201711075458659,PRIN,4,16,40,880,35200.00,2017-11-07 05:45:00.865900
1325,201711075458477,PRIN,4,41,50,880,44000.00,2017-11-07 05:45:00.847700
1326,201711075458396,PRIN,41,36,253,885,223905.00,2017-11-07 05:45:00.839600
1327,201711075458364,PRIN,14,37,30,891,26730.00,2017-11-07 05:45:00.836400
1328,201711075458365,PRIN,41,37,47,890,41830.00,2017-11-07 05:45:00.836500
1329,201711075457862,PRIN,51,40,223,892,198916.00,2017-11-07 05:45:00.786200
1330,201711065457691,PRIN,6,17,30,875,26250.00,2017-11-06 05:45:00.769100
1331,201711065457692,PRIN,7,17,100,875,87500.00,2017-11-06 05:45:00.769200
1332,201711065457693,PRIN,16,17,49,875,42875.00,2017-11-06 05:45:00.769300
1333,201711065457400,PRIN,59,59,100,879,87900.00,2017-11-06 05:45:00.740000
1334,201711065457257,PRIN,21,40,100,880,88000.00,2017-11-06 05:45:00.725700
1335,201711065457057,PRIN,17,33,10,878,8780.00,2017-11-06 05:45:00.705700
1336,201711065457058,PRIN,13,33,100,878,87800.00,2017-11-06 05:45:00.705800
1337,201711065457059,PRIN,5,33,40,878,35120.00,2017-11-06 05:45:00.705900
1338,201711065457060,PRIN,8,33,50,877,43850.00,2017-11-06 05:45:00.706000
1339,201711065457061,PRIN,22,33,230,877,201710.00,2017-11-06 05:45:00.706100
1340,201711065457062,PRIN,53,33,100,876,87600.00,2017-11-06 05:45:00.706200
1341,201711065457063,PRIN,22,33,50,875,43750.00,2017-11-06 05:45:00.706300
1342,201711065457064,PRIN,6,33,20,875,17500.00,2017-11-06 05:45:00.706400
1343,201711065456980,PRIN,58,58,200,881,176200.00,2017-11-06 05:45:00.698000
1344,201711065456892,PRIN,25,40,200,882,176400.00,2017-11-06 05:45:00.689200
1345,201711065456821,PRIN,7,40,100,882,88200.00,2017-11-06 05:45:00.682100
1346,201711065456526,PRIN,22,38,70,877,61390.00,2017-11-06 05:45:00.652600
1347,201711065456488,PRIN,51,40,42,883,37086.00,2017-11-06 05:45:00.648800
1348,201711065456489,PRIN,1,40,135,881,118935.00,2017-11-06 05:45:00.648900
1349,201711065456490,PRIN,38,40,50,880,44000.00,2017-11-06 05:45:00.649000
1350,201711065456491,PRIN,14,40,50,880,44000.00,2017-11-06 05:45:00.649100
1351,201711065456492,PRIN,43,40,20,880,17600.00,2017-11-06 05:45:00.649200
1352,201711065456493,PRIN,14,40,50,880,44000.00,2017-11-06 05:45:00.649300
1353,201711065456458,PRIN,1,29,65,881,57265.00,2017-11-06 05:45:00.645800
1354,201711065456240,PRIN,51,59,58,883,51214.00,2017-11-06 05:45:00.624000
1355,201711065456224,PRIN,57,40,30,885,26550.00,2017-11-06 05:45:00.622400
1356,201711065456116,PRIN,20,17,100,885,88500.00,2017-11-06 05:45:00.611600
1357,201711065456117,PRIN,6,17,271,884,239564.00,2017-11-06 05:45:00.611700
1358,201711065456057,PRIN,6,40,133,886,117838.00,2017-11-06 05:45:00.605700
1359,201711065455730,PRIN,6,48,50,883,44150.00,2017-11-06 05:45:00.573000
1360,201711065455731,PRIN,6,32,100,884,88400.00,2017-11-06 05:45:00.573100
1361,201711065455732,PRIN,6,45,400,885,354000.00,2017-11-06 05:45:00.573200
1362,201711065455377,PRIN,5,58,20,883,17660.00,2017-11-06 05:45:00.537700
1363,201711065455378,PRIN,1,58,200,883,176600.00,2017-11-06 05:45:00.537800
1364,201711065455379,PRIN,20,58,50,882,44100.00,2017-11-06 05:45:00.537900
1365,201711065455380,PRIN,54,58,380,882,335160.00,2017-11-06 05:45:00.538000
1366,201711065455354,PRIN,58,58,30,886,26580.00,2017-11-06 05:45:00.535400
1367,201711065455355,PRIN,7,58,200,885,177000.00,2017-11-06 05:45:00.535500
1368,201711065455356,PRIN,6,58,770,885,681450.00,2017-11-06 05:45:00.535600
1369,201711065455336,PRIN,6,14,276,885,244260.00,2017-11-06 05:45:00.533600
1370,201711065455145,PRIN,49,28,100,887,88700.00,2017-11-06 05:45:00.514500
1371,201711065455146,PRIN,37,28,81,886,71766.00,2017-11-06 05:45:00.514600
1372,201711065455147,PRIN,58,28,170,886,150620.00,2017-11-06 05:45:00.514700
1373,201711065454951,PRIN,8,48,100,886,88600.00,2017-11-06 05:45:00.495100
1374,201711065454952,PRIN,37,48,40,886,35440.00,2017-11-06 05:45:00.495200
1375,201711065454913,PRIN,37,36,179,886,158594.00,2017-11-06 05:45:00.491300
1376,201711065454893,PRIN,35,36,100,893,89300.00,2017-11-06 05:45:00.489300
1377,201711065454894,PRIN,52,36,15,892,13380.00,2017-11-06 05:45:00.489400
1378,201711065454895,PRIN,43,36,50,892,44600.00,2017-11-06 05:45:00.489500
1379,201711065454896,PRIN,43,36,50,892,44600.00,2017-11-06 05:45:00.489600
1380,201711065454897,PRIN,45,36,50,891,44550.00,2017-11-06 05:45:00.489700
1381,201711065454898,PRIN,45,36,50,891,44550.00,2017-11-06 05:45:00.489800
1382,201711065454899,PRIN,5,36,100,890,89000.00,2017-11-06 05:45:00.489900
1383,201711065454900,PRIN,14,36,50,890,44500.00,2017-11-06 05:45:00.490000
1384,201711065454694,PRIN,47,49,100,898,89800.00,2017-11-06 05:45:00.469400
1385,201711065454290,PRIN,53,22,150,900,135000.00,2017-11-06 05:45:00.429000
1386,201711065454266,PRIN,32,22,50,900,45000.00,2017-11-06 05:45:00.426600
1387,201711065454099,PRIN,54,21,115,900,103500.00,2017-11-06 05:45:00.409900
1388,201711065453046,PRIN,17,33,50,900,45000.00,2017-11-06 05:45:00.304600
1389,201711065453047,PRIN,17,55,50,900,45000.00,2017-11-06 05:45:00.304700
1390,201711065453055,PRIN,10,10,110,900,99000.00,2017-11-06 05:45:00.305500
1391,201711055451214,PRIN,21,48,100,884,88400.00,2017-11-05 05:45:00.121400
1392,201711055450658,PRIN,16,49,190,882,167580.00,2017-11-05 05:45:00.065800
1393,201711055450592,PRIN,22,49,200,882,176400.00,2017-11-05 05:45:00.059200
1394,201711055450600,PRIN,11,49,100,882,88200.00,2017-11-05 05:45:00.060000
1395,201711055450572,PRIN,25,49,100,882,88200.00,2017-11-05 05:45:00.057200
1396,201711055450082,PRIN,37,50,100,880,88000.00,2017-11-05 05:45:00.008200
1397,201711055449976,PRIN,22,49,50,882,44100.00,2017-11-05 05:44:00.997600
1398,201711055449845,PRIN,8,49,50,882,44100.00,2017-11-05 05:44:00.984500
1399,201711055449606,PRIN,1,49,50,883,44150.00,2017-11-05 05:44:00.960600
1400,201711055449607,PRIN,14,49,30,883,26490.00,2017-11-05 05:44:00.960700
1401,201711055449608,PRIN,59,49,30,883,26490.00,2017-11-05 05:44:00.960800
1402,201711055449609,PRIN,25,49,100,883,88300.00,2017-11-05 05:44:00.960900
1403,201711055449610,PRIN,32,49,200,882,176400.00,2017-11-05 05:44:00.961000
1404,201711055449570,PRIN,44,17,200,886,177200.00,2017-11-05 05:44:00.957000
1405,201711055449571,PRIN,48,17,50,885,44250.00,2017-11-05 05:44:00.957100
1406,201711055449572,PRIN,26,17,150,884,132600.00,2017-11-05 05:44:00.957200
1407,201711055449573,PRIN,21,17,95,884,83980.00,2017-11-05 05:44:00.957300
1408,201711055449581,PRIN,1,17,10,883,8830.00,2017-11-05 05:44:00.958100
1409,201711055448114,PRIN,1,33,100,883,88300.00,2017-11-05 05:44:00.811400
1410,201711055448115,PRIN,1,33,40,883,35320.00,2017-11-05 05:44:00.811500
1411,201711055448047,PRIN,35,33,50,888,44400.00,2017-11-05 05:44:00.804700
1412,201711055448048,PRIN,29,33,100,887,88700.00,2017-11-05 05:44:00.804800
1413,201711055448049,PRIN,52,33,200,886,177200.00,2017-11-05 05:44:00.804900
1414,201711055448050,PRIN,37,33,50,885,44250.00,2017-11-05 05:44:00.805000
1415,201711055448051,PRIN,1,33,100,885,88500.00,2017-11-05 05:44:00.805100
1416,201711055448052,PRIN,21,33,100,885,88500.00,2017-11-05 05:44:00.805200
1417,201711055448053,PRIN,36,33,60,885,53100.00,2017-11-05 05:44:00.805300
1418,201711055448054,PRIN,21,33,100,884,88400.00,2017-11-05 05:44:00.805400
1419,201711055448055,PRIN,32,33,50,884,44200.00,2017-11-05 05:44:00.805500
1420,201711055448056,PRIN,37,33,400,884,353600.00,2017-11-05 05:44:00.805600
1421,201711055447359,PRIN,10,33,50,890,44500.00,2017-11-05 05:44:00.735900
1422,201711055447012,PRIN,47,17,20,900,18000.00,2017-11-05 05:44:00.701200
1423,201711055446689,PRIN,20,33,100,890,89000.00,2017-11-05 05:44:00.668900
1424,201711055446688,PRIN,8,33,100,891,89100.00,2017-11-05 05:44:00.668800
1425,201711055446465,PRIN,29,26,100,890,89000.00,2017-11-05 05:44:00.646500
1426,201711055446466,PRIN,20,26,400,890,356000.00,2017-11-05 05:44:00.646600
1427,201711055445699,PRIN,58,17,25,900,22500.00,2017-11-05 05:44:00.569900
1428,201711055444711,PRIN,22,47,10,900,9000.00,2017-11-05 05:44:00.471100
1429,201711055444496,PRIN,1,48,50,905,45250.00,2017-11-05 05:44:00.449600
1430,201711025444394,PRIN,43,38,100,900,90000.00,2017-11-02 05:44:00.439400
1431,201711025444395,PRIN,55,38,50,900,45000.00,2017-11-02 05:44:00.439500
1432,201711025444127,PRIN,47,44,10,901,9010.00,2017-11-02 05:44:00.412700
1433,201711025444128,PRIN,21,44,150,901,135150.00,2017-11-02 05:44:00.412800
1434,201711025444129,PRIN,44,44,200,900,180000.00,2017-11-02 05:44:00.412900
1435,201711025444130,PRIN,5,44,50,900,45000.00,2017-11-02 05:44:00.413000
1436,201711025444131,PRIN,49,44,50,900,45000.00,2017-11-02 05:44:00.413100
1437,201711025443797,PRIN,47,6,10,901,9010.00,2017-11-02 05:44:00.379700
1438,201711025443709,PRIN,22,6,90,902,81180.00,2017-11-02 05:44:00.370900
1439,201711025443670,PRIN,35,52,30,905,27150.00,2017-11-02 05:44:00.367000
1440,201711025443671,PRIN,22,52,70,902,63140.00,2017-11-02 05:44:00.367100
1441,201711025443614,PRIN,22,55,38,905,34390.00,2017-11-02 05:44:00.361400
1442,201711025443316,PRIN,36,44,20,910,18200.00,2017-11-02 05:44:00.331600
1443,201711025442264,PRIN,16,59,20,902,18040.00,2017-11-02 05:44:00.226400
1444,201711025442265,PRIN,53,59,200,901,180200.00,2017-11-02 05:44:00.226500
1445,201711025442266,PRIN,53,59,100,901,90100.00,2017-11-02 05:44:00.226600
1446,201711025442267,PRIN,44,59,97,900,87300.00,2017-11-02 05:44:00.226700
1447,201711025442268,PRIN,44,59,79,900,71100.00,2017-11-02 05:44:00.226800
1448,201711025441820,PRIN,44,43,121,900,108900.00,2017-11-02 05:44:00.182000
1449,201711025441604,PRIN,46,46,50,905,45250.00,2017-11-02 05:44:00.160400
1450,201711025441605,PRIN,49,46,424,905,383720.00,2017-11-02 05:44:00.160500
1451,201711025441606,PRIN,37,46,50,902,45100.00,2017-11-02 05:44:00.160600
1452,201711025441607,PRIN,52,46,200,901,180200.00,2017-11-02 05:44:00.160700
1453,201711025441608,PRIN,37,46,200,901,180200.00,2017-11-02 05:44:00.160800
1454,201711025441609,PRIN,44,46,70,900,63000.00,2017-11-02 05:44:00.160900
1455,201711025441610,PRIN,44,46,103,900,92700.00,2017-11-02 05:44:00.161000
1456,201711025441444,PRIN,49,21,76,905,68780.00,2017-11-02 05:44:00.144400
1457,201711025440778,PRIN,22,28,20,915,18300.00,2017-11-02 05:44:00.077800
1458,201711025440779,PRIN,16,28,50,910,45500.00,2017-11-02 05:44:00.077900
1459,201711025440780,PRIN,37,28,100,902,90200.00,2017-11-02 05:44:00.078000
1460,201711025440781,PRIN,58,28,500,901,450500.00,2017-11-02 05:44:00.078100
1461,201711025440782,PRIN,45,28,400,900,360000.00,2017-11-02 05:44:00.078200
1462,201711025440783,PRIN,22,28,50,900,45000.00,2017-11-02 05:44:00.078300
1463,201711025440784,PRIN,44,28,130,900,117000.00,2017-11-02 05:44:00.078400
1464,201711025439365,PRIN,58,32,200,909,181800.00,2017-11-02 05:43:00.936500
1465,201711025439320,PRIN,21,50,31,900,27900.00,2017-11-02 05:43:00.932000
1466,201711015438426,PRIN,25,33,10,906,9060.00,2017-11-01 05:43:00.842600
1467,201711015437780,PRIN,36,36,20,905,18100.00,2017-11-01 05:43:00.778000
1468,201711015437704,PRIN,58,48,55,898,49390.00,2017-11-01 05:43:00.770400
1469,201711015437705,PRIN,1,48,45,897,40365.00,2017-11-01 05:43:00.770500
1470,201711015437655,PRIN,58,45,86,898,77228.00,2017-11-01 05:43:00.765500
1471,201711015437371,PRIN,22,14,200,902,180400.00,2017-11-01 05:43:00.737100
1472,201711015437372,PRIN,32,14,130,900,117000.00,2017-11-01 05:43:00.737200
1473,201711015437373,PRIN,58,14,59,898,52982.00,2017-11-01 05:43:00.737300
1474,201711015437301,PRIN,58,36,280,905,253400.00,2017-11-01 05:43:00.730100
1475,201711015437254,PRIN,46,33,50,906,45300.00,2017-11-01 05:43:00.725400
1476,201711015437158,PRIN,58,19,50,905,45250.00,2017-11-01 05:43:00.715800
1477,201711015436915,PRIN,22,22,59,902,53218.00,2017-11-01 05:43:00.691500
1478,201711015436777,PRIN,19,38,50,901,45050.00,2017-11-01 05:43:00.677700
1479,201711015436778,PRIN,20,38,135,900,121500.00,2017-11-01 05:43:00.677800
1480,201711015436779,PRIN,32,38,70,900,63000.00,2017-11-01 05:43:00.677900
1481,201711015436692,PRIN,59,44,30,900,27000.00,2017-11-01 05:43:00.669200
1482,201711015436693,PRIN,17,44,200,900,180000.00,2017-11-01 05:43:00.669300
1483,201711015436694,PRIN,59,44,50,900,45000.00,2017-11-01 05:43:00.669400
1484,201711015436695,PRIN,32,44,100,900,90000.00,2017-11-01 05:43:00.669500
1485,201711015436696,PRIN,37,44,200,900,180000.00,2017-11-01 05:43:00.669600
1486,201711015436697,PRIN,22,44,50,900,45000.00,2017-11-01 05:43:00.669700
1487,201711015436698,PRIN,20,44,365,900,328500.00,2017-11-01 05:43:00.669800
1488,201711015436588,PRIN,7,33,240,901,216240.00,2017-11-01 05:43:00.658800
1489,201711015436571,PRIN,49,33,300,901,270300.00,2017-11-01 05:43:00.657100
1490,201711015436481,PRIN,19,38,30,901,27030.00,2017-11-01 05:43:00.648100
1491,201711015436482,PRIN,26,38,100,901,90100.00,2017-11-01 05:43:00.648200
1492,201711015436483,PRIN,1,38,100,901,90100.00,2017-11-01 05:43:00.648300
1493,201711015436484,PRIN,36,38,10,901,9010.00,2017-11-01 05:43:00.648400
1494,201711015436455,PRIN,19,26,20,901,18020.00,2017-11-01 05:43:00.645500
1495,201711015436239,PRIN,22,38,275,902,248050.00,2017-11-01 05:43:00.623900
1496,201711015436240,PRIN,8,38,50,902,45100.00,2017-11-01 05:43:00.624000
1497,201711015436241,PRIN,53,38,200,902,180400.00,2017-11-01 05:43:00.624100
1498,201711015436224,PRIN,35,36,200,903,180600.00,2017-11-01 05:43:00.622400
1499,201711015435985,PRIN,8,34,55,908,49940.00,2017-11-01 05:43:00.598500
1500,201711015435895,PRIN,58,45,500,905,452500.00,2017-11-01 05:43:00.589500
1501,201711015435724,PRIN,32,38,230,905,208150.00,2017-11-01 05:43:00.572400
1502,201711015435583,PRIN,25,38,60,902,54120.00,2017-11-01 05:43:00.558300
1503,201711015435593,PRIN,59,38,10,905,9050.00,2017-11-01 05:43:00.559300
1504,201711015435563,PRIN,16,38,50,900,45000.00,2017-11-01 05:43:00.556300
1505,201711015435564,PRIN,22,38,200,900,180000.00,2017-11-01 05:43:00.556400
1506,201711015435565,PRIN,47,38,20,900,18000.00,2017-11-01 05:43:00.556500
1507,201711015435539,PRIN,25,38,500,901,450500.00,2017-11-01 05:43:00.553900
1508,201711015435439,PRIN,19,22,40,908,36320.00,2017-11-01 05:43:00.543900
1509,201711015435440,PRIN,19,38,160,909,145440.00,2017-11-01 05:43:00.544000
1510,201711015435389,PRIN,58,58,50,900,45000.00,2017-11-01 05:43:00.538900
1511,201711015435354,PRIN,58,38,250,900,225000.00,2017-11-01 05:43:00.535400
1512,201711015435335,PRIN,58,45,250,903,225750.00,2017-11-01 05:43:00.533500
1513,201711015435336,PRIN,49,45,250,902,225500.00,2017-11-01 05:43:00.533600
1514,201711015435337,PRIN,41,45,100,901,90100.00,2017-11-01 05:43:00.533700
1515,201711015435338,PRIN,41,45,200,901,180200.00,2017-11-01 05:43:00.533800
1516,201710315433163,PRIN,8,40,100,906,90600.00,2017-10-31 05:43:00.316300
1517,201710315433076,PRIN,25,45,210,905,190050.00,2017-10-31 05:43:00.307600
1518,201710315433021,PRIN,25,33,90,905,81450.00,2017-10-31 05:43:00.302100
1519,201710315432982,PRIN,38,33,10,905,9050.00,2017-10-31 05:43:00.298200
1520,201710315433002,PRIN,1,33,100,905,90500.00,2017-10-31 05:43:00.300200
1521,201710315433007,PRIN,38,33,100,905,90500.00,2017-10-31 05:43:00.300700
1522,201710315432916,PRIN,32,45,21,911,19131.00,2017-10-31 05:43:00.291600
1523,201710315432917,PRIN,57,45,50,908,45400.00,2017-10-31 05:43:00.291700
1524,201710315432918,PRIN,58,45,300,908,272400.00,2017-10-31 05:43:00.291800
1525,201710315432919,PRIN,35,45,20,907,18140.00,2017-10-31 05:43:00.291900
1526,201710315432920,PRIN,1,45,136,906,123216.00,2017-10-31 05:43:00.292000
1527,201710315432921,PRIN,53,45,200,906,181200.00,2017-10-31 05:43:00.292100
1528,201710315432922,PRIN,35,45,200,906,181200.00,2017-10-31 05:43:00.292200
1529,201710315432923,PRIN,46,45,100,905,90500.00,2017-10-31 05:43:00.292300
1530,201710315432924,PRIN,13,45,50,905,45250.00,2017-10-31 05:43:00.292400
1531,201710315432925,PRIN,38,45,50,905,45250.00,2017-10-31 05:43:00.292500
1532,201710315432481,PRIN,58,32,500,910,455000.00,2017-10-31 05:43:00.248100
1533,201710315432451,PRIN,42,59,11,915,10065.00,2017-10-31 05:43:00.245100
1534,201710315432452,PRIN,21,59,10,915,9150.00,2017-10-31 05:43:00.245200
1535,201710315432453,PRIN,51,59,10,915,9150.00,2017-10-31 05:43:00.245300
1536,201710315432454,PRIN,51,59,10,912,9120.00,2017-10-31 05:43:00.245400
1537,201710315432455,PRIN,22,59,50,912,45600.00,2017-10-31 05:43:00.245500
1538,201710315432456,PRIN,47,59,30,911,27330.00,2017-10-31 05:43:00.245600
1539,201710315432457,PRIN,32,59,79,911,71969.00,2017-10-31 05:43:00.245700
1540,201710315432290,PRIN,22,49,100,912,91200.00,2017-10-31 05:43:00.229000
1541,201710315432258,PRIN,22,41,75,915,68625.00,2017-10-31 05:43:00.225800
1542,201710315432271,PRIN,22,53,50,919,45950.00,2017-10-31 05:43:00.227100
1543,201710315431657,PRIN,42,35,39,915,35685.00,2017-10-31 05:43:00.165700
1544,201710315431566,PRIN,21,21,88,911,80168.00,2017-10-31 05:43:00.156600
1545,201710315430082,PRIN,49,36,100,907,90700.00,2017-10-31 05:43:00.008200
1546,201710315430083,PRIN,1,36,364,906,329784.00,2017-10-31 05:43:00.008300
1547,201710315429803,PRIN,29,45,66,902,59532.00,2017-10-31 05:42:00.980300
1548,201710305429447,PRIN,43,7,70,916,64120.00,2017-10-30 05:42:00.944700
1549,201710305429377,PRIN,49,45,30,920,27600.00,2017-10-30 05:42:00.937700
1550,201710305429378,PRIN,32,45,50,920,46000.00,2017-10-30 05:42:00.937800
1551,201710305429379,PRIN,42,45,50,920,46000.00,2017-10-30 05:42:00.937900
1552,201710305429380,PRIN,53,45,50,920,46000.00,2017-10-30 05:42:00.938000
1553,201710305429381,PRIN,22,45,100,920,92000.00,2017-10-30 05:42:00.938100
1554,201710305429382,PRIN,45,45,200,916,183200.00,2017-10-30 05:42:00.938200
1555,201710305429383,PRIN,35,45,100,916,91600.00,2017-10-30 05:42:00.938300
1556,201710305428895,PRIN,35,17,49,921,45129.00,2017-10-30 05:42:00.889500
1557,201710305428896,PRIN,35,17,100,921,92100.00,2017-10-30 05:42:00.889600
1558,201710305428897,PRIN,49,17,170,920,156400.00,2017-10-30 05:42:00.889700
1559,201710305428770,PRIN,49,8,50,922,46100.00,2017-10-30 05:42:00.877000
1560,201710305428771,PRIN,32,8,100,921,92100.00,2017-10-30 05:42:00.877100
1561,201710305428772,PRIN,35,8,100,921,92100.00,2017-10-30 05:42:00.877200
1562,201710305428773,PRIN,35,8,51,921,46971.00,2017-10-30 05:42:00.877300
1563,201710305428663,PRIN,1,53,50,923,46150.00,2017-10-30 05:42:00.866300
1564,201710305428664,PRIN,35,53,100,923,92300.00,2017-10-30 05:42:00.866400
1565,201710305428665,PRIN,10,53,300,923,276900.00,2017-10-30 05:42:00.866500
1566,201710305428666,PRIN,49,53,150,922,138300.00,2017-10-30 05:42:00.866600
1567,201710305428020,PRIN,57,57,1859,925,1719575.00,2017-10-30 05:42:00.802000
1568,201710305427976,PRIN,58,32,300,927,278100.00,2017-10-30 05:42:00.797600
1569,201710305427698,PRIN,55,57,50,935,46750.00,2017-10-30 05:42:00.769800
1570,201710305427699,PRIN,36,57,30,930,27900.00,2017-10-30 05:42:00.769900
1571,201710305427700,PRIN,35,57,30,930,27900.00,2017-10-30 05:42:00.770000
1572,201710305427701,PRIN,35,57,50,930,46500.00,2017-10-30 05:42:00.770100
1573,201710305427702,PRIN,35,57,300,930,279000.00,2017-10-30 05:42:00.770200
1574,201710305427703,PRIN,58,57,267,929,248043.00,2017-10-30 05:42:00.770300
1575,201710305427675,PRIN,35,32,100,938,93800.00,2017-10-30 05:42:00.767500
1576,201710305427633,PRIN,1,57,50,940,47000.00,2017-10-30 05:42:00.763300
1577,201710305425633,PRIN,34,1,10,940,9400.00,2017-10-30 05:42:00.563300
1578,201710305425634,PRIN,34,17,190,945,179550.00,2017-10-30 05:42:00.563400
1579,201710295425106,PRIN,47,59,20,935,18700.00,2017-10-29 05:42:00.510600
1580,201710295424391,PRIN,59,40,20,932,18640.00,2017-10-29 05:42:00.439100
1581,201710295424392,PRIN,49,40,180,932,167760.00,2017-10-29 05:42:00.439200
1582,201710295424175,PRIN,32,53,200,933,186600.00,2017-10-29 05:42:00.417500
1583,201710295424039,PRIN,49,44,100,932,93200.00,2017-10-29 05:42:00.403900
1584,201710295423878,PRIN,32,53,35,934,32690.00,2017-10-29 05:42:00.387800
1585,201710295423879,PRIN,49,53,165,933,153945.00,2017-10-29 05:42:00.387900
1586,201710295423482,PRIN,49,45,35,933,32655.00,2017-10-29 05:42:00.348200
1587,201710295423384,PRIN,32,45,50,938,46900.00,2017-10-29 05:42:00.338400
1588,201710295423393,PRIN,32,45,50,938,46900.00,2017-10-29 05:42:00.339300
1589,201710295423054,PRIN,58,35,250,935,233750.00,2017-10-29 05:42:00.305400
1590,201710295423055,PRIN,58,45,49,935,45815.00,2017-10-29 05:42:00.305500
1591,201710295422843,PRIN,19,45,50,935,46750.00,2017-10-29 05:42:00.284300
1592,201710295422710,PRIN,36,45,100,938,93800.00,2017-10-29 05:42:00.271000
1593,201710295422395,PRIN,22,25,200,937,187400.00,2017-10-29 05:42:00.239500
1594,201710295422243,PRIN,7,45,50,938,46900.00,2017-10-29 05:42:00.224300
1595,201710295422244,PRIN,58,45,300,938,281400.00,2017-10-29 05:42:00.224400
1596,201710295421316,PRIN,48,55,140,936,131040.00,2017-10-29 05:42:00.131600
1597,201710255420920,PRIN,25,17,180,950,171000.00,2017-10-25 05:42:00.092000
1598,201710255420878,PRIN,49,59,178,945,168210.00,2017-10-25 05:42:00.087800
1599,201710255420879,PRIN,42,59,270,945,255150.00,2017-10-25 05:42:00.087900
1600,201710255420815,PRIN,13,59,20,947,18940.00,2017-10-25 05:42:00.081500
1601,201710255420816,PRIN,32,59,25,947,23675.00,2017-10-25 05:42:00.081600
1602,201710255420838,PRIN,35,59,100,946,94600.00,2017-10-25 05:42:00.083800
1603,201710255420839,PRIN,1,59,150,946,141900.00,2017-10-25 05:42:00.083900
1604,201710255420804,PRIN,35,51,50,948,47400.00,2017-10-25 05:42:00.080400
1605,201710255420805,PRIN,22,51,30,948,28440.00,2017-10-25 05:42:00.080500
1606,201710255420806,PRIN,22,17,170,950,161500.00,2017-10-25 05:42:00.080600
1607,201710255420700,PRIN,35,26,150,948,142200.00,2017-10-25 05:42:00.070000
1608,201710255420266,PRIN,49,37,80,945,75600.00,2017-10-25 05:42:00.026600
1609,201710255419979,PRIN,49,26,100,945,94500.00,2017-10-25 05:41:00.997900
1610,201710255419928,PRIN,49,53,200,947,189400.00,2017-10-25 05:41:00.992800
1611,201710255419929,PRIN,58,53,200,946,189200.00,2017-10-25 05:41:00.992900
1612,201710255419930,PRIN,49,53,100,945,94500.00,2017-10-25 05:41:00.993000
1613,201710255419730,PRIN,38,17,150,948,142200.00,2017-10-25 05:41:00.973000
1614,201710255419671,PRIN,32,33,20,953,19060.00,2017-10-25 05:41:00.967100
1615,201710255419679,PRIN,16,48,50,948,47400.00,2017-10-25 05:41:00.967900
1616,201710255419680,PRIN,38,48,50,948,47400.00,2017-10-25 05:41:00.968000
1617,201710255419439,PRIN,32,21,200,950,190000.00,2017-10-25 05:41:00.943900
1618,201710255419440,PRIN,16,21,50,948,47400.00,2017-10-25 05:41:00.944000
1619,201710255419012,PRIN,58,33,100,950,95000.00,2017-10-25 05:41:00.901200
1620,201710255418957,PRIN,37,21,50,948,47400.00,2017-10-25 05:41:00.895700
1621,201710255418958,PRIN,22,21,200,947,189400.00,2017-10-25 05:41:00.895800
1622,201710255418371,PRIN,41,28,50,948,47400.00,2017-10-25 05:41:00.837100
1623,201710255418372,PRIN,32,28,50,947,47350.00,2017-10-25 05:41:00.837200
1624,201710255418373,PRIN,14,28,58,946,54868.00,2017-10-25 05:41:00.837300
1625,201710255418374,PRIN,22,28,67,946,63382.00,2017-10-25 05:41:00.837400
1626,201710255418383,PRIN,22,28,33,946,31218.00,2017-10-25 05:41:00.838300
1627,201710255418384,PRIN,32,28,100,945,94500.00,2017-10-25 05:41:00.838400
1628,201710255418385,PRIN,49,28,42,945,39690.00,2017-10-25 05:41:00.838500
1629,201710255418350,PRIN,22,48,100,950,95000.00,2017-10-25 05:41:00.835000
1630,201710255418351,PRIN,49,48,200,950,190000.00,2017-10-25 05:41:00.835100
1631,201710255418349,PRIN,35,48,100,951,95100.00,2017-10-25 05:41:00.834900
1632,201710255417789,PRIN,58,41,231,951,219681.00,2017-10-25 05:41:00.778900
1633,201710245416827,PRIN,5,21,252,961,242172.00,2017-10-24 05:41:00.682700
1634,201710245416828,PRIN,49,21,150,960,144000.00,2017-10-24 05:41:00.682800
1635,201710245416829,PRIN,34,21,298,960,286080.00,2017-10-24 05:41:00.682900
1636,201710245416767,PRIN,32,17,30,962,28860.00,2017-10-24 05:41:00.676700
1637,201710245416768,PRIN,5,17,690,961,663090.00,2017-10-24 05:41:00.676800
1638,201710245416696,PRIN,19,28,18,966,17388.00,2017-10-24 05:41:00.669600
1639,201710245416697,PRIN,5,28,58,961,55738.00,2017-10-24 05:41:00.669700
1640,201710245416326,PRIN,57,29,20,965,19300.00,2017-10-24 05:41:00.632600
1641,201710245416331,PRIN,19,29,182,965,175630.00,2017-10-24 05:41:00.633100
1642,201710245416057,PRIN,57,17,10,969,9690.00,2017-10-24 05:41:00.605700
1643,201710245416019,PRIN,49,41,350,960,336000.00,2017-10-24 05:41:00.601900
1644,201710245415956,PRIN,35,17,50,965,48250.00,2017-10-24 05:41:00.595600
1645,201710245415957,PRIN,19,17,100,963,96300.00,2017-10-24 05:41:00.595700
1646,201710245415958,PRIN,7,17,200,963,192600.00,2017-10-24 05:41:00.595800
1647,201710245415959,PRIN,36,17,150,962,144300.00,2017-10-24 05:41:00.595900
1648,201710245415960,PRIN,22,17,100,962,96200.00,2017-10-24 05:41:00.596000
1649,201710245415961,PRIN,22,17,150,960,144000.00,2017-10-24 05:41:00.596100
1650,201710245415962,PRIN,58,17,500,960,480000.00,2017-10-24 05:41:00.596200
1651,201710245415963,PRIN,54,17,150,960,144000.00,2017-10-24 05:41:00.596300
1652,201710245415266,PRIN,41,17,230,973,223790.00,2017-10-24 05:41:00.526600
1653,201710245415223,PRIN,43,17,40,974,38960.00,2017-10-24 05:41:00.522300
1654,201710245415224,PRIN,8,17,100,973,97300.00,2017-10-24 05:41:00.522400
1655,201710245415211,PRIN,45,41,150,975,146250.00,2017-10-24 05:41:00.521100
1656,201710245415140,PRIN,22,17,260,978,254280.00,2017-10-24 05:41:00.514000
1657,201710245415096,PRIN,22,17,500,978,489000.00,2017-10-24 05:41:00.509600
1658,201710245415035,PRIN,22,53,110,977,107470.00,2017-10-24 05:41:00.503500
1659,201710245415036,PRIN,22,17,240,978,234720.00,2017-10-24 05:41:00.503600
1660,201710245414721,PRIN,53,59,50,980,49000.00,2017-10-24 05:41:00.472100
1661,201710245414722,PRIN,53,53,50,980,49000.00,2017-10-24 05:41:00.472200
1662,201710245414723,PRIN,53,34,100,980,98000.00,2017-10-24 05:41:00.472300
1663,201710245414485,PRIN,22,29,115,973,111895.00,2017-10-24 05:41:00.448500
1664,201710245414312,PRIN,22,40,100,969,96900.00,2017-10-24 05:41:00.431200
1665,201710245414313,PRIN,22,17,500,970,485000.00,2017-10-24 05:41:00.431300
1666,201710245413761,PRIN,22,21,50,960,48000.00,2017-10-24 05:41:00.376100
1667,201710245413271,PRIN,34,48,67,956,64052.00,2017-10-24 05:41:00.327100
1668,201710245413225,PRIN,38,38,30,960,28800.00,2017-10-24 05:41:00.322500
1669,201710245413120,PRIN,32,16,100,971,97100.00,2017-10-24 05:41:00.312000
1670,201710245413097,PRIN,34,25,50,973,48650.00,2017-10-24 05:41:00.309700
1671,201710245413098,PRIN,22,25,200,972,194400.00,2017-10-24 05:41:00.309800
1672,201710245413055,PRIN,34,29,85,976,82960.00,2017-10-24 05:41:00.305500
1673,201710245413056,PRIN,58,29,100,975,97500.00,2017-10-24 05:41:00.305600
1674,201710245413057,PRIN,26,29,100,973,97300.00,2017-10-24 05:41:00.305700
1675,201710245413028,PRIN,34,47,65,976,63440.00,2017-10-24 05:41:00.302800
1676,201710245412983,PRIN,21,59,50,980,49000.00,2017-10-24 05:41:00.298300
1677,201710245412912,PRIN,50,37,50,982,49100.00,2017-10-24 05:41:00.291200
1678,201710245412915,PRIN,34,44,10,985,9850.00,2017-10-24 05:41:00.291500
1679,201710245412891,PRIN,50,37,50,982,49100.00,2017-10-24 05:41:00.289100
1680,201710245412823,PRIN,4,53,100,980,98000.00,2017-10-24 05:41:00.282300
1681,201710245412816,PRIN,29,1,40,985,39400.00,2017-10-24 05:41:00.281600
1682,201710245412818,PRIN,53,53,100,989,98900.00,2017-10-24 05:41:00.281800
1683,201710245412821,PRIN,29,44,60,985,59100.00,2017-10-24 05:41:00.282100
1684,201710245412787,PRIN,29,28,150,990,148500.00,2017-10-24 05:41:00.278700
1685,201710245412781,PRIN,38,59,100,992,99200.00,2017-10-24 05:41:00.278100
1686,201710245412775,PRIN,34,1,100,976,97600.00,2017-10-24 05:41:00.277500
1687,201710235412734,PRIN,46,34,40,1161,46440.00,2017-10-23 05:41:00.273400
1688,201710235412735,PRIN,49,34,37,1160,42920.00,2017-10-23 05:41:00.273500
1689,201710235412736,PRIN,42,34,23,1160,26680.00,2017-10-23 05:41:00.273600
1690,201710235412762,PRIN,42,7,100,1160,116000.00,2017-10-23 05:41:00.276200
1691,201710235412660,PRIN,28,22,156,1161,181116.00,2017-10-23 05:41:00.266000
1692,201710235412664,PRIN,28,37,414,1161,480654.00,2017-10-23 05:41:00.266400
1693,201710235412670,PRIN,28,5,430,1161,499230.00,2017-10-23 05:41:00.267000
1694,201710235412683,PRIN,1,5,50,1161,58050.00,2017-10-23 05:41:00.268300
1695,201710235412686,PRIN,35,5,239,1161,277479.00,2017-10-23 05:41:00.268600
1696,201710235412697,PRIN,35,36,50,1161,58050.00,2017-10-23 05:41:00.269700
1697,201710235412698,PRIN,37,36,38,1160,44080.00,2017-10-23 05:41:00.269800
1698,201710235412699,PRIN,47,36,100,1160,116000.00,2017-10-23 05:41:00.269900
1699,201710235412700,PRIN,49,36,63,1160,73080.00,2017-10-23 05:41:00.270000
1700,201710235412623,PRIN,48,22,22,1163,25586.00,2017-10-23 05:41:00.262300
1701,201710235412627,PRIN,21,22,12,1163,13956.00,2017-10-23 05:41:00.262700
1702,201710235412631,PRIN,1,20,11,1160,12760.00,2017-10-23 05:41:00.263100
1703,201710235412632,PRIN,25,20,100,1160,116000.00,2017-10-23 05:41:00.263200
1704,201710235412633,PRIN,40,20,100,1160,116000.00,2017-10-23 05:41:00.263300
1705,201710235412634,PRIN,34,20,20,1160,23200.00,2017-10-23 05:41:00.263400
1706,201710235412635,PRIN,37,20,62,1160,71920.00,2017-10-23 05:41:00.263500
1707,201710235412578,PRIN,22,38,108,1161,125388.00,2017-10-23 05:41:00.257800
1708,201710235412585,PRIN,25,28,50,1160,58000.00,2017-10-23 05:41:00.258500
1709,201710235412594,PRIN,21,22,10,1165,11650.00,2017-10-23 05:41:00.259400
1710,201710235412540,PRIN,36,37,90,1161,104490.00,2017-10-23 05:41:00.254000
1711,201710235412574,PRIN,36,21,10,1161,11610.00,2017-10-23 05:41:00.257400
1712,201710235412575,PRIN,22,21,90,1161,104490.00,2017-10-23 05:41:00.257500
1713,201710235412508,PRIN,1,21,100,1161,116100.00,2017-10-23 05:41:00.250800
1714,201710235412509,PRIN,47,21,11,1161,12771.00,2017-10-23 05:41:00.250900
1715,201710235412510,PRIN,1,21,89,1160,103240.00,2017-10-23 05:41:00.251000
1716,201710235412453,PRIN,35,38,200,1163,232600.00,2017-10-23 05:41:00.245300
1717,201710235412462,PRIN,51,38,50,1162,58100.00,2017-10-23 05:41:00.246200
1718,201710235412396,PRIN,56,26,85,1165,99025.00,2017-10-23 05:41:00.239600
1719,201710235412420,PRIN,39,43,10,1165,11650.00,2017-10-23 05:41:00.242000
1720,201710235412421,PRIN,56,43,15,1165,17475.00,2017-10-23 05:41:00.242100
1721,201710235412422,PRIN,22,43,25,1164,29100.00,2017-10-23 05:41:00.242200
1722,201710235412424,PRIN,38,5,25,1166,29150.00,2017-10-23 05:41:00.242400
1723,201710235412437,PRIN,22,48,25,1164,29100.00,2017-10-23 05:41:00.243700
1724,201710235412438,PRIN,39,48,200,1164,232800.00,2017-10-23 05:41:00.243800
1725,201710235412439,PRIN,49,48,67,1163,77921.00,2017-10-23 05:41:00.243900
1726,201710235412440,PRIN,47,48,50,1163,58150.00,2017-10-23 05:41:00.244000
1727,201710235412441,PRIN,37,48,258,1163,300054.00,2017-10-23 05:41:00.244100
1728,201710235412451,PRIN,37,38,42,1163,48846.00,2017-10-23 05:41:00.245100
1729,201710235412452,PRIN,37,38,300,1163,348900.00,2017-10-23 05:41:00.245200
1730,201710235412333,PRIN,50,22,25,1165,29125.00,2017-10-23 05:41:00.233300
1731,201710235412334,PRIN,46,22,25,1165,29125.00,2017-10-23 05:41:00.233400
1732,201710235412335,PRIN,48,22,70,1164,81480.00,2017-10-23 05:41:00.233500
1733,201710235412336,PRIN,16,22,40,1163,46520.00,2017-10-23 05:41:00.233600
1734,201710235412337,PRIN,6,22,20,1163,23260.00,2017-10-23 05:41:00.233700
1735,201710235412338,PRIN,49,22,96,1163,111648.00,2017-10-23 05:41:00.233800
1736,201710235412348,PRIN,49,57,100,1163,116300.00,2017-10-23 05:41:00.234800
1737,201710235412253,PRIN,51,5,50,1166,58300.00,2017-10-23 05:41:00.225300
1738,201710235412203,PRIN,49,37,487,1163,566381.00,2017-10-23 05:41:00.220300
1739,201710235412186,PRIN,8,5,200,1166,233200.00,2017-10-23 05:41:00.218600
1740,201710235412143,PRIN,50,57,25,1165,29125.00,2017-10-23 05:41:00.214300
1741,201710235412082,PRIN,10,26,150,1165,174750.00,2017-10-23 05:41:00.208200
1742,201710235412092,PRIN,21,37,13,1167,15171.00,2017-10-23 05:41:00.209200
1743,201710235412078,PRIN,37,59,200,1163,232600.00,2017-10-23 05:41:00.207800
1744,201710235412070,PRIN,21,21,2,1164,2328.00,2017-10-23 05:41:00.207000
1745,201710235412013,PRIN,42,42,176,1164,204864.00,2017-10-23 05:41:00.201300
1746,201710235412001,PRIN,1,52,300,1167,350100.00,2017-10-23 05:41:00.200100
1747,201710235411984,PRIN,57,53,100,1166,116600.00,2017-10-23 05:41:00.198400
1748,201710235411996,PRIN,10,34,500,1164,582000.00,2017-10-23 05:41:00.199600
1749,201710235411950,PRIN,10,10,300,1164,349200.00,2017-10-23 05:41:00.195000
1750,201710235411901,PRIN,35,42,165,1166,192390.00,2017-10-23 05:41:00.190100
1751,201710235411902,PRIN,47,42,50,1166,58300.00,2017-10-23 05:41:00.190200
1752,201710235411903,PRIN,47,42,50,1166,58300.00,2017-10-23 05:41:00.190300
1753,201710235411904,PRIN,17,42,118,1165,137470.00,2017-10-23 05:41:00.190400
1754,201710235411905,PRIN,25,42,58,1165,67570.00,2017-10-23 05:41:00.190500
1755,201710235411912,PRIN,25,5,42,1165,48930.00,2017-10-23 05:41:00.191200
1756,201710235411913,PRIN,47,5,100,1165,116500.00,2017-10-23 05:41:00.191300
1757,201710235411914,PRIN,49,5,100,1165,116500.00,2017-10-23 05:41:00.191400
1758,201710235411915,PRIN,45,5,25,1165,29125.00,2017-10-23 05:41:00.191500
1759,201710235411916,PRIN,58,5,25,1165,29125.00,2017-10-23 05:41:00.191600
1760,201710235411917,PRIN,35,5,500,1165,582500.00,2017-10-23 05:41:00.191700
1761,201710235411893,PRIN,51,21,20,1169,23380.00,2017-10-23 05:41:00.189300
1762,201710235411899,PRIN,35,44,100,1166,116600.00,2017-10-23 05:41:00.189900
1763,201710235411868,PRIN,42,43,30,1168,35040.00,2017-10-23 05:41:00.186800
1764,201710235411869,PRIN,42,21,20,1169,23380.00,2017-10-23 05:41:00.186900
1765,201710235411851,PRIN,46,43,20,1169,23380.00,2017-10-23 05:41:00.185100
1766,201710235411815,PRIN,45,5,50,1169,58450.00,2017-10-23 05:41:00.181500
1767,201710235411771,PRIN,6,5,10,1169,11690.00,2017-10-23 05:41:00.177100
1768,201710235411738,PRIN,34,10,100,1169,116900.00,2017-10-23 05:41:00.173800
1769,201710235411739,PRIN,45,10,50,1167,58350.00,2017-10-23 05:41:00.173900
1770,201710235411740,PRIN,35,10,35,1166,40810.00,2017-10-23 05:41:00.174000
1771,201710235411724,PRIN,46,22,50,1170,58500.00,2017-10-23 05:41:00.172400
1772,201710235411662,PRIN,5,5,52,1170,60840.00,2017-10-23 05:41:00.166200
1773,201710235411663,PRIN,5,22,114,1170,133380.00,2017-10-23 05:41:00.166300
1774,201710235411664,PRIN,32,5,50,1169,58450.00,2017-10-23 05:41:00.166400
1775,201710235411665,PRIN,59,5,200,1169,233800.00,2017-10-23 05:41:00.166500
1776,201710235411678,PRIN,5,22,10,1170,11700.00,2017-10-23 05:41:00.167800
1777,201710235411634,PRIN,59,21,100,1169,116900.00,2017-10-23 05:41:00.163400
1778,201710235411567,PRIN,8,32,90,1168,105120.00,2017-10-23 05:41:00.156700
1779,201710235411544,PRIN,17,5,50,1168,58400.00,2017-10-23 05:41:00.154400
1780,201710235411545,PRIN,20,5,41,1167,47847.00,2017-10-23 05:41:00.154500
1781,201710235411546,PRIN,22,5,200,1166,233200.00,2017-10-23 05:41:00.154600
1782,201710235411547,PRIN,43,5,100,1166,116600.00,2017-10-23 05:41:00.154700
1783,201710235411548,PRIN,41,5,27,1165,31455.00,2017-10-23 05:41:00.154800
1784,201710235411549,PRIN,35,5,300,1165,349500.00,2017-10-23 05:41:00.154900
1785,201710235411550,PRIN,5,5,40,1165,46600.00,2017-10-23 05:41:00.155000
1786,201710235411551,PRIN,17,5,342,1165,398430.00,2017-10-23 05:41:00.155100
1787,201710235411514,PRIN,20,5,59,1167,68853.00,2017-10-23 05:41:00.151400
1788,201710235411500,PRIN,6,20,38,1170,44460.00,2017-10-23 05:41:00.150000
1789,201710235411501,PRIN,6,45,138,1170,161460.00,2017-10-23 05:41:00.150100
1790,201710235411508,PRIN,6,5,24,1170,28080.00,2017-10-23 05:41:00.150800
1791,201710235411466,PRIN,20,10,200,1167,233400.00,2017-10-23 05:41:00.146600
1792,201710235411430,PRIN,33,20,100,1170,117000.00,2017-10-23 05:41:00.143000
1793,201710235411446,PRIN,46,37,100,1168,116800.00,2017-10-23 05:41:00.144600
1794,201710235411447,PRIN,1,37,500,1168,584000.00,2017-10-23 05:41:00.144700
1795,201710235411341,PRIN,1,5,24,1174,28176.00,2017-10-23 05:41:00.134100
1796,201710235411298,PRIN,1,14,26,1168,30368.00,2017-10-23 05:41:00.129800
1797,201710235411300,PRIN,17,5,100,1171,117100.00,2017-10-23 05:41:00.130000
1798,201710235411301,PRIN,17,22,140,1172,164080.00,2017-10-23 05:41:00.130100
1799,201710235411302,PRIN,17,42,50,1172,58600.00,2017-10-23 05:41:00.130200
1800,201710235411303,PRIN,17,21,100,1173,117300.00,2017-10-23 05:41:00.130300
1801,201710235411243,PRIN,10,7,10,1170,11700.00,2017-10-23 05:41:00.124300
1802,201710235411142,PRIN,46,14,150,1168,175200.00,2017-10-23 05:41:00.114200
1803,201710235411143,PRIN,41,45,88,1169,102872.00,2017-10-23 05:41:00.114300
1804,201710235411144,PRIN,41,14,50,1170,58500.00,2017-10-23 05:41:00.114400
1805,201710235411145,PRIN,41,48,100,1170,117000.00,2017-10-23 05:41:00.114500
1806,201710235411146,PRIN,41,5,100,1171,117100.00,2017-10-23 05:41:00.114600
1807,201710235411147,PRIN,41,20,162,1171,189702.00,2017-10-23 05:41:00.114700
1808,201710235411157,PRIN,20,20,500,1168,584000.00,2017-10-23 05:41:00.115700
1809,201710235411084,PRIN,44,20,30,1167,35010.00,2017-10-23 05:41:00.108400
1810,201710235411085,PRIN,48,20,56,1167,65352.00,2017-10-23 05:41:00.108500
1811,201710235411086,PRIN,44,20,100,1166,116600.00,2017-10-23 05:41:00.108600
1812,201710235411087,PRIN,21,20,14,1166,16324.00,2017-10-23 05:41:00.108700
1813,201710235411004,PRIN,21,5,20,1170,23400.00,2017-10-23 05:41:00.100400
1814,201710235410864,PRIN,52,10,40,1168,46720.00,2017-10-23 05:41:00.086400
1815,201710235410865,PRIN,53,10,50,1167,58350.00,2017-10-23 05:41:00.086500
1816,201710235410866,PRIN,37,10,200,1167,233400.00,2017-10-23 05:41:00.086600
1817,201710235410867,PRIN,39,10,50,1166,58300.00,2017-10-23 05:41:00.086700
1818,201710235410868,PRIN,18,10,200,1166,233200.00,2017-10-23 05:41:00.086800
1819,201710235410869,PRIN,11,10,20,1165,23300.00,2017-10-23 05:41:00.086900
1820,201710235410870,PRIN,42,10,300,1165,349500.00,2017-10-23 05:41:00.087000
1821,201710235410871,PRIN,41,10,103,1165,119995.00,2017-10-23 05:41:00.087100
1822,201710235410819,PRIN,52,21,10,1170,11700.00,2017-10-23 05:41:00.081900
1823,201710235410793,PRIN,28,28,9,1167,10503.00,2017-10-23 05:41:00.079300
1824,201710235410656,PRIN,41,7,76,1169,88844.00,2017-10-23 05:41:00.065600
1825,201710235410626,PRIN,50,48,176,1169,205744.00,2017-10-23 05:41:00.062600
1826,201710235410627,PRIN,50,48,350,1169,409150.00,2017-10-23 05:41:00.062700
1827,201710235410608,PRIN,49,14,50,1170,58500.00,2017-10-23 05:41:00.060800
1828,201710235410552,PRIN,5,38,100,1166,116600.00,2017-10-23 05:41:00.055200
1829,201710235410553,PRIN,39,38,50,1166,58300.00,2017-10-23 05:41:00.055300
1830,201710235410524,PRIN,35,57,290,1168,338720.00,2017-10-23 05:41:00.052400
1831,201710235410491,PRIN,26,57,10,1169,11690.00,2017-10-23 05:41:00.049100
1832,201710235410444,PRIN,48,21,37,1169,43253.00,2017-10-23 05:41:00.044400
1833,201710235410409,PRIN,48,48,63,1169,73647.00,2017-10-23 05:41:00.040900
1834,201710235410369,PRIN,46,21,10,1169,11690.00,2017-10-23 05:41:00.036900
1835,201710235410282,PRIN,21,22,20,1168,23360.00,2017-10-23 05:41:00.028200
1836,201710235410283,PRIN,53,22,200,1166,233200.00,2017-10-23 05:41:00.028300
1837,201710235410284,PRIN,45,22,150,1165,174750.00,2017-10-23 05:41:00.028400
1838,201710235410285,PRIN,11,22,30,1165,34950.00,2017-10-23 05:41:00.028500
1839,201710235410161,PRIN,8,5,200,1169,233800.00,2017-10-23 05:41:00.016100
1840,201710235410003,PRIN,51,45,100,1162,116200.00,2017-10-23 05:41:00.000300
1841,201710235409933,PRIN,35,33,25,1165,29125.00,2017-10-23 05:40:00.993300
1842,201710235409927,PRIN,57,33,30,1166,34980.00,2017-10-23 05:40:00.992700
1843,201710235409928,PRIN,35,33,45,1165,52425.00,2017-10-23 05:40:00.992800
1844,201710235409929,PRIN,35,33,100,1165,116500.00,2017-10-23 05:40:00.992900
1845,201710235409903,PRIN,49,40,30,1170,35100.00,2017-10-23 05:40:00.990300
1846,201710235409904,PRIN,35,40,100,1170,117000.00,2017-10-23 05:40:00.990400
1847,201710235409905,PRIN,32,40,100,1170,117000.00,2017-10-23 05:40:00.990500
1848,201710235409906,PRIN,39,40,100,1165,116500.00,2017-10-23 05:40:00.990600
1849,201710235409907,PRIN,35,40,255,1165,297075.00,2017-10-23 05:40:00.990700
1850,201710235409881,PRIN,10,57,100,1173,117300.00,2017-10-23 05:40:00.988100
1851,201710235409754,PRIN,57,10,37,1175,43475.00,2017-10-23 05:40:00.975400
1852,201710235409736,PRIN,57,48,63,1175,74025.00,2017-10-23 05:40:00.973600
1853,201710235409674,PRIN,35,45,100,1179,117900.00,2017-10-23 05:40:00.967400
1854,201710235409617,PRIN,38,21,48,1178,56544.00,2017-10-23 05:40:00.961700
1855,201710235409588,PRIN,49,7,100,1170,117000.00,2017-10-23 05:40:00.958800
1856,201710235409589,PRIN,49,46,270,1170,315900.00,2017-10-23 05:40:00.958900
1857,201710235409472,PRIN,1,21,32,1165,37280.00,2017-10-23 05:40:00.947200
1858,201710235409455,PRIN,1,21,40,1165,46600.00,2017-10-23 05:40:00.945500
1859,201710235409411,PRIN,1,32,10,1165,11650.00,2017-10-23 05:40:00.941100
1860,201710235409355,PRIN,22,28,100,1165,116500.00,2017-10-23 05:40:00.935500
1861,201710235409356,PRIN,14,21,60,1165,69900.00,2017-10-23 05:40:00.935600
1862,201710235409330,PRIN,49,40,56,1165,65240.00,2017-10-23 05:40:00.933000
1863,201710235409333,PRIN,49,21,244,1165,284260.00,2017-10-23 05:40:00.933300
1864,201710235409324,PRIN,25,40,52,1170,60840.00,2017-10-23 05:40:00.932400
1865,201710235409300,PRIN,33,44,32,1176,37632.00,2017-10-23 05:40:00.930000
1866,201710235409301,PRIN,20,44,100,1175,117500.00,2017-10-23 05:40:00.930100
1867,201710235409302,PRIN,50,44,20,1175,23500.00,2017-10-23 05:40:00.930200
1868,201710235409303,PRIN,25,44,48,1175,56400.00,2017-10-23 05:40:00.930300
1869,201710235409266,PRIN,50,40,80,1180,94400.00,2017-10-23 05:40:00.926600
1870,201710235409237,PRIN,29,40,20,1183,23660.00,2017-10-23 05:40:00.923700
1871,201710235409239,PRIN,55,21,11,1180,12980.00,2017-10-23 05:40:00.923900
1872,201710235409242,PRIN,29,40,20,1183,23660.00,2017-10-23 05:40:00.924200
1873,201710235409098,PRIN,1,55,71,1180,83780.00,2017-10-23 05:40:00.909800
1874,201710235409086,PRIN,20,29,100,1175,117500.00,2017-10-23 05:40:00.908600
1875,201710235409088,PRIN,45,55,34,1180,40120.00,2017-10-23 05:40:00.908800
1876,201710235409062,PRIN,1,52,250,1175,293750.00,2017-10-23 05:40:00.906200
1877,201710225408927,PRIN,22,48,50,1165,58250.00,2017-10-22 05:40:00.892700
1878,201710225408928,PRIN,17,48,46,1162,53452.00,2017-10-22 05:40:00.892800
1879,201710225408800,PRIN,55,34,50,1170,58500.00,2017-10-22 05:40:00.880000
1880,201710225408813,PRIN,37,37,50,1167,58350.00,2017-10-22 05:40:00.881300
1881,201710225408814,PRIN,44,37,20,1166,23320.00,2017-10-22 05:40:00.881400
1882,201710225408815,PRIN,45,37,100,1165,116500.00,2017-10-22 05:40:00.881500
1883,201710225408816,PRIN,46,37,100,1164,116400.00,2017-10-22 05:40:00.881600
1884,201710225408817,PRIN,35,37,200,1162,232400.00,2017-10-22 05:40:00.881700
1885,201710225408818,PRIN,1,37,50,1162,58100.00,2017-10-22 05:40:00.881800
1886,201710225408819,PRIN,17,37,210,1162,244020.00,2017-10-22 05:40:00.881900
1887,201710225408742,PRIN,34,34,45,1170,52650.00,2017-10-22 05:40:00.874200
1888,201710225408517,PRIN,47,46,40,1170,46800.00,2017-10-22 05:40:00.851700
1889,201710225408366,PRIN,25,46,60,1171,70260.00,2017-10-22 05:40:00.836600
1890,201710225408367,PRIN,25,46,100,1170,117000.00,2017-10-22 05:40:00.836700
1891,201710225408368,PRIN,46,46,60,1170,70200.00,2017-10-22 05:40:00.836800
1892,201710225408216,PRIN,55,37,20,1178,23560.00,2017-10-22 05:40:00.821600
1893,201710225408217,PRIN,26,37,50,1177,58850.00,2017-10-22 05:40:00.821700
1894,201710225408218,PRIN,21,37,100,1177,117700.00,2017-10-22 05:40:00.821800
1895,201710225408219,PRIN,10,37,100,1177,117700.00,2017-10-22 05:40:00.821900
1896,201710225408220,PRIN,45,37,100,1175,117500.00,2017-10-22 05:40:00.822000
1897,201710225408221,PRIN,45,37,200,1175,235000.00,2017-10-22 05:40:00.822100
1898,201710225408222,PRIN,47,37,100,1175,117500.00,2017-10-22 05:40:00.822200
1899,201710225408124,PRIN,16,38,100,1180,118000.00,2017-10-22 05:40:00.812400
1900,201710225408065,PRIN,50,38,10,1180,11800.00,2017-10-22 05:40:00.806500
1901,201710225407982,PRIN,44,38,100,1181,118100.00,2017-10-22 05:40:00.798200
1902,201710225407983,PRIN,33,38,200,1181,236200.00,2017-10-22 05:40:00.798300
1903,201710225407984,PRIN,59,38,100,1180,118000.00,2017-10-22 05:40:00.798400
1904,201710225407985,PRIN,35,38,37,1180,43660.00,2017-10-22 05:40:00.798500
1905,201710225407986,PRIN,37,38,50,1180,59000.00,2017-10-22 05:40:00.798600
1906,201710225407987,PRIN,26,38,60,1180,70800.00,2017-10-22 05:40:00.798700
1907,201710225407988,PRIN,19,38,13,1180,15340.00,2017-10-22 05:40:00.798800
1908,201710225407989,PRIN,5,38,50,1180,59000.00,2017-10-22 05:40:00.798900
1909,201710225407990,PRIN,19,38,25,1180,29500.00,2017-10-22 05:40:00.799000
1910,201710225407991,PRIN,11,38,50,1180,59000.00,2017-10-22 05:40:00.799100
1911,201710225407926,PRIN,19,38,50,1185,59250.00,2017-10-22 05:40:00.792600
1912,201710225407927,PRIN,21,38,20,1185,23700.00,2017-10-22 05:40:00.792700
1913,201710225407593,PRIN,25,43,50,1182,59100.00,2017-10-22 05:40:00.759300
1914,201710225407594,PRIN,45,43,42,1181,49602.00,2017-10-22 05:40:00.759400
1915,201710225407562,PRIN,50,51,50,1185,59250.00,2017-10-22 05:40:00.756200
1916,201710225407563,PRIN,41,51,50,1185,59250.00,2017-10-22 05:40:00.756300
1917,201710225407497,PRIN,19,44,100,1182,118200.00,2017-10-22 05:40:00.749700
1918,201710225407392,PRIN,25,43,50,1185,59250.00,2017-10-22 05:40:00.739200
1919,201710225407324,PRIN,52,38,70,1186,83020.00,2017-10-22 05:40:00.732400
1920,201710225407325,PRIN,36,38,139,1185,164715.00,2017-10-22 05:40:00.732500
1921,201710225407326,PRIN,5,38,10,1185,11850.00,2017-10-22 05:40:00.732600
1922,201710225407327,PRIN,41,38,150,1185,177750.00,2017-10-22 05:40:00.732700
1923,201710225407328,PRIN,19,38,150,1185,177750.00,2017-10-22 05:40:00.732800
1924,201710225407295,PRIN,8,38,100,1187,118700.00,2017-10-22 05:40:00.729500
1925,201710225407278,PRIN,45,1,100,1190,119000.00,2017-10-22 05:40:00.727800
1926,201710225407247,PRIN,26,13,20,1187,23740.00,2017-10-22 05:40:00.724700
1927,201710225407248,PRIN,52,13,100,1186,118600.00,2017-10-22 05:40:00.724800
1928,201710225407249,PRIN,52,13,30,1186,35580.00,2017-10-22 05:40:00.724900
1929,201710225407205,PRIN,5,1,50,1190,59500.00,2017-10-22 05:40:00.720500
1930,201710225407107,PRIN,36,34,100,1185,118500.00,2017-10-22 05:40:00.710700
1931,201710225406924,PRIN,36,45,61,1185,72285.00,2017-10-22 05:40:00.692400
1932,201710225406824,PRIN,49,45,15,1185,17775.00,2017-10-22 05:40:00.682400
1933,201710225406825,PRIN,28,45,27,1185,31995.00,2017-10-22 05:40:00.682500
1934,201710225406826,PRIN,36,45,200,1185,237000.00,2017-10-22 05:40:00.682600
1935,201710225406770,PRIN,5,1,160,1190,190400.00,2017-10-22 05:40:00.677000
1936,201710225406611,PRIN,28,59,23,1185,27255.00,2017-10-22 05:40:00.661100
1937,201710225406579,PRIN,26,51,100,1186,118600.00,2017-10-22 05:40:00.657900
1938,201710225406342,PRIN,33,28,40,1196,47840.00,2017-10-22 05:40:00.634200
1939,201710225406343,PRIN,33,28,46,1195,54970.00,2017-10-22 05:40:00.634300
1940,201710225406337,PRIN,25,25,50,1197,59850.00,2017-10-22 05:40:00.633700
1941,201710225406270,PRIN,48,45,300,1195,358500.00,2017-10-22 05:40:00.627000
1942,201710225406178,PRIN,48,7,200,1195,239000.00,2017-10-22 05:40:00.617800
1943,201710225406142,PRIN,42,53,50,1200,60000.00,2017-10-22 05:40:00.614200
1944,201710225406107,PRIN,33,45,414,1190,492660.00,2017-10-22 05:40:00.610700
1945,201710225406108,PRIN,33,7,100,1190,119000.00,2017-10-22 05:40:00.610800
1946,201710225406109,PRIN,33,28,40,1195,47800.00,2017-10-22 05:40:00.610900
1947,201710225406082,PRIN,17,45,50,1190,59500.00,2017-10-22 05:40:00.608200
1948,201710225406087,PRIN,38,45,40,1190,47600.00,2017-10-22 05:40:00.608700
1949,201710225406052,PRIN,38,45,40,1190,47600.00,2017-10-22 05:40:00.605200
1950,201710225406056,PRIN,38,45,40,1190,47600.00,2017-10-22 05:40:00.605600
1951,201710225406068,PRIN,38,45,50,1190,59500.00,2017-10-22 05:40:00.606800
1952,201710225406071,PRIN,17,45,50,1190,59500.00,2017-10-22 05:40:00.607100
1953,201710225406074,PRIN,17,45,45,1190,53550.00,2017-10-22 05:40:00.607400
1954,201710225406044,PRIN,38,45,40,1190,47600.00,2017-10-22 05:40:00.604400
1955,201710225405977,PRIN,49,35,56,1189,66584.00,2017-10-22 05:40:00.597700
1956,201710225405978,PRIN,49,45,94,1190,111860.00,2017-10-22 05:40:00.597800
1957,201710225405888,PRIN,25,45,15,1190,17850.00,2017-10-22 05:40:00.588800
1958,201710225405756,PRIN,17,39,42,1185,49770.00,2017-10-22 05:40:00.575600
1959,201710225405740,PRIN,41,10,20,1187,23740.00,2017-10-22 05:40:00.574000
1960,201710225405741,PRIN,41,45,30,1188,35640.00,2017-10-22 05:40:00.574100
1961,201710225405689,PRIN,59,13,100,1180,118000.00,2017-10-22 05:40:00.568900
1962,201710225405690,PRIN,35,13,63,1180,74340.00,2017-10-22 05:40:00.569000
1963,201710225405669,PRIN,43,7,20,1185,23700.00,2017-10-22 05:40:00.566900
1964,201710225405670,PRIN,19,7,330,1180,389400.00,2017-10-22 05:40:00.567000
1965,201710225405662,PRIN,34,45,20,1189,23780.00,2017-10-22 05:40:00.566200
1966,201710225405592,PRIN,28,7,100,1190,119000.00,2017-10-22 05:40:00.559200
1967,201710225405595,PRIN,45,8,42,1185,49770.00,2017-10-22 05:40:00.559500
1968,201710185405472,PRIN,16,28,50,1183,59150.00,2017-10-18 05:40:00.547200
1969,201710185405473,PRIN,16,59,6,1180,7080.00,2017-10-18 05:40:00.547300
1970,201710185405487,PRIN,47,38,30,1185,35550.00,2017-10-18 05:40:00.548700
1971,201710185405352,PRIN,51,25,100,1183,118300.00,2017-10-18 05:40:00.535200
1972,201710185405308,PRIN,4,25,56,1183,66248.00,2017-10-18 05:40:00.530800
1973,201710185405330,PRIN,56,25,20,1183,23660.00,2017-10-18 05:40:00.533000
1974,201710185405185,PRIN,7,25,200,1183,236600.00,2017-10-18 05:40:00.518500
1975,201710185405203,PRIN,16,59,55,1180,64900.00,2017-10-18 05:40:00.520300
1976,201710185405204,PRIN,34,59,439,1180,518020.00,2017-10-18 05:40:00.520400
1977,201710185405205,PRIN,45,59,200,1180,236000.00,2017-10-18 05:40:00.520500
1978,201710185405133,PRIN,52,38,50,1183,59150.00,2017-10-18 05:40:00.513300
1979,201710185405156,PRIN,36,37,283,1182,334506.00,2017-10-18 05:40:00.515600
1980,201710185405157,PRIN,36,38,50,1183,59150.00,2017-10-18 05:40:00.515700
1981,201710185405158,PRIN,36,25,167,1183,197561.00,2017-10-18 05:40:00.515800
1982,201710185405091,PRIN,47,38,200,1183,236600.00,2017-10-18 05:40:00.509100
1983,201710185405051,PRIN,36,50,300,1181,354300.00,2017-10-18 05:40:00.505100
1984,201710185405052,PRIN,43,50,20,1180,23600.00,2017-10-18 05:40:00.505200
1985,201710185405053,PRIN,43,50,20,1180,23600.00,2017-10-18 05:40:00.505300
1986,201710185405054,PRIN,47,50,20,1180,23600.00,2017-10-18 05:40:00.505400
1987,201710185405055,PRIN,47,50,10,1180,11800.00,2017-10-18 05:40:00.505500
1988,201710185405056,PRIN,16,50,145,1180,171100.00,2017-10-18 05:40:00.505600
1989,201710185405022,PRIN,34,45,200,1183,236600.00,2017-10-18 05:40:00.502200
1990,201710185404966,PRIN,56,45,100,1183,118300.00,2017-10-18 05:40:00.496600
1991,201710185404921,PRIN,17,37,50,1184,59200.00,2017-10-18 05:40:00.492100
1992,201710185404819,PRIN,48,37,20,1184,23680.00,2017-10-18 05:40:00.481900
1993,201710185404767,PRIN,34,37,10,1185,11850.00,2017-10-18 05:40:00.476700
1994,201710185404768,PRIN,57,37,15,1185,17775.00,2017-10-18 05:40:00.476800
1995,201710185404769,PRIN,42,37,100,1184,118400.00,2017-10-18 05:40:00.476900
1996,201710185404742,PRIN,57,13,20,1185,23700.00,2017-10-18 05:40:00.474200
1997,201710185404764,PRIN,17,48,100,1185,118500.00,2017-10-18 05:40:00.476400
1998,201710185404622,PRIN,20,59,500,1183,591500.00,2017-10-18 05:40:00.462200
1999,201710185404640,PRIN,57,25,15,1184,17760.00,2017-10-18 05:40:00.464000
2000,201710185404641,PRIN,57,35,100,1184,118400.00,2017-10-18 05:40:00.464100
2001,201710185404642,PRIN,57,57,50,1185,59250.00,2017-10-18 05:40:00.464200
2002,201710185404643,PRIN,57,34,50,1185,59250.00,2017-10-18 05:40:00.464300
2003,201710185404644,PRIN,57,5,100,1185,118500.00,2017-10-18 05:40:00.464400
2004,201710185404509,PRIN,40,25,100,1184,118400.00,2017-10-18 05:40:00.450900
2005,201710185404427,PRIN,34,51,15,1184,17760.00,2017-10-18 05:40:00.442700
2006,201710185404428,PRIN,34,25,85,1184,100640.00,2017-10-18 05:40:00.442800
2007,201710185404360,PRIN,34,51,35,1184,41440.00,2017-10-18 05:40:00.436000
2008,201710185404323,PRIN,34,53,161,1180,189980.00,2017-10-18 05:40:00.432300
2009,201710185404324,PRIN,34,48,200,1180,236000.00,2017-10-18 05:40:00.432400
2010,201710185404230,PRIN,14,6,100,1180,118000.00,2017-10-18 05:40:00.423000
2011,201710185404231,PRIN,14,59,161,1180,189980.00,2017-10-18 05:40:00.423100
2012,201710185404232,PRIN,14,22,100,1180,118000.00,2017-10-18 05:40:00.423200
2013,201710185404233,PRIN,14,53,39,1180,46020.00,2017-10-18 05:40:00.423300
2014,201710185404163,PRIN,41,59,20,1180,23600.00,2017-10-18 05:40:00.416300
2015,201710185404128,PRIN,6,36,30,1179,35370.00,2017-10-18 05:40:00.412800
2016,201710185404134,PRIN,36,36,193,1179,227547.00,2017-10-18 05:40:00.413400
2017,201710185404093,PRIN,21,36,10,1179,11790.00,2017-10-18 05:40:00.409300
2018,201710185404068,PRIN,35,36,30,1179,35370.00,2017-10-18 05:40:00.406800
2019,201710185404029,PRIN,57,28,100,1179,117900.00,2017-10-18 05:40:00.402900
2020,201710185403911,PRIN,45,19,50,1178,58900.00,2017-10-18 05:40:00.391100
2021,201710185403913,PRIN,1,19,50,1177,58850.00,2017-10-18 05:40:00.391300
2022,201710185403914,PRIN,51,19,30,1176,35280.00,2017-10-18 05:40:00.391400
2023,201710185403915,PRIN,51,19,20,1176,23520.00,2017-10-18 05:40:00.391500
2024,201710185403917,PRIN,47,19,20,1175,23500.00,2017-10-18 05:40:00.391700
2025,201710185403918,PRIN,47,19,20,1175,23500.00,2017-10-18 05:40:00.391800
2026,201710185403919,PRIN,14,19,10,1175,11750.00,2017-10-18 05:40:00.391900
2027,201710185403752,PRIN,22,59,50,1180,59000.00,2017-10-18 05:40:00.375200
2028,201710185403648,PRIN,44,49,81,1180,95580.00,2017-10-18 05:40:00.364800
2029,201710185403649,PRIN,44,59,59,1180,69620.00,2017-10-18 05:40:00.364900
2030,201710185403650,PRIN,49,59,10,1180,11800.00,2017-10-18 05:40:00.365000
2031,201710185403605,PRIN,36,49,100,1180,118000.00,2017-10-18 05:40:00.360500
2032,201710185403506,PRIN,7,25,300,1177,353100.00,2017-10-18 05:40:00.350600
2033,201710185403507,PRIN,1,25,500,1176,588000.00,2017-10-18 05:40:00.350700
2034,201710185403508,PRIN,25,25,100,1176,117600.00,2017-10-18 05:40:00.350800
2035,201710185403509,PRIN,6,25,150,1175,176250.00,2017-10-18 05:40:00.350900
2036,201710185403510,PRIN,29,25,100,1175,117500.00,2017-10-18 05:40:00.351000
2037,201710185403489,PRIN,34,49,20,1180,23600.00,2017-10-18 05:40:00.348900
2038,201710185403478,PRIN,59,49,150,1180,177000.00,2017-10-18 05:40:00.347800
2039,201710185403359,PRIN,1,19,105,1178,123690.00,2017-10-18 05:40:00.335900
2040,201710185403360,PRIN,1,49,320,1178,376960.00,2017-10-18 05:40:00.336000
2041,201710185403347,PRIN,46,19,50,1178,58900.00,2017-10-18 05:40:00.334700
2042,201710185403328,PRIN,53,49,200,1175,235000.00,2017-10-18 05:40:00.332800
2043,201710185403329,PRIN,43,49,20,1175,23500.00,2017-10-18 05:40:00.332900
2044,201710185403320,PRIN,6,44,200,1175,235000.00,2017-10-18 05:40:00.332000
2045,201710185403321,PRIN,53,44,200,1175,235000.00,2017-10-18 05:40:00.332100
2046,201710185403250,PRIN,57,59,500,1175,587500.00,2017-10-18 05:40:00.325000
2047,201710185403233,PRIN,19,19,25,1178,29450.00,2017-10-18 05:40:00.323300
2048,201710185403239,PRIN,47,19,20,1178,23560.00,2017-10-18 05:40:00.323900
2049,201710185403222,PRIN,43,57,95,1174,111530.00,2017-10-18 05:40:00.322200
2050,201710185403223,PRIN,43,40,240,1175,282000.00,2017-10-18 05:40:00.322300
2051,201710185403208,PRIN,47,40,10,1175,11750.00,2017-10-18 05:40:00.320800
2052,201710185403166,PRIN,54,40,50,1175,58750.00,2017-10-18 05:40:00.316600
2053,201710185403167,PRIN,45,40,50,1175,58750.00,2017-10-18 05:40:00.316700
2054,201710185403168,PRIN,22,40,50,1175,58750.00,2017-10-18 05:40:00.316800
2055,201710185403112,PRIN,42,59,200,1179,235800.00,2017-10-18 05:40:00.311200
2056,201710185403055,PRIN,21,55,100,1178,117800.00,2017-10-18 05:40:00.305500
2057,201710185403056,PRIN,21,19,393,1179,463347.00,2017-10-18 05:40:00.305600
2058,201710185403024,PRIN,57,19,50,1179,58950.00,2017-10-18 05:40:00.302400
2059,201710185402976,PRIN,36,55,50,1178,58900.00,2017-10-18 05:40:00.297600
2060,201710185402914,PRIN,36,14,10,1178,11780.00,2017-10-18 05:40:00.291400
2061,201710185402915,PRIN,36,19,20,1179,23580.00,2017-10-18 05:40:00.291500
2062,201710185402800,PRIN,22,50,100,1165,116500.00,2017-10-18 05:40:00.280000
2063,201710185402801,PRIN,22,50,100,1165,116500.00,2017-10-18 05:40:00.280100
2064,201710185402782,PRIN,32,22,30,1175,35250.00,2017-10-18 05:40:00.278200
2065,201710185402783,PRIN,58,22,80,1175,94000.00,2017-10-18 05:40:00.278300
2066,201710185402784,PRIN,19,22,350,1172,410200.00,2017-10-18 05:40:00.278400
2067,201710185402791,PRIN,52,22,200,1170,234000.00,2017-10-18 05:40:00.279100
2068,201710185402792,PRIN,14,22,300,1170,351000.00,2017-10-18 05:40:00.279200
2069,201710185402793,PRIN,51,22,100,1170,117000.00,2017-10-18 05:40:00.279300
2070,201710185402751,PRIN,56,34,30,1177,35310.00,2017-10-18 05:40:00.275100
2071,201710185402752,PRIN,11,34,70,1176,82320.00,2017-10-18 05:40:00.275200
2072,201710185402763,PRIN,11,21,30,1176,35280.00,2017-10-18 05:40:00.276300
2073,201710185402764,PRIN,6,21,100,1175,117500.00,2017-10-18 05:40:00.276400
2074,201710185402765,PRIN,32,21,70,1175,82250.00,2017-10-18 05:40:00.276500
2075,201710185402721,PRIN,18,49,20,1180,23600.00,2017-10-18 05:40:00.272100
2076,201710185402716,PRIN,18,35,80,1180,94400.00,2017-10-18 05:40:00.271600
2077,201710185402644,PRIN,17,49,20,1180,23600.00,2017-10-18 05:40:00.264400
2078,201710185402532,PRIN,32,49,20,1185,23700.00,2017-10-18 05:40:00.253200
2079,201710185402515,PRIN,7,25,100,1190,119000.00,2017-10-18 05:40:00.251500
2080,201710185402518,PRIN,49,53,200,1190,238000.00,2017-10-18 05:40:00.251800
2081,201710185402520,PRIN,6,25,100,1185,118500.00,2017-10-18 05:40:00.252000
2082,201710185402498,PRIN,55,8,100,1189,118900.00,2017-10-18 05:40:00.249800
2083,201710185402441,PRIN,32,35,20,1185,23700.00,2017-10-18 05:40:00.244100
2084,201710185402420,PRIN,28,35,20,1185,23700.00,2017-10-18 05:40:00.242000
2085,201710175402074,PRIN,16,53,380,1180,448400.00,2017-10-17 05:40:00.207400
2086,201710175402075,PRIN,16,53,100,1180,118000.00,2017-10-17 05:40:00.207500
2087,201710175402076,PRIN,18,53,100,1180,118000.00,2017-10-17 05:40:00.207600
2088,201710175402047,PRIN,36,59,500,1181,590500.00,2017-10-17 05:40:00.204700
2089,201710175402002,PRIN,25,52,60,1183,70980.00,2017-10-17 05:40:00.200200
2090,201710175402003,PRIN,25,7,127,1183,150241.00,2017-10-17 05:40:00.200300
2091,201710175402018,PRIN,48,32,100,1183,118300.00,2017-10-17 05:40:00.201800
2092,201710175401969,PRIN,49,34,400,1182,472800.00,2017-10-17 05:40:00.196900
2093,201710175401973,PRIN,42,7,100,1182,118200.00,2017-10-17 05:40:00.197300
2094,201710175401812,PRIN,6,37,10,1184,11840.00,2017-10-17 05:40:00.181200
2095,201710175401822,PRIN,36,37,10,1184,11840.00,2017-10-17 05:40:00.182200
2096,201710175401764,PRIN,16,29,50,1180,59000.00,2017-10-17 05:40:00.176400
2097,201710175401705,PRIN,32,37,30,1181,35430.00,2017-10-17 05:40:00.170500
2098,201710175401706,PRIN,49,37,300,1181,354300.00,2017-10-17 05:40:00.170600
2099,201710175401707,PRIN,21,37,100,1180,118000.00,2017-10-17 05:40:00.170700
2100,201710175401708,PRIN,16,37,70,1180,82600.00,2017-10-17 05:40:00.170800
2101,201710175401672,PRIN,44,37,66,1182,78012.00,2017-10-17 05:40:00.167200
2102,201710175401673,PRIN,56,37,230,1181,271630.00,2017-10-17 05:40:00.167300
2103,201710175401674,PRIN,32,37,60,1180,70800.00,2017-10-17 05:40:00.167400
2104,201710175401675,PRIN,58,37,40,1180,47200.00,2017-10-17 05:40:00.167500
2105,201710175401670,PRIN,17,29,15,1185,17775.00,2017-10-17 05:40:00.167000
2106,201710175401671,PRIN,43,29,20,1185,23700.00,2017-10-17 05:40:00.167100
2107,201710175401640,PRIN,17,17,20,1185,23700.00,2017-10-17 05:40:00.164000
2108,201710175401581,PRIN,17,17,50,1185,59250.00,2017-10-17 05:40:00.158100
2109,201710175401518,PRIN,17,7,125,1184,148000.00,2017-10-17 05:40:00.151800
2110,201710175401519,PRIN,17,34,40,1185,47400.00,2017-10-17 05:40:00.151900
2111,201710175401520,PRIN,17,28,50,1185,59250.00,2017-10-17 05:40:00.152000
2112,201710175401431,PRIN,19,7,50,1184,59200.00,2017-10-17 05:40:00.143100
2113,201710175401432,PRIN,43,7,25,1184,29600.00,2017-10-17 05:40:00.143200
2114,201710175401370,PRIN,59,57,100,1184,118400.00,2017-10-17 05:40:00.137000
2115,201710175401371,PRIN,44,29,100,1182,118200.00,2017-10-17 05:40:00.137100
2116,201710175401333,PRIN,44,10,200,1182,236400.00,2017-10-17 05:40:00.133300
2117,201710175401297,PRIN,34,22,97,1183,114751.00,2017-10-17 05:40:00.129700
2118,201710175401298,PRIN,44,22,103,1182,121746.00,2017-10-17 05:40:00.129800
2119,201710175401301,PRIN,44,33,20,1182,23640.00,2017-10-17 05:40:00.130100
2120,201710175401304,PRIN,44,36,281,1182,332142.00,2017-10-17 05:40:00.130400
2121,201710175401308,PRIN,6,6,9,1175,10575.00,2017-10-17 05:40:00.130800
2122,201710175401286,PRIN,34,33,20,1183,23660.00,2017-10-17 05:40:00.128600
2123,201710175401295,PRIN,34,33,20,1183,23660.00,2017-10-17 05:40:00.129500
2124,201710175401226,PRIN,34,5,20,1183,23660.00,2017-10-17 05:40:00.122600
2125,201710175401211,PRIN,34,22,43,1183,50869.00,2017-10-17 05:40:00.121100
2126,201710175401175,PRIN,57,57,3,1185,3555.00,2017-10-17 05:40:00.117500
2127,201710175401137,PRIN,57,34,100,1185,118500.00,2017-10-17 05:40:00.113700
2128,201710175400902,PRIN,42,53,10,1187,11870.00,2017-10-17 05:40:00.090200
2129,201710175400829,PRIN,4,37,200,1181,236200.00,2017-10-17 05:40:00.082900
2130,201710175400830,PRIN,56,37,70,1181,82670.00,2017-10-17 05:40:00.083000
2131,201710175400796,PRIN,6,37,200,1185,237000.00,2017-10-17 05:40:00.079600
2132,201710175400797,PRIN,22,37,30,1185,35550.00,2017-10-17 05:40:00.079700
2133,201710175400798,PRIN,33,37,200,1185,237000.00,2017-10-17 05:40:00.079800
2134,201710175400799,PRIN,44,37,750,1184,888000.00,2017-10-17 05:40:00.079900
2135,201710175400769,PRIN,43,37,560,1186,664160.00,2017-10-17 05:40:00.076900
2136,201710175400770,PRIN,58,37,24,1185,28440.00,2017-10-17 05:40:00.077000
2137,201710175400537,PRIN,49,59,300,1184,355200.00,2017-10-17 05:40:00.053700
2138,201710175400538,PRIN,49,1,500,1185,592500.00,2017-10-17 05:40:00.053800
2139,201710175400513,PRIN,53,59,100,1184,118400.00,2017-10-17 05:40:00.051300
2140,201710175400361,PRIN,32,33,50,1180,59000.00,2017-10-17 05:40:00.036100
2141,201710175400365,PRIN,44,33,250,1180,295000.00,2017-10-17 05:40:00.036500
2142,201710175400289,PRIN,33,33,100,1180,118000.00,2017-10-17 05:40:00.028900
2143,201710175400205,PRIN,33,13,14,1180,16520.00,2017-10-17 05:40:00.020500
2144,201710175400206,PRIN,50,13,100,1180,118000.00,2017-10-17 05:40:00.020600
2145,201710175400207,PRIN,45,13,386,1179,455094.00,2017-10-17 05:40:00.020700
2146,201710175400018,PRIN,55,59,20,1182,23640.00,2017-10-17 05:40:00.001800
2147,201710175400019,PRIN,14,59,153,1181,180693.00,2017-10-17 05:40:00.001900
2148,201710175400020,PRIN,56,59,100,1181,118100.00,2017-10-17 05:40:00.002000
2149,201710175400021,PRIN,10,59,200,1181,236200.00,2017-10-17 05:40:00.002100
2150,201710175400022,PRIN,44,59,141,1180,166380.00,2017-10-17 05:40:00.002200
2151,201710175400023,PRIN,36,59,100,1180,118000.00,2017-10-17 05:40:00.002300
2152,201710175400024,PRIN,53,59,500,1180,590000.00,2017-10-17 05:40:00.002400
2153,201710175400025,PRIN,33,59,86,1180,101480.00,2017-10-17 05:40:00.002500
2154,201710175399985,PRIN,14,1,38,1181,44878.00,2017-10-17 05:39:00.998500
2155,201710175399987,PRIN,14,58,51,1181,60231.00,2017-10-17 05:39:00.998700
2156,201710175399936,PRIN,7,43,100,1182,118200.00,2017-10-17 05:39:00.993600
2157,201710175399892,PRIN,39,1,12,1185,14220.00,2017-10-17 05:39:00.989200
2158,201710175399806,PRIN,56,45,62,1182,73284.00,2017-10-17 05:39:00.980600
2159,201710175399807,PRIN,29,45,100,1182,118200.00,2017-10-17 05:39:00.980700
2160,201710175399809,PRIN,39,45,38,1182,44916.00,2017-10-17 05:39:00.980900
2161,201710175399714,PRIN,44,19,850,1183,1005550.00,2017-10-17 05:39:00.971400
2162,201710175399715,PRIN,19,19,12,1183,14196.00,2017-10-17 05:39:00.971500
2163,201710175399719,PRIN,56,19,38,1182,44916.00,2017-10-17 05:39:00.971900
2164,201710175399679,PRIN,44,1,50,1183,59150.00,2017-10-17 05:39:00.967900
2165,201710175399685,PRIN,45,19,100,1190,119000.00,2017-10-17 05:39:00.968500
2166,201710175399611,PRIN,33,28,200,1184,236800.00,2017-10-17 05:39:00.961100
2167,201710175399583,PRIN,26,54,50,1190,59500.00,2017-10-17 05:39:00.958300
2168,201710175399545,PRIN,44,41,100,1183,118300.00,2017-10-17 05:39:00.954500
2169,201710175399503,PRIN,44,28,700,1183,828100.00,2017-10-17 05:39:00.950300
2170,201710175399413,PRIN,46,37,100,1191,119100.00,2017-10-17 05:39:00.941300
2171,201710175399346,PRIN,36,28,40,1190,47600.00,2017-10-17 05:39:00.934600
2172,201710175399304,PRIN,47,35,40,1196,47840.00,2017-10-17 05:39:00.930400
2173,201710175399305,PRIN,44,35,17,1194,20298.00,2017-10-17 05:39:00.930500
2174,201710175399306,PRIN,51,35,80,1191,95280.00,2017-10-17 05:39:00.930600
2175,201710175399307,PRIN,6,35,100,1191,119100.00,2017-10-17 05:39:00.930700
2176,201710175399308,PRIN,36,35,50,1190,59500.00,2017-10-17 05:39:00.930800
2177,201710175399323,PRIN,36,37,100,1190,119000.00,2017-10-17 05:39:00.932300
2178,201710175399201,PRIN,21,45,20,1199,23980.00,2017-10-17 05:39:00.920100
2179,201710175399155,PRIN,48,32,350,1198,419300.00,2017-10-17 05:39:00.915500
2180,201710175399126,PRIN,33,32,150,1197,179550.00,2017-10-17 05:39:00.912600
2181,201710175399113,PRIN,45,45,50,1199,59950.00,2017-10-17 05:39:00.911300
2182,201710175399071,PRIN,45,35,90,1198,107820.00,2017-10-17 05:39:00.907100
2183,201710175399072,PRIN,45,18,100,1198,119800.00,2017-10-17 05:39:00.907200
2184,201710175399079,PRIN,10,53,50,1199,59950.00,2017-10-17 05:39:00.907900
2185,201710175399080,PRIN,45,46,81,1199,97119.00,2017-10-17 05:39:00.908000
2186,201710175399081,PRIN,45,53,100,1199,119900.00,2017-10-17 05:39:00.908100
2187,201710175399082,PRIN,45,22,100,1199,119900.00,2017-10-17 05:39:00.908200
2188,201710175399034,PRIN,34,35,10,1198,11980.00,2017-10-17 05:39:00.903400
2189,201710175399022,PRIN,6,59,260,1195,310700.00,2017-10-17 05:39:00.902200
2190,201710175399023,PRIN,33,14,100,1197,119700.00,2017-10-17 05:39:00.902300
2191,201710175399024,PRIN,33,55,50,1197,59850.00,2017-10-17 05:39:00.902400
2192,201710175399001,PRIN,6,44,240,1195,286800.00,2017-10-17 05:39:00.900100
2193,201710175398975,PRIN,51,44,50,1195,59750.00,2017-10-17 05:39:00.897500
2194,201710175398912,PRIN,57,44,10,1195,11950.00,2017-10-17 05:39:00.891200
2195,201710175398915,PRIN,44,22,100,1194,119400.00,2017-10-17 05:39:00.891500
2196,201710175398925,PRIN,44,50,100,1194,119400.00,2017-10-17 05:39:00.892500
2197,201710175398862,PRIN,37,44,100,1195,119500.00,2017-10-17 05:39:00.886200
2198,201710175398863,PRIN,45,44,100,1195,119500.00,2017-10-17 05:39:00.886300
2199,201710175398814,PRIN,16,35,50,1196,59800.00,2017-10-17 05:39:00.881400
2200,201710175398793,PRIN,51,4,80,1195,95600.00,2017-10-17 05:39:00.879300
2201,201710175398785,PRIN,44,35,100,1194,119400.00,2017-10-17 05:39:00.878500
2202,201710175398762,PRIN,44,57,183,1194,218502.00,2017-10-17 05:39:00.876200
2203,201710175398746,PRIN,51,19,20,1191,23820.00,2017-10-17 05:39:00.874600
2204,201710175398723,PRIN,47,4,20,1195,23900.00,2017-10-17 05:39:00.872300
2205,201710175398732,PRIN,38,35,40,1194,47760.00,2017-10-17 05:39:00.873200
2206,201710175398706,PRIN,38,6,10,1194,11940.00,2017-10-17 05:39:00.870600
2207,201710175398634,PRIN,21,57,200,1189,237800.00,2017-10-17 05:39:00.863400
2208,201710175398635,PRIN,36,17,100,1190,119000.00,2017-10-17 05:39:00.863500
2209,201710175398636,PRIN,36,34,110,1190,130900.00,2017-10-17 05:39:00.863600
2210,201710175398637,PRIN,36,59,100,1190,119000.00,2017-10-17 05:39:00.863700
2211,201710175398602,PRIN,25,57,141,1182,166662.00,2017-10-17 05:39:00.860200
2212,201710175398603,PRIN,56,57,100,1181,118100.00,2017-10-17 05:39:00.860300
2213,201710175398604,PRIN,44,57,59,1180,69620.00,2017-10-17 05:39:00.860400
2214,201710175398513,PRIN,4,57,20,1184,23680.00,2017-10-17 05:39:00.851300
2215,201710175398516,PRIN,5,57,80,1184,94720.00,2017-10-17 05:39:00.851600
2216,201710175398550,PRIN,8,49,180,1185,213300.00,2017-10-17 05:39:00.855000
2217,201710175398474,PRIN,25,49,59,1177,69443.00,2017-10-17 05:39:00.847400
2218,201710175398476,PRIN,20,53,200,1180,236000.00,2017-10-17 05:39:00.847600
2219,201710175398481,PRIN,44,53,800,1180,944000.00,2017-10-17 05:39:00.848100
2220,201710175398439,PRIN,50,45,150,1179,176850.00,2017-10-17 05:39:00.843900
2221,201710175398407,PRIN,44,49,180,1175,211500.00,2017-10-17 05:39:00.840700
2222,201710175398412,PRIN,49,37,200,1178,235600.00,2017-10-17 05:39:00.841200
2223,201710175398413,PRIN,14,37,228,1178,268584.00,2017-10-17 05:39:00.841300
2224,201710175398418,PRIN,6,45,30,1179,35370.00,2017-10-17 05:39:00.841800
2225,201710175398387,PRIN,20,37,132,1175,155100.00,2017-10-17 05:39:00.838700
2226,201710175398400,PRIN,36,49,20,1175,23500.00,2017-10-17 05:39:00.840000
2227,201710175398406,PRIN,49,49,300,1175,352500.00,2017-10-17 05:39:00.840600
2228,201710175398372,PRIN,42,57,20,1174,23480.00,2017-10-17 05:39:00.837200
2229,201710175398380,PRIN,20,57,58,1174,68092.00,2017-10-17 05:39:00.838000
2230,201710175398381,PRIN,20,25,310,1175,364250.00,2017-10-17 05:39:00.838100
2231,201710175398382,PRIN,20,34,100,1175,117500.00,2017-10-17 05:39:00.838200
2232,201710175398332,PRIN,44,37,40,1170,46800.00,2017-10-17 05:39:00.833200
2233,201710175398319,PRIN,21,57,500,1174,587000.00,2017-10-17 05:39:00.831900
2234,201710175398164,PRIN,44,53,40,1170,46800.00,2017-10-17 05:39:00.816400
2235,201710175398165,PRIN,35,53,200,1170,234000.00,2017-10-17 05:39:00.816500
2236,201710175398107,PRIN,14,42,30,1160,34800.00,2017-10-17 05:39:00.810700
2237,201710175398108,PRIN,38,39,100,1172,117200.00,2017-10-17 05:39:00.810800
2238,201710175398084,PRIN,36,53,185,1170,216450.00,2017-10-17 05:39:00.808400
2239,201710175397913,PRIN,41,32,100,1155,115500.00,2017-10-17 05:39:00.791300
2240,201710175397920,PRIN,45,32,50,1155,57750.00,2017-10-17 05:39:00.792000
2241,201710175397898,PRIN,22,21,50,1172,58600.00,2017-10-17 05:39:00.789800
2242,201710175397906,PRIN,22,53,15,1172,17580.00,2017-10-17 05:39:00.790600
2243,201710175397907,PRIN,36,53,100,1172,117200.00,2017-10-17 05:39:00.790700
2244,201710175397908,PRIN,32,53,200,1170,234000.00,2017-10-17 05:39:00.790800
2245,201710175397850,PRIN,10,36,15,1172,17580.00,2017-10-17 05:39:00.785000
2246,201710175397851,PRIN,22,36,150,1172,175800.00,2017-10-17 05:39:00.785100
2247,201710175397852,PRIN,22,36,35,1172,41020.00,2017-10-17 05:39:00.785200
2248,201710175397847,PRIN,49,19,15,1172,17580.00,2017-10-17 05:39:00.784700
2249,201710175397848,PRIN,10,19,485,1172,568420.00,2017-10-17 05:39:00.784800
2250,201710175397805,PRIN,17,34,50,1175,58750.00,2017-10-17 05:39:00.780500
2251,201710175397806,PRIN,34,34,60,1175,70500.00,2017-10-17 05:39:00.780600
2252,201710175397807,PRIN,8,34,100,1175,117500.00,2017-10-17 05:39:00.780700
2253,201710175397808,PRIN,38,34,100,1175,117500.00,2017-10-17 05:39:00.780800
2254,201710175397809,PRIN,26,34,50,1175,58750.00,2017-10-17 05:39:00.780900
2255,201710175397739,PRIN,6,21,10,1183,11830.00,2017-10-17 05:39:00.773900
2256,201710175397740,PRIN,46,21,50,1183,59150.00,2017-10-17 05:39:00.774000
2257,201710175397761,PRIN,21,57,50,1182,59100.00,2017-10-17 05:39:00.776100
2258,201710175397762,PRIN,26,57,100,1181,118100.00,2017-10-17 05:39:00.776200
2259,201710175397763,PRIN,41,57,100,1180,118000.00,2017-10-17 05:39:00.776300
2260,201710175397764,PRIN,29,57,20,1180,23600.00,2017-10-17 05:39:00.776400
2261,201710175397765,PRIN,36,57,50,1180,59000.00,2017-10-17 05:39:00.776500
2262,201710175397766,PRIN,58,57,20,1180,23600.00,2017-10-17 05:39:00.776600
2263,201710175397767,PRIN,53,57,100,1180,118000.00,2017-10-17 05:39:00.776700
2264,201710175397768,PRIN,6,57,500,1178,589000.00,2017-10-17 05:39:00.776800
2265,201710175397790,PRIN,8,14,100,1175,117500.00,2017-10-17 05:39:00.779000
2266,201710175397702,PRIN,46,5,10,1184,11840.00,2017-10-17 05:39:00.770200
2267,201710175397720,PRIN,46,21,40,1184,47360.00,2017-10-17 05:39:00.772000
2268,201710175397681,PRIN,38,4,100,1185,118500.00,2017-10-17 05:39:00.768100
2269,201710175397688,PRIN,52,35,50,1190,59500.00,2017-10-17 05:39:00.768800
2270,201710175397690,PRIN,14,49,20,1185,23700.00,2017-10-17 05:39:00.769000
2271,201710175397634,PRIN,8,38,100,1189,118900.00,2017-10-17 05:39:00.763400
2272,201710175397635,PRIN,8,53,170,1190,202300.00,2017-10-17 05:39:00.763500
2273,201710175397658,PRIN,8,53,100,1190,119000.00,2017-10-17 05:39:00.765800
2274,201710175397607,PRIN,22,53,100,1190,119000.00,2017-10-17 05:39:00.760700
2275,201710175397625,PRIN,41,38,100,1186,118600.00,2017-10-17 05:39:00.762500
2276,201710175397564,PRIN,45,53,50,1190,59500.00,2017-10-17 05:39:00.756400
2277,201710175397562,PRIN,33,53,80,1190,95200.00,2017-10-17 05:39:00.756200
2278,201710175397530,PRIN,28,36,247,1190,293930.00,2017-10-17 05:39:00.753000
2279,201710175397538,PRIN,8,53,247,1190,293930.00,2017-10-17 05:39:00.753800
2280,201710175397495,PRIN,41,36,200,1190,238000.00,2017-10-17 05:39:00.749500
2281,201710175397501,PRIN,14,14,200,1185,237000.00,2017-10-17 05:39:00.750100
2282,201710175397459,PRIN,33,1,50,1183,59150.00,2017-10-17 05:39:00.745900
2283,201710175397433,PRIN,21,1,100,1185,118500.00,2017-10-17 05:39:00.743300
2284,201710175397413,PRIN,55,36,100,1190,119000.00,2017-10-17 05:39:00.741300
2285,201710175397386,PRIN,41,35,100,1199,119900.00,2017-10-17 05:39:00.738600
2286,201710175397387,PRIN,35,35,50,1198,59900.00,2017-10-17 05:39:00.738700
2287,201710175397390,PRIN,35,54,50,1198,59900.00,2017-10-17 05:39:00.739000
2288,201710175397392,PRIN,29,36,100,1192,119200.00,2017-10-17 05:39:00.739200
2289,201710175397393,PRIN,42,36,200,1190,238000.00,2017-10-17 05:39:00.739300
2290,201710175397368,PRIN,42,35,50,1199,59950.00,2017-10-17 05:39:00.736800
2291,201710175397380,PRIN,13,4,50,1195,59750.00,2017-10-17 05:39:00.738000
2292,201710175397339,PRIN,29,7,100,1192,119200.00,2017-10-17 05:39:00.733900
2293,201710175397346,PRIN,1,7,100,1199,119900.00,2017-10-17 05:39:00.734600
2294,201710175397360,PRIN,40,22,100,1199,119900.00,2017-10-17 05:39:00.736000
2295,201710175397256,PRIN,42,53,50,1195,59750.00,2017-10-17 05:39:00.725600
2296,201710165397095,PRIN,7,56,50,1179,58950.00,2017-10-16 05:39:00.709500
2297,201710165397111,PRIN,33,56,50,1179,58950.00,2017-10-16 05:39:00.711100
2298,201710165397115,PRIN,20,40,25,1175,29375.00,2017-10-16 05:39:00.711500
2299,201710165397116,PRIN,45,40,36,1172,42192.00,2017-10-16 05:39:00.711600
2300,201710165397117,PRIN,32,40,118,1172,138296.00,2017-10-16 05:39:00.711700
2301,201710165396999,PRIN,41,43,50,1175,58750.00,2017-10-16 05:39:00.699900
2302,201710165397024,PRIN,28,53,50,1179,58950.00,2017-10-16 05:39:00.702400
2303,201710165396817,PRIN,43,56,50,1175,58750.00,2017-10-16 05:39:00.681700
2304,201710165396818,PRIN,43,37,50,1175,58750.00,2017-10-16 05:39:00.681800
2305,201710165396821,PRIN,29,37,150,1175,176250.00,2017-10-16 05:39:00.682100
2306,201710165396633,PRIN,36,56,20,1175,23500.00,2017-10-16 05:39:00.663300
2307,201710165396417,PRIN,45,55,270,1175,317250.00,2017-10-16 05:39:00.641700
2308,201710165396418,PRIN,45,22,100,1175,117500.00,2017-10-16 05:39:00.641800
2309,201710165396419,PRIN,45,56,130,1175,152750.00,2017-10-16 05:39:00.641900
2310,201710165396377,PRIN,45,7,50,1172,58600.00,2017-10-16 05:39:00.637700
2311,201710165396331,PRIN,45,32,14,1172,16408.00,2017-10-16 05:39:00.633100
2312,201710165396308,PRIN,35,45,85,1170,99450.00,2017-10-16 05:39:00.630800
2313,201710165396207,PRIN,46,55,50,1170,58500.00,2017-10-16 05:39:00.620700
2314,201710165396132,PRIN,50,21,14,1169,16366.00,2017-10-16 05:39:00.613200
2315,201710165396000,PRIN,33,37,200,1170,234000.00,2017-10-16 05:39:00.600000
2316,201710165396001,PRIN,33,55,40,1170,46800.00,2017-10-16 05:39:00.600100
2317,201710165396002,PRIN,33,34,500,1170,585000.00,2017-10-16 05:39:00.600200
2318,201710165396003,PRIN,33,28,50,1170,58500.00,2017-10-16 05:39:00.600300
2319,201710165396004,PRIN,33,32,510,1172,597720.00,2017-10-16 05:39:00.600400
2320,201710165396006,PRIN,50,6,50,1169,58450.00,2017-10-16 05:39:00.600600
2321,201710165395934,PRIN,28,22,140,1168,163520.00,2017-10-16 05:39:00.593400
2322,201710165395950,PRIN,50,34,100,1169,116900.00,2017-10-16 05:39:00.595000
2323,201710165395951,PRIN,50,1,200,1169,233800.00,2017-10-16 05:39:00.595100
2324,201710165395856,PRIN,40,56,40,1168,46720.00,2017-10-16 05:39:00.585600
2325,201710165395857,PRIN,40,22,60,1168,70080.00,2017-10-16 05:39:00.585700
2326,201710165395754,PRIN,55,56,10,1168,11680.00,2017-10-16 05:39:00.575400
2327,201710165395721,PRIN,38,56,50,1168,58400.00,2017-10-16 05:39:00.572100
2328,201710165395688,PRIN,38,56,50,1169,58450.00,2017-10-16 05:39:00.568800
2329,201710165395704,PRIN,38,56,50,1168,58400.00,2017-10-16 05:39:00.570400
2330,201710165395657,PRIN,37,22,20,1163,23260.00,2017-10-16 05:39:00.565700
2331,201710165395658,PRIN,13,22,30,1163,34890.00,2017-10-16 05:39:00.565800
2332,201710165395559,PRIN,36,55,200,1165,233000.00,2017-10-16 05:39:00.555900
2333,201710165395560,PRIN,36,55,300,1164,349200.00,2017-10-16 05:39:00.556000
2334,201710165395561,PRIN,6,55,100,1164,116400.00,2017-10-16 05:39:00.556100
2335,201710165395523,PRIN,53,28,100,1165,116500.00,2017-10-16 05:39:00.552300
2336,201710165395509,PRIN,45,5,50,1165,58250.00,2017-10-16 05:39:00.550900
2337,201710165395510,PRIN,36,55,100,1165,116500.00,2017-10-16 05:39:00.551000
2338,201710165395519,PRIN,17,11,100,1165,116500.00,2017-10-16 05:39:00.551900
2339,201710165395498,PRIN,37,32,300,1164,349200.00,2017-10-16 05:39:00.549800
2340,201710165395478,PRIN,45,5,70,1164,81480.00,2017-10-16 05:39:00.547800
2341,201710165395397,PRIN,45,56,30,1163,34890.00,2017-10-16 05:39:00.539700
2342,201710165395398,PRIN,45,32,200,1164,232800.00,2017-10-16 05:39:00.539800
2343,201710165395399,PRIN,45,22,200,1164,232800.00,2017-10-16 05:39:00.539900
2344,201710165395390,PRIN,32,56,40,1163,46520.00,2017-10-16 05:39:00.539000
2345,201710165395360,PRIN,34,56,30,1163,34890.00,2017-10-16 05:39:00.536000
2346,201710165395311,PRIN,5,56,100,1163,116300.00,2017-10-16 05:39:00.531100
2347,201710165395290,PRIN,53,49,60,1161,69660.00,2017-10-16 05:39:00.529000
2348,201710165395275,PRIN,32,49,200,1161,232200.00,2017-10-16 05:39:00.527500
2349,201710165395246,PRIN,26,49,40,1161,46440.00,2017-10-16 05:39:00.524600
2350,201710165395247,PRIN,16,49,100,1161,116100.00,2017-10-16 05:39:00.524700
2351,201710165395258,PRIN,37,49,100,1161,116100.00,2017-10-16 05:39:00.525800
2352,201710165395232,PRIN,45,53,100,1163,116300.00,2017-10-16 05:39:00.523200
2353,201710165395233,PRIN,45,53,100,1163,116300.00,2017-10-16 05:39:00.523300
2354,201710165395202,PRIN,11,22,100,1164,116400.00,2017-10-16 05:39:00.520200
2355,201710165395165,PRIN,10,22,100,1162,116200.00,2017-10-16 05:39:00.516500
2356,201710165395172,PRIN,16,22,50,1161,58050.00,2017-10-16 05:39:00.517200
2357,201710165394953,PRIN,16,34,100,1163,116300.00,2017-10-16 05:39:00.495300
2358,201710165394580,PRIN,17,7,100,1160,116000.00,2017-10-16 05:39:00.458000
2359,201710165394518,PRIN,33,14,50,1159,57950.00,2017-10-16 05:39:00.451800
2360,201710165394519,PRIN,33,49,10,1160,11600.00,2017-10-16 05:39:00.451900
2361,201710165394520,PRIN,33,34,400,1160,464000.00,2017-10-16 05:39:00.452000
2362,201710165394521,PRIN,33,14,50,1160,58000.00,2017-10-16 05:39:00.452100
2363,201710165394522,PRIN,33,56,200,1160,232000.00,2017-10-16 05:39:00.452200
2364,201710165394523,PRIN,33,35,70,1160,81200.00,2017-10-16 05:39:00.452300
2365,201710165394371,PRIN,36,35,10,1160,11600.00,2017-10-16 05:39:00.437100
2366,201710165394372,PRIN,36,49,490,1160,568400.00,2017-10-16 05:39:00.437200
2367,201710165394348,PRIN,32,33,200,1159,231800.00,2017-10-16 05:39:00.434800
2368,201710165394288,PRIN,48,32,200,1159,231800.00,2017-10-16 05:39:00.428800
2369,201710165394289,PRIN,48,32,300,1159,347700.00,2017-10-16 05:39:00.428900
2370,201710165394251,PRIN,37,34,100,1158,115800.00,2017-10-16 05:39:00.425100
2371,201710165394214,PRIN,32,45,100,1156,115600.00,2017-10-16 05:39:00.421400
2372,201710165394198,PRIN,1,5,176,1155,203280.00,2017-10-16 05:39:00.419800
2373,201710165394185,PRIN,17,47,30,1156,34680.00,2017-10-16 05:39:00.418500
2374,201710165394186,PRIN,1,47,11,1155,12705.00,2017-10-16 05:39:00.418600
2375,201710165394148,PRIN,17,32,200,1156,231200.00,2017-10-16 05:39:00.414800
2376,201710165394129,PRIN,1,17,200,1155,231000.00,2017-10-16 05:39:00.412900
2377,201710165394130,PRIN,1,32,189,1155,218295.00,2017-10-16 05:39:00.413000
2378,201710165394131,PRIN,1,26,100,1155,115500.00,2017-10-16 05:39:00.413100
2379,201710165394136,PRIN,57,7,100,1154,115400.00,2017-10-16 05:39:00.413600
2380,201710165394033,PRIN,36,37,10,1154,11540.00,2017-10-16 05:39:00.403300
2381,201710165393902,PRIN,7,32,50,1152,57600.00,2017-10-16 05:39:00.390200
2382,201710165393827,PRIN,39,55,50,1156,57800.00,2017-10-16 05:39:00.382700
2383,201710165393828,PRIN,39,33,253,1156,292468.00,2017-10-16 05:39:00.382800
2384,201710165393802,PRIN,48,34,50,1155,57750.00,2017-10-16 05:39:00.380200
2385,201710165393803,PRIN,48,35,20,1155,23100.00,2017-10-16 05:39:00.380300
2386,201710165393804,PRIN,48,55,101,1155,116655.00,2017-10-16 05:39:00.380400
2387,201710165393720,PRIN,20,34,100,1154,115400.00,2017-10-16 05:39:00.372000
2388,201710165393690,PRIN,40,33,100,1154,115400.00,2017-10-16 05:39:00.369000
2389,201710165393704,PRIN,20,33,100,1154,115400.00,2017-10-16 05:39:00.370400
2390,201710165393653,PRIN,53,17,70,1152,80640.00,2017-10-16 05:39:00.365300
2391,201710165393637,PRIN,46,17,20,1152,23040.00,2017-10-16 05:39:00.363700
2392,201710165393515,PRIN,51,32,90,1152,103680.00,2017-10-16 05:39:00.351500
2393,201710165393470,PRIN,7,14,90,1152,103680.00,2017-10-16 05:39:00.347000
2394,201710165393423,PRIN,20,33,300,1150,345000.00,2017-10-16 05:39:00.342300
2395,201710165393333,PRIN,38,5,27,1151,31077.00,2017-10-16 05:39:00.333300
2396,201710165393260,PRIN,44,54,100,1150,115000.00,2017-10-16 05:39:00.326000
2397,201710165393261,PRIN,44,34,50,1150,57500.00,2017-10-16 05:39:00.326100
2398,201710165393262,PRIN,44,52,100,1150,115000.00,2017-10-16 05:39:00.326200
2399,201710165393263,PRIN,44,7,100,1150,115000.00,2017-10-16 05:39:00.326300
2400,201710165393264,PRIN,44,42,100,1150,115000.00,2017-10-16 05:39:00.326400
2401,201710165393269,PRIN,44,22,50,1150,57500.00,2017-10-16 05:39:00.326900
2402,201710165393258,PRIN,44,49,380,1149,436620.00,2017-10-16 05:39:00.325800
2403,201710165393259,PRIN,44,35,20,1149,22980.00,2017-10-16 05:39:00.325900
2404,201710165393226,PRIN,57,48,30,1146,34380.00,2017-10-16 05:39:00.322600
2405,201710165393197,PRIN,57,20,500,1147,573500.00,2017-10-16 05:39:00.319700
2406,201710165393150,PRIN,21,53,70,1143,80010.00,2017-10-16 05:39:00.315000
2407,201710165393151,PRIN,33,53,106,1142,121052.00,2017-10-16 05:39:00.315100
2408,201710165393125,PRIN,53,34,380,1148,436240.00,2017-10-16 05:39:00.312500
2409,201710165393126,PRIN,53,49,120,1149,137880.00,2017-10-16 05:39:00.312600
2410,201710165393103,PRIN,48,47,200,1145,229000.00,2017-10-16 05:39:00.310300
2411,201710165393091,PRIN,48,56,81,1145,92745.00,2017-10-16 05:39:00.309100
2412,201710165393100,PRIN,26,56,19,1140,21660.00,2017-10-16 05:39:00.310000
2413,201710165393078,PRIN,48,38,50,1144,57200.00,2017-10-16 05:39:00.307800
2414,201710165393079,PRIN,48,19,200,1144,228800.00,2017-10-16 05:39:00.307900
2415,201710165393080,PRIN,48,16,39,1145,44655.00,2017-10-16 05:39:00.308000
2416,201710165393081,PRIN,48,45,100,1145,114500.00,2017-10-16 05:39:00.308100
2417,201710165393082,PRIN,48,48,30,1145,34350.00,2017-10-16 05:39:00.308200
2418,201710165393043,PRIN,45,51,99,1143,113157.00,2017-10-16 05:39:00.304300
2419,201710165393033,PRIN,33,33,247,1142,282074.00,2017-10-16 05:39:00.303300
2420,201710165393034,PRIN,38,55,100,1143,114300.00,2017-10-16 05:39:00.303400
2421,201710165392989,PRIN,45,16,247,1143,282321.00,2017-10-16 05:39:00.298900
2422,201710165392994,PRIN,34,16,103,1143,117729.00,2017-10-16 05:39:00.299400
2423,201710165392973,PRIN,45,37,100,1142,114200.00,2017-10-16 05:39:00.297300
2424,201710165392974,PRIN,45,5,103,1143,117729.00,2017-10-16 05:39:00.297400
2425,201710165392975,PRIN,45,53,50,1143,57150.00,2017-10-16 05:39:00.297500
2426,201710165392966,PRIN,50,5,50,1140,57000.00,2017-10-16 05:39:00.296600
2427,201710165392958,PRIN,45,26,63,1140,71820.00,2017-10-16 05:39:00.295800
2428,201710165392959,PRIN,45,5,37,1140,42180.00,2017-10-16 05:39:00.295900
2429,201710165392960,PRIN,50,5,10,1140,11400.00,2017-10-16 05:39:00.296000
2430,201710165392931,PRIN,52,26,70,1140,79800.00,2017-10-16 05:39:00.293100
2431,201710165392920,PRIN,35,26,100,1140,114000.00,2017-10-16 05:39:00.292000
2432,201710165392921,PRIN,50,26,30,1140,34200.00,2017-10-16 05:39:00.292100
2433,201710165392912,PRIN,5,37,100,1140,114000.00,2017-10-16 05:39:00.291200
2434,201710165392913,PRIN,51,37,100,1140,114000.00,2017-10-16 05:39:00.291300
2435,201710165392917,PRIN,16,34,150,1144,171600.00,2017-10-16 05:39:00.291700
2436,201710165392881,PRIN,19,49,124,1144,141856.00,2017-10-16 05:39:00.288100
2437,201710165392882,PRIN,19,16,76,1145,87020.00,2017-10-16 05:39:00.288200
2438,201710165392870,PRIN,57,57,100,1140,114000.00,2017-10-16 05:39:00.287000
2439,201710165392855,PRIN,17,1,20,1130,22600.00,2017-10-16 05:39:00.285500
2440,201710165392848,PRIN,54,56,100,1126,112600.00,2017-10-16 05:39:00.284800
2441,201710165392831,PRIN,17,57,50,1140,57000.00,2017-10-16 05:39:00.283100
2442,201710165392803,PRIN,53,49,200,1154,230800.00,2017-10-16 05:39:00.280300
2443,201710165392784,PRIN,29,51,200,1168,233600.00,2017-10-16 05:39:00.278400
2444,201710165392779,PRIN,16,49,45,1146,51570.00,2017-10-16 05:39:00.277900
2445,201710165392772,PRIN,14,49,10,1124,11240.00,2017-10-16 05:39:00.277200
2446,201710155391782,PRIN,17,56,40,1105,44200.00,2017-10-15 05:39:00.178200
2447,201710155391783,PRIN,59,56,100,1105,110500.00,2017-10-15 05:39:00.178300
2448,201710155391784,PRIN,32,56,250,1102,275500.00,2017-10-15 05:39:00.178400
2449,201710155391792,PRIN,34,56,110,1102,121220.00,2017-10-15 05:39:00.179200
2450,201710155391528,PRIN,17,57,10,1105,11050.00,2017-10-15 05:39:00.152800
2451,201710155391028,PRIN,42,56,100,1100,110000.00,2017-10-15 05:39:00.102800
2452,201710155391029,PRIN,6,56,50,1100,55000.00,2017-10-15 05:39:00.102900
2453,201710155391030,PRIN,14,56,10,1100,11000.00,2017-10-15 05:39:00.103000
2454,201710155391031,PRIN,56,56,90,1100,99000.00,2017-10-15 05:39:00.103100
2455,201710155391010,PRIN,14,56,200,1107,221400.00,2017-10-15 05:39:00.101000
2456,201710155391011,PRIN,43,56,50,1105,55250.00,2017-10-15 05:39:00.101100
2457,201710155391012,PRIN,41,56,500,1105,552500.00,2017-10-15 05:39:00.101200
2458,201710155391013,PRIN,44,56,200,1105,221000.00,2017-10-15 05:39:00.101300
2459,201710155391014,PRIN,56,56,50,1103,55150.00,2017-10-15 05:39:00.101400
2460,201710155391015,PRIN,34,56,500,1102,551000.00,2017-10-15 05:39:00.101500
2461,201710155391016,PRIN,28,56,250,1101,275250.00,2017-10-15 05:39:00.101600
2462,201710125389519,PRIN,13,55,10,1111,11110.00,2017-10-12 05:38:00.951900
2463,201710125389283,PRIN,36,7,200,1105,221000.00,2017-10-12 05:38:00.928300
2464,201710125389284,PRIN,28,7,177,1104,195408.00,2017-10-12 05:38:00.928400
2465,201710125389285,PRIN,49,7,23,1103,25369.00,2017-10-12 05:38:00.928500
2466,201710125389183,PRIN,36,53,200,1105,221000.00,2017-10-12 05:38:00.918300
2467,201710125389064,PRIN,43,59,50,1106,55300.00,2017-10-12 05:38:00.906400
2468,201710125389029,PRIN,43,48,100,1106,110600.00,2017-10-12 05:38:00.902900
2469,201710125388903,PRIN,43,49,100,1106,110600.00,2017-10-12 05:38:00.890300
2470,201710125388775,PRIN,43,53,200,1106,221200.00,2017-10-12 05:38:00.877500
2471,201710125388374,PRIN,37,48,27,1105,29835.00,2017-10-12 05:38:00.837400
2472,201710125388375,PRIN,28,48,73,1104,80592.00,2017-10-12 05:38:00.837500
2473,201710125388359,PRIN,37,48,63,1105,69615.00,2017-10-12 05:38:00.835900
2474,201710125388176,PRIN,47,10,80,1107,88560.00,2017-10-12 05:38:00.817600
2475,201710125388177,PRIN,28,10,60,1105,66300.00,2017-10-12 05:38:00.817700
2476,201710125388178,PRIN,32,10,200,1105,221000.00,2017-10-12 05:38:00.817800
2477,201710125388179,PRIN,37,10,310,1105,342550.00,2017-10-12 05:38:00.817900
2478,201710125388161,PRIN,32,49,20,1108,22160.00,2017-10-12 05:38:00.816100
2479,201710125388162,PRIN,47,49,20,1107,22140.00,2017-10-12 05:38:00.816200
2480,201710125387485,PRIN,10,56,10,1106,11060.00,2017-10-12 05:38:00.748500
2481,201710125387486,PRIN,28,56,50,1105,55250.00,2017-10-12 05:38:00.748600
2482,201710125387487,PRIN,36,56,20,1105,22100.00,2017-10-12 05:38:00.748700
2483,201710125387488,PRIN,28,56,40,1105,44200.00,2017-10-12 05:38:00.748800
2484,201710125386836,PRIN,5,5,2085,1100,2293500.00,2017-10-12 05:38:00.683600
2485,201710125386807,PRIN,28,52,50,1105,55250.00,2017-10-12 05:38:00.680700
2486,201710125386401,PRIN,53,44,63,1105,69615.00,2017-10-12 05:38:00.640100
2487,201710125386386,PRIN,45,44,200,1105,221000.00,2017-10-12 05:38:00.638600
2488,201710125386073,PRIN,49,48,1755,1100,1930500.00,2017-10-12 05:38:00.607300
2489,201710115385033,PRIN,40,53,65,1108,72020.00,2017-10-11 05:38:00.503300
2490,201710115385034,PRIN,40,56,65,1110,72150.00,2017-10-11 05:38:00.503400
2491,201710115385035,PRIN,40,29,105,1110,116550.00,2017-10-11 05:38:00.503500
2492,201710115385036,PRIN,40,44,169,1111,187759.00,2017-10-11 05:38:00.503600
2493,201710115384969,PRIN,13,53,50,1108,55400.00,2017-10-11 05:38:00.496900
2494,201710115384860,PRIN,8,32,50,1107,55350.00,2017-10-11 05:38:00.486000
2495,201710115384875,PRIN,13,32,450,1107,498150.00,2017-10-11 05:38:00.487500
2496,201710115384766,PRIN,36,33,25,1105,27625.00,2017-10-11 05:38:00.476600
2497,201710115384641,PRIN,40,10,40,1102,44080.00,2017-10-11 05:38:00.464100
2498,201710115384504,PRIN,40,34,56,1102,61712.00,2017-10-11 05:38:00.450400
2499,201710115384484,PRIN,25,40,100,1100,110000.00,2017-10-11 05:38:00.448400
2500,201710115384458,PRIN,28,34,69,1103,76107.00,2017-10-11 05:38:00.445800
2501,201710115384459,PRIN,28,34,25,1103,27575.00,2017-10-11 05:38:00.445900
2502,201710115384460,PRIN,38,34,50,1102,55100.00,2017-10-11 05:38:00.446000
2503,201710115384422,PRIN,28,10,31,1103,34193.00,2017-10-11 05:38:00.442200
2504,201710115384307,PRIN,33,10,50,1105,55250.00,2017-10-11 05:38:00.430700
2505,201710115384308,PRIN,32,10,100,1105,110500.00,2017-10-11 05:38:00.430800
2506,201710115384223,PRIN,21,34,25,1106,27650.00,2017-10-11 05:38:00.422300
2507,201710115384224,PRIN,33,34,25,1105,27625.00,2017-10-11 05:38:00.422400
2508,201710115384161,PRIN,33,50,20,1105,22100.00,2017-10-11 05:38:00.416100
2509,201710115384135,PRIN,33,48,50,1105,55250.00,2017-10-11 05:38:00.413500
2510,201710115384089,PRIN,37,37,500,1103,551500.00,2017-10-11 05:38:00.408900
2511,201710115384056,PRIN,11,29,150,1107,166050.00,2017-10-11 05:38:00.405600
2512,201710115383966,PRIN,42,50,200,1105,221000.00,2017-10-11 05:38:00.396600
2513,201710115383716,PRIN,52,53,20,1106,22120.00,2017-10-11 05:38:00.371600
2514,201710115383717,PRIN,22,53,200,1106,221200.00,2017-10-11 05:38:00.371700
2515,201710115383718,PRIN,32,53,50,1105,55250.00,2017-10-11 05:38:00.371800
2516,201710115383719,PRIN,32,53,30,1105,33150.00,2017-10-11 05:38:00.371900
2517,201710115383720,PRIN,49,53,200,1105,221000.00,2017-10-11 05:38:00.372000
2518,201710115383721,PRIN,59,53,100,1105,110500.00,2017-10-11 05:38:00.372100
2519,201710115383722,PRIN,53,53,50,1104,55200.00,2017-10-11 05:38:00.372200
2520,201710115383723,PRIN,48,53,100,1104,110400.00,2017-10-11 05:38:00.372300
2521,201710115383724,PRIN,21,53,100,1103,110300.00,2017-10-11 05:38:00.372400
2522,201710115383725,PRIN,38,53,150,1102,165300.00,2017-10-11 05:38:00.372500
2523,201710115383395,PRIN,5,33,100,1107,110700.00,2017-10-11 05:38:00.339500
2524,201710115383397,PRIN,37,33,100,1107,110700.00,2017-10-11 05:38:00.339700
2525,201710115383360,PRIN,45,33,300,1107,332100.00,2017-10-11 05:38:00.336000
2526,201710115383369,PRIN,52,37,30,1106,33180.00,2017-10-11 05:38:00.336900
2527,201710115383051,PRIN,20,53,20,1115,22300.00,2017-10-11 05:38:00.305100
2528,201710115382569,PRIN,49,28,101,1112,112312.00,2017-10-11 05:38:00.256900
2529,201710115382535,PRIN,10,49,60,1110,66600.00,2017-10-11 05:38:00.253500
2530,201710115382536,PRIN,10,57,200,1111,222200.00,2017-10-11 05:38:00.253600
2531,201710115382203,PRIN,21,28,45,1106,49770.00,2017-10-11 05:38:00.220300
2532,201710115382204,PRIN,43,28,10,1105,11050.00,2017-10-11 05:38:00.220400
2533,201710115382205,PRIN,36,28,20,1105,22100.00,2017-10-11 05:38:00.220500
2534,201710115381986,PRIN,20,49,100,1119,111900.00,2017-10-11 05:38:00.198600
2535,201710115381945,PRIN,53,40,150,1115,167250.00,2017-10-11 05:38:00.194500
2536,201710105381250,PRIN,21,59,55,1101,60555.00,2017-10-10 05:38:00.125000
2537,201710105380758,PRIN,1,14,184,1115,205160.00,2017-10-10 05:38:00.075800
2538,201710105380606,PRIN,57,14,50,1105,55250.00,2017-10-10 05:38:00.060600
2539,201710105380607,PRIN,34,14,100,1102,110200.00,2017-10-10 05:38:00.060700
2540,201710105380608,PRIN,14,14,40,1101,44040.00,2017-10-10 05:38:00.060800
2541,201710105380609,PRIN,7,14,100,1100,110000.00,2017-10-10 05:38:00.060900
2542,201710105380610,PRIN,17,14,100,1100,110000.00,2017-10-10 05:38:00.061000
2543,201710105380611,PRIN,43,14,20,1100,22000.00,2017-10-10 05:38:00.061100
2544,201710105380612,PRIN,37,14,100,1100,110000.00,2017-10-10 05:38:00.061200
2545,201710105380584,PRIN,33,33,1000,1105,1105000.00,2017-10-10 05:38:00.058400
2546,201710105380086,PRIN,45,32,60,1120,67200.00,2017-10-10 05:38:00.008600
2547,201710105380058,PRIN,45,43,20,1120,22400.00,2017-10-10 05:38:00.005800
2548,201710105380059,PRIN,45,14,20,1120,22400.00,2017-10-10 05:38:00.005900
2549,201710105379666,PRIN,14,47,40,1110,44400.00,2017-10-10 05:37:00.966600
2550,201710105379584,PRIN,14,6,10,1110,11100.00,2017-10-10 05:37:00.958400
2551,201710105379192,PRIN,39,28,100,1108,110800.00,2017-10-10 05:37:00.919200
2552,201710105379172,PRIN,22,57,100,1107,110700.00,2017-10-10 05:37:00.917200
2553,201710105378421,PRIN,7,49,30,1092,32760.00,2017-10-10 05:37:00.842100
2554,201710105378422,PRIN,14,49,110,1091,120010.00,2017-10-10 05:37:00.842200
2555,201710095377796,PRIN,52,57,50,1109,55450.00,2017-10-09 05:37:00.779600
2556,201710095377712,PRIN,45,25,50,1110,55500.00,2017-10-09 05:37:00.771200
2557,201710095377516,PRIN,49,29,100,1105,110500.00,2017-10-09 05:37:00.751600
2558,201710095377517,PRIN,34,29,100,1101,110100.00,2017-10-09 05:37:00.751700
2559,201710095376336,PRIN,48,48,67,1110,74370.00,2017-10-09 05:37:00.633600
2560,201710095376274,PRIN,38,10,300,1110,333000.00,2017-10-09 05:37:00.627400
2561,201710095376254,PRIN,22,36,200,1100,220000.00,2017-10-09 05:37:00.625400
2562,201710095376054,PRIN,38,10,300,1100,330000.00,2017-10-09 05:37:00.605400
2563,201710095375974,PRIN,22,10,300,1100,330000.00,2017-10-09 05:37:00.597400
2564,201710095375852,PRIN,53,10,200,1100,220000.00,2017-10-09 05:37:00.585200
2565,201710095375814,PRIN,19,53,25,1097,27425.00,2017-10-09 05:37:00.581400
2566,201710095375815,PRIN,17,53,60,1096,65760.00,2017-10-09 05:37:00.581500
2567,201710095375816,PRIN,13,53,15,1095,16425.00,2017-10-09 05:37:00.581600
2568,201710095375769,PRIN,49,29,53,1100,58300.00,2017-10-09 05:37:00.576900
2569,201710095375701,PRIN,53,45,164,1100,180400.00,2017-10-09 05:37:00.570100
2570,201710095375582,PRIN,32,45,150,1100,165000.00,2017-10-09 05:37:00.558200
2571,201710095375561,PRIN,21,10,400,1100,440000.00,2017-10-09 05:37:00.556100
2572,201710095375562,PRIN,21,45,50,1101,55050.00,2017-10-09 05:37:00.556200
2573,201710095375543,PRIN,21,36,100,1100,110000.00,2017-10-09 05:37:00.554300
2574,201710095375405,PRIN,6,50,100,1100,110000.00,2017-10-09 05:37:00.540500
2575,201710095375406,PRIN,6,10,431,1100,474100.00,2017-10-09 05:37:00.540600
2576,201710095375369,PRIN,53,34,50,1099,54950.00,2017-10-09 05:37:00.536900
2577,201710095375171,PRIN,21,17,30,1098,32940.00,2017-10-09 05:37:00.517100
2578,201710095375032,PRIN,53,53,60,1098,65880.00,2017-10-09 05:37:00.503200
2579,201710095375033,PRIN,53,37,40,1098,43920.00,2017-10-09 05:37:00.503300
2580,201710095374476,PRIN,5,29,33,1085,35805.00,2017-10-09 05:37:00.447600
2581,201710095374465,PRIN,59,29,50,1082,54100.00,2017-10-09 05:37:00.446500
2582,201710095374453,PRIN,44,33,500,1085,542500.00,2017-10-09 05:37:00.445300
2583,201710095374255,PRIN,44,44,6,1110,6660.00,2017-10-09 05:37:00.425500
2584,201710085373993,PRIN,44,54,263,1095,287985.00,2017-10-08 05:37:00.399300
2585,201710085373926,PRIN,44,37,100,1107,110700.00,2017-10-08 05:37:00.392600
2586,201710085373486,PRIN,26,37,80,1105,88400.00,2017-10-08 05:37:00.348600
2587,201710085373423,PRIN,26,21,20,1105,22100.00,2017-10-08 05:37:00.342300
2588,201710085373267,PRIN,35,54,58,1100,63800.00,2017-10-08 05:37:00.326700
2589,201710085373250,PRIN,34,51,100,1099,109900.00,2017-10-08 05:37:00.325000
2590,201710085373229,PRIN,49,42,100,1090,109000.00,2017-10-08 05:37:00.322900
2591,201710085372251,PRIN,37,46,30,1070,32100.00,2017-10-08 05:37:00.225100
2592,201710085372252,PRIN,45,46,100,1070,107000.00,2017-10-08 05:37:00.225200
2593,201710085372230,PRIN,14,46,450,1082,486900.00,2017-10-08 05:37:00.223000
2594,201710085372231,PRIN,26,46,100,1073,107300.00,2017-10-08 05:37:00.223100
2595,201710085372232,PRIN,52,46,50,1072,53600.00,2017-10-08 05:37:00.223200
2596,201710085372233,PRIN,14,46,20,1072,21440.00,2017-10-08 05:37:00.223300
2597,201710085372234,PRIN,35,46,100,1071,107100.00,2017-10-08 05:37:00.223400
2598,201710085372235,PRIN,37,46,280,1070,299600.00,2017-10-08 05:37:00.223500
2599,201710085372203,PRIN,53,17,120,1085,130200.00,2017-10-08 05:37:00.220300
2600,201710085372126,PRIN,14,17,50,1082,54100.00,2017-10-08 05:37:00.212600
2601,201710085372109,PRIN,21,5,50,1085,54250.00,2017-10-08 05:37:00.210900
2602,201710085372110,PRIN,53,5,20,1084,21680.00,2017-10-08 05:37:00.211000
2603,201710085372111,PRIN,53,5,100,1084,108400.00,2017-10-08 05:37:00.211100
2604,201710085372114,PRIN,47,17,100,1082,108200.00,2017-10-08 05:37:00.211400
2605,201710085372115,PRIN,47,17,50,1082,54100.00,2017-10-08 05:37:00.211500
2606,201710085371749,PRIN,37,6,176,1080,190080.00,2017-10-08 05:37:00.174900
2607,201710085371699,PRIN,53,19,200,1087,217400.00,2017-10-08 05:37:00.169900
2608,201710085371700,PRIN,21,19,100,1086,108600.00,2017-10-08 05:37:00.170000
2609,201710085371701,PRIN,8,19,100,1085,108500.00,2017-10-08 05:37:00.170100
2610,201710085371702,PRIN,8,19,100,1085,108500.00,2017-10-08 05:37:00.170200
2611,201710085371703,PRIN,47,19,50,1085,54250.00,2017-10-08 05:37:00.170300
2612,201710085371725,PRIN,52,28,100,1081,108100.00,2017-10-08 05:37:00.172500
2613,201710085371726,PRIN,37,28,14,1080,15120.00,2017-10-08 05:37:00.172600
2614,201710085371671,PRIN,14,53,50,1090,54500.00,2017-10-08 05:37:00.167100
2615,201710085371672,PRIN,25,53,160,1089,174240.00,2017-10-08 05:37:00.167200
2616,201710085371240,PRIN,33,28,60,1091,65460.00,2017-10-08 05:37:00.124000
2617,201710085371241,PRIN,44,28,20,1090,21800.00,2017-10-08 05:37:00.124100
2618,201710085371242,PRIN,33,28,40,1090,43600.00,2017-10-08 05:37:00.124200
2619,201710085371243,PRIN,34,28,50,1090,54500.00,2017-10-08 05:37:00.124300
2620,201710085371244,PRIN,1,28,16,1090,17440.00,2017-10-08 05:37:00.124400
2621,201710085370854,PRIN,1,10,84,1090,91560.00,2017-10-08 05:37:00.085400
2622,201710085370774,PRIN,33,8,60,1090,65400.00,2017-10-08 05:37:00.077400
2623,201710085370742,PRIN,8,51,100,1095,109500.00,2017-10-08 05:37:00.074200
2624,201710085370683,PRIN,53,36,200,1095,219000.00,2017-10-08 05:37:00.068300
2625,201710085370637,PRIN,20,36,200,1095,219000.00,2017-10-08 05:37:00.063700
2626,201710085370574,PRIN,55,54,72,1100,79200.00,2017-10-08 05:37:00.057400
2627,201710085370575,PRIN,11,54,20,1100,22000.00,2017-10-08 05:37:00.057500
2628,201710085370295,PRIN,55,19,80,1100,88000.00,2017-10-08 05:37:00.029500
2629,201710085370277,PRIN,33,59,100,1101,110100.00,2017-10-08 05:37:00.027700
2630,201710085370278,PRIN,42,59,100,1100,110000.00,2017-10-08 05:37:00.027800
2631,201710085370279,PRIN,55,59,48,1100,52800.00,2017-10-08 05:37:00.027900
2632,201710085369423,PRIN,53,59,200,1107,221400.00,2017-10-08 05:36:00.942300
2633,201710045368485,PRIN,35,1,100,1129,112900.00,2017-10-04 05:36:00.848500
2634,201710045368067,PRIN,35,34,30,1130,33900.00,2017-10-04 05:36:00.806700
2635,201710045368068,PRIN,35,34,100,1130,113000.00,2017-10-04 05:36:00.806800
2636,201710045368069,PRIN,7,34,120,1130,135600.00,2017-10-04 05:36:00.806900
2637,201710045368070,PRIN,33,34,100,1130,113000.00,2017-10-04 05:36:00.807000
2638,201710045368071,PRIN,1,34,50,1129,56450.00,2017-10-04 05:36:00.807100
2639,201710045367749,PRIN,47,41,49,1130,55370.00,2017-10-04 05:36:00.774900
2640,201710045367075,PRIN,35,41,141,1130,159330.00,2017-10-04 05:36:00.707500
2641,201710045366685,PRIN,47,16,30,1140,34200.00,2017-10-04 05:36:00.668500
2642,201710045366648,PRIN,48,16,24,1150,27600.00,2017-10-04 05:36:00.664800
2643,201710045366649,PRIN,41,16,10,1145,11450.00,2017-10-04 05:36:00.664900
2644,201710045366630,PRIN,48,1,26,1150,29900.00,2017-10-04 05:36:00.663000
2645,201710045366585,PRIN,41,32,30,1145,34350.00,2017-10-04 05:36:00.658500
2646,201709265364378,PRIN,41,7,95,1144,108680.00,2017-09-26 05:36:00.437800
2647,201709265363893,PRIN,35,28,200,1140,228000.00,2017-09-26 05:36:00.389300
2648,201709265363775,PRIN,53,49,147,1139,167433.00,2017-09-26 05:36:00.377500
2649,201709265363776,PRIN,53,49,800,1140,912000.00,2017-09-26 05:36:00.377600
2650,201709265363585,PRIN,14,49,150,1135,170250.00,2017-09-26 05:36:00.358500
2651,201709265363586,PRIN,57,49,50,1135,56750.00,2017-09-26 05:36:00.358600
2652,201709265363587,PRIN,35,49,500,1135,567500.00,2017-09-26 05:36:00.358700
2653,201709265362719,PRIN,21,38,45,1140,51300.00,2017-09-26 05:36:00.271900
2654,201709265362622,PRIN,41,5,100,1140,114000.00,2017-09-26 05:36:00.262200
2655,201709265362284,PRIN,49,44,48,1139,54672.00,2017-09-26 05:36:00.228400
2656,201709265361985,PRIN,37,44,100,1139,113900.00,2017-09-26 05:36:00.198500
2657,201709265361767,PRIN,26,26,481,1126,541606.00,2017-09-26 05:36:00.176700
2658,201709255360622,PRIN,28,7,50,1142,57100.00,2017-09-25 05:36:00.062200
2659,201709255360623,PRIN,17,7,70,1142,79940.00,2017-09-25 05:36:00.062300
2660,201709255360629,PRIN,53,7,82,1141,93562.00,2017-09-25 05:36:00.062900
2661,201709255360630,PRIN,19,7,50,1140,57000.00,2017-09-25 05:36:00.063000
2662,201709255360535,PRIN,53,41,200,1145,229000.00,2017-09-25 05:36:00.053500
2663,201709255360536,PRIN,53,28,168,1147,192696.00,2017-09-25 05:36:00.053600
2664,201709255360504,PRIN,48,45,50,1145,57250.00,2017-09-25 05:36:00.050400
2665,201709255360505,PRIN,48,1,50,1148,57400.00,2017-09-25 05:36:00.050500
2666,201709255360486,PRIN,35,35,50,1140,57000.00,2017-09-25 05:36:00.048600
2667,201709255360487,PRIN,19,35,50,1140,57000.00,2017-09-25 05:36:00.048700
2668,201709255360001,PRIN,53,59,50,1140,57000.00,2017-09-25 05:36:00.000100
2669,201709255359594,PRIN,44,42,300,1140,342000.00,2017-09-25 05:35:00.959400
2670,201709255359559,PRIN,53,5,50,1135,56750.00,2017-09-25 05:35:00.955900
2671,201709255359114,PRIN,13,5,50,1135,56750.00,2017-09-25 05:35:00.911400
2672,201709255358933,PRIN,53,26,100,1135,113500.00,2017-09-25 05:35:00.893300
2673,201709255358934,PRIN,53,25,150,1138,170700.00,2017-09-25 05:35:00.893400
2674,201709255358935,PRIN,53,6,200,1139,227800.00,2017-09-25 05:35:00.893500
2675,201709255358936,PRIN,53,16,100,1140,114000.00,2017-09-25 05:35:00.893600
2676,201709255358937,PRIN,53,14,30,1140,34200.00,2017-09-25 05:35:00.893700
2677,201709255358938,PRIN,53,56,100,1140,114000.00,2017-09-25 05:35:00.893800
2678,201709255358835,PRIN,20,44,300,1134,340200.00,2017-09-25 05:35:00.883500
2679,201709255358775,PRIN,42,1,10,1137,11370.00,2017-09-25 05:35:00.877500
2680,201709255358779,PRIN,42,25,50,1137,56850.00,2017-09-25 05:35:00.877900
2681,201709255358184,PRIN,48,32,41,1140,46740.00,2017-09-25 05:35:00.818400
2682,201709245356452,PRIN,44,45,150,1132,169800.00,2017-09-24 05:35:00.645200
2683,201709245356339,PRIN,58,28,150,1133,169950.00,2017-09-24 05:35:00.633900
2684,201709245356340,PRIN,17,28,20,1133,22660.00,2017-09-24 05:35:00.634000
2685,201709245356336,PRIN,56,28,124,1135,140740.00,2017-09-24 05:35:00.633600
2686,201709245356272,PRIN,56,22,76,1135,86260.00,2017-09-24 05:35:00.627200
2687,201709245356227,PRIN,39,57,150,1141,171150.00,2017-09-24 05:35:00.622700
2688,201709245356165,PRIN,26,28,50,1136,56800.00,2017-09-24 05:35:00.616500
2689,201709245356166,PRIN,54,28,100,1135,113500.00,2017-09-24 05:35:00.616600
2690,201709245355561,PRIN,26,38,50,1140,57000.00,2017-09-24 05:35:00.556100
2691,201709245355552,PRIN,26,38,50,1140,57000.00,2017-09-24 05:35:00.555200
2692,201709245354890,PRIN,51,50,20,1130,22600.00,2017-09-24 05:35:00.489000
2693,201709245354891,PRIN,40,50,80,1130,90400.00,2017-09-24 05:35:00.489100
2694,201709245354602,PRIN,53,22,100,1135,113500.00,2017-09-24 05:35:00.460200
2695,201709245354500,PRIN,48,50,50,1140,57000.00,2017-09-24 05:35:00.450000
2696,201709205353576,PRIN,36,13,200,1147,229400.00,2017-09-20 05:35:00.357600
2697,201709205353358,PRIN,21,13,41,1147,47027.00,2017-09-20 05:35:00.335800
2698,201709205353391,PRIN,25,17,100,1141,114100.00,2017-09-20 05:35:00.339100
2699,201709205353392,PRIN,35,17,209,1140,238260.00,2017-09-20 05:35:00.339200
2700,201709205353307,PRIN,36,25,50,1146,57300.00,2017-09-20 05:35:00.330700
2701,201709205353308,PRIN,36,19,126,1147,144522.00,2017-09-20 05:35:00.330800
2702,201709205353309,PRIN,36,13,24,1147,27528.00,2017-09-20 05:35:00.330900
2703,201709205353277,PRIN,21,54,100,1145,114500.00,2017-09-20 05:35:00.327700
2704,201709205353218,PRIN,52,58,100,1143,114300.00,2017-09-20 05:35:00.321800
2705,201709205353219,PRIN,28,58,16,1142,18272.00,2017-09-20 05:35:00.321900
2706,201709205353220,PRIN,11,58,175,1142,199850.00,2017-09-20 05:35:00.322000
2707,201709205353221,PRIN,40,58,61,1141,69601.00,2017-09-20 05:35:00.322100
2708,201709205353222,PRIN,26,58,50,1141,57050.00,2017-09-20 05:35:00.322200
2709,201709205353223,PRIN,22,58,98,1140,111720.00,2017-09-20 05:35:00.322300
2710,201709205353248,PRIN,21,47,59,1145,67555.00,2017-09-20 05:35:00.324800
2711,201709205353148,PRIN,5,45,80,1144,91520.00,2017-09-20 05:35:00.314800
2712,201709205353055,PRIN,11,39,25,1142,28550.00,2017-09-20 05:35:00.305500
2713,201709205352977,PRIN,53,49,30,1145,34350.00,2017-09-20 05:35:00.297700
2714,201709205352978,PRIN,38,49,30,1145,34350.00,2017-09-20 05:35:00.297800
2715,201709205352979,PRIN,1,49,20,1143,22860.00,2017-09-20 05:35:00.297900
2716,201709205352980,PRIN,43,49,36,1142,41112.00,2017-09-20 05:35:00.298000
2717,201709205352981,PRIN,28,49,24,1142,27408.00,2017-09-20 05:35:00.298100
2718,201709205352490,PRIN,43,34,14,1142,15988.00,2017-09-20 05:35:00.249000
2719,201709205352304,PRIN,36,19,50,1147,57350.00,2017-09-20 05:35:00.230400
2720,201709205352068,PRIN,35,38,50,1142,57100.00,2017-09-20 05:35:00.206800
2721,201709205352069,PRIN,40,38,50,1141,57050.00,2017-09-20 05:35:00.206900
2722,201709205351934,PRIN,57,53,11,1142,12562.00,2017-09-20 05:35:00.193400
2723,201709205351935,PRIN,40,53,39,1141,44499.00,2017-09-20 05:35:00.193500
2724,201709205351881,PRIN,7,59,11,1143,12573.00,2017-09-20 05:35:00.188100
2725,201709205351882,PRIN,6,59,50,1142,57100.00,2017-09-20 05:35:00.188200
2726,201709205351883,PRIN,57,59,489,1142,558438.00,2017-09-20 05:35:00.188300
2727,201709205351780,PRIN,7,36,59,1143,67437.00,2017-09-20 05:35:00.178000
2728,201709205351578,PRIN,28,59,50,1150,57500.00,2017-09-20 05:35:00.157800
2729,201709205351579,PRIN,6,59,100,1147,114700.00,2017-09-20 05:35:00.157900
2730,201709205351580,PRIN,33,59,500,1146,573000.00,2017-09-20 05:35:00.158000
2731,201709205351581,PRIN,35,59,200,1145,229000.00,2017-09-20 05:35:00.158100
2732,201709205351448,PRIN,13,26,37,1150,42550.00,2017-09-20 05:35:00.144800
2733,201709205351404,PRIN,33,36,200,1151,230200.00,2017-09-20 05:35:00.140400
2734,201709205351408,PRIN,33,26,68,1151,78268.00,2017-09-20 05:35:00.140800
2735,201709205351409,PRIN,45,26,200,1150,230000.00,2017-09-20 05:35:00.140900
2736,201709205351387,PRIN,33,16,121,1151,139271.00,2017-09-20 05:35:00.138700
2737,201709205351378,PRIN,21,17,40,1152,46080.00,2017-09-20 05:35:00.137800
2738,201709205351379,PRIN,33,17,111,1151,127761.00,2017-09-20 05:35:00.137900
2739,201709205351367,PRIN,21,4,40,1152,46080.00,2017-09-20 05:35:00.136700
2740,201709205351368,PRIN,21,4,110,1152,126720.00,2017-09-20 05:35:00.136800
2741,201709205351220,PRIN,21,26,50,1150,57500.00,2017-09-20 05:35:00.122000
2742,201709205351221,PRIN,33,26,100,1145,114500.00,2017-09-20 05:35:00.122100
2743,201709205351184,PRIN,57,58,95,1158,110010.00,2017-09-20 05:35:00.118400
2744,201709205351201,PRIN,57,56,100,1158,115800.00,2017-09-20 05:35:00.120100
2745,201709205351202,PRIN,57,56,500,1159,579500.00,2017-09-20 05:35:00.120200
2746,201709205351203,PRIN,57,40,100,1160,116000.00,2017-09-20 05:35:00.120300
2747,201709205351147,PRIN,28,45,450,1151,517950.00,2017-09-20 05:35:00.114700
2748,201709205351140,PRIN,34,58,30,1160,34800.00,2017-09-20 05:35:00.114000
2749,201709205351039,PRIN,20,55,100,1151,115100.00,2017-09-20 05:35:00.103900
2750,201709205350938,PRIN,57,40,50,1155,57750.00,2017-09-20 05:35:00.093800
2751,201709205350916,PRIN,28,59,200,1156,231200.00,2017-09-20 05:35:00.091600
2752,201709205350917,PRIN,20,59,350,1155,404250.00,2017-09-20 05:35:00.091700
2753,201709205350918,PRIN,57,59,50,1155,57750.00,2017-09-20 05:35:00.091800
2754,201709205350802,PRIN,35,58,25,1165,29125.00,2017-09-20 05:35:00.080200
2755,201709205350789,PRIN,51,58,200,1165,233000.00,2017-09-20 05:35:00.078900
2756,201709205350758,PRIN,52,1,100,1150,115000.00,2017-09-20 05:35:00.075800
2757,201709205350767,PRIN,33,16,100,1150,115000.00,2017-09-20 05:35:00.076700
2758,201709205350737,PRIN,40,44,50,1147,57350.00,2017-09-20 05:35:00.073700
2759,201709205350743,PRIN,52,58,350,1149,402150.00,2017-09-20 05:35:00.074300
2760,201709205350647,PRIN,37,17,200,1146,229200.00,2017-09-20 05:35:00.064700
2761,201709205350648,PRIN,37,44,150,1147,172050.00,2017-09-20 05:35:00.064800
2762,201709205350522,PRIN,21,44,100,1136,113600.00,2017-09-20 05:35:00.052200
2763,201709205350523,PRIN,37,44,100,1136,113600.00,2017-09-20 05:35:00.052300
2764,201709205350368,PRIN,10,35,50,1135,56750.00,2017-09-20 05:35:00.036800
2765,201709205350316,PRIN,21,34,50,1159,57950.00,2017-09-20 05:35:00.031600
2766,201709205350317,PRIN,21,58,50,1160,58000.00,2017-09-20 05:35:00.031700
2767,201709205350322,PRIN,35,19,40,1145,45800.00,2017-09-20 05:35:00.032200
2768,201709205350323,PRIN,53,19,80,1145,91600.00,2017-09-20 05:35:00.032300
2769,201709205350343,PRIN,53,53,20,1145,22900.00,2017-09-20 05:35:00.034300
2770,201709205350256,PRIN,21,45,100,1146,114600.00,2017-09-20 05:35:00.025600
2771,201709205350262,PRIN,21,58,100,1168,116800.00,2017-09-20 05:35:00.026200
2772,201709205350226,PRIN,21,49,38,1134,43092.00,2017-09-20 05:35:00.022600
2773,201709205350232,PRIN,21,21,100,1135,113500.00,2017-09-20 05:35:00.023200
2774,201709205350233,PRIN,21,29,100,1140,114000.00,2017-09-20 05:35:00.023300
2775,201709205350203,PRIN,22,13,300,1124,337200.00,2017-09-20 05:35:00.020300
2776,201709205350208,PRIN,10,58,185,1125,208125.00,2017-09-20 05:35:00.020800
2777,201709205349778,PRIN,34,48,50,1115,55750.00,2017-09-20 05:34:00.977800
2778,201709205349779,PRIN,19,48,150,1110,166500.00,2017-09-20 05:34:00.977900
2779,201709205349780,PRIN,35,48,25,1109,27725.00,2017-09-20 05:34:00.978000
2780,201709205348742,PRIN,48,49,50,1130,56500.00,2017-09-20 05:34:00.874200
2781,201709185348233,PRIN,14,48,50,1137,56850.00,2017-09-18 05:34:00.823300
2782,201709185348189,PRIN,14,39,100,1137,113700.00,2017-09-18 05:34:00.818900
2783,201709185348190,PRIN,14,21,100,1137,113700.00,2017-09-18 05:34:00.819000
2784,201709185348146,PRIN,38,49,40,1138,45520.00,2017-09-18 05:34:00.814600
2785,201709185348147,PRIN,38,49,50,1138,56900.00,2017-09-18 05:34:00.814700
2786,201709185348148,PRIN,38,49,50,1138,56900.00,2017-09-18 05:34:00.814800
2787,201709185347918,PRIN,38,45,10,1138,11380.00,2017-09-18 05:34:00.791800
2788,201709185347925,PRIN,11,34,250,1142,285500.00,2017-09-18 05:34:00.792500
2789,201709185347729,PRIN,53,17,26,1142,29692.00,2017-09-18 05:34:00.772900
2790,201709185347274,PRIN,38,49,50,1138,56900.00,2017-09-18 05:34:00.727400
2791,201709185347275,PRIN,14,49,250,1137,284250.00,2017-09-18 05:34:00.727500
2792,201709185347042,PRIN,52,44,50,1141,57050.00,2017-09-18 05:34:00.704200
2793,201709185347043,PRIN,20,44,100,1140,114000.00,2017-09-18 05:34:00.704300
2794,201709185347044,PRIN,38,44,100,1138,113800.00,2017-09-18 05:34:00.704400
2795,201709185346652,PRIN,14,58,220,1148,252560.00,2017-09-18 05:34:00.665200
2796,201709185346649,PRIN,14,37,50,1145,57250.00,2017-09-18 05:34:00.664900
2797,201709185346650,PRIN,14,14,150,1145,171750.00,2017-09-18 05:34:00.665000
2798,201709185346651,PRIN,14,29,100,1147,114700.00,2017-09-18 05:34:00.665100
2799,201709185346343,PRIN,38,49,100,1138,113800.00,2017-09-18 05:34:00.634300
2800,201709185346207,PRIN,37,37,50,1140,57000.00,2017-09-18 05:34:00.620700
2801,201709185346208,PRIN,32,37,100,1140,114000.00,2017-09-18 05:34:00.620800
2802,201709185346137,PRIN,7,29,100,1141,114100.00,2017-09-18 05:34:00.613700
2803,201709185345974,PRIN,55,49,50,1145,57250.00,2017-09-18 05:34:00.597400
2804,201709185345975,PRIN,55,58,50,1148,57400.00,2017-09-18 05:34:00.597500
2805,201709185345979,PRIN,55,57,57,1147,65379.00,2017-09-18 05:34:00.597900
2806,201709185345980,PRIN,55,58,28,1148,32144.00,2017-09-18 05:34:00.598000
2807,201709185345988,PRIN,40,41,179,1142,204418.00,2017-09-18 05:34:00.598800
2808,201709185345952,PRIN,14,33,100,1142,114200.00,2017-09-18 05:34:00.595200
2809,201709185345964,PRIN,14,37,150,1142,171300.00,2017-09-18 05:34:00.596400
2810,201709185345883,PRIN,14,33,50,1142,57100.00,2017-09-18 05:34:00.588300
2811,201709185345704,PRIN,37,16,50,1140,57000.00,2017-09-18 05:34:00.570400
2812,201709185345585,PRIN,36,49,50,1145,57250.00,2017-09-18 05:34:00.558500
2813,201709185345403,PRIN,7,53,50,1145,57250.00,2017-09-18 05:34:00.540300
2814,201709185345404,PRIN,7,42,50,1145,57250.00,2017-09-18 05:34:00.540400
2815,201709185345297,PRIN,7,49,30,1137,34110.00,2017-09-18 05:34:00.529700
2816,201709185344906,PRIN,20,19,500,1140,570000.00,2017-09-18 05:34:00.490600
2817,201709185344842,PRIN,34,1,39,1145,44655.00,2017-09-18 05:34:00.484200
2818,201709185344803,PRIN,34,37,61,1145,69845.00,2017-09-18 05:34:00.480300
2819,201709185344389,PRIN,33,1,11,1137,12507.00,2017-09-18 05:34:00.438900
2820,201709185344390,PRIN,14,1,89,1136,101104.00,2017-09-18 05:34:00.439000
2821,201709185344307,PRIN,14,26,200,1136,227200.00,2017-09-18 05:34:00.430700
2822,201709185344168,PRIN,33,50,89,1137,101193.00,2017-09-18 05:34:00.416800
2823,201709185342828,PRIN,28,53,10,1150,11500.00,2017-09-18 05:34:00.282800
2824,201709185342801,PRIN,28,44,10,1150,11500.00,2017-09-18 05:34:00.280100
2825,201709175342242,PRIN,7,45,100,1140,114000.00,2017-09-17 05:34:00.224200
2826,201709175342247,PRIN,26,45,100,1140,114000.00,2017-09-17 05:34:00.224700
2827,201709175342257,PRIN,57,45,100,1140,114000.00,2017-09-17 05:34:00.225700
2828,201709175342139,PRIN,7,10,200,1144,228800.00,2017-09-17 05:34:00.213900
2829,201709175341905,PRIN,7,37,50,1140,57000.00,2017-09-17 05:34:00.190500
2830,201709175341793,PRIN,38,42,150,1139,170850.00,2017-09-17 05:34:00.179300
2831,201709175341460,PRIN,50,38,150,1140,171000.00,2017-09-17 05:34:00.146000
2832,201709175340761,PRIN,41,37,45,1136,51120.00,2017-09-17 05:34:00.076100
2833,201709175340393,PRIN,41,17,33,1136,37488.00,2017-09-17 05:34:00.039300
2834,201709175339985,PRIN,51,28,50,1137,56850.00,2017-09-17 05:33:00.998500
2835,201709175339986,PRIN,41,28,115,1136,130640.00,2017-09-17 05:33:00.998600
2836,201709175340014,PRIN,57,6,114,1140,129960.00,2017-09-17 05:34:00.001400
2837,201709175339806,PRIN,40,6,150,1140,171000.00,2017-09-17 05:33:00.980600
2838,201709175339755,PRIN,53,6,36,1140,41040.00,2017-09-17 05:33:00.975500
2839,201709175339568,PRIN,28,45,255,1145,291975.00,2017-09-17 05:33:00.956800
2840,201709175339569,PRIN,28,53,35,1145,40075.00,2017-09-17 05:33:00.956900
2841,201709175339591,PRIN,55,40,236,1140,269040.00,2017-09-17 05:33:00.959100
2842,201709175339592,PRIN,53,40,64,1140,72960.00,2017-09-17 05:33:00.959200
2843,201709175339241,PRIN,55,38,50,1140,57000.00,2017-09-17 05:33:00.924100
2844,201709175339258,PRIN,55,32,150,1140,171000.00,2017-09-17 05:33:00.925800
2845,201709175339213,PRIN,55,58,64,1140,72960.00,2017-09-17 05:33:00.921300
2846,201709175339056,PRIN,38,22,30,1144,34320.00,2017-09-17 05:33:00.905600
2847,201709175339057,PRIN,38,6,75,1144,85800.00,2017-09-17 05:33:00.905700
2848,201709175339014,PRIN,47,22,70,1144,80080.00,2017-09-17 05:33:00.901400
2849,201709175338284,PRIN,45,56,30,1144,34320.00,2017-09-17 05:33:00.828400
2850,201709175338285,PRIN,45,45,20,1145,22900.00,2017-09-17 05:33:00.828500
2851,201709175338263,PRIN,28,52,300,1140,342000.00,2017-09-17 05:33:00.826300
2852,201709175338276,PRIN,45,53,25,1144,28600.00,2017-09-17 05:33:00.827600
2853,201709175338277,PRIN,45,45,25,1145,28625.00,2017-09-17 05:33:00.827700
2854,201709175337975,PRIN,41,53,50,1140,57000.00,2017-09-17 05:33:00.797500
2855,201709175337508,PRIN,57,37,300,1134,340200.00,2017-09-17 05:33:00.750800
2856,201709175337509,PRIN,57,35,100,1135,113500.00,2017-09-17 05:33:00.750900
2857,201709175337510,PRIN,57,52,200,1135,227000.00,2017-09-17 05:33:00.751000
2858,201709175337316,PRIN,37,46,500,1125,562500.00,2017-09-17 05:33:00.731600
2859,201709175337062,PRIN,35,53,50,1120,56000.00,2017-09-17 05:33:00.706200
2860,201709175336287,PRIN,59,22,300,1126,337800.00,2017-09-17 05:33:00.628700
2861,201709175336288,PRIN,57,22,100,1125,112500.00,2017-09-17 05:33:00.628800
2862,201709175336185,PRIN,26,16,100,1126,112600.00,2017-09-17 05:33:00.618500
2863,201709175336186,PRIN,59,16,200,1126,225200.00,2017-09-17 05:33:00.618600
2864,201709175336054,PRIN,5,21,200,1135,227000.00,2017-09-17 05:33:00.605400
2865,201709175336074,PRIN,19,37,100,1130,113000.00,2017-09-17 05:33:00.607400
2866,201709175336075,PRIN,19,37,100,1130,113000.00,2017-09-17 05:33:00.607500
2867,201709175336003,PRIN,21,11,100,1136,113600.00,2017-09-17 05:33:00.600300
2868,201709175335776,PRIN,59,11,214,1150,246100.00,2017-09-17 05:33:00.577600
2869,201709175335750,PRIN,59,51,200,1149,229800.00,2017-09-17 05:33:00.575000
2870,201709175335751,PRIN,59,58,86,1150,98900.00,2017-09-17 05:33:00.575100
2871,201709145334688,PRIN,1,25,100,1130,113000.00,2017-09-14 05:33:00.468800
2872,201709145334667,PRIN,57,58,70,1129,79030.00,2017-09-14 05:33:00.466700
2873,201709145334597,PRIN,57,58,15,1120,16800.00,2017-09-14 05:33:00.459700
2874,201709145334425,PRIN,37,29,125,1130,141250.00,2017-09-14 05:33:00.442500
2875,201709145334426,PRIN,37,32,153,1130,172890.00,2017-09-14 05:33:00.442600
2876,201709145334427,PRIN,37,55,200,1135,227000.00,2017-09-14 05:33:00.442700
2877,201709145334056,PRIN,20,29,100,1130,113000.00,2017-09-14 05:33:00.405600
2878,201709145333911,PRIN,50,32,47,1130,53110.00,2017-09-14 05:33:00.391100
2879,201709145333788,PRIN,50,41,178,1129,200962.00,2017-09-14 05:33:00.378800
2880,201709145333789,PRIN,50,28,290,1130,327700.00,2017-09-14 05:33:00.378900
2881,201709145333665,PRIN,49,28,100,1122,112200.00,2017-09-14 05:33:00.366500
2882,201709145333666,PRIN,49,7,100,1122,112200.00,2017-09-14 05:33:00.366600
2883,201709145333667,PRIN,49,32,200,1123,224600.00,2017-09-14 05:33:00.366700
2884,201709145333668,PRIN,49,58,200,1124,224800.00,2017-09-14 05:33:00.366800
2885,201709145333669,PRIN,49,44,200,1126,225200.00,2017-09-14 05:33:00.366900
2886,201709145333670,PRIN,49,41,100,1129,112900.00,2017-09-14 05:33:00.367000
2887,201709145333671,PRIN,49,52,600,1129,677400.00,2017-09-14 05:33:00.367100
2888,201709145333549,PRIN,59,46,50,1121,56050.00,2017-09-14 05:33:00.354900
2889,201709145333589,PRIN,59,49,50,1122,56100.00,2017-09-14 05:33:00.358900
2890,201709145333242,PRIN,57,32,100,1120,112000.00,2017-09-14 05:33:00.324200
2891,201709145333071,PRIN,57,50,178,1120,199360.00,2017-09-14 05:33:00.307100
2892,201709145333072,PRIN,57,32,300,1121,336300.00,2017-09-14 05:33:00.307200
2893,201709145333073,PRIN,57,48,100,1121,112100.00,2017-09-14 05:33:00.307300
2894,201709145333024,PRIN,59,33,200,1120,224000.00,2017-09-14 05:33:00.302400
2895,201709145332947,PRIN,50,46,100,1119,111900.00,2017-09-14 05:33:00.294700
2896,201709145332948,PRIN,50,28,300,1120,336000.00,2017-09-14 05:33:00.294800
2897,201709145332963,PRIN,50,50,100,1120,112000.00,2017-09-14 05:33:00.296300
2898,201709145332910,PRIN,35,25,100,1115,111500.00,2017-09-14 05:33:00.291000
2899,201709145332300,PRIN,10,46,100,1110,111000.00,2017-09-14 05:33:00.230000
2900,201709145332157,PRIN,35,16,182,1121,204022.00,2017-09-14 05:33:00.215700
2901,201709145332168,PRIN,58,59,200,1112,222400.00,2017-09-14 05:33:00.216800
2902,201709145332169,PRIN,40,59,100,1105,110500.00,2017-09-14 05:33:00.216900
2903,201709145332170,PRIN,46,59,500,1105,552500.00,2017-09-14 05:33:00.217000
2904,201709145332171,PRIN,33,59,200,1103,220600.00,2017-09-14 05:33:00.217100
2905,201709145332172,PRIN,47,59,125,1100,137500.00,2017-09-14 05:33:00.217200
2906,201709145332173,PRIN,49,59,500,1100,550000.00,2017-09-14 05:33:00.217300
2907,201709145332174,PRIN,59,59,160,1100,176000.00,2017-09-14 05:33:00.217400
2908,201709145332175,PRIN,38,59,215,1100,236500.00,2017-09-14 05:33:00.217500
2909,201709145332137,PRIN,52,32,53,1119,59307.00,2017-09-14 05:33:00.213700
2910,201709145332081,PRIN,7,32,25,1120,28000.00,2017-09-14 05:33:00.208100
2911,201709145332082,PRIN,46,32,22,1119,24618.00,2017-09-14 05:33:00.208200
2912,201709145331858,PRIN,41,32,30,1122,33660.00,2017-09-14 05:33:00.185800
2913,201709145331796,PRIN,45,32,170,1123,190910.00,2017-09-14 05:33:00.179600
2914,201709145331808,PRIN,33,32,500,1120,560000.00,2017-09-14 05:33:00.180800
2915,201709145331755,PRIN,33,35,40,1120,44800.00,2017-09-14 05:33:00.175500
2916,201709145331761,PRIN,33,35,30,1120,33600.00,2017-09-14 05:33:00.176100
2917,201709145331768,PRIN,45,35,430,1120,481600.00,2017-09-14 05:33:00.176800
2918,201709145331652,PRIN,46,53,48,1119,53712.00,2017-09-14 05:33:00.165200
2919,201709145331343,PRIN,29,32,200,1116,223200.00,2017-09-14 05:33:00.134300
2920,201709145331344,PRIN,29,32,200,1117,223400.00,2017-09-14 05:33:00.134400
2921,201709145331316,PRIN,10,32,200,1114,222800.00,2017-09-14 05:33:00.131600
2922,201709145331272,PRIN,40,26,100,1110,111000.00,2017-09-14 05:33:00.127200
2923,201709145331226,PRIN,47,46,25,1100,27500.00,2017-09-14 05:33:00.122600
2924,201709145331121,PRIN,53,25,75,1105,82875.00,2017-09-14 05:33:00.112100
2925,201709145330820,PRIN,38,44,200,1100,220000.00,2017-09-14 05:33:00.082000
2926,201709145330350,PRIN,29,6,100,1093,109300.00,2017-09-14 05:33:00.035000
2927,201709145330351,PRIN,1,6,91,1092,99372.00,2017-09-14 05:33:00.035100
2928,201709145330294,PRIN,49,47,10,1100,11000.00,2017-09-14 05:33:00.029400
2929,201709145330303,PRIN,49,32,100,1100,110000.00,2017-09-14 05:33:00.030300
2930,201709145330062,PRIN,38,47,94,1100,103400.00,2017-09-14 05:33:00.006200
2931,201709145330082,PRIN,45,47,100,1100,110000.00,2017-09-14 05:33:00.008200
2932,201709145330032,PRIN,19,58,40,1101,44040.00,2017-09-14 05:33:00.003200
2933,201709145330033,PRIN,38,58,201,1100,221100.00,2017-09-14 05:33:00.003300
2934,201709145330015,PRIN,57,58,100,1102,110200.00,2017-09-14 05:33:00.001500
2935,201709145330016,PRIN,19,58,60,1101,66060.00,2017-09-14 05:33:00.001600
2936,201709145329497,PRIN,41,58,100,1122,112200.00,2017-09-14 05:32:00.949700
2937,201709145329336,PRIN,37,28,10,1091,10910.00,2017-09-14 05:32:00.933600
2938,201709145329352,PRIN,28,22,175,1100,192500.00,2017-09-14 05:32:00.935200
2939,201709145328616,PRIN,47,45,35,1070,37450.00,2017-09-14 05:32:00.861600
2940,201709135328416,PRIN,32,45,12,1095,13140.00,2017-09-13 05:32:00.841600
2941,201709135328426,PRIN,32,35,28,1095,30660.00,2017-09-13 05:32:00.842600
2942,201709135328427,PRIN,43,35,20,1095,21900.00,2017-09-13 05:32:00.842700
2943,201709135328428,PRIN,35,35,50,1095,54750.00,2017-09-13 05:32:00.842800
2944,201709135328429,PRIN,35,35,200,1091,218200.00,2017-09-13 05:32:00.842900
2945,201709135328430,PRIN,1,35,45,1091,49095.00,2017-09-13 05:32:00.843000
2946,201709135328431,PRIN,22,35,275,1090,299750.00,2017-09-13 05:32:00.843100
2947,201709135328432,PRIN,42,35,100,1090,109000.00,2017-09-13 05:32:00.843200
2948,201709135328433,PRIN,19,35,82,1090,89380.00,2017-09-13 05:32:00.843300
2949,201709135328310,PRIN,32,20,10,1095,10950.00,2017-09-13 05:32:00.831000
2950,201709135328202,PRIN,32,34,150,1095,164250.00,2017-09-13 05:32:00.820200
2951,201709135328043,PRIN,33,56,50,1092,54600.00,2017-09-13 05:32:00.804300
2952,201709135328044,PRIN,5,56,100,1092,109200.00,2017-09-13 05:32:00.804400
2953,201709135328045,PRIN,32,56,25,1090,27250.00,2017-09-13 05:32:00.804500
2954,201709135328046,PRIN,22,56,125,1090,136250.00,2017-09-13 05:32:00.804600
2955,201709135327855,PRIN,33,5,50,1094,54700.00,2017-09-13 05:32:00.785500
2956,201709135327856,PRIN,33,5,50,1092,54600.00,2017-09-13 05:32:00.785600
2957,201709135327805,PRIN,37,7,90,1096,98640.00,2017-09-13 05:32:00.780500
2958,201709135327700,PRIN,14,29,50,1095,54750.00,2017-09-13 05:32:00.770000
2959,201709135327701,PRIN,33,29,50,1094,54700.00,2017-09-13 05:32:00.770100
2960,201709135327671,PRIN,14,51,50,1095,54750.00,2017-09-13 05:32:00.767100
2961,201709135327491,PRIN,41,36,250,1097,274250.00,2017-09-13 05:32:00.749100
2962,201709135327492,PRIN,19,36,50,1096,54800.00,2017-09-13 05:32:00.749200
2963,201709135327500,PRIN,41,43,100,1096,109600.00,2017-09-13 05:32:00.750000
2964,201709135327458,PRIN,41,43,50,1097,54850.00,2017-09-13 05:32:00.745800
2965,201709135327353,PRIN,45,53,10,1108,11080.00,2017-09-13 05:32:00.735300
2966,201709135326813,PRIN,32,32,200,1109,221800.00,2017-09-13 05:32:00.681300
2967,201709135326617,PRIN,59,56,98,1110,108780.00,2017-09-13 05:32:00.661700
2968,201709135326476,PRIN,14,56,50,1110,55500.00,2017-09-13 05:32:00.647600
2969,201709135326445,PRIN,51,6,10,1105,11050.00,2017-09-13 05:32:00.644500
2970,201709135325814,PRIN,13,59,100,1105,110500.00,2017-09-13 05:32:00.581400
2971,201709135325652,PRIN,13,20,50,1110,55500.00,2017-09-13 05:32:00.565200
2972,201709135325653,PRIN,21,20,30,1109,33270.00,2017-09-13 05:32:00.565300
2973,201709135325654,PRIN,19,20,50,1108,55400.00,2017-09-13 05:32:00.565400
2974,201709135325186,PRIN,46,58,200,1124,224800.00,2017-09-13 05:32:00.518600
2975,201709135325187,PRIN,46,44,200,1125,225000.00,2017-09-13 05:32:00.518700
2976,201709135325045,PRIN,46,35,100,1115,111500.00,2017-09-13 05:32:00.504500
2977,201709135325052,PRIN,46,33,100,1120,112000.00,2017-09-13 05:32:00.505200
2978,201709135325053,PRIN,46,58,133,1120,148960.00,2017-09-13 05:32:00.505300
2979,201709135325054,PRIN,46,32,200,1122,224400.00,2017-09-13 05:32:00.505400
2980,201709135325055,PRIN,46,57,75,1124,84300.00,2017-09-13 05:32:00.505500
2981,201709135325056,PRIN,46,44,363,1125,408375.00,2017-09-13 05:32:00.505600
2982,201709135325057,PRIN,46,25,30,1128,33840.00,2017-09-13 05:32:00.505700
2983,201709135325058,PRIN,46,32,280,1128,315840.00,2017-09-13 05:32:00.505800
2984,201709135325059,PRIN,46,22,100,1130,113000.00,2017-09-13 05:32:00.505900
2985,201709135325076,PRIN,46,32,150,1130,169500.00,2017-09-13 05:32:00.507600
2986,201709135325082,PRIN,46,37,219,1133,248127.00,2017-09-13 05:32:00.508200
2987,201709135324990,PRIN,48,58,200,1118,223600.00,2017-09-13 05:32:00.499000
2988,201709135324709,PRIN,48,32,50,1119,55950.00,2017-09-13 05:32:00.470900
2989,201709135324710,PRIN,35,32,50,1118,55900.00,2017-09-13 05:32:00.471000
2990,201709135324719,PRIN,57,32,100,1118,111800.00,2017-09-13 05:32:00.471900
2991,201709135324744,PRIN,57,32,220,1120,246400.00,2017-09-13 05:32:00.474400
2992,201709135324689,PRIN,50,21,100,1120,112000.00,2017-09-13 05:32:00.468900
2993,201709135324597,PRIN,56,22,100,1130,113000.00,2017-09-13 05:32:00.459700
2994,201709135324576,PRIN,35,7,100,1130,113000.00,2017-09-13 05:32:00.457600
2995,201709135324538,PRIN,14,14,205,1111,227755.00,2017-09-13 05:32:00.453800
2996,201709135324499,PRIN,45,22,364,1120,407680.00,2017-09-13 05:32:00.449900
2997,201709135324523,PRIN,38,58,200,1129,225800.00,2017-09-13 05:32:00.452300
2998,201709135324524,PRIN,38,41,500,1130,565000.00,2017-09-13 05:32:00.452400
2999,201709135324469,PRIN,5,35,100,1118,111800.00,2017-09-13 05:32:00.446900
3000,201709135324470,PRIN,5,58,200,1119,223800.00,2017-09-13 05:32:00.447000
3001,201709135324402,PRIN,40,44,320,1109,354880.00,2017-09-13 05:32:00.440200
3002,201709135324403,PRIN,57,44,144,1109,159696.00,2017-09-13 05:32:00.440300
3003,201709135324404,PRIN,57,50,36,1110,39960.00,2017-09-13 05:32:00.440400
3004,201709135324292,PRIN,4,44,36,1109,39924.00,2017-09-13 05:32:00.429200
3005,201709135324013,PRIN,57,34,50,1099,54950.00,2017-09-13 05:32:00.401300
3006,201709135324014,PRIN,57,26,200,1100,220000.00,2017-09-13 05:32:00.401400
3007,201709135324015,PRIN,57,22,500,1100,550000.00,2017-09-13 05:32:00.401500
3008,201709135324026,PRIN,57,52,200,1104,220800.00,2017-09-13 05:32:00.402600
3009,201709135324027,PRIN,57,19,176,1105,194480.00,2017-09-13 05:32:00.402700
3010,201709135323694,PRIN,57,41,57,1081,61617.00,2017-09-13 05:32:00.369400
3011,201709135323300,PRIN,26,59,300,1090,327000.00,2017-09-13 05:32:00.330000
3012,201709135323301,PRIN,48,59,100,1088,108800.00,2017-09-13 05:32:00.330100
3013,201709135323302,PRIN,53,59,200,1086,217200.00,2017-09-13 05:32:00.330200
3014,201709135323303,PRIN,44,59,200,1084,216800.00,2017-09-13 05:32:00.330300
3015,201709135323304,PRIN,1,59,100,1084,108400.00,2017-09-13 05:32:00.330400
3016,201709135323305,PRIN,52,59,100,1080,108000.00,2017-09-13 05:32:00.330500
3017,201709135323306,PRIN,37,59,500,1080,540000.00,2017-09-13 05:32:00.330600
3018,201709135323307,PRIN,35,59,100,1080,108000.00,2017-09-13 05:32:00.330700
3019,201709135323308,PRIN,4,59,100,1080,108000.00,2017-09-13 05:32:00.330800
3020,201709135323309,PRIN,4,59,50,1080,54000.00,2017-09-13 05:32:00.330900
3021,201709135323310,PRIN,37,59,150,1078,161700.00,2017-09-13 05:32:00.331000
3022,201709135323038,PRIN,43,34,100,1090,109000.00,2017-09-13 05:32:00.303800
3023,201709135323039,PRIN,32,34,100,1090,109000.00,2017-09-13 05:32:00.303900
3024,201709135323040,PRIN,54,34,50,1090,54500.00,2017-09-13 05:32:00.304000
3025,201709135322643,PRIN,13,52,159,1100,174900.00,2017-09-13 05:32:00.264300
3026,201709135322492,PRIN,53,52,161,1100,177100.00,2017-09-13 05:32:00.249200
3027,201709135322493,PRIN,1,52,100,1095,109500.00,2017-09-13 05:32:00.249300
3028,201709135322494,PRIN,43,52,100,1093,109300.00,2017-09-13 05:32:00.249400
3029,201709135322495,PRIN,22,52,50,1092,54600.00,2017-09-13 05:32:00.249500
3030,201709135322496,PRIN,1,52,200,1091,218200.00,2017-09-13 05:32:00.249600
3031,201709135322497,PRIN,14,52,30,1090,32700.00,2017-09-13 05:32:00.249700
3032,201709135322498,PRIN,53,52,200,1090,218000.00,2017-09-13 05:32:00.249800
3033,201709135322399,PRIN,53,28,339,1105,374595.00,2017-09-13 05:32:00.239900
3034,201709135322373,PRIN,22,11,50,1100,55000.00,2017-09-13 05:32:00.237300
3035,201709135322210,PRIN,22,50,200,1100,220000.00,2017-09-13 05:32:00.221000
3036,201709125321999,PRIN,52,29,50,1102,55100.00,2017-09-12 05:32:00.199900
3037,201709125321980,PRIN,17,29,100,1102,110200.00,2017-09-12 05:32:00.198000
3038,201709125321981,PRIN,21,29,50,1102,55100.00,2017-09-12 05:32:00.198100
3039,201709125321889,PRIN,1,37,100,1108,110800.00,2017-09-12 05:32:00.188900
3040,201709125321890,PRIN,1,29,236,1109,261724.00,2017-09-12 05:32:00.189000
3041,201709125321802,PRIN,37,58,145,1101,159645.00,2017-09-12 05:32:00.180200
3042,201709125321803,PRIN,35,58,100,1101,110100.00,2017-09-12 05:32:00.180300
3043,201709125321804,PRIN,35,58,100,1101,110100.00,2017-09-12 05:32:00.180400
3044,201709125321805,PRIN,1,58,500,1101,550500.00,2017-09-12 05:32:00.180500
3045,201709125321806,PRIN,38,58,355,1100,390500.00,2017-09-12 05:32:00.180600
3046,201709125321732,PRIN,10,58,15,1105,16575.00,2017-09-12 05:32:00.173200
3047,201709125321733,PRIN,4,58,20,1103,22060.00,2017-09-12 05:32:00.173300
3048,201709125321734,PRIN,52,58,100,1103,110300.00,2017-09-12 05:32:00.173400
3049,201709125321735,PRIN,46,58,100,1102,110200.00,2017-09-12 05:32:00.173500
3050,201709125321736,PRIN,44,58,100,1102,110200.00,2017-09-12 05:32:00.173600
3051,201709125321737,PRIN,1,58,10,1101,11010.00,2017-09-12 05:32:00.173700
3052,201709125321738,PRIN,37,58,155,1101,170655.00,2017-09-12 05:32:00.173800
3053,201709125321508,PRIN,10,45,25,1105,27625.00,2017-09-12 05:32:00.150800
3054,201709125321370,PRIN,10,43,40,1105,44200.00,2017-09-12 05:32:00.137000
3055,201709125321371,PRIN,10,43,60,1105,66300.00,2017-09-12 05:32:00.137100
3056,201709125321327,PRIN,10,54,100,1107,110700.00,2017-09-12 05:32:00.132700
3057,201709125320512,PRIN,10,58,20,1106,22120.00,2017-09-12 05:32:00.051200
3058,201709125320513,PRIN,50,58,100,1105,110500.00,2017-09-12 05:32:00.051300
3059,201709125320514,PRIN,45,58,300,1104,331200.00,2017-09-12 05:32:00.051400
3060,201709125320515,PRIN,57,58,100,1103,110300.00,2017-09-12 05:32:00.051500
3061,201709125320516,PRIN,4,58,130,1103,143390.00,2017-09-12 05:32:00.051600
3062,201709125320235,PRIN,57,49,193,1105,213265.00,2017-09-12 05:32:00.023500
3063,201709125320205,PRIN,13,49,53,1105,58565.00,2017-09-12 05:32:00.020500
3064,201709125320195,PRIN,38,49,150,1107,166050.00,2017-09-12 05:32:00.019500
3065,201709125320196,PRIN,34,49,54,1106,59724.00,2017-09-12 05:32:00.019600
3066,201709125320197,PRIN,22,49,100,1106,110600.00,2017-09-12 05:32:00.019700
3067,201709125320198,PRIN,45,49,150,1105,165750.00,2017-09-12 05:32:00.019800
3068,201709125320199,PRIN,57,49,100,1105,110500.00,2017-09-12 05:32:00.019900
3069,201709125320200,PRIN,4,49,50,1105,55250.00,2017-09-12 05:32:00.020000
3070,201709125320201,PRIN,38,49,150,1105,165750.00,2017-09-12 05:32:00.020100
3071,201709125320088,PRIN,44,40,100,1108,110800.00,2017-09-12 05:32:00.008800
3072,201709125319523,PRIN,44,13,100,1106,110600.00,2017-09-12 05:31:00.952300
3073,201709125319524,PRIN,34,13,96,1106,106176.00,2017-09-12 05:31:00.952400
3074,201709125319498,PRIN,19,16,100,1107,110700.00,2017-09-12 05:31:00.949800
3075,201709125319441,PRIN,37,37,400,1117,446800.00,2017-09-12 05:31:00.944100
3076,201709125319442,PRIN,22,53,27,1112,30024.00,2017-09-12 05:31:00.944200
3077,201709125319443,PRIN,41,53,10,1111,11110.00,2017-09-12 05:31:00.944300
3078,201709125319444,PRIN,41,53,30,1111,33330.00,2017-09-12 05:31:00.944400
3079,201709125319445,PRIN,20,53,50,1110,55500.00,2017-09-12 05:31:00.944500
3080,201709125319455,PRIN,34,53,100,1109,110900.00,2017-09-12 05:31:00.945500
3081,201709125319199,PRIN,57,16,200,1110,222000.00,2017-09-12 05:31:00.919900
3082,201709125318967,PRIN,29,1,50,1117,55850.00,2017-09-12 05:31:00.896700
3083,201709125318968,PRIN,22,1,273,1112,303576.00,2017-09-12 05:31:00.896800
3084,201709125318756,PRIN,22,16,100,1117,111700.00,2017-09-12 05:31:00.875600
3085,201709125318530,PRIN,29,7,150,1117,167550.00,2017-09-12 05:31:00.853000
3086,201709125317880,PRIN,53,44,150,1110,166500.00,2017-09-12 05:31:00.788000
3087,201709125317064,PRIN,51,46,200,1106,221200.00,2017-09-12 05:31:00.706400
3088,201709125317065,PRIN,22,46,100,1106,110600.00,2017-09-12 05:31:00.706500
3089,201709125317066,PRIN,53,46,100,1105,110500.00,2017-09-12 05:31:00.706600
3090,201709125317067,PRIN,57,46,200,1105,221000.00,2017-09-12 05:31:00.706700
3091,201709125317068,PRIN,22,46,200,1101,220200.00,2017-09-12 05:31:00.706800
3092,201709125317069,PRIN,35,46,150,1101,165150.00,2017-09-12 05:31:00.706900
3093,201709125317070,PRIN,41,46,50,1100,55000.00,2017-09-12 05:31:00.707000
3094,201709125316850,PRIN,37,47,50,1118,55900.00,2017-09-12 05:31:00.685000
3095,201709125316830,PRIN,19,47,50,1118,55900.00,2017-09-12 05:31:00.683000
3096,201709125316518,PRIN,38,50,25,1121,28025.00,2017-09-12 05:31:00.651800
3097,201709125316519,PRIN,38,50,30,1121,33630.00,2017-09-12 05:31:00.651900
3098,201709125316520,PRIN,47,50,50,1120,56000.00,2017-09-12 05:31:00.652000
3099,201709125316353,PRIN,59,42,10,1135,11350.00,2017-09-12 05:31:00.635300
3100,201709125316090,PRIN,57,35,50,1130,56500.00,2017-09-12 05:31:00.609000
3101,201709115315271,PRIN,57,51,13,1130,14690.00,2017-09-11 05:31:00.527100
3102,201709115315272,PRIN,57,17,59,1139,67201.00,2017-09-11 05:31:00.527200
3103,201709115315273,PRIN,57,37,50,1140,57000.00,2017-09-11 05:31:00.527300
3104,201709115315274,PRIN,57,53,50,1140,57000.00,2017-09-11 05:31:00.527400
3105,201709115315306,PRIN,57,21,150,1140,171000.00,2017-09-11 05:31:00.530600
3106,201709115315082,PRIN,42,51,39,1130,44070.00,2017-09-11 05:31:00.508200
3107,201709115314866,PRIN,42,11,11,1130,12430.00,2017-09-11 05:31:00.486600
3108,201709115314527,PRIN,45,48,100,1130,113000.00,2017-09-11 05:31:00.452700
3109,201709115314528,PRIN,42,48,50,1130,56500.00,2017-09-11 05:31:00.452800
3110,201709115314228,PRIN,57,44,500,1139,569500.00,2017-09-11 05:31:00.422800
3111,201709115314097,PRIN,42,58,300,1136,340800.00,2017-09-11 05:31:00.409700
3112,201709115313997,PRIN,41,49,200,1136,227200.00,2017-09-11 05:31:00.399700
3113,201709115313998,PRIN,36,49,100,1135,113500.00,2017-09-11 05:31:00.399800
3114,201709115313999,PRIN,34,49,200,1135,227000.00,2017-09-11 05:31:00.399900
3115,201709115313886,PRIN,50,28,263,1139,299557.00,2017-09-11 05:31:00.388600
3116,201709115313815,PRIN,45,11,20,1139,22780.00,2017-09-11 05:31:00.381500
3117,201709115313816,PRIN,45,28,30,1139,34170.00,2017-09-11 05:31:00.381600
3118,201709115313622,PRIN,42,59,200,1135,227000.00,2017-09-11 05:31:00.362200
3119,201709115313463,PRIN,45,22,300,1130,339000.00,2017-09-11 05:31:00.346300
3120,201709115313048,PRIN,46,5,100,1130,113000.00,2017-09-11 05:31:00.304800
3121,201709115312812,PRIN,17,37,50,1128,56400.00,2017-09-11 05:31:00.281200
3122,201709115312813,PRIN,17,28,50,1128,56400.00,2017-09-11 05:31:00.281300
3123,201709115312499,PRIN,51,35,47,1127,52969.00,2017-09-11 05:31:00.249900
3124,201709115312306,PRIN,51,42,20,1120,22400.00,2017-09-11 05:31:00.230600
3125,201709115312307,PRIN,51,21,100,1126,112600.00,2017-09-11 05:31:00.230700
3126,201709115312308,PRIN,51,37,33,1127,37191.00,2017-09-11 05:31:00.230800
3127,201709115311979,PRIN,57,44,500,1120,560000.00,2017-09-11 05:31:00.197900
3128,201709115311980,PRIN,57,17,50,1120,56000.00,2017-09-11 05:31:00.198000
3129,201709115311805,PRIN,46,38,47,1102,51794.00,2017-09-11 05:31:00.180500
3130,201709115311633,PRIN,53,40,30,1100,33000.00,2017-09-11 05:31:00.163300
3131,201709115311578,PRIN,53,40,100,1106,110600.00,2017-09-11 05:31:00.157800
3132,201709115311579,PRIN,41,40,10,1101,11010.00,2017-09-11 05:31:00.157900
3133,201709115311580,PRIN,41,40,20,1101,22020.00,2017-09-11 05:31:00.158000
3134,201709115311581,PRIN,49,40,500,1101,550500.00,2017-09-11 05:31:00.158100
3135,201709115311582,PRIN,52,40,10,1100,11000.00,2017-09-11 05:31:00.158200
3136,201709115311583,PRIN,36,40,100,1100,110000.00,2017-09-11 05:31:00.158300
3137,201709115311599,PRIN,36,40,30,1100,33000.00,2017-09-11 05:31:00.159900
3138,201709115311432,PRIN,5,45,85,1110,94350.00,2017-09-11 05:31:00.143200
3139,201709115311395,PRIN,53,42,20,1128,22560.00,2017-09-11 05:31:00.139500
3140,201709115309970,PRIN,28,7,50,1150,57500.00,2017-09-11 05:30:00.997000
3141,201709115309981,PRIN,21,53,50,1150,57500.00,2017-09-11 05:30:00.998100
3142,201709115309924,PRIN,51,43,50,1160,58000.00,2017-09-11 05:30:00.992400
3143,201709115309925,PRIN,51,43,50,1160,58000.00,2017-09-11 05:30:00.992500
3144,201709115309874,PRIN,28,25,50,1150,57500.00,2017-09-11 05:30:00.987400
3145,201709115309889,PRIN,28,35,100,1150,115000.00,2017-09-11 05:30:00.988900
3146,201709115309890,PRIN,28,53,50,1150,57500.00,2017-09-11 05:30:00.989000
3147,201709115309793,PRIN,28,53,100,1140,114000.00,2017-09-11 05:30:00.979300
3148,201709115309661,PRIN,57,50,100,1130,113000.00,2017-09-11 05:30:00.966100
3149,201709115309662,PRIN,57,49,500,1132,566000.00,2017-09-11 05:30:00.966200
3150,201709115309584,PRIN,46,7,100,1125,112500.00,2017-09-11 05:30:00.958400
3151,201709115309585,PRIN,46,35,100,1125,112500.00,2017-09-11 05:30:00.958500
3152,201709115309484,PRIN,34,26,50,1120,56000.00,2017-09-11 05:30:00.948400
3153,201709115309511,PRIN,53,26,100,1120,112000.00,2017-09-11 05:30:00.951100
3154,201709115309512,PRIN,53,21,100,1120,112000.00,2017-09-11 05:30:00.951200
3155,201709115309454,PRIN,53,26,45,1115,50175.00,2017-09-11 05:30:00.945400
3156,201709115309190,PRIN,5,14,100,1110,111000.00,2017-09-11 05:30:00.919000
3157,201709115308997,PRIN,5,44,15,1110,16650.00,2017-09-11 05:30:00.899700
3158,201709115308556,PRIN,53,22,50,1110,55500.00,2017-09-11 05:30:00.855600
3159,201709115308497,PRIN,7,57,100,1105,110500.00,2017-09-11 05:30:00.849700
3160,201709105307741,PRIN,53,29,97,1101,106797.00,2017-09-10 05:30:00.774100
3161,201709105307742,PRIN,55,29,50,1101,55050.00,2017-09-10 05:30:00.774200
3162,201709105307743,PRIN,22,29,68,1100,74800.00,2017-09-10 05:30:00.774300
3163,201709105307744,PRIN,52,29,100,1100,110000.00,2017-09-10 05:30:00.774400
3164,201709105307745,PRIN,43,29,100,1100,110000.00,2017-09-10 05:30:00.774500
3165,201709105307746,PRIN,57,29,44,1100,48400.00,2017-09-10 05:30:00.774600
3166,201709105307597,PRIN,52,21,100,1100,110000.00,2017-09-10 05:30:00.759700
3167,201709105307648,PRIN,42,49,50,1101,55050.00,2017-09-10 05:30:00.764800
3168,201709105307656,PRIN,22,49,50,1101,55050.00,2017-09-10 05:30:00.765600
3169,201709105307659,PRIN,53,49,53,1101,58353.00,2017-09-10 05:30:00.765900
3170,201709105307533,PRIN,43,29,100,1103,110300.00,2017-09-10 05:30:00.753300
3171,201709105307534,PRIN,22,29,100,1102,110200.00,2017-09-10 05:30:00.753400
3172,201709105307535,PRIN,37,29,95,1101,104595.00,2017-09-10 05:30:00.753500
3173,201709105307537,PRIN,19,29,55,1101,60555.00,2017-09-10 05:30:00.753700
3174,201709105307538,PRIN,19,49,64,1101,70464.00,2017-09-10 05:30:00.753800
3175,201709105307366,PRIN,22,59,139,1100,152900.00,2017-09-10 05:30:00.736600
3176,201709105307261,PRIN,34,59,20,1107,22140.00,2017-09-10 05:30:00.726100
3177,201709105307262,PRIN,10,59,25,1106,27650.00,2017-09-10 05:30:00.726200
3178,201709105307263,PRIN,1,59,50,1105,55250.00,2017-09-10 05:30:00.726300
3179,201709105307264,PRIN,53,59,50,1105,55250.00,2017-09-10 05:30:00.726400
3180,201709105307265,PRIN,25,59,50,1103,55150.00,2017-09-10 05:30:00.726500
3181,201709105307266,PRIN,17,59,50,1103,55150.00,2017-09-10 05:30:00.726600
3182,201709105307267,PRIN,45,59,50,1102,55100.00,2017-09-10 05:30:00.726700
3183,201709105307268,PRIN,1,59,50,1101,55050.00,2017-09-10 05:30:00.726800
3184,201709105307269,PRIN,41,59,100,1101,110100.00,2017-09-10 05:30:00.726900
3185,201709105307270,PRIN,35,59,100,1101,110100.00,2017-09-10 05:30:00.727000
3186,201709105307271,PRIN,37,59,55,1101,60555.00,2017-09-10 05:30:00.727100
3187,201709105307217,PRIN,35,57,100,1109,110900.00,2017-09-10 05:30:00.721700
3188,201709105307120,PRIN,34,47,50,1107,55350.00,2017-09-10 05:30:00.712000
3189,201709105306685,PRIN,8,55,20,1108,22160.00,2017-09-10 05:30:00.668500
3190,201709105306686,PRIN,32,55,20,1107,22140.00,2017-09-10 05:30:00.668600
3191,201709105306687,PRIN,34,55,60,1107,66420.00,2017-09-10 05:30:00.668700
3192,201709105306506,PRIN,1,55,50,1105,55250.00,2017-09-10 05:30:00.650600
3193,201709105306398,PRIN,8,41,50,1108,55400.00,2017-09-10 05:30:00.639800
3194,201709105305544,PRIN,8,43,100,1110,111000.00,2017-09-10 05:30:00.554400
3195,201709105305397,PRIN,43,48,50,1108,55400.00,2017-09-10 05:30:00.539700
3196,201709105305398,PRIN,51,48,50,1108,55400.00,2017-09-10 05:30:00.539800
3197,201709105305399,PRIN,49,48,100,1108,110800.00,2017-09-10 05:30:00.539900
3198,201709105305400,PRIN,34,48,150,1107,166050.00,2017-09-10 05:30:00.540000
3199,201709105305401,PRIN,10,48,175,1106,193550.00,2017-09-10 05:30:00.540100
3200,201709105305152,PRIN,57,17,50,1109,55450.00,2017-09-10 05:30:00.515200
3201,201709105305153,PRIN,45,17,200,1108,221600.00,2017-09-10 05:30:00.515300
3202,201709105305154,PRIN,34,17,150,1107,166050.00,2017-09-10 05:30:00.515400
3203,201709105304842,PRIN,36,48,20,1115,22300.00,2017-09-10 05:30:00.484200
3204,201709105304739,PRIN,16,48,430,1112,478160.00,2017-09-10 05:30:00.473900
3205,201709105304740,PRIN,41,48,100,1111,111100.00,2017-09-10 05:30:00.474000
3206,201709105304741,PRIN,36,48,10,1111,11110.00,2017-09-10 05:30:00.474100
3207,201709105304742,PRIN,13,48,10,1109,11090.00,2017-09-10 05:30:00.474200
3208,201709105304743,PRIN,33,48,500,1109,554500.00,2017-09-10 05:30:00.474300
3209,201709105304170,PRIN,16,50,70,1112,77840.00,2017-09-10 05:30:00.417000
3210,201709105303106,PRIN,53,55,150,1110,166500.00,2017-09-10 05:30:00.310600
3211,201709105303145,PRIN,45,58,50,1110,55500.00,2017-09-10 05:30:00.314500
3212,201709105303073,PRIN,57,55,175,1111,194425.00,2017-09-10 05:30:00.307300
3213,201709105303074,PRIN,59,55,25,1110,27750.00,2017-09-10 05:30:00.307400
3214,201709105303075,PRIN,53,55,50,1110,55500.00,2017-09-10 05:30:00.307500
3215,201709105303076,PRIN,21,55,100,1110,111000.00,2017-09-10 05:30:00.307600
3216,201709105302641,PRIN,17,45,50,1125,56250.00,2017-09-10 05:30:00.264100
3217,201709105302366,PRIN,17,33,100,1124,112400.00,2017-09-10 05:30:00.236600
3218,201709105302231,PRIN,49,49,700,1105,773500.00,2017-09-10 05:30:00.223100
3219,201709105302006,PRIN,49,49,262,1120,293440.00,2017-09-10 05:30:00.200600
3220,201709105301874,PRIN,43,20,50,1114,55700.00,2017-09-10 05:30:00.187400
3221,201709105301875,PRIN,53,20,100,1113,111300.00,2017-09-10 05:30:00.187500
3222,201709105301876,PRIN,37,20,500,1100,550000.00,2017-09-10 05:30:00.187600
3223,201709105301877,PRIN,22,20,293,1100,322300.00,2017-09-10 05:30:00.187700
3224,201709105301737,PRIN,53,22,300,1115,334500.00,2017-09-10 05:30:00.173700
3225,201709105301661,PRIN,43,49,50,1120,56000.00,2017-09-10 05:30:00.166100
3226,201709105301636,PRIN,28,4,30,1125,33750.00,2017-09-10 05:30:00.163600
3227,201709105301637,PRIN,6,4,200,1124,224800.00,2017-09-10 05:30:00.163700
3228,201709105301638,PRIN,47,4,50,1124,56200.00,2017-09-10 05:30:00.163800
3229,201709105301639,PRIN,53,4,20,1123,22460.00,2017-09-10 05:30:00.163900
3230,201709105301656,PRIN,53,49,120,1123,134760.00,2017-09-10 05:30:00.165600
3231,201709105301657,PRIN,1,49,20,1120,22400.00,2017-09-10 05:30:00.165700
3232,201709105301232,PRIN,29,53,100,1130,113000.00,2017-09-10 05:30:00.123200
3233,201709105300253,PRIN,43,47,85,1135,96475.00,2017-09-10 05:30:00.025300
3234,201709105300226,PRIN,53,48,60,1123,67380.00,2017-09-10 05:30:00.022600
3235,201709105300184,PRIN,5,53,200,1139,227800.00,2017-09-10 05:30:00.018400
3236,201709105299167,PRIN,41,17,50,1145,57250.00,2017-09-10 05:29:00.916700
3237,201709105298828,PRIN,28,28,100,1149,114900.00,2017-09-10 05:29:00.882800
3238,201709075298651,PRIN,5,37,100,1146,114600.00,2017-09-07 05:29:00.865100
3239,201709075298652,PRIN,5,59,200,1147,229400.00,2017-09-07 05:29:00.865200
3240,201709075298653,PRIN,5,53,230,1149,264270.00,2017-09-07 05:29:00.865300
3241,201709075298450,PRIN,41,17,75,1136,85200.00,2017-09-07 05:29:00.845000
3242,201709075298481,PRIN,5,21,100,1140,114000.00,2017-09-07 05:29:00.848100
3243,201709075298330,PRIN,38,40,32,1145,36640.00,2017-09-07 05:29:00.833000
3244,201709075298331,PRIN,37,40,100,1140,114000.00,2017-09-07 05:29:00.833100
3245,201709075298332,PRIN,43,40,50,1137,56850.00,2017-09-07 05:29:00.833200
3246,201709075298333,PRIN,1,40,130,1137,147810.00,2017-09-07 05:29:00.833300
3247,201709075298334,PRIN,53,40,100,1136,113600.00,2017-09-07 05:29:00.833400
3248,201709075298335,PRIN,41,40,88,1136,99968.00,2017-09-07 05:29:00.833500
3249,201709075297995,PRIN,38,37,68,1145,77860.00,2017-09-07 05:29:00.799500
3250,201709075297724,PRIN,5,48,100,1140,114000.00,2017-09-07 05:29:00.772400
3251,201709075297742,PRIN,5,48,170,1140,193800.00,2017-09-07 05:29:00.774200
3252,201709075297582,PRIN,58,48,230,1140,262200.00,2017-09-07 05:29:00.758200
3253,201709075297463,PRIN,19,49,20,1142,22840.00,2017-09-07 05:29:00.746300
3254,201709075297296,PRIN,58,7,100,1140,114000.00,2017-09-07 05:29:00.729600
3255,201709075297181,PRIN,19,51,30,1142,34260.00,2017-09-07 05:29:00.718100
3256,201709075295980,PRIN,57,13,100,1144,114400.00,2017-09-07 05:29:00.598000
3257,201709075295981,PRIN,57,33,215,1144,245960.00,2017-09-07 05:29:00.598100
3258,201709075296006,PRIN,57,33,202,1144,231088.00,2017-09-07 05:29:00.600600
3259,201709075295505,PRIN,34,33,150,1142,171300.00,2017-09-07 05:29:00.550500
3260,201709075295506,PRIN,1,33,100,1141,114100.00,2017-09-07 05:29:00.550600
3261,201709075295507,PRIN,1,33,150,1141,171150.00,2017-09-07 05:29:00.550700
3262,201709075295508,PRIN,13,33,200,1140,228000.00,2017-09-07 05:29:00.550800
3263,201709075295509,PRIN,35,33,50,1140,57000.00,2017-09-07 05:29:00.550900
3264,201709075295510,PRIN,22,33,200,1140,228000.00,2017-09-07 05:29:00.551000
3265,201709075295511,PRIN,19,33,200,1140,228000.00,2017-09-07 05:29:00.551100
3266,201709075295054,PRIN,41,33,45,1150,51750.00,2017-09-07 05:29:00.505400
3267,201709075294870,PRIN,41,41,15,1150,17250.00,2017-09-07 05:29:00.487000
3268,201709075294303,PRIN,8,8,5,1118,5590.00,2017-09-07 05:29:00.430300
3269,201709075293998,PRIN,1,53,50,1138,56900.00,2017-09-07 05:29:00.399800
3270,201709075294013,PRIN,33,29,375,1140,427500.00,2017-09-07 05:29:00.401300
3271,201709075293360,PRIN,48,34,84,1140,95760.00,2017-09-07 05:29:00.336000
3272,201709075293361,PRIN,29,34,16,1140,18240.00,2017-09-07 05:29:00.336100
3273,201709075292262,PRIN,53,7,120,1150,138000.00,2017-09-07 05:29:00.226200
3274,201709075292190,PRIN,53,53,130,1150,149500.00,2017-09-07 05:29:00.219000
3275,201709075292100,PRIN,48,17,16,1140,18240.00,2017-09-07 05:29:00.210000
3276,201709075292034,PRIN,10,7,150,1150,172500.00,2017-09-07 05:29:00.203400
3277,201709075292035,PRIN,4,7,10,1150,11500.00,2017-09-07 05:29:00.203500
3278,201709075292002,PRIN,49,35,70,1155,80850.00,2017-09-07 05:29:00.200200
3279,201709075292006,PRIN,34,7,500,1152,576000.00,2017-09-07 05:29:00.200600
3280,201709075291939,PRIN,17,41,20,1160,23200.00,2017-09-07 05:29:00.193900
3281,201709075291940,PRIN,49,41,30,1155,34650.00,2017-09-07 05:29:00.194000
3282,201709065290037,PRIN,1,32,200,1158,231600.00,2017-09-06 05:29:00.003700
3283,201709065290038,PRIN,1,32,80,1158,92640.00,2017-09-06 05:29:00.003800
3284,201709065290039,PRIN,1,45,520,1159,602680.00,2017-09-06 05:29:00.003900
3285,201709065289291,PRIN,52,13,200,1155,231000.00,2017-09-06 05:28:00.929100
3286,201709065289292,PRIN,52,7,500,1158,579000.00,2017-09-06 05:28:00.929200
3287,201709065289191,PRIN,19,49,100,1153,115300.00,2017-09-06 05:28:00.919100
3288,201709065288998,PRIN,32,41,200,1150,230000.00,2017-09-06 05:28:00.899800
3289,201709065288949,PRIN,10,14,50,1150,57500.00,2017-09-06 05:28:00.894900
3290,201709065288614,PRIN,37,48,20,1150,23000.00,2017-09-06 05:28:00.861400
3291,201709065288311,PRIN,50,32,500,1148,574000.00,2017-09-06 05:28:00.831100
3292,201709065288212,PRIN,29,48,200,1147,229400.00,2017-09-06 05:28:00.821200
3293,201709065288023,PRIN,48,17,60,1148,68880.00,2017-09-06 05:28:00.802300
3294,201709065287714,PRIN,36,36,100,1143,114300.00,2017-09-06 05:28:00.771400
3295,201709065287670,PRIN,19,41,263,1141,300083.00,2017-09-06 05:28:00.767000
3296,201709065287582,PRIN,36,5,25,1142,28550.00,2017-09-06 05:28:00.758200
3297,201709065287583,PRIN,36,32,500,1142,571000.00,2017-09-06 05:28:00.758300
3298,201709065287596,PRIN,36,7,175,1144,200200.00,2017-09-06 05:28:00.759600
3299,201709065287597,PRIN,36,55,49,1144,56056.00,2017-09-06 05:28:00.759700
3300,201709065287487,PRIN,19,43,100,1138,113800.00,2017-09-06 05:28:00.748700
3301,201709065287489,PRIN,57,45,25,1140,28500.00,2017-09-06 05:28:00.748900
3302,201709065287490,PRIN,57,38,150,1140,171000.00,2017-09-06 05:28:00.749000
3303,201709065287408,PRIN,36,45,70,1140,79800.00,2017-09-06 05:28:00.740800
3304,201709065287375,PRIN,6,45,105,1140,119700.00,2017-09-06 05:28:00.737500
3305,201709065286695,PRIN,45,5,25,1142,28550.00,2017-09-06 05:28:00.669500
3306,201709065286653,PRIN,33,55,90,1144,102960.00,2017-09-06 05:28:00.665300
3307,201709065286138,PRIN,33,35,10,1144,11440.00,2017-09-06 05:28:00.613800
3308,201709065286063,PRIN,45,7,75,1142,85650.00,2017-09-06 05:28:00.606300
3309,201709065285901,PRIN,20,57,100,1132,113200.00,2017-09-06 05:28:00.590100
3310,201709065285703,PRIN,53,44,500,1140,570000.00,2017-09-06 05:28:00.570300
3311,201709065285704,PRIN,53,25,100,1140,114000.00,2017-09-06 05:28:00.570400
3312,201709065285383,PRIN,14,44,20,1135,22700.00,2017-09-06 05:28:00.538300
3313,201709065285074,PRIN,53,21,150,1140,171000.00,2017-09-06 05:28:00.507400
3314,201709065285075,PRIN,53,10,410,1140,467400.00,2017-09-06 05:28:00.507500
3315,201709065284996,PRIN,20,46,13,1132,14716.00,2017-09-06 05:28:00.499600
3316,201709065284716,PRIN,39,10,10,1140,11400.00,2017-09-06 05:28:00.471600
3317,201709065284603,PRIN,26,48,20,1135,22700.00,2017-09-06 05:28:00.460300
3318,201709065284227,PRIN,22,55,25,1135,28375.00,2017-09-06 05:28:00.422700
3319,201709065284228,PRIN,59,55,30,1135,34050.00,2017-09-06 05:28:00.422800
3320,201709065284261,PRIN,53,55,30,1135,34050.00,2017-09-06 05:28:00.426100
3321,201709065284225,PRIN,34,10,50,1140,57000.00,2017-09-06 05:28:00.422500
3322,201709065283394,PRIN,36,47,50,1136,56800.00,2017-09-06 05:28:00.339400
3323,201709065283395,PRIN,22,47,45,1135,51075.00,2017-09-06 05:28:00.339500
3324,201709065283306,PRIN,35,32,100,1142,114200.00,2017-09-06 05:28:00.330600
3325,201709065282664,PRIN,21,25,30,1165,34950.00,2017-09-06 05:28:00.266400
3326,201709065282665,PRIN,21,13,200,1165,233000.00,2017-09-06 05:28:00.266500
3327,201709065282320,PRIN,8,59,20,1147,22940.00,2017-09-06 05:28:00.232000
3328,201709045281347,PRIN,35,54,50,1132,56600.00,2017-09-04 05:28:00.134700
3329,201709045281348,PRIN,53,54,99,1131,111969.00,2017-09-04 05:28:00.134800
3330,201709045281349,PRIN,11,54,100,1131,113100.00,2017-09-04 05:28:00.134900
3331,201709045281350,PRIN,37,54,100,1130,113000.00,2017-09-04 05:28:00.135000
3332,201709045281351,PRIN,35,54,200,1127,225400.00,2017-09-04 05:28:00.135100
3333,201709045281352,PRIN,53,54,300,1126,337800.00,2017-09-04 05:28:00.135200
3334,201709045281353,PRIN,35,54,100,1126,112600.00,2017-09-04 05:28:00.135300
3335,201709045281354,PRIN,29,54,100,1125,112500.00,2017-09-04 05:28:00.135400
3336,201709045281210,PRIN,53,29,100,1131,113100.00,2017-09-04 05:28:00.121000
3337,201709045281173,PRIN,53,19,251,1131,283881.00,2017-09-04 05:28:00.117300
3338,201709045281077,PRIN,48,55,50,1132,56600.00,2017-09-04 05:28:00.107700
3339,201709045281078,PRIN,52,55,50,1132,56600.00,2017-09-04 05:28:00.107800
3340,201709045281079,PRIN,52,55,50,1132,56600.00,2017-09-04 05:28:00.107900
3341,201709045281080,PRIN,53,55,50,1131,56550.00,2017-09-04 05:28:00.108000
3342,201709045280991,PRIN,6,19,100,1135,113500.00,2017-09-04 05:28:00.099100
3343,201709045280951,PRIN,29,7,100,1138,113800.00,2017-09-04 05:28:00.095100
3344,201709045280751,PRIN,52,16,73,1131,82563.00,2017-09-04 05:28:00.075100
3345,201709045280714,PRIN,52,7,23,1132,26036.00,2017-09-04 05:28:00.071400
3346,201709045280715,PRIN,13,7,100,1132,113200.00,2017-09-04 05:28:00.071500
3347,201709045280716,PRIN,53,7,50,1131,56550.00,2017-09-04 05:28:00.071600
3348,201709045280717,PRIN,52,7,27,1131,30537.00,2017-09-04 05:28:00.071700
3349,201709045280295,PRIN,22,39,200,1136,227200.00,2017-09-04 05:28:00.029500
3350,201709045280296,PRIN,1,39,100,1135,113500.00,2017-09-04 05:28:00.029600
3351,201709045280297,PRIN,52,39,250,1132,283000.00,2017-09-04 05:28:00.029700
3352,201709045279872,PRIN,19,38,130,1135,147550.00,2017-09-04 05:27:00.987200
3353,201709045279873,PRIN,19,58,51,1135,57885.00,2017-09-04 05:27:00.987300
3354,201709045279884,PRIN,52,54,52,1132,58864.00,2017-09-04 05:27:00.988400
3355,201709045279736,PRIN,52,4,75,1132,84900.00,2017-09-04 05:27:00.973600
3356,201709045279492,PRIN,53,37,50,1131,56550.00,2017-09-04 05:27:00.949200
3357,201709045279398,PRIN,45,16,100,1139,113900.00,2017-09-04 05:27:00.939800
3358,201709045279408,PRIN,41,38,70,1135,79450.00,2017-09-04 05:27:00.940800
3359,201709045279409,PRIN,52,38,100,1135,113500.00,2017-09-04 05:27:00.940900
3360,201709045279367,PRIN,1,38,120,1135,136200.00,2017-09-04 05:27:00.936700
3361,201709045279368,PRIN,41,38,30,1135,34050.00,2017-09-04 05:27:00.936800
3362,201709045279318,PRIN,19,16,12,1138,13656.00,2017-09-04 05:27:00.931800
3363,201709045279330,PRIN,19,16,38,1138,43244.00,2017-09-04 05:27:00.933000
3364,201709045279331,PRIN,52,16,60,1137,68220.00,2017-09-04 05:27:00.933100
3365,201709045279332,PRIN,35,16,60,1136,68160.00,2017-09-04 05:27:00.933200
3366,201709045279333,PRIN,36,16,200,1136,227200.00,2017-09-04 05:27:00.933300
3367,201709045279300,PRIN,52,10,200,1137,227400.00,2017-09-04 05:27:00.930000
3368,201709045279083,PRIN,19,22,50,1138,56900.00,2017-09-04 05:27:00.908300
3369,201709045278831,PRIN,34,17,40,1140,45600.00,2017-09-04 05:27:00.883100
3370,201709045278760,PRIN,52,14,40,1137,45480.00,2017-09-04 05:27:00.876000
3371,201709045278722,PRIN,41,17,100,1140,114000.00,2017-09-04 05:27:00.872200
3372,201709045278650,PRIN,50,17,50,1140,57000.00,2017-09-04 05:27:00.865000
3373,201709045278663,PRIN,35,45,15,1136,17040.00,2017-09-04 05:27:00.866300
3374,201709045278365,PRIN,19,17,200,1140,228000.00,2017-09-04 05:27:00.836500
3375,201709045278336,PRIN,35,45,25,1136,28400.00,2017-09-04 05:27:00.833600
3376,201709045278255,PRIN,21,20,100,1138,113800.00,2017-09-04 05:27:00.825500
3377,201709045278256,PRIN,51,20,50,1138,56900.00,2017-09-04 05:27:00.825600
3378,201709045278257,PRIN,40,20,20,1138,22760.00,2017-09-04 05:27:00.825700
3379,201709045278258,PRIN,19,20,100,1137,113700.00,2017-09-04 05:27:00.825800
3380,201709045278259,PRIN,1,20,80,1135,90800.00,2017-09-04 05:27:00.825900
3381,201709045278267,PRIN,5,55,102,1138,116076.00,2017-09-04 05:27:00.826700
3382,201709045277605,PRIN,42,22,100,1142,114200.00,2017-09-04 05:27:00.760500
3383,201709045277606,PRIN,57,22,300,1140,342000.00,2017-09-04 05:27:00.760600
3384,201709045277607,PRIN,19,22,50,1140,57000.00,2017-09-04 05:27:00.760700
3385,201709045277394,PRIN,14,16,25,1146,28650.00,2017-09-04 05:27:00.739400
3386,201709045277395,PRIN,49,16,500,1143,571500.00,2017-09-04 05:27:00.739500
3387,201709045277177,PRIN,14,39,40,1146,45840.00,2017-09-04 05:27:00.717700
3388,201709045276576,PRIN,16,7,100,1151,115100.00,2017-09-04 05:27:00.657600
3389,201709045276577,PRIN,1,7,300,1150,345000.00,2017-09-04 05:27:00.657700
3390,201709045276578,PRIN,5,7,100,1150,115000.00,2017-09-04 05:27:00.657800
3391,201709045276579,PRIN,52,7,100,1150,115000.00,2017-09-04 05:27:00.657900
3392,201709045276271,PRIN,1,48,50,1160,58000.00,2017-09-04 05:27:00.627100
3393,201709045275967,PRIN,40,58,350,1161,406350.00,2017-09-04 05:27:00.596700
3394,201709045275968,PRIN,29,58,100,1160,116000.00,2017-09-04 05:27:00.596800
3395,201709045275969,PRIN,13,58,150,1160,174000.00,2017-09-04 05:27:00.596900
3396,201709045275937,PRIN,36,26,100,1164,116400.00,2017-09-04 05:27:00.593700
3397,201709045275943,PRIN,40,53,50,1161,58050.00,2017-09-04 05:27:00.594300
3398,201709045275891,PRIN,21,54,100,1165,116500.00,2017-09-04 05:27:00.589100
3399,201709045275794,PRIN,34,54,100,1165,116500.00,2017-09-04 05:27:00.579400
3400,201709045275774,PRIN,40,58,100,1165,116500.00,2017-09-04 05:27:00.577400
3401,201709045275722,PRIN,34,7,100,1164,116400.00,2017-09-04 05:27:00.572200
3402,201709045275583,PRIN,55,37,100,1164,116400.00,2017-09-04 05:27:00.558300
3403,201709045275584,PRIN,55,58,400,1165,466000.00,2017-09-04 05:27:00.558400
3404,201709045275531,PRIN,13,44,500,1160,580000.00,2017-09-04 05:27:00.553100
3405,201709045275413,PRIN,21,37,400,1160,464000.00,2017-09-04 05:27:00.541300
3406,201709045275365,PRIN,14,47,35,1146,40110.00,2017-09-04 05:27:00.536500
3407,201709045275396,PRIN,7,37,500,1155,577500.00,2017-09-04 05:27:00.539600
3408,201709045275309,PRIN,19,44,500,1150,575000.00,2017-09-04 05:27:00.530900
3409,201709045275164,PRIN,17,44,100,1145,114500.00,2017-09-04 05:27:00.516400
3410,201709045275165,PRIN,17,45,100,1150,115000.00,2017-09-04 05:27:00.516500
3411,201709045275166,PRIN,17,38,200,1150,230000.00,2017-09-04 05:27:00.516600
3412,201709045275123,PRIN,35,44,100,1141,114100.00,2017-09-04 05:27:00.512300
3413,201709045275124,PRIN,54,44,150,1140,171000.00,2017-09-04 05:27:00.512400
3414,201709045275127,PRIN,40,44,150,1140,171000.00,2017-09-04 05:27:00.512700
3415,201709045275015,PRIN,47,37,100,1149,114900.00,2017-09-04 05:27:00.501500
3416,201709045275016,PRIN,47,45,100,1150,115000.00,2017-09-04 05:27:00.501600
3417,201709045274896,PRIN,19,44,500,1140,570000.00,2017-09-04 05:27:00.489600
3418,201709045274716,PRIN,19,53,60,1140,68400.00,2017-09-04 05:27:00.471600
3419,201709045274014,PRIN,14,53,40,1140,45600.00,2017-09-04 05:27:00.401400
3420,201709045274015,PRIN,22,53,100,1135,113500.00,2017-09-04 05:27:00.401500
3421,201709045274016,PRIN,53,53,50,1131,56550.00,2017-09-04 05:27:00.401600
3422,201709045274017,PRIN,53,53,300,1131,339300.00,2017-09-04 05:27:00.401700
3423,201709045274018,PRIN,53,53,200,1131,226200.00,2017-09-04 05:27:00.401800
3424,201708315272149,PRIN,52,40,192,1150,220800.00,2017-08-31 05:27:00.214900
3425,201708315272159,PRIN,57,34,50,1154,57700.00,2017-08-31 05:27:00.215900
3426,201708315272079,PRIN,5,44,500,1153,576500.00,2017-08-31 05:27:00.207900
3427,201708315272104,PRIN,57,34,200,1154,230800.00,2017-08-31 05:27:00.210400
3428,201708315271963,PRIN,32,44,50,1153,57650.00,2017-08-31 05:27:00.196300
3429,201708315271964,PRIN,47,44,20,1153,23060.00,2017-08-31 05:27:00.196400
3430,201708315271965,PRIN,52,44,808,1150,929200.00,2017-08-31 05:27:00.196500
3431,201708315271991,PRIN,57,34,150,1154,173100.00,2017-08-31 05:27:00.199100
3432,201708315271838,PRIN,32,58,50,1153,57650.00,2017-08-31 05:27:00.183800
3433,201708315271708,PRIN,53,48,40,1150,46000.00,2017-08-31 05:27:00.170800
3434,201708315270908,PRIN,53,41,10,1150,11500.00,2017-08-31 05:27:00.090800
3435,201708315270137,PRIN,32,34,37,1145,42365.00,2017-08-31 05:27:00.013700
3436,201708315270094,PRIN,16,34,30,1146,34380.00,2017-08-31 05:27:00.009400
3437,201708315270095,PRIN,14,34,50,1145,57250.00,2017-08-31 05:27:00.009500
3438,201708315269859,PRIN,13,48,50,1149,57450.00,2017-08-31 05:26:00.985900
3439,201708315269860,PRIN,52,48,200,1148,229600.00,2017-08-31 05:26:00.986000
3440,201708315269807,PRIN,22,41,100,1153,115300.00,2017-08-31 05:26:00.980700
3441,201708315269808,PRIN,16,41,100,1153,115300.00,2017-08-31 05:26:00.980800
3442,201708315269809,PRIN,52,41,250,1152,288000.00,2017-08-31 05:26:00.980900
3443,201708315269810,PRIN,1,41,50,1152,57600.00,2017-08-31 05:26:00.981000
3444,201708315269811,PRIN,21,41,100,1151,115100.00,2017-08-31 05:26:00.981100
3445,201708315269812,PRIN,16,41,50,1151,57550.00,2017-08-31 05:26:00.981200
3446,201708315269813,PRIN,41,41,20,1150,23000.00,2017-08-31 05:26:00.981300
3447,201708315269814,PRIN,41,41,50,1150,57500.00,2017-08-31 05:26:00.981400
3448,201708315269815,PRIN,34,41,100,1150,115000.00,2017-08-31 05:26:00.981500
3449,201708315269816,PRIN,57,41,100,1150,115000.00,2017-08-31 05:26:00.981600
3450,201708315269817,PRIN,45,41,500,1150,575000.00,2017-08-31 05:26:00.981700
3451,201708315269818,PRIN,57,41,20,1150,23000.00,2017-08-31 05:26:00.981800
3452,201708315269819,PRIN,57,41,50,1150,57500.00,2017-08-31 05:26:00.981900
3453,201708315269820,PRIN,45,41,50,1150,57500.00,2017-08-31 05:26:00.982000
3454,201708315269821,PRIN,57,41,200,1150,230000.00,2017-08-31 05:26:00.982100
3455,201708315269584,PRIN,37,44,72,1155,83160.00,2017-08-31 05:26:00.958400
3456,201708315269585,PRIN,42,44,50,1155,57750.00,2017-08-31 05:26:00.958500
3457,201708315269277,PRIN,37,44,15,1155,17325.00,2017-08-31 05:26:00.927700
3458,201708315269278,PRIN,13,44,130,1155,150150.00,2017-08-31 05:26:00.927800
3459,201708315269279,PRIN,1,44,75,1155,86625.00,2017-08-31 05:26:00.927900
3460,201708315269292,PRIN,1,44,25,1155,28875.00,2017-08-31 05:26:00.929200
3461,201708315269293,PRIN,47,44,100,1155,115500.00,2017-08-31 05:26:00.929300
3462,201708315269294,PRIN,42,44,50,1155,57750.00,2017-08-31 05:26:00.929400
3463,201708315269295,PRIN,37,44,428,1155,494340.00,2017-08-31 05:26:00.929500
3464,201708315269176,PRIN,35,58,20,1156,23120.00,2017-08-31 05:26:00.917600
3465,201708315269189,PRIN,13,20,20,1155,23100.00,2017-08-31 05:26:00.918900
3466,201708315269138,PRIN,7,26,20,1157,23140.00,2017-08-31 05:26:00.913800
3467,201708315269139,PRIN,57,26,100,1156,115600.00,2017-08-31 05:26:00.913900
3468,201708315269140,PRIN,57,26,30,1156,34680.00,2017-08-31 05:26:00.914000
3469,201708315269142,PRIN,57,58,70,1156,80920.00,2017-08-31 05:26:00.914200
3470,201708315269028,PRIN,1,22,93,1157,107601.00,2017-08-31 05:26:00.902800
3471,201708315268894,PRIN,32,44,10,1159,11590.00,2017-08-31 05:26:00.889400
3472,201708315268895,PRIN,49,44,70,1159,81130.00,2017-08-31 05:26:00.889500
3473,201708315268721,PRIN,32,55,15,1159,17385.00,2017-08-31 05:26:00.872100
3474,201708315268669,PRIN,32,44,60,1160,69600.00,2017-08-31 05:26:00.866900
3475,201708315268623,PRIN,57,44,50,1160,58000.00,2017-08-31 05:26:00.862300
3476,201708315268630,PRIN,38,44,100,1160,116000.00,2017-08-31 05:26:00.863000
3477,201708315268638,PRIN,32,44,50,1160,58000.00,2017-08-31 05:26:00.863800
3478,201708315268494,PRIN,21,38,150,1163,174450.00,2017-08-31 05:26:00.849400
3479,201708315268324,PRIN,41,20,100,1158,115800.00,2017-08-31 05:26:00.832400
3480,201708315268225,PRIN,32,53,50,1159,57950.00,2017-08-31 05:26:00.822500
3481,201708315268141,PRIN,13,20,250,1160,290000.00,2017-08-31 05:26:00.814100
3482,201708315267890,PRIN,32,32,200,1159,231800.00,2017-08-31 05:26:00.789000
3483,201708315267732,PRIN,57,6,10,1160,11600.00,2017-08-31 05:26:00.773200
3484,201708315267733,PRIN,57,55,100,1160,116000.00,2017-08-31 05:26:00.773300
3485,201708315267594,PRIN,57,6,90,1160,104400.00,2017-08-31 05:26:00.759400
3486,201708315267528,PRIN,57,21,10,1160,11600.00,2017-08-31 05:26:00.752800
3487,201708315267416,PRIN,32,53,200,1159,231800.00,2017-08-31 05:26:00.741600
3488,201708315267436,PRIN,32,51,25,1159,28975.00,2017-08-31 05:26:00.743600
3489,201708315267224,PRIN,57,21,90,1160,104400.00,2017-08-31 05:26:00.722400
3490,201708315266921,PRIN,57,25,200,1163,232600.00,2017-08-31 05:26:00.692100
3491,201708315266592,PRIN,57,11,10,1160,11600.00,2017-08-31 05:26:00.659200
3492,201708315266438,PRIN,49,49,1000,1160,1160000.00,2017-08-31 05:26:00.643800
3493,201708315265788,PRIN,33,58,30,1163,34890.00,2017-08-31 05:26:00.578800
3494,201708315265789,PRIN,26,58,100,1161,116100.00,2017-08-31 05:26:00.578900
3495,201708315265790,PRIN,41,58,100,1160,116000.00,2017-08-31 05:26:00.579000
3496,201708315265791,PRIN,22,58,200,1160,232000.00,2017-08-31 05:26:00.579100
3497,201708315265792,PRIN,20,58,100,1158,115800.00,2017-08-31 05:26:00.579200
3498,201708315265793,PRIN,49,58,500,1158,579000.00,2017-08-31 05:26:00.579300
3499,201708315265449,PRIN,33,33,50,1163,58150.00,2017-08-31 05:26:00.544900
3500,201708315265132,PRIN,20,22,243,1165,283095.00,2017-08-31 05:26:00.513200
3501,201708315264877,PRIN,42,22,50,1165,58250.00,2017-08-31 05:26:00.487700
3502,201708315264148,PRIN,49,49,452,1151,520252.00,2017-08-31 05:26:00.414800
3503,201708315263659,PRIN,53,25,101,1160,117160.00,2017-08-31 05:26:00.365900
3504,201708315263607,PRIN,49,5,200,1158,231600.00,2017-08-31 05:26:00.360700
3505,201708315263297,PRIN,50,25,100,1152,115200.00,2017-08-31 05:26:00.329700
3506,201708315263130,PRIN,19,58,255,1152,293760.00,2017-08-31 05:26:00.313000
3507,201708315263131,PRIN,1,58,50,1151,57550.00,2017-08-31 05:26:00.313100
3508,201708315263132,PRIN,5,58,100,1151,115100.00,2017-08-31 05:26:00.313200
3509,201708315263133,PRIN,6,58,60,1150,69000.00,2017-08-31 05:26:00.313300
3510,201708315263134,PRIN,16,58,100,1150,115000.00,2017-08-31 05:26:00.313400
3511,201708315263135,PRIN,49,58,85,1150,97750.00,2017-08-31 05:26:00.313500
3512,201708315263105,PRIN,52,25,100,1152,115200.00,2017-08-31 05:26:00.310500
3513,201708315263106,PRIN,19,25,245,1152,282240.00,2017-08-31 05:26:00.310600
3514,201708315262834,PRIN,53,58,500,1151,575500.00,2017-08-31 05:26:00.283400
3515,201708315262675,PRIN,4,58,50,1157,57850.00,2017-08-31 05:26:00.267500
3516,201708315262629,PRIN,48,25,110,1155,127050.00,2017-08-31 05:26:00.262900
3517,201708315262630,PRIN,32,25,200,1151,230200.00,2017-08-31 05:26:00.263000
3518,201708315262631,PRIN,32,25,200,1151,230200.00,2017-08-31 05:26:00.263100
3519,201708315262632,PRIN,5,25,50,1150,57500.00,2017-08-31 05:26:00.263200
3520,201708315262633,PRIN,54,25,50,1150,57500.00,2017-08-31 05:26:00.263300
3521,201708315262350,PRIN,14,14,50,1160,58000.00,2017-08-31 05:26:00.235000
3522,201708315262278,PRIN,22,19,50,1150,57500.00,2017-08-31 05:26:00.227800
3523,201708305261312,PRIN,1,58,100,1166,116600.00,2017-08-30 05:26:00.131200
3524,201708305261313,PRIN,47,58,50,1166,58300.00,2017-08-30 05:26:00.131300
3525,201708305261314,PRIN,14,58,50,1165,58250.00,2017-08-30 05:26:00.131400
3526,201708305261315,PRIN,40,58,500,1165,582500.00,2017-08-30 05:26:00.131500
3527,201708305261316,PRIN,40,58,500,1165,582500.00,2017-08-30 05:26:00.131600
3528,201708305261317,PRIN,53,58,50,1165,58250.00,2017-08-30 05:26:00.131700
3529,201708305261318,PRIN,45,58,1000,1160,1160000.00,2017-08-30 05:26:00.131800
3530,201708305261201,PRIN,47,50,150,1166,174900.00,2017-08-30 05:26:00.120100
3531,201708305261063,PRIN,33,40,50,1170,58500.00,2017-08-30 05:26:00.106300
3532,201708305261064,PRIN,37,40,500,1170,585000.00,2017-08-30 05:26:00.106400
3533,201708305261065,PRIN,19,40,248,1168,289664.00,2017-08-30 05:26:00.106500
3534,201708305261066,PRIN,57,40,100,1168,116800.00,2017-08-30 05:26:00.106600
3535,201708305261067,PRIN,58,40,100,1167,116700.00,2017-08-30 05:26:00.106700
3536,201708305260360,PRIN,19,19,202,1168,235936.00,2017-08-30 05:26:00.036000
3537,201708305260302,PRIN,21,21,50,1169,58450.00,2017-08-30 05:26:00.030200
3538,201708305260168,PRIN,40,58,100,1171,117100.00,2017-08-30 05:26:00.016800
3539,201708305260169,PRIN,45,58,100,1170,117000.00,2017-08-30 05:26:00.016900
3540,201708305260170,PRIN,53,58,50,1170,58500.00,2017-08-30 05:26:00.017000
3541,201708305260171,PRIN,21,58,100,1169,116900.00,2017-08-30 05:26:00.017100
3542,201708305260172,PRIN,19,58,50,1168,58400.00,2017-08-30 05:26:00.017200
3543,201708305260070,PRIN,26,19,20,1180,23600.00,2017-08-30 05:26:00.007000
3544,201708305260071,PRIN,51,19,78,1179,91962.00,2017-08-30 05:26:00.007100
3545,201708305260072,PRIN,6,19,50,1177,58850.00,2017-08-30 05:26:00.007200
3546,201708305260073,PRIN,34,19,100,1176,117600.00,2017-08-30 05:26:00.007300
3547,201708305260074,PRIN,25,19,50,1175,58750.00,2017-08-30 05:26:00.007400
3548,201708305259527,PRIN,36,17,30,1188,35640.00,2017-08-30 05:25:00.952700
3549,201708305259528,PRIN,41,17,50,1183,59150.00,2017-08-30 05:25:00.952800
3550,201708305259542,PRIN,51,17,21,1179,24759.00,2017-08-30 05:25:00.954200
3551,201708305259490,PRIN,36,54,20,1188,23760.00,2017-08-30 05:25:00.949000
3552,201708305259397,PRIN,52,33,50,1187,59350.00,2017-08-30 05:25:00.939700
3553,201708305259408,PRIN,1,17,200,1180,236000.00,2017-08-30 05:25:00.940800
3554,201708305259410,PRIN,57,29,25,1187,29675.00,2017-08-30 05:25:00.941000
3555,201708305259423,PRIN,51,17,101,1179,119079.00,2017-08-30 05:25:00.942300
3556,201708305259425,PRIN,36,29,50,1187,59350.00,2017-08-30 05:25:00.942500
3557,201708305259426,PRIN,36,5,100,1188,118800.00,2017-08-30 05:25:00.942600
3558,201708305258833,PRIN,57,7,25,1185,29625.00,2017-08-30 05:25:00.883300
3559,201708305258822,PRIN,58,7,200,1185,237000.00,2017-08-30 05:25:00.882200
3560,201708305258827,PRIN,33,59,241,1184,285344.00,2017-08-30 05:25:00.882700
3561,201708305258345,PRIN,33,8,79,1184,93536.00,2017-08-30 05:25:00.834500
3562,201708305258262,PRIN,33,17,130,1184,153920.00,2017-08-30 05:25:00.826200
3563,201708305258186,PRIN,33,33,50,1184,59200.00,2017-08-30 05:25:00.818600
3564,201708305258001,PRIN,33,54,70,1183,82810.00,2017-08-30 05:25:00.800100
3565,201708305258002,PRIN,33,47,176,1185,208560.00,2017-08-30 05:25:00.800200
3566,201708305258003,PRIN,33,37,233,1185,276105.00,2017-08-30 05:25:00.800300
3567,201708305257578,PRIN,52,59,320,1177,376640.00,2017-08-30 05:25:00.757800
3568,201708305257517,PRIN,55,59,80,1177,94160.00,2017-08-30 05:25:00.751700
3569,201708305257317,PRIN,52,52,304,1172,356288.00,2017-08-30 05:25:00.731700
3570,201708305257258,PRIN,52,59,150,1178,176700.00,2017-08-30 05:25:00.725800
3571,201708305257259,PRIN,53,59,100,1178,117800.00,2017-08-30 05:25:00.725900
3572,201708305257260,PRIN,55,59,100,1177,117700.00,2017-08-30 05:25:00.726000
3573,201708305257157,PRIN,36,35,20,1178,23560.00,2017-08-30 05:25:00.715700
3574,201708305256085,PRIN,22,22,65,1170,76050.00,2017-08-30 05:25:00.608500
3575,201708305256058,PRIN,28,22,15,1175,17625.00,2017-08-30 05:25:00.605800
3576,201708305256059,PRIN,52,22,20,1170,23400.00,2017-08-30 05:25:00.605900
3577,201708305256060,PRIN,49,22,700,1170,819000.00,2017-08-30 05:25:00.606000
3578,201708305255683,PRIN,48,48,12,1175,14100.00,2017-08-30 05:25:00.568300
3579,201708305255684,PRIN,53,48,50,1170,58500.00,2017-08-30 05:25:00.568400
3580,201708305255685,PRIN,52,48,80,1170,93600.00,2017-08-30 05:25:00.568500
3581,201708305255433,PRIN,26,59,350,1176,411600.00,2017-08-30 05:25:00.543300
3582,201708305255327,PRIN,11,59,100,1180,118000.00,2017-08-30 05:25:00.532700
3583,201708305254309,PRIN,53,25,100,1180,118000.00,2017-08-30 05:25:00.430900
3584,201708305253938,PRIN,49,44,200,1170,234000.00,2017-08-30 05:25:00.393800
3585,201708305253939,PRIN,28,44,300,1170,351000.00,2017-08-30 05:25:00.393900
3586,201708305252792,PRIN,55,17,80,1190,95200.00,2017-08-30 05:25:00.279200
3587,201708305252793,PRIN,14,17,100,1190,119000.00,2017-08-30 05:25:00.279300
3588,201708285252105,PRIN,57,32,176,1185,208560.00,2017-08-28 05:25:00.210500
3589,201708285251732,PRIN,40,37,35,1185,41475.00,2017-08-28 05:25:00.173200
3590,201708285251518,PRIN,57,43,100,1179,117900.00,2017-08-28 05:25:00.151800
3591,201708285251519,PRIN,57,16,45,1180,53100.00,2017-08-28 05:25:00.151900
3592,201708285251520,PRIN,57,57,100,1180,118000.00,2017-08-28 05:25:00.152000
3593,201708285251521,PRIN,57,5,100,1180,118000.00,2017-08-28 05:25:00.152100
3594,201708285250615,PRIN,49,10,20,1175,23500.00,2017-08-28 05:25:00.061500
3595,201708285250395,PRIN,49,42,77,1175,90475.00,2017-08-28 05:25:00.039500
3596,201708285250256,PRIN,25,48,17,1174,19958.00,2017-08-28 05:25:00.025600
3597,201708285250071,PRIN,22,29,100,1173,117300.00,2017-08-28 05:25:00.007100
3598,201708285249973,PRIN,49,48,150,1176,176400.00,2017-08-28 05:24:00.997300
3599,201708285249974,PRIN,50,48,200,1175,235000.00,2017-08-28 05:24:00.997400
3600,201708285249880,PRIN,32,33,500,1179,589500.00,2017-08-28 05:24:00.988000
3601,201708285249881,PRIN,49,41,100,1176,117600.00,2017-08-28 05:24:00.988100
3602,201708285249827,PRIN,49,7,500,1176,588000.00,2017-08-28 05:24:00.982700
3603,201708285249809,PRIN,49,45,150,1176,176400.00,2017-08-28 05:24:00.980900
3604,201708285249625,PRIN,49,14,100,1176,117600.00,2017-08-28 05:24:00.962500
3605,201708285249554,PRIN,1,14,200,1176,235200.00,2017-08-28 05:24:00.955400
3606,201708285244889,PRIN,28,44,87,1185,103095.00,2017-08-28 05:24:00.488900
3607,201708285244890,PRIN,1,44,50,1185,59250.00,2017-08-28 05:24:00.489000
3608,201708285244906,PRIN,32,48,33,1182,39006.00,2017-08-28 05:24:00.490600
3609,201708285244907,PRIN,52,48,50,1182,59100.00,2017-08-28 05:24:00.490700
3610,201708285244488,PRIN,28,29,13,1185,15405.00,2017-08-28 05:24:00.448800
3611,201708285243450,PRIN,38,21,70,1183,82810.00,2017-08-28 05:24:00.345000
3612,201708285243451,PRIN,32,21,47,1182,55554.00,2017-08-28 05:24:00.345100
3613,201708275242432,PRIN,22,56,50,1185,59250.00,2017-08-27 05:24:00.243200
3614,201708275242433,PRIN,16,56,100,1185,118500.00,2017-08-27 05:24:00.243300
3615,201708275242434,PRIN,14,56,50,1182,59100.00,2017-08-27 05:24:00.243400
3616,201708275241786,PRIN,50,56,300,1188,356400.00,2017-08-27 05:24:00.178600
3617,201708275241757,PRIN,49,19,25,1195,29875.00,2017-08-27 05:24:00.175700
3618,201708275241685,PRIN,35,32,150,1194,179100.00,2017-08-27 05:24:00.168500
3619,201708275240597,PRIN,57,47,40,1190,47600.00,2017-08-27 05:24:00.059700
3620,201708275240598,PRIN,57,51,70,1193,83510.00,2017-08-27 05:24:00.059800
3621,201708275240234,PRIN,57,59,300,1185,355500.00,2017-08-27 05:24:00.023400
3622,201708275239497,PRIN,1,59,100,1180,118000.00,2017-08-27 05:23:00.949700
3623,201708275239417,PRIN,6,45,44,1171,51524.00,2017-08-27 05:23:00.941700
3624,201708275239313,PRIN,22,59,50,1188,59400.00,2017-08-27 05:23:00.931300
3625,201708275239314,PRIN,59,59,40,1187,47480.00,2017-08-27 05:23:00.931400
3626,201708275239315,PRIN,13,59,500,1187,593500.00,2017-08-27 05:23:00.931500
3627,201708275239316,PRIN,58,59,27,1186,32022.00,2017-08-27 05:23:00.931600
3628,201708275239317,PRIN,48,59,100,1186,118600.00,2017-08-27 05:23:00.931700
3629,201708275239318,PRIN,1,59,300,1186,355800.00,2017-08-27 05:23:00.931800
3630,201708275239319,PRIN,26,59,40,1185,47400.00,2017-08-27 05:23:00.931900
3631,201708275239320,PRIN,21,59,10,1185,11850.00,2017-08-27 05:23:00.932000
3632,201708275239321,PRIN,11,59,100,1185,118500.00,2017-08-27 05:23:00.932100
3633,201708275239322,PRIN,55,59,500,1185,592500.00,2017-08-27 05:23:00.932200
3634,201708275239323,PRIN,41,59,200,1182,236400.00,2017-08-27 05:23:00.932300
3635,201708275239324,PRIN,49,59,300,1181,354300.00,2017-08-27 05:23:00.932400
3636,201708275239325,PRIN,6,59,10,1175,11750.00,2017-08-27 05:23:00.932500
3637,201708275239326,PRIN,45,59,50,1175,58750.00,2017-08-27 05:23:00.932600
3638,201708275239327,PRIN,59,59,2000,1170,2340000.00,2017-08-27 05:23:00.932700
3639,201708275239328,PRIN,59,59,400,1170,468000.00,2017-08-27 05:23:00.932800
3640,201708275239329,PRIN,59,59,150,1170,175500.00,2017-08-27 05:23:00.932900
3641,201708275239330,PRIN,59,59,200,1170,234000.00,2017-08-27 05:23:00.933000
3642,201708275239331,PRIN,59,59,23,1170,26910.00,2017-08-27 05:23:00.933100
3643,201708275238793,PRIN,22,21,50,1188,59400.00,2017-08-27 05:23:00.879300
3644,201708275237743,PRIN,58,56,100,1187,118700.00,2017-08-27 05:23:00.774300
3645,201708275237744,PRIN,58,56,23,1186,27278.00,2017-08-27 05:23:00.774400
3646,201708275236920,PRIN,58,41,50,1186,59300.00,2017-08-27 05:23:00.692000
3647,201708275236181,PRIN,57,51,50,1193,59650.00,2017-08-27 05:23:00.618100
3648,201708275235306,PRIN,5,53,100,1190,119000.00,2017-08-27 05:23:00.530600
3649,201708275234813,PRIN,32,51,30,1193,35790.00,2017-08-27 05:23:00.481300
3650,201708275234502,PRIN,32,53,20,1198,23960.00,2017-08-27 05:23:00.450200
3651,201708275233651,PRIN,41,53,30,1198,35940.00,2017-08-27 05:23:00.365100
3652,201708275233495,PRIN,1,59,410,1195,489950.00,2017-08-27 05:23:00.349500
3653,201708275233496,PRIN,19,59,250,1190,297500.00,2017-08-27 05:23:00.349600
3654,201708275233497,PRIN,11,59,100,1190,119000.00,2017-08-27 05:23:00.349700
3655,201708275233498,PRIN,25,59,50,1190,59500.00,2017-08-27 05:23:00.349800
3656,201708275233499,PRIN,6,59,190,1185,225150.00,2017-08-27 05:23:00.349900
3657,201708275233310,PRIN,50,53,50,1199,59950.00,2017-08-27 05:23:00.331000
3658,201708275233080,PRIN,57,32,100,1201,120100.00,2017-08-27 05:23:00.308000
3659,201708275233022,PRIN,33,53,111,1202,133422.00,2017-08-27 05:23:00.302200
3660,201708275233023,PRIN,8,53,200,1202,240400.00,2017-08-27 05:23:00.302300
3661,201708275232810,PRIN,1,7,100,1205,120500.00,2017-08-27 05:23:00.281000
3662,201708275232811,PRIN,7,7,100,1205,120500.00,2017-08-27 05:23:00.281100
3663,201708275232610,PRIN,33,10,89,1205,107245.00,2017-08-27 05:23:00.261000
3664,201708275232544,PRIN,37,10,100,1205,120500.00,2017-08-27 05:23:00.254400
3665,201708275232521,PRIN,41,10,50,1205,60250.00,2017-08-27 05:23:00.252100
3666,201708275232413,PRIN,41,53,100,1205,120500.00,2017-08-27 05:23:00.241300
3667,201708275232421,PRIN,41,53,100,1205,120500.00,2017-08-27 05:23:00.242100
3668,201708275232410,PRIN,41,53,50,1205,60250.00,2017-08-27 05:23:00.241000
3669,201708275232386,PRIN,37,53,50,1205,60250.00,2017-08-27 05:23:00.238600
3670,201708275232387,PRIN,41,53,50,1205,60250.00,2017-08-27 05:23:00.238700
3671,201708275232405,PRIN,41,35,50,1205,60250.00,2017-08-27 05:23:00.240500
3672,201708275232367,PRIN,5,22,170,1205,204850.00,2017-08-27 05:23:00.236700
3673,201708245232149,PRIN,32,7,25,1195,29875.00,2017-08-24 05:23:00.214900
3674,201708245232088,PRIN,58,10,11,1195,13145.00,2017-08-24 05:23:00.208800
3675,201708245232089,PRIN,37,10,100,1195,119500.00,2017-08-24 05:23:00.208900
3676,201708245231942,PRIN,17,8,50,1195,59750.00,2017-08-24 05:23:00.194200
3677,201708245231830,PRIN,58,44,19,1195,22705.00,2017-08-24 05:23:00.183000
3678,201708245231786,PRIN,41,40,100,1195,119500.00,2017-08-24 05:23:00.178600
3679,201708245231552,PRIN,58,53,50,1195,59750.00,2017-08-24 05:23:00.155200
3680,201708245231506,PRIN,58,52,80,1194,95520.00,2017-08-24 05:23:00.150600
3681,201708245231457,PRIN,11,6,50,1194,59700.00,2017-08-24 05:23:00.145700
3682,201708245231285,PRIN,26,43,43,1190,51170.00,2017-08-24 05:23:00.128500
3683,201708245230988,PRIN,26,36,30,1190,35700.00,2017-08-24 05:23:00.098800
3684,201708245231011,PRIN,26,36,392,1190,466480.00,2017-08-24 05:23:00.101100
3685,201708245231012,PRIN,26,46,65,1190,77350.00,2017-08-24 05:23:00.101200
3686,201708245230958,PRIN,50,36,100,1190,119000.00,2017-08-24 05:23:00.095800
3687,201708245230634,PRIN,49,36,100,1190,119000.00,2017-08-24 05:23:00.063400
3688,201708245230520,PRIN,58,28,100,1194,119400.00,2017-08-24 05:23:00.052000
3689,201708245230521,PRIN,58,5,141,1194,168354.00,2017-08-24 05:23:00.052100
3690,201708245230460,PRIN,49,21,100,1190,119000.00,2017-08-24 05:23:00.046000
3691,201708245230479,PRIN,11,47,50,1193,59650.00,2017-08-24 05:23:00.047900
3692,201708245230480,PRIN,11,56,50,1193,59650.00,2017-08-24 05:23:00.048000
3693,201708245230383,PRIN,50,35,427,1185,505995.00,2017-08-24 05:23:00.038300
3694,201708245230278,PRIN,20,59,100,1185,118500.00,2017-08-24 05:23:00.027800
3695,201708245230279,PRIN,20,37,100,1185,118500.00,2017-08-24 05:23:00.027900
3696,201708245230250,PRIN,49,59,100,1180,118000.00,2017-08-24 05:23:00.025000
3697,201708245230096,PRIN,59,59,900,1173,1055700.00,2017-08-24 05:23:00.009600
3698,201708245229903,PRIN,4,39,150,1173,175950.00,2017-08-24 05:22:00.990300
3699,201708245229904,PRIN,34,39,138,1172,161736.00,2017-08-24 05:22:00.990400
3700,201708245229495,PRIN,55,59,90,1173,105570.00,2017-08-24 05:22:00.949500
3701,201708245229496,PRIN,57,59,50,1173,58650.00,2017-08-24 05:22:00.949600
3702,201708245229497,PRIN,56,59,100,1172,117200.00,2017-08-24 05:22:00.949700
3703,201708245229498,PRIN,56,59,100,1172,117200.00,2017-08-24 05:22:00.949800
3704,201708245229499,PRIN,47,59,500,1171,585500.00,2017-08-24 05:22:00.949900
3705,201708245229500,PRIN,59,59,410,1170,479700.00,2017-08-24 05:22:00.950000
3706,201708245229501,PRIN,53,59,200,1170,234000.00,2017-08-24 05:22:00.950100
3707,201708245229502,PRIN,59,59,300,1170,351000.00,2017-08-24 05:22:00.950200
3708,201708245229503,PRIN,49,59,2250,1170,2632500.00,2017-08-24 05:22:00.950300
3709,201708245229443,PRIN,17,17,36,1184,42624.00,2017-08-24 05:22:00.944300
3710,201708245229405,PRIN,25,59,2000,1171,2342000.00,2017-08-24 05:22:00.940500
3711,201708245229336,PRIN,7,59,100,1178,117800.00,2017-08-24 05:22:00.933600
3712,201708245229337,PRIN,38,59,70,1176,82320.00,2017-08-24 05:22:00.933700
3713,201708245229338,PRIN,55,59,350,1176,411600.00,2017-08-24 05:22:00.933800
3714,201708245229339,PRIN,51,59,30,1175,35250.00,2017-08-24 05:22:00.933900
3715,201708245229340,PRIN,4,59,50,1175,58750.00,2017-08-24 05:22:00.934000
3716,201708245229341,PRIN,49,59,100,1175,117500.00,2017-08-24 05:22:00.934100
3717,201708245229342,PRIN,37,59,200,1175,235000.00,2017-08-24 05:22:00.934200
3718,201708245229343,PRIN,34,59,50,1173,58650.00,2017-08-24 05:22:00.934300
3719,201708245229344,PRIN,32,59,500,1173,586500.00,2017-08-24 05:22:00.934400
3720,201708245229345,PRIN,6,59,200,1172,234400.00,2017-08-24 05:22:00.934500
3721,201708245229346,PRIN,50,59,400,1171,468400.00,2017-08-24 05:22:00.934600
3722,201708245229347,PRIN,37,59,100,1171,117100.00,2017-08-24 05:22:00.934700
3723,201708245229348,PRIN,53,59,200,1171,234200.00,2017-08-24 05:22:00.934800
3724,201708245229357,PRIN,49,59,1210,1170,1415700.00,2017-08-24 05:22:00.935700
3725,201708245229358,PRIN,36,59,100,1170,117000.00,2017-08-24 05:22:00.935800
3726,201708245229359,PRIN,53,59,2000,1170,2340000.00,2017-08-24 05:22:00.935900
3727,201708245229360,PRIN,53,59,300,1170,351000.00,2017-08-24 05:22:00.936000
3728,201708245229361,PRIN,53,59,300,1170,351000.00,2017-08-24 05:22:00.936100
3729,201708245229362,PRIN,53,59,200,1170,234000.00,2017-08-24 05:22:00.936200
3730,201708245229363,PRIN,53,59,200,1170,234000.00,2017-08-24 05:22:00.936300
3731,201708245229364,PRIN,53,59,200,1170,234000.00,2017-08-24 05:22:00.936400
3732,201708245229365,PRIN,53,59,200,1170,234000.00,2017-08-24 05:22:00.936500
3733,201708245229366,PRIN,53,59,200,1170,234000.00,2017-08-24 05:22:00.936600
3734,201708245229367,PRIN,59,59,90,1170,105300.00,2017-08-24 05:22:00.936700
3735,201708245227628,PRIN,26,59,100,1185,118500.00,2017-08-24 05:22:00.762800
3736,201708245227590,PRIN,16,8,87,1180,102660.00,2017-08-24 05:22:00.759000
3737,201708245227591,PRIN,19,8,30,1180,35400.00,2017-08-24 05:22:00.759100
3738,201708245227592,PRIN,49,8,50,1180,59000.00,2017-08-24 05:22:00.759200
3739,201708245227593,PRIN,21,8,100,1180,118000.00,2017-08-24 05:22:00.759300
3740,201708245227594,PRIN,48,8,33,1180,38940.00,2017-08-24 05:22:00.759400
3741,201708245227314,PRIN,55,34,150,1180,177000.00,2017-08-24 05:22:00.731400
3742,201708245227139,PRIN,56,59,300,1185,355500.00,2017-08-24 05:22:00.713900
3743,201708245226753,PRIN,41,59,24,1186,28464.00,2017-08-24 05:22:00.675300
3744,201708245226754,PRIN,10,59,200,1185,237000.00,2017-08-24 05:22:00.675400
3745,201708245226724,PRIN,41,55,76,1186,90136.00,2017-08-24 05:22:00.672400
3746,201708245225754,PRIN,16,34,13,1190,15470.00,2017-08-24 05:22:00.575400
3747,201708245225755,PRIN,16,52,100,1195,119500.00,2017-08-24 05:22:00.575500
3748,201708245225697,PRIN,59,44,10,1190,11900.00,2017-08-24 05:22:00.569700
3749,201708245225424,PRIN,45,7,200,1182,236400.00,2017-08-24 05:22:00.542400
3750,201708245225300,PRIN,11,7,100,1182,118200.00,2017-08-24 05:22:00.530000
3751,201708245224912,PRIN,49,43,90,1170,105300.00,2017-08-24 05:22:00.491200
3752,201708245224913,PRIN,49,22,200,1170,234000.00,2017-08-24 05:22:00.491300
3753,201708235224559,PRIN,22,59,200,1175,235000.00,2017-08-23 05:22:00.455900
3754,201708235224561,PRIN,51,59,10,1175,11750.00,2017-08-23 05:22:00.456100
3755,201708235224589,PRIN,49,59,150,1171,175650.00,2017-08-23 05:22:00.458900
3756,201708235224590,PRIN,33,59,100,1171,117100.00,2017-08-23 05:22:00.459000
3757,201708235224591,PRIN,22,59,50,1170,58500.00,2017-08-23 05:22:00.459100
3758,201708235224592,PRIN,14,59,100,1170,117000.00,2017-08-23 05:22:00.459200
3759,201708235224593,PRIN,48,59,50,1170,58500.00,2017-08-23 05:22:00.459300
3760,201708235224594,PRIN,19,59,150,1170,175500.00,2017-08-23 05:22:00.459400
3761,201708235224595,PRIN,48,59,50,1170,58500.00,2017-08-23 05:22:00.459500
3762,201708235224596,PRIN,37,59,200,1170,234000.00,2017-08-23 05:22:00.459600
3763,201708235224597,PRIN,45,59,50,1170,58500.00,2017-08-23 05:22:00.459700
3764,201708235224488,PRIN,20,59,159,1174,186666.00,2017-08-23 05:22:00.448800
3765,201708235224489,PRIN,46,59,100,1174,117400.00,2017-08-23 05:22:00.448900
3766,201708235224291,PRIN,7,59,300,1176,352800.00,2017-08-23 05:22:00.429100
3767,201708235224292,PRIN,59,59,49,1175,57575.00,2017-08-23 05:22:00.429200
3768,201708235224293,PRIN,17,59,150,1175,176250.00,2017-08-23 05:22:00.429300
3769,201708235224294,PRIN,51,59,10,1175,11750.00,2017-08-23 05:22:00.429400
3770,201708235224295,PRIN,32,59,50,1174,58700.00,2017-08-23 05:22:00.429500
3771,201708235224296,PRIN,43,59,100,1174,117400.00,2017-08-23 05:22:00.429600
3772,201708235224297,PRIN,20,59,41,1174,48134.00,2017-08-23 05:22:00.429700
3773,201708235224095,PRIN,36,59,10,1178,11780.00,2017-08-23 05:22:00.409500
3774,201708235224045,PRIN,47,59,20,1178,23560.00,2017-08-23 05:22:00.404500
3775,201708235223862,PRIN,41,59,67,1178,78926.00,2017-08-23 05:22:00.386200
3776,201708235223671,PRIN,10,59,50,1178,58900.00,2017-08-23 05:22:00.367100
3777,201708235223702,PRIN,11,59,100,1178,117800.00,2017-08-23 05:22:00.370200
3778,201708235223498,PRIN,6,59,300,1178,353400.00,2017-08-23 05:22:00.349800
3779,201708235223305,PRIN,11,59,50,1178,58900.00,2017-08-23 05:22:00.330500
3780,201708235223165,PRIN,38,59,100,1178,117800.00,2017-08-23 05:22:00.316500
3781,201708235223123,PRIN,17,59,130,1177,153010.00,2017-08-23 05:22:00.312300
3782,201708235223089,PRIN,51,59,20,1177,23540.00,2017-08-23 05:22:00.308900
3783,201708235223108,PRIN,57,59,200,1177,235400.00,2017-08-23 05:22:00.310800
3784,201708235223066,PRIN,42,59,50,1177,58850.00,2017-08-23 05:22:00.306600
3785,201708235222839,PRIN,57,59,100,1177,117700.00,2017-08-23 05:22:00.283900
3786,201708235222793,PRIN,59,29,100,1175,117500.00,2017-08-23 05:22:00.279300
3787,201708235222811,PRIN,59,29,351,1175,412425.00,2017-08-23 05:22:00.281100
3788,201708235222551,PRIN,45,59,400,1177,470800.00,2017-08-23 05:22:00.255100
3789,201708235222472,PRIN,51,34,100,1175,117500.00,2017-08-23 05:22:00.247200
3790,201708235222323,PRIN,51,59,100,1177,117700.00,2017-08-23 05:22:00.232300
3791,201708235222269,PRIN,20,59,100,1177,117700.00,2017-08-23 05:22:00.226900
3792,201708235221438,PRIN,59,59,100,1171,117100.00,2017-08-23 05:22:00.143800
3793,201708235221388,PRIN,59,59,1500,1160,1740000.00,2017-08-23 05:22:00.138800
3794,201708235221396,PRIN,51,59,100,1170,117000.00,2017-08-23 05:22:00.139600
3795,201708235221255,PRIN,59,59,2000,1160,2320000.00,2017-08-23 05:22:00.125500
3796,201708235221271,PRIN,59,59,2000,1160,2320000.00,2017-08-23 05:22:00.127100
3797,201708235221160,PRIN,53,59,40,1172,46880.00,2017-08-23 05:22:00.116000
3798,201708235221161,PRIN,47,59,200,1171,234200.00,2017-08-23 05:22:00.116100
3799,201708235221162,PRIN,22,59,100,1171,117100.00,2017-08-23 05:22:00.116200
3800,201708235221163,PRIN,37,59,50,1171,58550.00,2017-08-23 05:22:00.116300
3801,201708235221164,PRIN,29,59,100,1170,117000.00,2017-08-23 05:22:00.116400
3802,201708235221165,PRIN,41,59,500,1170,585000.00,2017-08-23 05:22:00.116500
3803,201708235221166,PRIN,53,59,400,1170,468000.00,2017-08-23 05:22:00.116600
3804,201708235221167,PRIN,57,59,100,1170,117000.00,2017-08-23 05:22:00.116700
3805,201708235221168,PRIN,53,59,200,1168,233600.00,2017-08-23 05:22:00.116800
3806,201708235221169,PRIN,33,59,200,1167,233400.00,2017-08-23 05:22:00.116900
3807,201708235221170,PRIN,58,59,150,1167,175050.00,2017-08-23 05:22:00.117000
3808,201708235221171,PRIN,53,59,500,1166,583000.00,2017-08-23 05:22:00.117100
3809,201708235221172,PRIN,35,59,100,1166,116600.00,2017-08-23 05:22:00.117200
3810,201708235221173,PRIN,1,59,97,1165,113005.00,2017-08-23 05:22:00.117300
3811,201708235221174,PRIN,58,59,200,1165,233000.00,2017-08-23 05:22:00.117400
3812,201708235221175,PRIN,37,59,200,1165,233000.00,2017-08-23 05:22:00.117500
3813,201708235221176,PRIN,53,59,863,1165,1005395.00,2017-08-23 05:22:00.117600
3814,201708235220732,PRIN,35,21,200,1170,234000.00,2017-08-23 05:22:00.073200
3815,201708235220665,PRIN,33,44,100,1166,116600.00,2017-08-23 05:22:00.066500
3816,201708235220660,PRIN,48,59,50,1170,58500.00,2017-08-23 05:22:00.066000
3817,201708235220590,PRIN,49,59,500,1170,585000.00,2017-08-23 05:22:00.059000
3818,201708235220520,PRIN,1,59,100,1170,117000.00,2017-08-23 05:22:00.052000
3819,201708235220523,PRIN,45,59,50,1170,58500.00,2017-08-23 05:22:00.052300
3820,201708235220457,PRIN,59,59,1000,1159,1159000.00,2017-08-23 05:22:00.045700
3821,201708235220240,PRIN,58,59,200,1170,234000.00,2017-08-23 05:22:00.024000
3822,201708235220241,PRIN,17,59,150,1169,175350.00,2017-08-23 05:22:00.024100
3823,201708235220242,PRIN,1,59,100,1168,116800.00,2017-08-23 05:22:00.024200
3824,201708235220243,PRIN,53,59,197,1167,229899.00,2017-08-23 05:22:00.024300
3825,201708235220244,PRIN,52,59,50,1167,58350.00,2017-08-23 05:22:00.024400
3826,201708235220245,PRIN,33,59,100,1167,116700.00,2017-08-23 05:22:00.024500
3827,201708235220246,PRIN,35,59,100,1167,116700.00,2017-08-23 05:22:00.024600
3828,201708235220247,PRIN,53,59,100,1166,116600.00,2017-08-23 05:22:00.024700
3829,201708235220248,PRIN,1,59,103,1165,119995.00,2017-08-23 05:22:00.024800
3830,201708235220153,PRIN,59,59,1100,1157,1272700.00,2017-08-23 05:22:00.015300
3831,201708235220170,PRIN,57,59,100,1170,117000.00,2017-08-23 05:22:00.017000
3832,201708235220171,PRIN,52,59,1000,1170,1170000.00,2017-08-23 05:22:00.017100
3833,201708235219541,PRIN,52,28,15,1168,17520.00,2017-08-23 05:21:00.954100
3834,201708235219542,PRIN,37,28,100,1168,116800.00,2017-08-23 05:21:00.954200
3835,201708235219543,PRIN,53,28,303,1167,353601.00,2017-08-23 05:21:00.954300
3836,201708235218991,PRIN,53,59,100,1177,117700.00,2017-08-23 05:21:00.899100
3837,201708235218992,PRIN,16,59,300,1177,353100.00,2017-08-23 05:21:00.899200
3838,201708235218993,PRIN,48,59,500,1176,588000.00,2017-08-23 05:21:00.899300
3839,201708235218994,PRIN,1,59,50,1172,58600.00,2017-08-23 05:21:00.899400
3840,201708235218995,PRIN,48,59,50,1171,58550.00,2017-08-23 05:21:00.899500
3841,201708235218996,PRIN,25,59,100,1171,117100.00,2017-08-23 05:21:00.899600
3842,201708235218997,PRIN,22,59,200,1171,234200.00,2017-08-23 05:21:00.899700
3843,201708235218998,PRIN,53,59,50,1170,58500.00,2017-08-23 05:21:00.899800
3844,201708235218999,PRIN,53,59,1000,1170,1170000.00,2017-08-23 05:21:00.899900
3845,201708235219000,PRIN,41,59,50,1170,58500.00,2017-08-23 05:21:00.900000
3846,201708235218874,PRIN,7,59,200,1186,237200.00,2017-08-23 05:21:00.887400
3847,201708235218875,PRIN,11,59,300,1185,355500.00,2017-08-23 05:21:00.887500
3848,201708235218876,PRIN,32,59,100,1182,118200.00,2017-08-23 05:21:00.887600
3849,201708235218877,PRIN,54,59,100,1182,118200.00,2017-08-23 05:21:00.887700
3850,201708235218878,PRIN,57,59,100,1180,118000.00,2017-08-23 05:21:00.887800
3851,201708235218879,PRIN,37,59,300,1180,354000.00,2017-08-23 05:21:00.887900
3852,201708235218880,PRIN,41,59,30,1180,35400.00,2017-08-23 05:21:00.888000
3853,201708235218574,PRIN,57,59,100,1185,118500.00,2017-08-23 05:21:00.857400
3854,201708235218575,PRIN,34,59,100,1183,118300.00,2017-08-23 05:21:00.857500
3855,201708235218247,PRIN,10,37,150,1194,179100.00,2017-08-23 05:21:00.824700
3856,201708235218118,PRIN,32,53,50,1190,59500.00,2017-08-23 05:21:00.811800
3857,201708235217851,PRIN,57,53,150,1185,177750.00,2017-08-23 05:21:00.785100
3858,201708225214847,PRIN,21,59,50,1185,59250.00,2017-08-22 05:21:00.484700
3859,201708225214848,PRIN,57,59,100,1183,118300.00,2017-08-22 05:21:00.484800
3860,201708225214849,PRIN,53,59,92,1182,108744.00,2017-08-22 05:21:00.484900
3861,201708225214850,PRIN,38,59,50,1181,59050.00,2017-08-22 05:21:00.485000
3862,201708225214851,PRIN,41,59,200,1181,236200.00,2017-08-22 05:21:00.485100
3863,201708225214852,PRIN,18,59,100,1180,118000.00,2017-08-22 05:21:00.485200
3864,201708225214853,PRIN,8,59,50,1180,59000.00,2017-08-22 05:21:00.485300
3865,201708225214854,PRIN,43,59,100,1180,118000.00,2017-08-22 05:21:00.485400
3866,201708225214855,PRIN,37,59,158,1180,186440.00,2017-08-22 05:21:00.485500
3867,201708225214606,PRIN,21,16,100,1185,118500.00,2017-08-22 05:21:00.460600
3868,201708225214205,PRIN,41,32,30,1190,35700.00,2017-08-22 05:21:00.420500
3869,201708225213608,PRIN,46,59,100,1190,119000.00,2017-08-22 05:21:00.360800
3870,201708225213609,PRIN,46,59,100,1190,119000.00,2017-08-22 05:21:00.360900
3871,201708225213610,PRIN,40,59,50,1190,59500.00,2017-08-22 05:21:00.361000
3872,201708225213611,PRIN,21,59,100,1186,118600.00,2017-08-22 05:21:00.361100
3873,201708225213612,PRIN,39,59,18,1185,21330.00,2017-08-22 05:21:00.361200
3874,201708225213613,PRIN,32,59,200,1185,237000.00,2017-08-22 05:21:00.361300
3875,201708225213614,PRIN,38,59,50,1185,59250.00,2017-08-22 05:21:00.361400
3876,201708225213615,PRIN,53,59,224,1183,264992.00,2017-08-22 05:21:00.361500
3877,201708225213616,PRIN,32,59,50,1183,59150.00,2017-08-22 05:21:00.361600
3878,201708225213617,PRIN,53,59,108,1182,127656.00,2017-08-22 05:21:00.361700
3879,201708225212440,PRIN,45,59,50,1185,59250.00,2017-08-22 05:21:00.244000
3880,201708225212441,PRIN,22,59,200,1185,237000.00,2017-08-22 05:21:00.244100
3881,201708225212496,PRIN,39,59,132,1185,156420.00,2017-08-22 05:21:00.249600
3882,201708225212435,PRIN,22,59,77,1190,91630.00,2017-08-22 05:21:00.243500
3883,201708225212436,PRIN,59,59,371,1188,440748.00,2017-08-22 05:21:00.243600
3884,201708225212437,PRIN,26,59,200,1187,237400.00,2017-08-22 05:21:00.243700
3885,201708225212438,PRIN,45,59,100,1187,118700.00,2017-08-22 05:21:00.243800
3886,201708225212439,PRIN,48,59,20,1186,23720.00,2017-08-22 05:21:00.243900
3887,201708225211775,PRIN,14,44,180,1197,215460.00,2017-08-22 05:21:00.177500
3888,201708225211776,PRIN,29,44,100,1196,119600.00,2017-08-22 05:21:00.177600
3889,201708225211778,PRIN,7,44,77,1195,92015.00,2017-08-22 05:21:00.177800
3890,201708225211779,PRIN,13,44,20,1190,23800.00,2017-08-22 05:21:00.177900
3891,201708225211780,PRIN,22,44,123,1190,146370.00,2017-08-22 05:21:00.178000
3892,201708225211713,PRIN,33,53,50,1200,60000.00,2017-08-22 05:21:00.171300
3893,201708225211549,PRIN,10,45,150,1200,180000.00,2017-08-22 05:21:00.154900
3894,201708225211560,PRIN,10,22,100,1200,120000.00,2017-08-22 05:21:00.156000
3895,201708225211535,PRIN,32,45,50,1200,60000.00,2017-08-22 05:21:00.153500
3896,201708225211475,PRIN,14,45,300,1200,360000.00,2017-08-22 05:21:00.147500
3897,201708225211303,PRIN,14,45,100,1200,120000.00,2017-08-22 05:21:00.130300
3898,201708225210676,PRIN,33,34,100,1200,120000.00,2017-08-22 05:21:00.067600
3899,201708225210692,PRIN,33,5,100,1214,121400.00,2017-08-22 05:21:00.069200
3900,201708225210693,PRIN,33,8,50,1215,60750.00,2017-08-22 05:21:00.069300
3901,201708225210694,PRIN,33,37,945,1220,1152900.00,2017-08-22 05:21:00.069400
3902,201708225210695,PRIN,33,8,50,1220,61000.00,2017-08-22 05:21:00.069500
3903,201708225210632,PRIN,7,7,300,1205,361500.00,2017-08-22 05:21:00.063200
3904,201708225210634,PRIN,58,7,200,1205,241000.00,2017-08-22 05:21:00.063400
3905,201708225210672,PRIN,58,58,500,1194,597000.00,2017-08-22 05:21:00.067200
3906,201708225210478,PRIN,48,45,70,1199,83930.00,2017-08-22 05:21:00.047800
3907,201708225210495,PRIN,48,37,55,1200,66000.00,2017-08-22 05:21:00.049500
3908,201708225210263,PRIN,53,8,50,1198,59900.00,2017-08-22 05:21:00.026300
3909,201708225210264,PRIN,53,39,38,1199,45562.00,2017-08-22 05:21:00.026400
3910,201708225210205,PRIN,37,47,77,1195,92015.00,2017-08-22 05:21:00.020500
3911,201708225210176,PRIN,7,44,50,1193,59650.00,2017-08-22 05:21:00.017600
3912,201708225210177,PRIN,7,25,50,1194,59700.00,2017-08-22 05:21:00.017700
3913,201708225210178,PRIN,7,22,100,1195,119500.00,2017-08-22 05:21:00.017800
3914,201708225210028,PRIN,53,52,117,1192,139464.00,2017-08-22 05:21:00.002800
3915,201708225209947,PRIN,53,53,50,1190,59500.00,2017-08-22 05:20:00.994700
3916,201708225209955,PRIN,1,38,125,1190,148750.00,2017-08-22 05:20:00.995500
3917,201708225209932,PRIN,53,53,48,1188,57024.00,2017-08-22 05:20:00.993200
3918,201708225209937,PRIN,53,25,100,1190,119000.00,2017-08-22 05:20:00.993700
3919,201708225208431,PRIN,17,53,60,1180,70800.00,2017-08-22 05:20:00.843100
3920,201708225208360,PRIN,38,48,100,1185,118500.00,2017-08-22 05:20:00.836000
3921,201708225208361,PRIN,53,48,100,1180,118000.00,2017-08-22 05:20:00.836100
3922,201708225207360,PRIN,59,59,1000,1175,1175000.00,2017-08-22 05:20:00.736000
3923,201708225207348,PRIN,53,59,1000,1175,1175000.00,2017-08-22 05:20:00.734800
3924,201708225207157,PRIN,38,8,100,1177,117700.00,2017-08-22 05:20:00.715700
3925,201708225207059,PRIN,32,59,200,1181,236200.00,2017-08-22 05:20:00.705900
3926,201708225207060,PRIN,51,59,200,1181,236200.00,2017-08-22 05:20:00.706000
3927,201708225207061,PRIN,26,59,50,1180,59000.00,2017-08-22 05:20:00.706100
3928,201708225207062,PRIN,19,59,500,1180,590000.00,2017-08-22 05:20:00.706200
3929,201708225205915,PRIN,1,1,10,1185,11850.00,2017-08-22 05:20:00.591500
3930,201708225205484,PRIN,26,42,50,1180,59000.00,2017-08-22 05:20:00.548400
3931,201708225205243,PRIN,22,8,100,1176,117600.00,2017-08-22 05:20:00.524300
3932,201708225205023,PRIN,33,21,253,1192,301576.00,2017-08-22 05:20:00.502300
3933,201708215203313,PRIN,13,34,130,1190,154700.00,2017-08-21 05:20:00.331300
3934,201708215203314,PRIN,13,13,108,1192,128736.00,2017-08-21 05:20:00.331400
3935,201708215203315,PRIN,13,35,100,1192,119200.00,2017-08-21 05:20:00.331500
3936,201708215203152,PRIN,38,35,100,1190,119000.00,2017-08-21 05:20:00.315200
3937,201708215203050,PRIN,19,52,108,1191,128628.00,2017-08-21 05:20:00.305000
3938,201708215203051,PRIN,19,13,392,1192,467264.00,2017-08-21 05:20:00.305100
3939,201708215202929,PRIN,36,49,200,1190,238000.00,2017-08-21 05:20:00.292900
3940,201708215202841,PRIN,7,34,100,1194,119400.00,2017-08-21 05:20:00.284100
3941,201708215202552,PRIN,38,21,50,1192,59600.00,2017-08-21 05:20:00.255200
3942,201708215202056,PRIN,38,38,100,1192,119200.00,2017-08-21 05:20:00.205600
3943,201708215202026,PRIN,42,14,49,1190,58310.00,2017-08-21 05:20:00.202600
3944,201708215202027,PRIN,42,13,51,1190,60690.00,2017-08-21 05:20:00.202700
3945,201708215201841,PRIN,41,25,50,1189,59450.00,2017-08-21 05:20:00.184100
3946,201708215201569,PRIN,22,38,50,1185,59250.00,2017-08-21 05:20:00.156900
3947,201708215201540,PRIN,53,53,1000,1185,1185000.00,2017-08-21 05:20:00.154000
3948,201708215201336,PRIN,29,49,15,1189,17835.00,2017-08-21 05:20:00.133600
3949,201708215201337,PRIN,14,49,48,1186,56928.00,2017-08-21 05:20:00.133700
3950,201708215201338,PRIN,21,49,29,1185,34365.00,2017-08-21 05:20:00.133800
3951,201708215201339,PRIN,53,49,358,1185,424230.00,2017-08-21 05:20:00.133900
3952,201708215201227,PRIN,29,25,26,1189,30914.00,2017-08-21 05:20:00.122700
3953,201708215201228,PRIN,29,14,10,1189,11890.00,2017-08-21 05:20:00.122800
3954,201708215200924,PRIN,50,26,20,1185,23700.00,2017-08-21 05:20:00.092400
3955,201708215200926,PRIN,50,49,79,1185,93615.00,2017-08-21 05:20:00.092600
3956,201708215200927,PRIN,21,49,21,1185,24885.00,2017-08-21 05:20:00.092700
3957,201708215200844,PRIN,50,41,101,1185,119685.00,2017-08-21 05:20:00.084400
3958,201708215200827,PRIN,11,41,100,1185,118500.00,2017-08-21 05:20:00.082700
3959,201708215200692,PRIN,35,16,21,1185,24885.00,2017-08-21 05:20:00.069200
3960,201708215200602,PRIN,16,16,50,1185,59250.00,2017-08-21 05:20:00.060200
3961,201708215200209,PRIN,41,38,100,1182,118200.00,2017-08-21 05:20:00.020900
3962,201708215199998,PRIN,33,14,126,1190,149940.00,2017-08-21 05:19:00.999800
3963,201708215199999,PRIN,3,14,19,1190,22610.00,2017-08-21 05:19:00.999900
3964,201708215200010,PRIN,3,14,31,1190,36890.00,2017-08-21 05:20:00.001000
3965,201708215199720,PRIN,33,53,100,1190,119000.00,2017-08-21 05:19:00.972000
3966,201708215199686,PRIN,33,22,100,1190,119000.00,2017-08-21 05:19:00.968600
3967,201708215199608,PRIN,13,34,20,1194,23880.00,2017-08-21 05:19:00.960800
3968,201708215199622,PRIN,11,16,50,1192,59600.00,2017-08-21 05:19:00.962200
3969,201708215199623,PRIN,33,16,254,1190,302260.00,2017-08-21 05:19:00.962300
3970,201708215199526,PRIN,48,34,50,1194,59700.00,2017-08-21 05:19:00.952600
3971,201708215199090,PRIN,45,58,150,1192,178800.00,2017-08-21 05:19:00.909000
3972,201708215199027,PRIN,45,41,43,1195,51385.00,2017-08-21 05:19:00.902700
3973,201708205198048,PRIN,18,16,50,1190,59500.00,2017-08-20 05:19:00.804800
3974,201708205198049,PRIN,58,16,50,1190,59500.00,2017-08-20 05:19:00.804900
3975,201708205198050,PRIN,6,16,240,1190,285600.00,2017-08-20 05:19:00.805000
3976,201708205198051,PRIN,43,16,25,1190,29750.00,2017-08-20 05:19:00.805100
3977,201708205198052,PRIN,53,16,100,1190,119000.00,2017-08-20 05:19:00.805200
3978,201708205197895,PRIN,34,34,100,1192,119200.00,2017-08-20 05:19:00.789500
3979,201708205197915,PRIN,34,53,200,1192,238400.00,2017-08-20 05:19:00.791500
3980,201708205197765,PRIN,40,49,100,1194,119400.00,2017-08-20 05:19:00.776500
3981,201708205197601,PRIN,6,56,260,1190,309400.00,2017-08-20 05:19:00.760100
3982,201708205197568,PRIN,6,21,300,1190,357000.00,2017-08-20 05:19:00.756800
3983,201708205197308,PRIN,45,33,200,1191,238200.00,2017-08-20 05:19:00.730800
3984,201708205197309,PRIN,33,33,250,1190,297500.00,2017-08-20 05:19:00.730900
3985,201708205197310,PRIN,18,33,50,1190,59500.00,2017-08-20 05:19:00.731000
3986,201708205197318,PRIN,6,16,200,1190,238000.00,2017-08-20 05:19:00.731800
3987,201708205197268,PRIN,11,16,100,1192,119200.00,2017-08-20 05:19:00.726800
3988,201708205197204,PRIN,13,48,100,1195,119500.00,2017-08-20 05:19:00.720400
3989,201708205196871,PRIN,38,29,60,1197,71820.00,2017-08-20 05:19:00.687100
3990,201708205196872,PRIN,38,53,40,1199,47960.00,2017-08-20 05:19:00.687200
3991,201708205196671,PRIN,42,53,50,1199,59950.00,2017-08-20 05:19:00.667100
3992,201708205196490,PRIN,45,45,100,1193,119300.00,2017-08-20 05:19:00.649000
3993,201708205196320,PRIN,45,38,100,1193,119300.00,2017-08-20 05:19:00.632000
3994,201708205196214,PRIN,45,53,52,1196,62192.00,2017-08-20 05:19:00.621400
3995,201708205196215,PRIN,45,53,50,1196,59800.00,2017-08-20 05:19:00.621500
3996,201708205196015,PRIN,58,21,20,1197,23940.00,2017-08-20 05:19:00.601500
3997,201708205195788,PRIN,45,25,48,1196,57408.00,2017-08-20 05:19:00.578800
3998,201708205195558,PRIN,6,22,50,1195,59750.00,2017-08-20 05:19:00.555800
3999,201708205195559,PRIN,6,25,150,1195,179250.00,2017-08-20 05:19:00.555900
4000,201708205195486,PRIN,44,35,227,1192,270584.00,2017-08-20 05:19:00.548600
4001,201708205195081,PRIN,10,53,10,1193,11930.00,2017-08-20 05:19:00.508100
4002,201708205195082,PRIN,44,53,65,1192,77480.00,2017-08-20 05:19:00.508200
4003,201708205193956,PRIN,19,25,12,1196,14352.00,2017-08-20 05:19:00.395600
4004,201708205193957,PRIN,51,25,40,1195,47800.00,2017-08-20 05:19:00.395700
4005,201708205193803,PRIN,19,28,38,1196,45448.00,2017-08-20 05:19:00.380300
4006,201708205193271,PRIN,49,21,50,1197,59850.00,2017-08-20 05:19:00.327100
4007,201708205193164,PRIN,50,21,50,1200,60000.00,2017-08-20 05:19:00.316400
4008,201708205193165,PRIN,49,21,50,1197,59850.00,2017-08-20 05:19:00.316500
4009,201708205192865,PRIN,7,47,100,1200,120000.00,2017-08-20 05:19:00.286500
4010,201708205191791,PRIN,10,35,30,1200,36000.00,2017-08-20 05:19:00.179100
4011,201708205191792,PRIN,10,37,50,1208,60400.00,2017-08-20 05:19:00.179200
4012,201708175190944,PRIN,7,37,10,1200,12000.00,2017-08-17 05:19:00.094400
4013,201708175190738,PRIN,35,45,100,1192,119200.00,2017-08-17 05:19:00.073800
4014,201708175190739,PRIN,53,45,400,1191,476400.00,2017-08-17 05:19:00.073900
4015,201708175190777,PRIN,7,37,10,1200,12000.00,2017-08-17 05:19:00.077700
4016,201708175190702,PRIN,35,42,46,1192,54832.00,2017-08-17 05:19:00.070200
4017,201708175190626,PRIN,35,42,90,1193,107370.00,2017-08-17 05:19:00.062600
4018,201708175190627,PRIN,19,42,150,1192,178800.00,2017-08-17 05:19:00.062700
4019,201708175190628,PRIN,7,42,100,1192,119200.00,2017-08-17 05:19:00.062800
4020,201708175190629,PRIN,34,42,50,1192,59600.00,2017-08-17 05:19:00.062900
4021,201708175190630,PRIN,1,42,100,1192,119200.00,2017-08-17 05:19:00.063000
4022,201708175190631,PRIN,33,42,40,1192,47680.00,2017-08-17 05:19:00.063100
4023,201708175190419,PRIN,35,5,23,1195,27485.00,2017-08-17 05:19:00.041900
4024,201708175190420,PRIN,56,5,150,1195,179250.00,2017-08-17 05:19:00.042000
4025,201708175190337,PRIN,7,8,100,1196,119600.00,2017-08-17 05:19:00.033700
4026,201708175190262,PRIN,35,41,100,1195,119500.00,2017-08-17 05:19:00.026200
4027,201708175190231,PRIN,35,40,77,1195,92015.00,2017-08-17 05:19:00.023100
4028,201708175190000,PRIN,35,29,89,1195,106355.00,2017-08-17 05:19:00.000000
4029,201708175189880,PRIN,38,29,100,1195,119500.00,2017-08-17 05:18:00.988000
4030,201708175189884,PRIN,22,26,100,1193,119300.00,2017-08-17 05:18:00.988400
4031,201708175189879,PRIN,22,14,100,1193,119300.00,2017-08-17 05:18:00.987900
4032,201708175189739,PRIN,53,44,106,1195,126670.00,2017-08-17 05:18:00.973900
4033,201708175189706,PRIN,42,17,49,1194,58506.00,2017-08-17 05:18:00.970600
4034,201708175189707,PRIN,53,17,50,1194,59700.00,2017-08-17 05:18:00.970700
4035,201708175189708,PRIN,35,17,200,1194,238800.00,2017-08-17 05:18:00.970800
4036,201708175189722,PRIN,35,38,10,1193,11930.00,2017-08-17 05:18:00.972200
4037,201708175189678,PRIN,3,17,50,1195,59750.00,2017-08-17 05:18:00.967800
4038,201708175189679,PRIN,41,17,70,1195,83650.00,2017-08-17 05:18:00.967900
4039,201708175189680,PRIN,38,17,100,1195,119500.00,2017-08-17 05:18:00.968000
4040,201708175189468,PRIN,35,35,100,1196,119600.00,2017-08-17 05:18:00.946800
4041,201708175189469,PRIN,57,35,100,1195,119500.00,2017-08-17 05:18:00.946900
4042,201708175189209,PRIN,45,53,100,1200,120000.00,2017-08-17 05:18:00.920900
4043,201708175189073,PRIN,21,17,100,1199,119900.00,2017-08-17 05:18:00.907300
4044,201708175189107,PRIN,35,17,100,1199,119900.00,2017-08-17 05:18:00.910700
4045,201708175188102,PRIN,41,32,25,1195,29875.00,2017-08-17 05:18:00.810200
4046,201708175188103,PRIN,42,32,51,1194,60894.00,2017-08-17 05:18:00.810300
4047,201708175188123,PRIN,53,32,50,1194,59700.00,2017-08-17 05:18:00.812300
4048,201708175187911,PRIN,21,14,25,1195,29875.00,2017-08-17 05:18:00.791100
4049,201708175187912,PRIN,41,14,475,1195,567625.00,2017-08-17 05:18:00.791200
4050,201708175187768,PRIN,53,53,1000,1195,1195000.00,2017-08-17 05:18:00.776800
4051,201708175187007,PRIN,41,28,200,1197,239400.00,2017-08-17 05:18:00.700700
4052,201708175187019,PRIN,53,34,16,1193,19088.00,2017-08-17 05:18:00.701900
4053,201708175187020,PRIN,7,34,200,1193,238600.00,2017-08-17 05:18:00.702000
4054,201708175186955,PRIN,7,56,200,1193,238600.00,2017-08-17 05:18:00.695500
4055,201708175186956,PRIN,53,56,34,1193,40562.00,2017-08-17 05:18:00.695600
4056,201708175185682,PRIN,57,37,50,1196,59800.00,2017-08-17 05:18:00.568200
4057,201708175185683,PRIN,46,37,100,1195,119500.00,2017-08-17 05:18:00.568300
4058,201708175185684,PRIN,19,37,100,1195,119500.00,2017-08-17 05:18:00.568400
4059,201708175185685,PRIN,6,37,100,1194,119400.00,2017-08-17 05:18:00.568500
4060,201708175185686,PRIN,19,37,150,1192,178800.00,2017-08-17 05:18:00.568600
4061,201708175185253,PRIN,38,17,65,1195,77675.00,2017-08-17 05:18:00.525300
4062,201708175185254,PRIN,47,17,198,1195,236610.00,2017-08-17 05:18:00.525400
4063,201708175184864,PRIN,38,41,35,1195,41825.00,2017-08-17 05:18:00.486400
4064,201708165178308,PRIN,16,57,300,1199,359700.00,2017-08-16 05:17:00.830800
4065,201708165178322,PRIN,21,8,150,1200,180000.00,2017-08-16 05:17:00.832200
4066,201708165178338,PRIN,53,55,211,1200,253200.00,2017-08-16 05:17:00.833800
4067,201708165178339,PRIN,53,44,144,1200,172800.00,2017-08-16 05:17:00.833900
4068,201708165178419,PRIN,59,11,100,1209,120900.00,2017-08-16 05:17:00.841900
4069,201708165178509,PRIN,46,52,215,1215,261225.00,2017-08-16 05:17:00.850900
4070,201708165178588,PRIN,6,22,30,1211,36330.00,2017-08-16 05:17:00.858800
4071,201708165178771,PRIN,6,59,70,1211,84770.00,2017-08-16 05:17:00.877100
4072,201708165178772,PRIN,51,59,100,1210,121000.00,2017-08-16 05:17:00.877200
4073,201708165178773,PRIN,35,59,100,1209,120900.00,2017-08-16 05:17:00.877300
4074,201708165178774,PRIN,21,59,200,1205,241000.00,2017-08-16 05:17:00.877400
4075,201708165178775,PRIN,21,59,50,1200,60000.00,2017-08-16 05:17:00.877500
4076,201708165178776,PRIN,6,59,100,1200,120000.00,2017-08-16 05:17:00.877600
4077,201708165178777,PRIN,6,59,80,1200,96000.00,2017-08-16 05:17:00.877700
4078,201708165178869,PRIN,13,59,500,1205,602500.00,2017-08-16 05:17:00.886900
4079,201708165179014,PRIN,57,48,150,1205,180750.00,2017-08-16 05:17:00.901400
4080,201708165179122,PRIN,25,39,47,1210,56870.00,2017-08-16 05:17:00.912200
4081,201708165179198,PRIN,22,42,100,1202,120200.00,2017-08-16 05:17:00.919800
4082,201708165179221,PRIN,6,22,35,1208,42280.00,2017-08-16 05:17:00.922100
4083,201708165179319,PRIN,6,22,20,1200,24000.00,2017-08-16 05:17:00.931900
4084,201708165179320,PRIN,6,22,100,1200,120000.00,2017-08-16 05:17:00.932000
4085,201708165179321,PRIN,52,22,40,1200,48000.00,2017-08-16 05:17:00.932100
4086,201708165179326,PRIN,34,22,25,1200,30000.00,2017-08-16 05:17:00.932600
4087,201708165179546,PRIN,56,22,80,1200,96000.00,2017-08-16 05:17:00.954600
4088,201708165179548,PRIN,56,22,20,1200,24000.00,2017-08-16 05:17:00.954800
4089,201708165179549,PRIN,52,22,50,1200,60000.00,2017-08-16 05:17:00.954900
4090,201708165179550,PRIN,52,22,50,1200,60000.00,2017-08-16 05:17:00.955000
4091,201708165179558,PRIN,6,22,30,1200,36000.00,2017-08-16 05:17:00.955800
4092,201708165179775,PRIN,55,59,385,1201,462385.00,2017-08-16 05:17:00.977500
4093,201708165179776,PRIN,7,59,200,1200,240000.00,2017-08-16 05:17:00.977600
4094,201708165179777,PRIN,58,59,100,1200,120000.00,2017-08-16 05:17:00.977700
4095,201708165179804,PRIN,6,59,315,1200,378000.00,2017-08-16 05:17:00.980400
4096,201708165180128,PRIN,48,49,120,1199,143880.00,2017-08-16 05:18:00.012800
4097,201708165180281,PRIN,13,49,180,1199,215820.00,2017-08-16 05:18:00.028100
4098,201708165180416,PRIN,52,34,50,1197,59850.00,2017-08-16 05:18:00.041600
4099,201708165180417,PRIN,13,34,50,1197,59850.00,2017-08-16 05:18:00.041700
4100,201708165180601,PRIN,57,20,50,1200,60000.00,2017-08-16 05:18:00.060100
4101,201708165180778,PRIN,7,20,500,1200,600000.00,2017-08-16 05:18:00.077800
4102,201708165180883,PRIN,45,20,150,1200,180000.00,2017-08-16 05:18:00.088300
4103,201708165181100,PRIN,32,32,50,1198,59900.00,2017-08-16 05:18:00.110000
4104,201708165181101,PRIN,13,32,50,1198,59900.00,2017-08-16 05:18:00.110100
4105,201708165181609,PRIN,13,25,70,1197,83790.00,2017-08-16 05:18:00.160900
4106,201708165181610,PRIN,37,25,50,1197,59850.00,2017-08-16 05:18:00.161000
4107,201708165181611,PRIN,6,25,155,1196,185380.00,2017-08-16 05:18:00.161100
4108,201708165181612,PRIN,6,25,20,1196,23920.00,2017-08-16 05:18:00.161200
4109,201708165181963,PRIN,35,37,300,1199,359700.00,2017-08-16 05:18:00.196300
4110,201708165182046,PRIN,17,45,100,1199,119900.00,2017-08-16 05:18:00.204600
4111,201708165182047,PRIN,35,45,94,1199,112706.00,2017-08-16 05:18:00.204700
4112,201708165182099,PRIN,41,8,100,1197,119700.00,2017-08-16 05:18:00.209900
4113,201708165182279,PRIN,41,36,80,1197,95760.00,2017-08-16 05:18:00.227900
4114,201708165182321,PRIN,34,20,100,1200,120000.00,2017-08-16 05:18:00.232100
4115,201708165182369,PRIN,10,20,130,1200,156000.00,2017-08-16 05:18:00.236900
4116,201708165182420,PRIN,58,20,70,1200,84000.00,2017-08-16 05:18:00.242000
4117,201708165182421,PRIN,58,6,430,1200,516000.00,2017-08-16 05:18:00.242100
4118,201708165182472,PRIN,59,6,73,1200,87600.00,2017-08-16 05:18:00.247200
4119,201708165182831,PRIN,35,53,20,1205,24100.00,2017-08-16 05:18:00.283100
4120,201708165183025,PRIN,46,53,80,1205,96400.00,2017-08-16 05:18:00.302500
4121,201708165183288,PRIN,38,59,150,1200,180000.00,2017-08-16 05:18:00.328800
4122,201708165183289,PRIN,53,59,300,1200,360000.00,2017-08-16 05:18:00.328900
4123,201708165183290,PRIN,14,59,50,1200,60000.00,2017-08-16 05:18:00.329000
4124,201708165183685,PRIN,52,6,25,1200,30000.00,2017-08-16 05:18:00.368500
4125,201708165183686,PRIN,59,6,28,1200,33600.00,2017-08-16 05:18:00.368600
4126,201708165183687,PRIN,38,6,50,1200,60000.00,2017-08-16 05:18:00.368700
4127,201708165183701,PRIN,38,6,50,1200,60000.00,2017-08-16 05:18:00.370100
4128,201708165183773,PRIN,59,6,100,1200,120000.00,2017-08-16 05:18:00.377300
4129,201708165183790,PRIN,21,38,100,1198,119800.00,2017-08-16 05:18:00.379000
4130,201708165183847,PRIN,58,6,100,1200,120000.00,2017-08-16 05:18:00.384700
4131,201708165183895,PRIN,59,6,47,1200,56400.00,2017-08-16 05:18:00.389500
4132,201708165184095,PRIN,46,37,250,1200,300000.00,2017-08-16 05:18:00.409500
4133,201708165184141,PRIN,7,54,10,1208,12080.00,2017-08-16 05:18:00.414100
4134,201708155177401,PRIN,7,37,10,1200,12000.00,2017-08-15 05:17:00.740100
4135,201708155177316,PRIN,53,16,126,1194,150444.00,2017-08-15 05:17:00.731600
4136,201708155177317,PRIN,53,10,50,1195,59750.00,2017-08-15 05:17:00.731700
4137,201708155177234,PRIN,46,21,100,1192,119200.00,2017-08-15 05:17:00.723400
4138,201708155177144,PRIN,55,16,174,1194,207756.00,2017-08-15 05:17:00.714400
4139,201708155176943,PRIN,55,56,26,1194,31044.00,2017-08-15 05:17:00.694300
4140,201708155176899,PRIN,8,52,285,1195,340575.00,2017-08-15 05:17:00.689900
4141,201708155176870,PRIN,8,1,15,1195,17925.00,2017-08-15 05:17:00.687000
4142,201708155176766,PRIN,55,26,100,1194,119400.00,2017-08-15 05:17:00.676600
4143,201708155176375,PRIN,57,44,10,1195,11950.00,2017-08-15 05:17:00.637500
4144,201708155176376,PRIN,57,57,150,1196,179400.00,2017-08-15 05:17:00.637600
4145,201708155176239,PRIN,53,32,100,1192,119200.00,2017-08-15 05:17:00.623900
4146,201708155176240,PRIN,53,55,76,1192,90592.00,2017-08-15 05:17:00.624000
4147,201708155175935,PRIN,41,13,300,1199,359700.00,2017-08-15 05:17:00.593500
4148,201708155175879,PRIN,47,34,12,1194,14328.00,2017-08-15 05:17:00.587900
4149,201708155175880,PRIN,21,34,100,1193,119300.00,2017-08-15 05:17:00.588000
4150,201708155175881,PRIN,48,34,38,1193,45334.00,2017-08-15 05:17:00.588100
4151,201708155175882,PRIN,49,34,500,1192,596000.00,2017-08-15 05:17:00.588200
4152,201708155175883,PRIN,53,34,50,1191,59550.00,2017-08-15 05:17:00.588300
4153,201708155175884,PRIN,21,34,106,1191,126246.00,2017-08-15 05:17:00.588400
4154,201708155175826,PRIN,38,38,100,1195,119500.00,2017-08-15 05:17:00.582600
4155,201708155175754,PRIN,38,19,100,1195,119500.00,2017-08-15 05:17:00.575400
4156,201708155175544,PRIN,35,14,100,1196,119600.00,2017-08-15 05:17:00.554400
4157,201708155175545,PRIN,17,14,100,1195,119500.00,2017-08-15 05:17:00.554500
4158,201708155174601,PRIN,53,59,80,1197,95760.00,2017-08-15 05:17:00.460100
4159,201708155174602,PRIN,35,59,100,1196,119600.00,2017-08-15 05:17:00.460200
4160,201708155174603,PRIN,59,59,40,1196,47840.00,2017-08-15 05:17:00.460300
4161,201708155174604,PRIN,13,59,200,1196,239200.00,2017-08-15 05:17:00.460400
4162,201708155174605,PRIN,53,59,200,1195,239000.00,2017-08-15 05:17:00.460500
4163,201708155174606,PRIN,46,59,100,1195,119500.00,2017-08-15 05:17:00.460600
4164,201708155174607,PRIN,59,59,50,1195,59750.00,2017-08-15 05:17:00.460700
4165,201708155174219,PRIN,13,22,300,1200,360000.00,2017-08-15 05:17:00.421900
4166,201708155173151,PRIN,47,5,12,1194,14328.00,2017-08-15 05:17:00.315100
4167,201708155173152,PRIN,37,5,50,1194,59700.00,2017-08-15 05:17:00.315200
4168,201708155173153,PRIN,47,5,38,1194,45372.00,2017-08-15 05:17:00.315300
4169,201708155173087,PRIN,4,25,100,1199,119900.00,2017-08-15 05:17:00.308700
4170,201708155173088,PRIN,4,58,10,1200,12000.00,2017-08-15 05:17:00.308800
4171,201708155173089,PRIN,4,44,50,1200,60000.00,2017-08-15 05:17:00.308900
4172,201708155173090,PRIN,4,45,100,1200,120000.00,2017-08-15 05:17:00.309000
4173,201708155173091,PRIN,4,43,96,1200,115200.00,2017-08-15 05:17:00.309100
4174,201708155173014,PRIN,46,17,100,1195,119500.00,2017-08-15 05:17:00.301400
4175,201708155172831,PRIN,33,58,40,1200,48000.00,2017-08-15 05:17:00.283100
4176,201708155172836,PRIN,19,45,100,1195,119500.00,2017-08-15 05:17:00.283600
4177,201708155172747,PRIN,19,22,400,1197,478800.00,2017-08-15 05:17:00.274700
4178,201708155172748,PRIN,19,1,500,1198,599000.00,2017-08-15 05:17:00.274800
4179,201708155172772,PRIN,47,45,38,1194,45372.00,2017-08-15 05:17:00.277200
4180,201708155172773,PRIN,29,35,300,1200,360000.00,2017-08-15 05:17:00.277300
4181,201708155172774,PRIN,29,58,50,1200,60000.00,2017-08-15 05:17:00.277400
4182,201708155172697,PRIN,16,22,100,1197,119700.00,2017-08-15 05:17:00.269700
4183,201708155172269,PRIN,49,49,100,1192,119200.00,2017-08-15 05:17:00.226900
4184,201708155171968,PRIN,49,45,100,1191,119100.00,2017-08-15 05:17:00.196800
4185,201708155171939,PRIN,53,26,150,1191,178650.00,2017-08-15 05:17:00.193900
4186,201708155171539,PRIN,53,42,500,1191,595500.00,2017-08-15 05:17:00.153900
4187,201708155171540,PRIN,57,42,57,1190,67830.00,2017-08-15 05:17:00.154000
4188,201708155171262,PRIN,48,20,300,1190,357000.00,2017-08-15 05:17:00.126200
4189,201708155171153,PRIN,57,22,400,1195,478000.00,2017-08-15 05:17:00.115300
4190,201708135170195,PRIN,7,41,250,1204,301000.00,2017-08-13 05:17:00.019500
4191,201708135170151,PRIN,57,42,100,1202,120200.00,2017-08-13 05:17:00.015100
4192,201708135170064,PRIN,37,35,200,1200,240000.00,2017-08-13 05:17:00.006400
4193,201708135169893,PRIN,48,17,341,1205,410905.00,2017-08-13 05:16:00.989300
4194,201708135169847,PRIN,48,41,25,1205,30125.00,2017-08-13 05:16:00.984700
4195,201708135169804,PRIN,48,46,134,1205,161470.00,2017-08-13 05:16:00.980400
4196,201708135169703,PRIN,57,46,100,1205,120500.00,2017-08-13 05:16:00.970300
4197,201708135169707,PRIN,16,46,100,1205,120500.00,2017-08-13 05:16:00.970700
4198,201708135169651,PRIN,52,26,20,1203,24060.00,2017-08-13 05:16:00.965100
4199,201708135169652,PRIN,7,26,80,1202,96160.00,2017-08-13 05:16:00.965200
4200,201708135169676,PRIN,7,21,343,1202,412286.00,2017-08-13 05:16:00.967600
4201,201708135169677,PRIN,37,21,107,1201,128507.00,2017-08-13 05:16:00.967700
4202,201708135169678,PRIN,34,21,62,1200,74400.00,2017-08-13 05:16:00.967800
4203,201708135169679,PRIN,17,21,100,1200,120000.00,2017-08-13 05:16:00.967900
4204,201708135169680,PRIN,37,21,50,1200,60000.00,2017-08-13 05:16:00.968000
4205,201708135169681,PRIN,43,21,25,1200,30000.00,2017-08-13 05:16:00.968100
4206,201708135169682,PRIN,1,21,100,1200,120000.00,2017-08-13 05:16:00.968200
4207,201708135169683,PRIN,47,21,150,1200,180000.00,2017-08-13 05:16:00.968300
4208,201708135169684,PRIN,37,21,35,1200,42000.00,2017-08-13 05:16:00.968400
4209,201708135169609,PRIN,57,17,34,1204,40936.00,2017-08-13 05:16:00.960900
4210,201708135169610,PRIN,57,46,66,1205,79530.00,2017-08-13 05:16:00.961000
4211,201708135169433,PRIN,16,58,50,1204,60200.00,2017-08-13 05:16:00.943300
4212,201708135169442,PRIN,34,46,100,1205,120500.00,2017-08-13 05:16:00.944200
4213,201708135169384,PRIN,36,37,400,1205,482000.00,2017-08-13 05:16:00.938400
4214,201708135169216,PRIN,41,37,50,1205,60250.00,2017-08-13 05:16:00.921600
4215,201708135169217,PRIN,48,37,250,1205,301250.00,2017-08-13 05:16:00.921700
4216,201708135169180,PRIN,56,17,100,1208,120800.00,2017-08-13 05:16:00.918000
4217,201708135168893,PRIN,17,39,100,1209,120900.00,2017-08-13 05:16:00.889300
4218,201708135168665,PRIN,17,34,77,1208,93016.00,2017-08-13 05:16:00.866500
4219,201708135168539,PRIN,4,45,50,1205,60250.00,2017-08-13 05:16:00.853900
4220,201708135168549,PRIN,4,11,50,1205,60250.00,2017-08-13 05:16:00.854900
4221,201708135168550,PRIN,26,11,60,1203,72180.00,2017-08-13 05:16:00.855000
4222,201708135168551,PRIN,52,11,100,1203,120300.00,2017-08-13 05:16:00.855100
4223,201708135168552,PRIN,52,11,100,1203,120300.00,2017-08-13 05:16:00.855200
4224,201708135168553,PRIN,53,11,16,1202,19232.00,2017-08-13 05:16:00.855300
4225,201708135168554,PRIN,21,11,50,1202,60100.00,2017-08-13 05:16:00.855400
4226,201708135168555,PRIN,21,11,50,1202,60100.00,2017-08-13 05:16:00.855500
4227,201708135168556,PRIN,7,11,77,1202,92554.00,2017-08-13 05:16:00.855600
4228,201708135168281,PRIN,42,19,50,1204,60200.00,2017-08-13 05:16:00.828100
4229,201708135168130,PRIN,56,19,50,1204,60200.00,2017-08-13 05:16:00.813000
4230,201708135168127,PRIN,13,37,100,1205,120500.00,2017-08-13 05:16:00.812700
4231,201708135167882,PRIN,13,13,1000,1205,1205000.00,2017-08-13 05:16:00.788200
4232,201708135167433,PRIN,16,17,25,1205,30125.00,2017-08-13 05:16:00.743300
4233,201708135167434,PRIN,53,17,34,1202,40868.00,2017-08-13 05:16:00.743400
4234,201708135166967,PRIN,16,47,26,1205,31330.00,2017-08-13 05:16:00.696700
4235,201708135166802,PRIN,16,17,49,1205,59045.00,2017-08-13 05:16:00.680200
4236,201708135166474,PRIN,41,40,145,1205,174725.00,2017-08-13 05:16:00.647400
4237,201708135166233,PRIN,33,17,70,1203,84210.00,2017-08-13 05:16:00.623300
4238,201708135166234,PRIN,22,17,112,1203,134736.00,2017-08-13 05:16:00.623400
4239,201708135166235,PRIN,52,17,100,1201,120100.00,2017-08-13 05:16:00.623500
4240,201708135166236,PRIN,52,17,100,1201,120100.00,2017-08-13 05:16:00.623600
4241,201708135166237,PRIN,21,17,30,1201,36030.00,2017-08-13 05:16:00.623700
4242,201708135166238,PRIN,21,17,50,1201,60050.00,2017-08-13 05:16:00.623800
4243,201708135166239,PRIN,4,17,100,1201,120100.00,2017-08-13 05:16:00.623900
4244,201708135166240,PRIN,54,17,200,1200,240000.00,2017-08-13 05:16:00.624000
4245,201708135166241,PRIN,34,17,238,1200,285600.00,2017-08-13 05:16:00.624100
4246,201708135166133,PRIN,22,17,88,1203,105864.00,2017-08-13 05:16:00.613300
4247,201708135166107,PRIN,59,17,12,1204,14448.00,2017-08-13 05:16:00.610700
4248,201708135166108,PRIN,8,17,100,1204,120400.00,2017-08-13 05:16:00.610800
4249,201708135165653,PRIN,59,36,88,1204,105952.00,2017-08-13 05:16:00.565300
4250,201708135165330,PRIN,29,17,100,1208,120800.00,2017-08-13 05:16:00.533000
4251,201708135165331,PRIN,22,17,1100,1205,1325500.00,2017-08-13 05:16:00.533100
4252,201708135165342,PRIN,33,17,800,1201,960800.00,2017-08-13 05:16:00.534200
4253,201708135165348,PRIN,32,17,50,1205,60250.00,2017-08-13 05:16:00.534800
4254,201708135165349,PRIN,53,17,300,1201,360300.00,2017-08-13 05:16:00.534900
4255,201708135165350,PRIN,21,17,200,1201,240200.00,2017-08-13 05:16:00.535000
4256,201708135165351,PRIN,33,17,200,1201,240200.00,2017-08-13 05:16:00.535100
4257,201708135165291,PRIN,48,17,124,1215,150660.00,2017-08-13 05:16:00.529100
4258,201708135165302,PRIN,7,17,100,1210,121000.00,2017-08-13 05:16:00.530200
4259,201708135165258,PRIN,1,40,20,1217,24340.00,2017-08-13 05:16:00.525800
4260,201708135165226,PRIN,53,50,100,1210,121000.00,2017-08-13 05:16:00.522600
4261,201708135165228,PRIN,48,22,200,1213,242600.00,2017-08-13 05:16:00.522800
4262,201708135165229,PRIN,48,39,176,1214,213664.00,2017-08-13 05:16:00.522900
4263,201708135165230,PRIN,48,37,1000,1215,1215000.00,2017-08-13 05:16:00.523000
4264,201708135165033,PRIN,11,49,60,1209,72540.00,2017-08-13 05:16:00.503300
4265,201708135164217,PRIN,32,46,26,1208,31408.00,2017-08-13 05:16:00.421700
4266,201708135164218,PRIN,7,46,100,1207,120700.00,2017-08-13 05:16:00.421800
4267,201708135164219,PRIN,21,46,30,1206,36180.00,2017-08-13 05:16:00.421900
4268,201708135164220,PRIN,53,46,300,1206,361800.00,2017-08-13 05:16:00.422000
4269,201708135164221,PRIN,25,46,100,1205,120500.00,2017-08-13 05:16:00.422100
4270,201708135164222,PRIN,47,46,194,1201,232994.00,2017-08-13 05:16:00.422200
4271,201708105162683,PRIN,29,40,50,1211,60550.00,2017-08-10 05:16:00.268300
4272,201708105162620,PRIN,13,36,265,1215,321975.00,2017-08-10 05:16:00.262000
4273,201708105162474,PRIN,57,10,100,1214,121400.00,2017-08-10 05:16:00.247400
4274,201708105162393,PRIN,48,7,60,1213,72780.00,2017-08-10 05:16:00.239300
4275,201708105162394,PRIN,33,7,50,1212,60600.00,2017-08-10 05:16:00.239400
4276,201708105162395,PRIN,13,7,90,1211,108990.00,2017-08-10 05:16:00.239500
4277,201708105162259,PRIN,48,39,30,1213,36390.00,2017-08-10 05:16:00.225900
4278,201708105162023,PRIN,57,46,80,1213,97040.00,2017-08-10 05:16:00.202300
4279,201708105162025,PRIN,48,46,410,1213,497330.00,2017-08-10 05:16:00.202500
4280,201708105161952,PRIN,17,46,10,1213,12130.00,2017-08-10 05:16:00.195200
4281,201708105161776,PRIN,41,38,75,1212,90900.00,2017-08-10 05:16:00.177600
4282,201708105161593,PRIN,13,16,300,1211,363300.00,2017-08-10 05:16:00.159300
4283,201708105161429,PRIN,48,53,200,1210,242000.00,2017-08-10 05:16:00.142900
4284,201708105161353,PRIN,48,16,200,1211,242200.00,2017-08-10 05:16:00.135300
4285,201708105161116,PRIN,34,45,250,1210,302500.00,2017-08-10 05:16:00.111600
4286,201708105161043,PRIN,34,38,100,1210,121000.00,2017-08-10 05:16:00.104300
4287,201708105160999,PRIN,34,41,50,1211,60550.00,2017-08-10 05:16:00.099900
4288,201708105161000,PRIN,34,41,150,1210,181500.00,2017-08-10 05:16:00.100000
4289,201708105160705,PRIN,32,32,200,1211,242200.00,2017-08-10 05:16:00.070500
4290,201708105160624,PRIN,21,21,4,1205,4820.00,2017-08-10 05:16:00.062400
4291,201708105160542,PRIN,56,32,25,1210,30250.00,2017-08-10 05:16:00.054200
4292,201708105160543,PRIN,57,32,30,1210,36300.00,2017-08-10 05:16:00.054300
4293,201708105160544,PRIN,13,32,345,1209,417105.00,2017-08-10 05:16:00.054400
4294,201708105160391,PRIN,39,41,158,1215,191970.00,2017-08-10 05:16:00.039100
4295,201708105160270,PRIN,56,5,75,1210,90750.00,2017-08-10 05:16:00.027000
4296,201708105160024,PRIN,57,26,20,1212,24240.00,2017-08-10 05:16:00.002400
4297,201708105159869,PRIN,20,19,50,1212,60600.00,2017-08-10 05:15:00.986900
4298,201708105159870,PRIN,20,26,50,1212,60600.00,2017-08-10 05:15:00.987000
4299,201708105159837,PRIN,17,26,30,1212,36360.00,2017-08-10 05:15:00.983700
4300,201708105159771,PRIN,35,38,67,1210,81070.00,2017-08-10 05:15:00.977100
4301,201708105159698,PRIN,37,47,50,1208,60400.00,2017-08-10 05:15:00.969800
4302,201708105159444,PRIN,34,46,306,1207,369342.00,2017-08-10 05:15:00.944400
4303,201708105159458,PRIN,40,1,25,1207,30175.00,2017-08-10 05:15:00.945800
4304,201708105159147,PRIN,17,40,47,1210,56870.00,2017-08-10 05:15:00.914700
4305,201708105158662,PRIN,52,7,100,1212,121200.00,2017-08-10 05:15:00.866200
4306,201708105158663,PRIN,55,7,200,1211,242200.00,2017-08-10 05:15:00.866300
4307,201708105158664,PRIN,53,7,200,1210,242000.00,2017-08-10 05:15:00.866400
4308,201708105158665,PRIN,53,7,50,1210,60500.00,2017-08-10 05:15:00.866500
4309,201708105158603,PRIN,10,7,100,1214,121400.00,2017-08-10 05:15:00.860300
4310,201708105158506,PRIN,5,7,100,1215,121500.00,2017-08-10 05:15:00.850600
4311,201708105158507,PRIN,57,7,100,1215,121500.00,2017-08-10 05:15:00.850700
4312,201708105158387,PRIN,10,44,250,1216,304000.00,2017-08-10 05:15:00.838700
4313,201708105158011,PRIN,55,41,50,1217,60850.00,2017-08-10 05:15:00.801100
4314,201708105157585,PRIN,41,36,200,1216,243200.00,2017-08-10 05:15:00.758500
4315,201708105157586,PRIN,41,25,75,1217,91275.00,2017-08-10 05:15:00.758600
4316,201708105157531,PRIN,45,7,50,1216,60800.00,2017-08-10 05:15:00.753100
4317,201708105157162,PRIN,4,36,100,1212,121200.00,2017-08-10 05:15:00.716200
4318,201708105157163,PRIN,41,36,50,1212,60600.00,2017-08-10 05:15:00.716300
4319,201708105157164,PRIN,20,36,500,1211,605500.00,2017-08-10 05:15:00.716400
4320,201708105157165,PRIN,53,36,100,1210,121000.00,2017-08-10 05:15:00.716500
4321,201708105157166,PRIN,4,36,50,1210,60500.00,2017-08-10 05:15:00.716600
4322,201708105157174,PRIN,20,50,266,1215,323190.00,2017-08-10 05:15:00.717400
4323,201708105156953,PRIN,41,41,231,1212,279972.00,2017-08-10 05:15:00.695300
4324,201708105156913,PRIN,52,17,50,1215,60750.00,2017-08-10 05:15:00.691300
4325,201708105156855,PRIN,41,20,50,1215,60750.00,2017-08-10 05:15:00.685500
4326,201708105156843,PRIN,4,50,50,1215,60750.00,2017-08-10 05:15:00.684300
4327,201708105156844,PRIN,41,50,450,1215,546750.00,2017-08-10 05:15:00.684400
4328,201708105156798,PRIN,41,35,500,1218,609000.00,2017-08-10 05:15:00.679800
4329,201708105156729,PRIN,38,7,200,1217,243400.00,2017-08-10 05:15:00.672900
4330,201708105156590,PRIN,41,45,50,1215,60750.00,2017-08-10 05:15:00.659000
4331,201708105156591,PRIN,41,58,200,1215,243000.00,2017-08-10 05:15:00.659100
4332,201708105156439,PRIN,10,50,150,1203,180450.00,2017-08-10 05:15:00.643900
4333,201708105156413,PRIN,44,50,350,1203,421050.00,2017-08-10 05:15:00.641300
4334,201708105156396,PRIN,44,50,650,1203,781950.00,2017-08-10 05:15:00.639600
4335,201708105155855,PRIN,21,32,150,1200,180000.00,2017-08-10 05:15:00.585500
4336,201708095154580,PRIN,16,28,100,1205,120500.00,2017-08-09 05:15:00.458000
4337,201708095154581,PRIN,14,28,300,1205,361500.00,2017-08-09 05:15:00.458100
4338,201708095154582,PRIN,37,28,135,1205,162675.00,2017-08-09 05:15:00.458200
4339,201708095154515,PRIN,50,41,498,1207,601086.00,2017-08-09 05:15:00.451500
4340,201708095154533,PRIN,38,37,35,1206,42210.00,2017-08-09 05:15:00.453300
4341,201708095154546,PRIN,38,28,65,1206,78390.00,2017-08-09 05:15:00.454600
4342,201708095154547,PRIN,14,28,300,1206,361800.00,2017-08-09 05:15:00.454700
4343,201708095154412,PRIN,11,22,100,1210,121000.00,2017-08-09 05:15:00.441200
4344,201708095154327,PRIN,14,5,90,1207,108630.00,2017-08-09 05:15:00.432700
4345,201708095154328,PRIN,17,5,500,1207,603500.00,2017-08-09 05:15:00.432800
4346,201708095154229,PRIN,16,59,300,1209,362700.00,2017-08-09 05:15:00.422900
4347,201708095154024,PRIN,14,16,10,1207,12070.00,2017-08-09 05:15:00.402400
4348,201708095153798,PRIN,38,5,100,1206,120600.00,2017-08-09 05:15:00.379800
4349,201708095153754,PRIN,57,48,105,1206,126630.00,2017-08-09 05:15:00.375400
4350,201708095153770,PRIN,57,5,95,1206,114570.00,2017-08-09 05:15:00.377000
4351,201708095153771,PRIN,34,5,190,1205,228950.00,2017-08-09 05:15:00.377100
4352,201708095153772,PRIN,34,5,290,1205,349450.00,2017-08-09 05:15:00.377200
4353,201708095153719,PRIN,7,48,500,1206,603000.00,2017-08-09 05:15:00.371900
4354,201708095153482,PRIN,19,50,40,1205,48200.00,2017-08-09 05:15:00.348200
4355,201708095153483,PRIN,34,50,110,1205,132550.00,2017-08-09 05:15:00.348300
4356,201708095153253,PRIN,34,26,10,1204,12040.00,2017-08-09 05:15:00.325300
4357,201708095153077,PRIN,34,5,100,1204,120400.00,2017-08-09 05:15:00.307700
4358,201708095153078,PRIN,53,5,200,1203,240600.00,2017-08-09 05:15:00.307800
4359,201708095153079,PRIN,19,5,200,1202,240400.00,2017-08-09 05:15:00.307900
4360,201708095153022,PRIN,40,35,50,1209,60450.00,2017-08-09 05:15:00.302200
4361,201708095153023,PRIN,5,35,100,1208,120800.00,2017-08-09 05:15:00.302300
4362,201708095153024,PRIN,1,35,50,1205,60250.00,2017-08-09 05:15:00.302400
4363,201708095153025,PRIN,41,35,200,1205,241000.00,2017-08-09 05:15:00.302500
4364,201708095152893,PRIN,17,48,100,1210,121000.00,2017-08-09 05:15:00.289300
4365,201708095152845,PRIN,4,34,50,1211,60550.00,2017-08-09 05:15:00.284500
4366,201708095152846,PRIN,4,34,150,1211,181650.00,2017-08-09 05:15:00.284600
4367,201708095152503,PRIN,38,5,100,1214,121400.00,2017-08-09 05:15:00.250300
4368,201708095152438,PRIN,6,5,200,1212,242400.00,2017-08-09 05:15:00.243800
4369,201708095152448,PRIN,41,46,100,1215,121500.00,2017-08-09 05:15:00.244800
4370,201708095152389,PRIN,32,46,50,1215,60750.00,2017-08-09 05:15:00.238900
4371,201708095152372,PRIN,57,5,12,1215,14580.00,2017-08-09 05:15:00.237200
4372,201708095152373,PRIN,55,5,50,1215,60750.00,2017-08-09 05:15:00.237300
4373,201708095152374,PRIN,32,5,50,1215,60750.00,2017-08-09 05:15:00.237400
4374,201708095152326,PRIN,17,17,6,1200,7200.00,2017-08-09 05:15:00.232600
4375,201708095152295,PRIN,57,48,38,1215,46170.00,2017-08-09 05:15:00.229500
4376,201708095152251,PRIN,48,48,150,1217,182550.00,2017-08-09 05:15:00.225100
4377,201708095152218,PRIN,38,22,100,1215,121500.00,2017-08-09 05:15:00.221800
4378,201708095152219,PRIN,38,29,200,1215,243000.00,2017-08-09 05:15:00.221900
4379,201708095151265,PRIN,42,49,100,1218,121800.00,2017-08-09 05:15:00.126500
4380,201708095151032,PRIN,25,32,24,1218,29232.00,2017-08-09 05:15:00.103200
4381,201708095150967,PRIN,44,32,26,1215,31590.00,2017-08-09 05:15:00.096700
4382,201708095150968,PRIN,58,32,50,1215,60750.00,2017-08-09 05:15:00.096800
4383,201708095150969,PRIN,58,32,50,1215,60750.00,2017-08-09 05:15:00.096900
4384,201708095150970,PRIN,58,32,50,1215,60750.00,2017-08-09 05:15:00.097000
4385,201708095150991,PRIN,35,48,100,1214,121400.00,2017-08-09 05:15:00.099100
4386,201708095150992,PRIN,41,48,500,1213,606500.00,2017-08-09 05:15:00.099200
4387,201708095150993,PRIN,47,48,200,1212,242400.00,2017-08-09 05:15:00.099300
4388,201708095150994,PRIN,28,48,100,1210,121000.00,2017-08-09 05:15:00.099400
4389,201708095150937,PRIN,19,53,200,1216,243200.00,2017-08-09 05:15:00.093700
4390,201708095150660,PRIN,45,19,60,1216,72960.00,2017-08-09 05:15:00.066000
4391,201708095150661,PRIN,44,19,320,1215,388800.00,2017-08-09 05:15:00.066100
4392,201708095150429,PRIN,17,5,235,1217,285995.00,2017-08-09 05:15:00.042900
4393,201708095150430,PRIN,6,5,44,1216,53504.00,2017-08-09 05:15:00.043000
4394,201708095150431,PRIN,42,5,100,1215,121500.00,2017-08-09 05:15:00.043100
4395,201708095150432,PRIN,44,5,154,1215,187110.00,2017-08-09 05:15:00.043200
4396,201708095149856,PRIN,20,48,293,1224,358632.00,2017-08-09 05:14:00.985600
4397,201708095149866,PRIN,20,59,260,1225,318500.00,2017-08-09 05:14:00.986600
4398,201708095149725,PRIN,52,34,23,1220,28060.00,2017-08-09 05:14:00.972500
4399,201708095149726,PRIN,52,14,100,1221,122100.00,2017-08-09 05:14:00.972600
4400,201708095149727,PRIN,52,8,50,1224,61200.00,2017-08-09 05:14:00.972700
4401,201708095149728,PRIN,52,11,87,1225,106575.00,2017-08-09 05:14:00.972800
4402,201708095149729,PRIN,52,59,240,1225,294000.00,2017-08-09 05:14:00.972900
4403,201708095149678,PRIN,20,48,500,1218,609000.00,2017-08-09 05:14:00.967800
4404,201708095149679,PRIN,20,13,100,1219,121900.00,2017-08-09 05:14:00.967900
4405,201708095149680,PRIN,20,47,133,1219,162127.00,2017-08-09 05:14:00.968000
4406,201708095149681,PRIN,20,52,200,1220,244000.00,2017-08-09 05:14:00.968100
4407,201708095149682,PRIN,20,34,67,1220,81740.00,2017-08-09 05:14:00.968200
4408,201708095149505,PRIN,1,17,44,1217,53548.00,2017-08-09 05:14:00.950500
4409,201708095149506,PRIN,6,17,356,1216,432896.00,2017-08-09 05:14:00.950600
4410,201708095149391,PRIN,1,39,26,1217,31642.00,2017-08-09 05:14:00.939100
4411,201708095149392,PRIN,1,40,30,1218,36540.00,2017-08-09 05:14:00.939200
4412,201708095148680,PRIN,45,40,100,1218,121800.00,2017-08-09 05:14:00.868000
4413,201708095148614,PRIN,17,53,100,1215,121500.00,2017-08-09 05:14:00.861400
4414,201708095148391,PRIN,17,40,40,1215,48600.00,2017-08-09 05:14:00.839100
4415,201708095148401,PRIN,16,40,20,1218,24360.00,2017-08-09 05:14:00.840100
4416,201708095148346,PRIN,40,40,50,1218,60900.00,2017-08-09 05:14:00.834600
4417,201708095147999,PRIN,17,32,25,1215,30375.00,2017-08-09 05:14:00.799900
4418,201708095147939,PRIN,32,32,25,1215,30375.00,2017-08-09 05:14:00.793900
4419,201708095147472,PRIN,19,22,20,1216,24320.00,2017-08-09 05:14:00.747200
4420,201708095147473,PRIN,32,22,30,1215,36450.00,2017-08-09 05:14:00.747300
4421,201708095147453,PRIN,19,22,80,1216,97280.00,2017-08-09 05:14:00.745300
4422,201708095147206,PRIN,45,8,30,1220,36600.00,2017-08-09 05:14:00.720600
4423,201708095147207,PRIN,32,8,45,1215,54675.00,2017-08-09 05:14:00.720700
4424,201708095147155,PRIN,47,17,394,1220,480680.00,2017-08-09 05:14:00.715500
4425,201708095147156,PRIN,49,17,200,1220,244000.00,2017-08-09 05:14:00.715600
4426,201708095147101,PRIN,16,32,74,1222,90428.00,2017-08-09 05:14:00.710100
4427,201708095147102,PRIN,28,32,200,1221,244200.00,2017-08-09 05:14:00.710200
4428,201708095147103,PRIN,55,32,20,1220,24400.00,2017-08-09 05:14:00.710300
4429,201708095147104,PRIN,47,32,106,1220,129320.00,2017-08-09 05:14:00.710400
4430,201708095147024,PRIN,16,36,76,1222,92872.00,2017-08-09 05:14:00.702400
4431,201708095146977,PRIN,49,16,51,1222,62322.00,2017-08-09 05:14:00.697700
4432,201708095146992,PRIN,49,36,124,1222,151528.00,2017-08-09 05:14:00.699200
4433,201708095146909,PRIN,49,55,25,1222,30550.00,2017-08-09 05:14:00.690900
4434,201708095146841,PRIN,49,17,300,1222,366600.00,2017-08-09 05:14:00.684100
4435,201708095146620,PRIN,32,40,176,1220,214720.00,2017-08-09 05:14:00.662000
4436,201708095146567,PRIN,28,37,300,1215,364500.00,2017-08-09 05:14:00.656700
4437,201708095146527,PRIN,19,26,350,1208,422800.00,2017-08-09 05:14:00.652700
4438,201708095146504,PRIN,19,26,200,1208,241600.00,2017-08-09 05:14:00.650400
4439,201708095146440,PRIN,41,26,100,1208,120800.00,2017-08-09 05:14:00.644000
4440,201708095146397,PRIN,16,26,350,1208,422800.00,2017-08-09 05:14:00.639700
4441,201708095146367,PRIN,16,53,150,1214,182100.00,2017-08-09 05:14:00.636700
4442,201708075146017,PRIN,37,52,40,1202,48080.00,2017-08-07 05:14:00.601700
4443,201708075146018,PRIN,21,52,100,1201,120100.00,2017-08-07 05:14:00.601800
4444,201708075146019,PRIN,38,52,200,1201,240200.00,2017-08-07 05:14:00.601900
4445,201708075146020,PRIN,44,52,94,1200,112800.00,2017-08-07 05:14:00.602000
4446,201708075145895,PRIN,21,36,50,1206,60300.00,2017-08-07 05:14:00.589500
4447,201708075145915,PRIN,37,36,250,1206,301500.00,2017-08-07 05:14:00.591500
4448,201708075145670,PRIN,7,59,50,1204,60200.00,2017-08-07 05:14:00.567000
4449,201708075145671,PRIN,33,59,30,1204,36120.00,2017-08-07 05:14:00.567100
4450,201708075145672,PRIN,48,59,80,1204,96320.00,2017-08-07 05:14:00.567200
4451,201708075145673,PRIN,13,59,200,1204,240800.00,2017-08-07 05:14:00.567300
4452,201708075145693,PRIN,10,59,25,1203,30075.00,2017-08-07 05:14:00.569300
4453,201708075145694,PRIN,44,59,115,1200,138000.00,2017-08-07 05:14:00.569400
4454,201708075145431,PRIN,13,36,100,1206,120600.00,2017-08-07 05:14:00.543100
4455,201708075145247,PRIN,11,36,100,1206,120600.00,2017-08-07 05:14:00.524700
4456,201708075145277,PRIN,44,42,500,1200,600000.00,2017-08-07 05:14:00.527700
4457,201708075144812,PRIN,22,13,50,1207,60350.00,2017-08-07 05:14:00.481200
4458,201708075144495,PRIN,45,55,44,1205,53020.00,2017-08-07 05:14:00.449500
4459,201708075144496,PRIN,45,49,150,1205,180750.00,2017-08-07 05:14:00.449600
4460,201708075144105,PRIN,44,29,147,1200,176400.00,2017-08-07 05:14:00.410500
4461,201708075144045,PRIN,58,55,30,1205,36150.00,2017-08-07 05:14:00.404500
4462,201708075144046,PRIN,58,55,200,1205,241000.00,2017-08-07 05:14:00.404600
4463,201708075144059,PRIN,10,41,75,1203,90225.00,2017-08-07 05:14:00.405900
4464,201708075143921,PRIN,32,36,300,1207,362100.00,2017-08-07 05:14:00.392100
4465,201708075143922,PRIN,55,36,200,1206,241200.00,2017-08-07 05:14:00.392200
4466,201708075143923,PRIN,58,36,300,1205,361500.00,2017-08-07 05:14:00.392300
4467,201708075143832,PRIN,32,34,204,1207,246228.00,2017-08-07 05:14:00.383200
4468,201708075143807,PRIN,46,34,16,1210,19360.00,2017-08-07 05:14:00.380700
4469,201708075143808,PRIN,46,34,50,1210,60500.00,2017-08-07 05:14:00.380800
4470,201708075143809,PRIN,7,34,200,1208,241600.00,2017-08-07 05:14:00.380900
4471,201708075143810,PRIN,53,34,30,1207,36210.00,2017-08-07 05:14:00.381000
4472,201708075143811,PRIN,38,34,500,1207,603500.00,2017-08-07 05:14:00.381100
4473,201708075143643,PRIN,46,34,484,1210,585640.00,2017-08-07 05:14:00.364300
4474,201708075143573,PRIN,38,7,100,1207,120700.00,2017-08-07 05:14:00.357300
4475,201708075143586,PRIN,41,21,353,1208,426424.00,2017-08-07 05:14:00.358600
4476,201708075143513,PRIN,7,34,100,1207,120700.00,2017-08-07 05:14:00.351300
4477,201708075143514,PRIN,53,34,70,1207,84490.00,2017-08-07 05:14:00.351400
4478,201708075143453,PRIN,16,34,200,1207,241400.00,2017-08-07 05:14:00.345300
4479,201708075143054,PRIN,45,58,100,1205,120500.00,2017-08-07 05:14:00.305400
4480,201708075142973,PRIN,10,35,90,1203,108270.00,2017-08-07 05:14:00.297300
4481,201708075142980,PRIN,17,37,100,1204,120400.00,2017-08-07 05:14:00.298000
4482,201708075142883,PRIN,10,58,59,1202,70918.00,2017-08-07 05:14:00.288300
4483,201708075142801,PRIN,53,14,50,1200,60000.00,2017-08-07 05:14:00.280100
4484,201708075142802,PRIN,45,14,10,1200,12000.00,2017-08-07 05:14:00.280200
4485,201708075142840,PRIN,53,14,190,1200,228000.00,2017-08-07 05:14:00.284000
4486,201708075142562,PRIN,45,21,70,1200,84000.00,2017-08-07 05:14:00.256200
4487,201708075142386,PRIN,34,36,150,1200,180000.00,2017-08-07 05:14:00.238600
4488,201708075142360,PRIN,54,36,50,1200,60000.00,2017-08-07 05:14:00.236000
4489,201708075142334,PRIN,34,40,150,1203,180450.00,2017-08-07 05:14:00.233400
4490,201708075142335,PRIN,34,8,50,1205,60250.00,2017-08-07 05:14:00.233500
4491,201708075142277,PRIN,5,29,10,1200,12000.00,2017-08-07 05:14:00.227700
4492,201708075142278,PRIN,33,29,300,1200,360000.00,2017-08-07 05:14:00.227800
4493,201708075142279,PRIN,17,29,90,1198,107820.00,2017-08-07 05:14:00.227900
4494,201708075142180,PRIN,48,40,50,1203,60150.00,2017-08-07 05:14:00.218000
4495,201708075141955,PRIN,53,49,90,1200,108000.00,2017-08-07 05:14:00.195500
4496,201708075141932,PRIN,14,49,110,1200,132000.00,2017-08-07 05:14:00.193200
4497,201708075141900,PRIN,1,49,100,1197,119700.00,2017-08-07 05:14:00.190000
4498,201708075141901,PRIN,21,49,100,1196,119600.00,2017-08-07 05:14:00.190100
4499,201708075141902,PRIN,37,49,150,1195,179250.00,2017-08-07 05:14:00.190200
4500,201708075141903,PRIN,26,49,30,1195,35850.00,2017-08-07 05:14:00.190300
4501,201708075141405,PRIN,47,26,352,1207,424864.00,2017-08-07 05:14:00.140500
4502,201708075141420,PRIN,11,34,150,1207,181050.00,2017-08-07 05:14:00.142000
4503,201708075141421,PRIN,53,34,30,1204,36120.00,2017-08-07 05:14:00.142100
4504,201708075141422,PRIN,14,34,50,1204,60200.00,2017-08-07 05:14:00.142200
4505,201708075141423,PRIN,35,34,500,1204,602000.00,2017-08-07 05:14:00.142300
4506,201708075141424,PRIN,29,34,50,1203,60150.00,2017-08-07 05:14:00.142400
4507,201708075141425,PRIN,57,34,200,1203,240600.00,2017-08-07 05:14:00.142500
4508,201708075141426,PRIN,32,34,40,1202,48080.00,2017-08-07 05:14:00.142600
4509,201708075141427,PRIN,22,34,150,1202,180300.00,2017-08-07 05:14:00.142700
4510,201708075141428,PRIN,43,34,60,1200,72000.00,2017-08-07 05:14:00.142800
4511,201708075141429,PRIN,50,34,100,1200,120000.00,2017-08-07 05:14:00.142900
4512,201708075141430,PRIN,59,34,100,1200,120000.00,2017-08-07 05:14:00.143000
4513,201708075141431,PRIN,22,34,200,1200,240000.00,2017-08-07 05:14:00.143100
4514,201708075140881,PRIN,53,26,138,1207,166566.00,2017-08-07 05:14:00.088100
4515,201708075140811,PRIN,4,42,500,1207,603500.00,2017-08-07 05:14:00.081100
4516,201708075140739,PRIN,53,17,59,1207,71213.00,2017-08-07 05:14:00.073900
4517,201708075140746,PRIN,44,53,50,1210,60500.00,2017-08-07 05:14:00.074600
4518,201708075140747,PRIN,44,1,20,1210,24200.00,2017-08-07 05:14:00.074700
4519,201708075140748,PRIN,44,7,114,1210,137940.00,2017-08-07 05:14:00.074800
4520,201708075140749,PRIN,44,34,16,1210,19360.00,2017-08-07 05:14:00.074900
4521,201708075140697,PRIN,53,54,50,1205,60250.00,2017-08-07 05:14:00.069700
4522,201708075140698,PRIN,53,21,150,1205,180750.00,2017-08-07 05:14:00.069800
4523,201708075140699,PRIN,53,53,78,1207,94146.00,2017-08-07 05:14:00.069900
4524,201708075140233,PRIN,34,36,200,1201,240200.00,2017-08-07 05:14:00.023300
4525,201708075140195,PRIN,26,53,22,1207,26554.00,2017-08-07 05:14:00.019500
4526,201708075140128,PRIN,53,20,475,1206,572850.00,2017-08-07 05:14:00.012800
4527,201708075140145,PRIN,32,34,60,1202,72120.00,2017-08-07 05:14:00.014500
4528,201708075140078,PRIN,10,50,22,1205,26510.00,2017-08-07 05:14:00.007800
4529,201708075139912,PRIN,32,20,229,1206,276174.00,2017-08-07 05:13:00.991200
4530,201708075139868,PRIN,32,17,21,1208,25368.00,2017-08-07 05:13:00.986800
4531,201708075139825,PRIN,10,17,21,1206,25326.00,2017-08-07 05:13:00.982500
4532,201708075139826,PRIN,10,37,50,1206,60300.00,2017-08-07 05:13:00.982600
4533,201708075138357,PRIN,53,59,500,1210,605000.00,2017-08-07 05:13:00.835700
4534,201708065137288,PRIN,44,52,100,1214,121400.00,2017-08-06 05:13:00.728800
4535,201708065137289,PRIN,1,52,100,1212,121200.00,2017-08-06 05:13:00.728900
4536,201708065137255,PRIN,1,52,100,1215,121500.00,2017-08-06 05:13:00.725500
4537,201708065137062,PRIN,48,10,200,1215,243000.00,2017-08-06 05:13:00.706200
4538,201708065136911,PRIN,33,25,100,1215,121500.00,2017-08-06 05:13:00.691100
4539,201708065136764,PRIN,44,13,100,1213,121300.00,2017-08-06 05:13:00.676400
4540,201708065136765,PRIN,44,38,100,1214,121400.00,2017-08-06 05:13:00.676500
4541,201708065136640,PRIN,4,7,26,1211,31486.00,2017-08-06 05:13:00.664000
4542,201708065136641,PRIN,10,7,74,1211,89614.00,2017-08-06 05:13:00.664100
4543,201708065136406,PRIN,4,4,74,1211,89614.00,2017-08-06 05:13:00.640600
4544,201708065136318,PRIN,55,38,100,1215,121500.00,2017-08-06 05:13:00.631800
4545,201708065136322,PRIN,1,4,37,1213,44881.00,2017-08-06 05:13:00.632200
4546,201708065136323,PRIN,38,4,50,1211,60550.00,2017-08-06 05:13:00.632300
4547,201708065136216,PRIN,47,19,100,1211,121100.00,2017-08-06 05:13:00.621600
4548,201708065136118,PRIN,21,38,100,1215,121500.00,2017-08-06 05:13:00.611800
4549,201708065136131,PRIN,1,26,10,1213,12130.00,2017-08-06 05:13:00.613100
4550,201708065136022,PRIN,1,40,53,1212,64236.00,2017-08-06 05:13:00.602200
4551,201708065136006,PRIN,16,40,100,1213,121300.00,2017-08-06 05:13:00.600600
4552,201708065136007,PRIN,57,40,200,1212,242400.00,2017-08-06 05:13:00.600700
4553,201708065136008,PRIN,56,40,500,1212,606000.00,2017-08-06 05:13:00.600800
4554,201708065135924,PRIN,45,37,100,1216,121600.00,2017-08-06 05:13:00.592400
4555,201708065135579,PRIN,7,37,110,1216,133760.00,2017-08-06 05:13:00.557900
4556,201708065135615,PRIN,38,59,84,1217,102228.00,2017-08-06 05:13:00.561500
4557,201708065135616,PRIN,7,59,66,1216,80256.00,2017-08-06 05:13:00.561600
4558,201708065135617,PRIN,41,59,34,1215,41310.00,2017-08-06 05:13:00.561700
4559,201708065135618,PRIN,41,59,15,1215,18225.00,2017-08-06 05:13:00.561800
4560,201708065135619,PRIN,1,59,100,1215,121500.00,2017-08-06 05:13:00.561900
4561,201708065135620,PRIN,53,59,200,1215,243000.00,2017-08-06 05:13:00.562000
4562,201708065135621,PRIN,32,59,150,1215,182250.00,2017-08-06 05:13:00.562100
4563,201708065135622,PRIN,49,59,500,1215,607500.00,2017-08-06 05:13:00.562200
4564,201708065135623,PRIN,10,59,160,1215,194400.00,2017-08-06 05:13:00.562300
4565,201708065135624,PRIN,21,59,100,1214,121400.00,2017-08-06 05:13:00.562400
4566,201708065135625,PRIN,39,59,100,1214,121400.00,2017-08-06 05:13:00.562500
4567,201708065135626,PRIN,33,59,100,1213,121300.00,2017-08-06 05:13:00.562600
4568,201708065135627,PRIN,33,59,91,1213,110383.00,2017-08-06 05:13:00.562700
4569,201708065135465,PRIN,38,1,16,1217,19472.00,2017-08-06 05:13:00.546500
4570,201708065135414,PRIN,7,11,100,1216,121600.00,2017-08-06 05:13:00.541400
4571,201708065135288,PRIN,13,39,200,1217,243400.00,2017-08-06 05:13:00.528800
4572,201708065135310,PRIN,13,19,400,1217,486800.00,2017-08-06 05:13:00.531000
4573,201708065135175,PRIN,7,45,100,1216,121600.00,2017-08-06 05:13:00.517500
4574,201708065135105,PRIN,21,32,10,1217,12170.00,2017-08-06 05:13:00.510500
4575,201708065135106,PRIN,7,32,49,1216,59584.00,2017-08-06 05:13:00.510600
4576,201708065135049,PRIN,7,57,75,1216,91200.00,2017-08-06 05:13:00.504900
4577,201708065135009,PRIN,21,41,100,1217,121700.00,2017-08-06 05:13:00.500900
4578,201708065134574,PRIN,41,4,40,1215,48600.00,2017-08-06 05:13:00.457400
4579,201708065134432,PRIN,22,57,100,1215,121500.00,2017-08-06 05:13:00.443200
4580,201708065134106,PRIN,1,40,264,1216,321024.00,2017-08-06 05:13:00.410600
4581,201708065134107,PRIN,41,40,136,1215,165240.00,2017-08-06 05:13:00.410700
4582,201708065133865,PRIN,38,32,100,1220,122000.00,2017-08-06 05:13:00.386500
4583,201708065133853,PRIN,10,28,264,1218,321552.00,2017-08-06 05:13:00.385300
4584,201708065133193,PRIN,10,53,11,1215,13365.00,2017-08-06 05:13:00.319300
4585,201708065133117,PRIN,47,53,50,1215,60750.00,2017-08-06 05:13:00.311700
4586,201708065133088,PRIN,22,32,21,1220,25620.00,2017-08-06 05:13:00.308800
4587,201708065133103,PRIN,43,53,139,1218,169302.00,2017-08-06 05:13:00.310300
4588,201708065133104,PRIN,53,53,200,1218,243600.00,2017-08-06 05:13:00.310400
4589,201708065132936,PRIN,17,32,200,1220,244000.00,2017-08-06 05:13:00.293600
4590,201708065132695,PRIN,43,14,100,1218,121800.00,2017-08-06 05:13:00.269500
4591,201708065132446,PRIN,22,56,39,1220,47580.00,2017-08-06 05:13:00.244600
4592,201708065132309,PRIN,32,56,20,1220,24400.00,2017-08-06 05:13:00.230900
4593,201708065131930,PRIN,48,49,150,1215,182250.00,2017-08-06 05:13:00.193000
4594,201708065131931,PRIN,47,49,150,1215,182250.00,2017-08-06 05:13:00.193100
4595,201708065131941,PRIN,47,17,50,1215,60750.00,2017-08-06 05:13:00.194100
4596,201708065131958,PRIN,47,19,50,1215,60750.00,2017-08-06 05:13:00.195800
4597,201708065131871,PRIN,48,49,40,1215,48600.00,2017-08-06 05:13:00.187100
4598,201708065131788,PRIN,58,36,50,1215,60750.00,2017-08-06 05:13:00.178800
4599,201708065131789,PRIN,48,36,500,1215,607500.00,2017-08-06 05:13:00.178900
4600,201708065131790,PRIN,33,36,200,1215,243000.00,2017-08-06 05:13:00.179000
4601,201708065131791,PRIN,48,36,110,1215,133650.00,2017-08-06 05:13:00.179100
4602,201708065131787,PRIN,38,36,40,1216,48640.00,2017-08-06 05:13:00.178700
4603,201708065131703,PRIN,53,55,375,1216,456000.00,2017-08-06 05:13:00.170300
4604,201708065131663,PRIN,37,19,500,1216,608000.00,2017-08-06 05:13:00.166300
4605,201708065131684,PRIN,37,55,50,1216,60800.00,2017-08-06 05:13:00.168400
4606,201708065131617,PRIN,53,19,200,1217,243400.00,2017-08-06 05:13:00.161700
4607,201708065131618,PRIN,34,19,200,1217,243400.00,2017-08-06 05:13:00.161800
4608,201708065131465,PRIN,4,46,200,1220,244000.00,2017-08-06 05:13:00.146500
4609,201708065131466,PRIN,53,46,200,1220,244000.00,2017-08-06 05:13:00.146600
4610,201708065131219,PRIN,54,49,75,1222,91650.00,2017-08-06 05:13:00.121900
4611,201708065131220,PRIN,29,49,20,1220,24400.00,2017-08-06 05:13:00.122000
4612,201708065131118,PRIN,7,50,100,1225,122500.00,2017-08-06 05:13:00.111800
4613,201708065131152,PRIN,7,50,100,1225,122500.00,2017-08-06 05:13:00.115200
4614,201708065130898,PRIN,53,49,200,1223,244600.00,2017-08-06 05:13:00.089800
4615,201708065130899,PRIN,54,49,125,1222,152750.00,2017-08-06 05:13:00.089900
4616,201708065130838,PRIN,35,38,10,1229,12290.00,2017-08-06 05:13:00.083800
4617,201708065130839,PRIN,35,38,10,1229,12290.00,2017-08-06 05:13:00.083900
4618,201708065130722,PRIN,1,26,76,1229,93404.00,2017-08-06 05:13:00.072200
4619,201708065130579,PRIN,34,50,42,1230,51660.00,2017-08-06 05:13:00.057900
4620,201708065130516,PRIN,53,38,95,1229,116755.00,2017-08-06 05:13:00.051600
4621,201708065130433,PRIN,1,38,200,1229,245800.00,2017-08-06 05:13:00.043300
4622,201708065130143,PRIN,34,50,22,1230,27060.00,2017-08-06 05:13:00.014300
4623,201708065129713,PRIN,34,50,500,1225,612500.00,2017-08-06 05:12:00.971300
4624,201708035126726,PRIN,34,5,439,1227,538653.00,2017-08-03 05:12:00.672600
4625,201708035126727,PRIN,34,21,100,1229,122900.00,2017-08-03 05:12:00.672700
4626,201708035126728,PRIN,34,10,500,1230,615000.00,2017-08-03 05:12:00.672800
4627,201708035126729,PRIN,34,37,179,1232,220528.00,2017-08-03 05:12:00.672900
4628,201708035126822,PRIN,34,41,110,1232,135520.00,2017-08-03 05:12:00.682200
4629,201708035126647,PRIN,19,5,20,1226,24520.00,2017-08-03 05:12:00.664700
4630,201708035126648,PRIN,4,5,50,1226,61300.00,2017-08-03 05:12:00.664800
4631,201708035126680,PRIN,44,43,16,1225,19600.00,2017-08-03 05:12:00.668000
4632,201708035126681,PRIN,21,43,50,1225,61250.00,2017-08-03 05:12:00.668100
4633,201708035126682,PRIN,38,43,34,1225,41650.00,2017-08-03 05:12:00.668200
4634,201708035126197,PRIN,34,5,75,1230,92250.00,2017-08-03 05:12:00.619700
4635,201708035126112,PRIN,34,40,390,1227,478530.00,2017-08-03 05:12:00.611200
4636,201708035126113,PRIN,34,21,200,1229,245800.00,2017-08-03 05:12:00.611300
4637,201708035126114,PRIN,34,7,100,1229,122900.00,2017-08-03 05:12:00.611400
4638,201708035126115,PRIN,34,57,235,1230,289050.00,2017-08-03 05:12:00.611500
4639,201708035126035,PRIN,44,32,184,1225,225400.00,2017-08-03 05:12:00.603500
4640,201708035125951,PRIN,48,32,50,1225,61250.00,2017-08-03 05:12:00.595100
4641,201708035125994,PRIN,4,32,100,1225,122500.00,2017-08-03 05:12:00.599400
4642,201708035125863,PRIN,50,53,147,1225,180075.00,2017-08-03 05:12:00.586300
4643,201708035125887,PRIN,20,32,10,1225,12250.00,2017-08-03 05:12:00.588700
4644,201708035125888,PRIN,50,32,103,1225,126175.00,2017-08-03 05:12:00.588800
4645,201708035125889,PRIN,32,32,200,1225,245000.00,2017-08-03 05:12:00.588900
4646,201708035125926,PRIN,35,32,100,1225,122500.00,2017-08-03 05:12:00.592600
4647,201708035125818,PRIN,32,32,127,1227,155829.00,2017-08-03 05:12:00.581800
4648,201708035125829,PRIN,17,53,80,1226,98080.00,2017-08-03 05:12:00.582900
4649,201708035125341,PRIN,55,21,10,1227,12270.00,2017-08-03 05:12:00.534100
4650,201708035125367,PRIN,55,21,22,1227,26994.00,2017-08-03 05:12:00.536700
4651,201708035125368,PRIN,21,21,20,1225,24500.00,2017-08-03 05:12:00.536800
4652,201708035125369,PRIN,17,21,20,1225,24500.00,2017-08-03 05:12:00.536900
4653,201708035125370,PRIN,58,21,150,1225,183750.00,2017-08-03 05:12:00.537000
4654,201708035125371,PRIN,20,21,40,1225,49000.00,2017-08-03 05:12:00.537100
4655,201708035125261,PRIN,55,56,68,1227,83436.00,2017-08-03 05:12:00.526100
4656,201708035125019,PRIN,21,19,100,1225,122500.00,2017-08-03 05:12:00.501900
4657,201708035124946,PRIN,6,56,81,1227,99387.00,2017-08-03 05:12:00.494600
4658,201708035124432,PRIN,22,21,125,1229,153625.00,2017-08-03 05:12:00.443200
4659,201708035124441,PRIN,4,34,50,1226,61300.00,2017-08-03 05:12:00.444100
4660,201708035124442,PRIN,21,34,50,1225,61250.00,2017-08-03 05:12:00.444200
4661,201708035124270,PRIN,58,53,50,1228,61400.00,2017-08-03 05:12:00.427000
4662,201708035123982,PRIN,21,26,30,1225,36750.00,2017-08-03 05:12:00.398200
4663,201708035123896,PRIN,4,21,50,1224,61200.00,2017-08-03 05:12:00.389600
4664,201708035123919,PRIN,35,5,69,1225,84525.00,2017-08-03 05:12:00.391900
4665,201708035123933,PRIN,4,5,100,1225,122500.00,2017-08-03 05:12:00.393300
4666,201708035123760,PRIN,41,5,300,1225,367500.00,2017-08-03 05:12:00.376000
4667,201708035123408,PRIN,16,38,43,1228,52804.00,2017-08-03 05:12:00.340800
4668,201708035123409,PRIN,4,38,45,1225,55125.00,2017-08-03 05:12:00.340900
4669,201708035123410,PRIN,4,38,162,1224,198288.00,2017-08-03 05:12:00.341000
4670,201708035123370,PRIN,16,49,57,1228,69996.00,2017-08-03 05:12:00.337000
4671,201708035123312,PRIN,49,49,20,1228,24560.00,2017-08-03 05:12:00.331200
4672,201708035123313,PRIN,58,49,25,1228,30700.00,2017-08-03 05:12:00.331300
4673,201708035123314,PRIN,44,49,100,1228,122800.00,2017-08-03 05:12:00.331400
4674,201708035122767,PRIN,14,22,100,1230,123000.00,2017-08-03 05:12:00.276700
4675,201708035122615,PRIN,22,21,75,1230,92250.00,2017-08-03 05:12:00.261500
4676,201708035122566,PRIN,22,57,25,1229,30725.00,2017-08-03 05:12:00.256600
4677,201708035122549,PRIN,49,32,50,1228,61400.00,2017-08-03 05:12:00.254900
4678,201708035122550,PRIN,49,53,100,1228,122800.00,2017-08-03 05:12:00.255000
4679,201708035122551,PRIN,49,22,30,1228,36840.00,2017-08-03 05:12:00.255100
4680,201708035122419,PRIN,32,49,123,1221,150183.00,2017-08-03 05:12:00.241900
4681,201708035122399,PRIN,45,32,50,1228,61400.00,2017-08-03 05:12:00.239900
4682,201708035122083,PRIN,14,6,39,1220,47580.00,2017-08-03 05:12:00.208300
4683,201708035121920,PRIN,14,40,200,1222,244400.00,2017-08-03 05:12:00.192000
4684,201708035121921,PRIN,21,40,100,1221,122100.00,2017-08-03 05:12:00.192100
4685,201708035121922,PRIN,53,40,30,1221,36630.00,2017-08-03 05:12:00.192200
4686,201708035121923,PRIN,53,40,100,1220,122000.00,2017-08-03 05:12:00.192300
4687,201708035121924,PRIN,35,40,70,1220,85400.00,2017-08-03 05:12:00.192400
4688,201708035121944,PRIN,14,14,59,1220,71980.00,2017-08-03 05:12:00.194400
4689,201708035121861,PRIN,51,52,50,1225,61250.00,2017-08-03 05:12:00.186100
4690,201708035121907,PRIN,51,21,50,1225,61250.00,2017-08-03 05:12:00.190700
4691,201708035121022,PRIN,4,5,100,1225,122500.00,2017-08-03 05:12:00.102200
4692,201708035120701,PRIN,36,35,100,1230,123000.00,2017-08-03 05:12:00.070100
4693,201708035120710,PRIN,36,5,100,1230,123000.00,2017-08-03 05:12:00.071000
4694,201708035120711,PRIN,58,5,300,1226,367800.00,2017-08-03 05:12:00.071100
4695,201708035120712,PRIN,41,5,10,1225,12250.00,2017-08-03 05:12:00.071200
4696,201708035120713,PRIN,43,5,27,1225,33075.00,2017-08-03 05:12:00.071300
4697,201708035120312,PRIN,51,49,20,1234,24680.00,2017-08-03 05:12:00.031200
4698,201708035120313,PRIN,47,49,100,1226,122600.00,2017-08-03 05:12:00.031300
4699,201708035120314,PRIN,41,49,200,1225,245000.00,2017-08-03 05:12:00.031400
4700,201708035120315,PRIN,41,49,90,1225,110250.00,2017-08-03 05:12:00.031500
4701,201708035120218,PRIN,46,20,100,1234,123400.00,2017-08-03 05:12:00.021800
4702,201708035120233,PRIN,19,21,40,1234,49360.00,2017-08-03 05:12:00.023300
4703,201708035120084,PRIN,51,6,20,1234,24680.00,2017-08-03 05:12:00.008400
4704,201708035120065,PRIN,51,7,60,1234,74040.00,2017-08-03 05:12:00.006500
4705,201708035119921,PRIN,17,7,40,1235,49400.00,2017-08-03 05:11:00.992100
4706,201708035119705,PRIN,17,8,10,1234,12340.00,2017-08-03 05:11:00.970500
4707,201708035119579,PRIN,41,28,35,1225,42875.00,2017-08-03 05:11:00.957900
4708,201708035119497,PRIN,19,34,300,1227,368100.00,2017-08-03 05:11:00.949700
4709,201708035119498,PRIN,44,34,30,1225,36750.00,2017-08-03 05:11:00.949800
4710,201708035119499,PRIN,41,34,108,1225,132300.00,2017-08-03 05:11:00.949900
4711,201708035119201,PRIN,44,38,20,1225,24500.00,2017-08-03 05:11:00.920100
4712,201708035119063,PRIN,51,37,30,1231,36930.00,2017-08-03 05:11:00.906300
4713,201708035119064,PRIN,10,37,191,1230,234930.00,2017-08-03 05:11:00.906400
4714,201708035119065,PRIN,33,37,100,1230,123000.00,2017-08-03 05:11:00.906500
4715,201708035119007,PRIN,17,17,1,1206,1206.00,2017-08-03 05:11:00.900700
4716,201708035118704,PRIN,10,25,100,1230,123000.00,2017-08-03 05:11:00.870400
4717,201708035118539,PRIN,46,20,80,1232,98560.00,2017-08-03 05:11:00.853900
4718,201708035118540,PRIN,53,20,50,1231,61550.00,2017-08-03 05:11:00.854000
4719,201708035118541,PRIN,10,20,209,1230,257070.00,2017-08-03 05:11:00.854100
4720,201708035118499,PRIN,35,5,120,1235,148200.00,2017-08-03 05:11:00.849900
4721,201708035118513,PRIN,13,5,240,1234,296160.00,2017-08-03 05:11:00.851300
4722,201708035118346,PRIN,41,20,50,1239,61950.00,2017-08-03 05:11:00.834600
4723,201708035118328,PRIN,35,45,200,1238,247600.00,2017-08-03 05:11:00.832800
4724,201708035118158,PRIN,44,55,65,1235,80275.00,2017-08-03 05:11:00.815800
4725,201708035118036,PRIN,49,20,12,1239,14868.00,2017-08-03 05:11:00.803600
4726,201708035117900,PRIN,20,20,100,1239,123900.00,2017-08-03 05:11:00.790000
4727,201708035117722,PRIN,44,34,28,1235,34580.00,2017-08-03 05:11:00.772200
4728,201708035117206,PRIN,35,8,50,1254,62700.00,2017-08-03 05:11:00.720600
4729,201708035117207,PRIN,35,35,2000,1254,2508000.00,2017-08-03 05:11:00.720700
4730,201708025117039,PRIN,14,47,100,1230,123000.00,2017-08-02 05:11:00.703900
4731,201708025116902,PRIN,39,25,100,1230,123000.00,2017-08-02 05:11:00.690200
4732,201708025116367,PRIN,22,17,200,1226,245200.00,2017-08-02 05:11:00.636700
4733,201708025116368,PRIN,29,17,122,1225,149450.00,2017-08-02 05:11:00.636800
4734,201708025116369,PRIN,33,17,100,1225,122500.00,2017-08-02 05:11:00.636900
4735,201708025116370,PRIN,35,17,160,1225,196000.00,2017-08-02 05:11:00.637000
4736,201708025116371,PRIN,1,17,44,1224,53856.00,2017-08-02 05:11:00.637100
4737,201708025116390,PRIN,10,10,230,1226,281980.00,2017-08-02 05:11:00.639000
4738,201708025116254,PRIN,53,17,50,1229,61450.00,2017-08-02 05:11:00.625400
4739,201708025116147,PRIN,37,14,50,1229,61450.00,2017-08-02 05:11:00.614700
4740,201708025116148,PRIN,4,14,200,1228,245600.00,2017-08-02 05:11:00.614800
4741,201708025116149,PRIN,47,14,200,1227,245400.00,2017-08-02 05:11:00.614900
4742,201708025116150,PRIN,41,14,50,1226,61300.00,2017-08-02 05:11:00.615000
4743,201708025116151,PRIN,40,14,50,1226,61300.00,2017-08-02 05:11:00.615100
4744,201708025116152,PRIN,5,14,50,1225,61250.00,2017-08-02 05:11:00.615200
4745,201708025116153,PRIN,29,14,200,1225,245000.00,2017-08-02 05:11:00.615300
4746,201708025116154,PRIN,29,14,78,1225,95550.00,2017-08-02 05:11:00.615400
4747,201708025115737,PRIN,53,5,100,1230,123000.00,2017-08-02 05:11:00.573700
4748,201708025115555,PRIN,1,5,22,1230,27060.00,2017-08-02 05:11:00.555500
4749,201708025115556,PRIN,58,5,100,1230,123000.00,2017-08-02 05:11:00.555600
4750,201708025115557,PRIN,37,5,110,1230,135300.00,2017-08-02 05:11:00.555700
4751,201708025115422,PRIN,1,48,50,1230,61500.00,2017-08-02 05:11:00.542200
4752,201708025115208,PRIN,4,37,100,1233,123300.00,2017-08-02 05:11:00.520800
4753,201708025115081,PRIN,4,28,12,1233,14796.00,2017-08-02 05:11:00.508100
4754,201708025115082,PRIN,45,28,10,1230,12300.00,2017-08-02 05:11:00.508200
4755,201708025115083,PRIN,4,28,30,1230,36900.00,2017-08-02 05:11:00.508300
4756,201708025115084,PRIN,1,28,28,1230,34440.00,2017-08-02 05:11:00.508400
4757,201708025115042,PRIN,4,37,188,1233,231804.00,2017-08-02 05:11:00.504200
4758,201708025114929,PRIN,36,5,90,1233,110970.00,2017-08-02 05:11:00.492900
4759,201708025114930,PRIN,32,5,50,1233,61650.00,2017-08-02 05:11:00.493000
4760,201708025114960,PRIN,33,37,100,1231,123100.00,2017-08-02 05:11:00.496000
4761,201708025114871,PRIN,36,8,50,1233,61650.00,2017-08-02 05:11:00.487100
4762,201708025114804,PRIN,36,5,30,1230,36900.00,2017-08-02 05:11:00.480400
4763,201708025114805,PRIN,36,46,30,1233,36990.00,2017-08-02 05:11:00.480500
4764,201708025114430,PRIN,4,5,56,1229,68824.00,2017-08-02 05:11:00.443000
4765,201708025114355,PRIN,36,5,249,1230,306270.00,2017-08-02 05:11:00.435500
4766,201708025114356,PRIN,22,5,20,1230,24600.00,2017-08-02 05:11:00.435600
4767,201708025114357,PRIN,44,5,25,1229,30725.00,2017-08-02 05:11:00.435700
4768,201708025114358,PRIN,44,5,100,1229,122900.00,2017-08-02 05:11:00.435800
4769,201708025114359,PRIN,13,5,50,1229,61450.00,2017-08-02 05:11:00.435900
4770,201708025114360,PRIN,13,5,50,1229,61450.00,2017-08-02 05:11:00.436000
4771,201708025114361,PRIN,13,5,50,1229,61450.00,2017-08-02 05:11:00.436100
4772,201708025114303,PRIN,36,42,100,1230,123000.00,2017-08-02 05:11:00.430300
4773,201708025114150,PRIN,36,49,100,1230,123000.00,2017-08-02 05:11:00.415000
4774,201708025114175,PRIN,36,19,51,1230,62730.00,2017-08-02 05:11:00.417500
4775,201708025114061,PRIN,44,20,501,1229,615729.00,2017-08-02 05:11:00.406100
4776,201708025113879,PRIN,44,57,75,1229,92175.00,2017-08-02 05:11:00.387900
4777,201708025113812,PRIN,45,58,40,1226,49040.00,2017-08-02 05:11:00.381200
4778,201708025113726,PRIN,34,25,50,1227,61350.00,2017-08-02 05:11:00.372600
4779,201708025113729,PRIN,59,57,100,1229,122900.00,2017-08-02 05:11:00.372900
4780,201708025113702,PRIN,53,57,25,1229,30725.00,2017-08-02 05:11:00.370200
4781,201708025113660,PRIN,53,19,50,1229,61450.00,2017-08-02 05:11:00.366000
4782,201708025113653,PRIN,41,57,100,1226,122600.00,2017-08-02 05:11:00.365300
4783,201708025113422,PRIN,37,5,17,1230,20910.00,2017-08-02 05:11:00.342200
4784,201708025112891,PRIN,37,37,83,1230,102090.00,2017-08-02 05:11:00.289100
4785,201708025112917,PRIN,1,49,25,1230,30750.00,2017-08-02 05:11:00.291700
4786,201708025112636,PRIN,39,5,500,1225,612500.00,2017-08-02 05:11:00.263600
4787,201708025112219,PRIN,37,51,100,1225,122500.00,2017-08-02 05:11:00.221900
4788,201708025112059,PRIN,39,36,25,1222,30550.00,2017-08-02 05:11:00.205900
4789,201708025111827,PRIN,1,38,30,1225,36750.00,2017-08-02 05:11:00.182700
4790,201708025111407,PRIN,26,49,120,1222,146640.00,2017-08-02 05:11:00.140700
4791,201708025111408,PRIN,54,49,80,1221,97680.00,2017-08-02 05:11:00.140800
4792,201708025111305,PRIN,54,37,300,1221,366300.00,2017-08-02 05:11:00.130500
4793,201708025111279,PRIN,54,28,111,1221,135531.00,2017-08-02 05:11:00.127900
4794,201708025111241,PRIN,5,8,200,1222,244400.00,2017-08-02 05:11:00.124100
4795,201708025111173,PRIN,33,28,39,1225,47775.00,2017-08-02 05:11:00.117300
4796,201708025111174,PRIN,4,28,100,1222,122200.00,2017-08-02 05:11:00.117400
4797,201708025111175,PRIN,54,28,51,1221,62271.00,2017-08-02 05:11:00.117500
4798,201708025110521,PRIN,47,50,39,1230,47970.00,2017-08-02 05:11:00.052100
4799,201708025110522,PRIN,39,50,50,1225,61250.00,2017-08-02 05:11:00.052200
4800,201708025110523,PRIN,33,50,61,1225,74725.00,2017-08-02 05:11:00.052300
4801,201708025110205,PRIN,42,47,100,1234,123400.00,2017-08-02 05:11:00.020500
4802,201708025110153,PRIN,17,7,50,1230,61500.00,2017-08-02 05:11:00.015300
4803,201708025110154,PRIN,22,7,12,1230,14760.00,2017-08-02 05:11:00.015400
4804,201708025110155,PRIN,17,7,200,1230,246000.00,2017-08-02 05:11:00.015500
4805,201708025110095,PRIN,22,39,88,1230,108240.00,2017-08-02 05:11:00.009500
4806,201708025109924,PRIN,21,7,290,1235,358150.00,2017-08-02 05:10:00.992400
4807,201708025109810,PRIN,21,21,10,1235,12350.00,2017-08-02 05:10:00.981000
4808,201708025109744,PRIN,17,32,100,1245,124500.00,2017-08-02 05:10:00.974400
4809,201708025109516,PRIN,20,32,20,1250,25000.00,2017-08-02 05:10:00.951600
4810,201708025109517,PRIN,36,32,50,1245,62250.00,2017-08-02 05:10:00.951700
4811,201708025109457,PRIN,36,49,150,1245,186750.00,2017-08-02 05:10:00.945700
4812,201708025108660,PRIN,41,4,80,1235,98800.00,2017-08-02 05:10:00.866000
4813,201708015108067,PRIN,45,37,100,1235,123500.00,2017-08-01 05:10:00.806700
4814,201708015107907,PRIN,29,48,100,1230,123000.00,2017-08-01 05:10:00.790700
4815,201708015107831,PRIN,4,46,20,1230,24600.00,2017-08-01 05:10:00.783100
4816,201708015107858,PRIN,4,35,300,1230,369000.00,2017-08-01 05:10:00.785800
4817,201708015107694,PRIN,32,37,100,1230,123000.00,2017-08-01 05:10:00.769400
4818,201708015107615,PRIN,32,29,150,1230,184500.00,2017-08-01 05:10:00.761500
4819,201708015107534,PRIN,13,29,50,1230,61500.00,2017-08-01 05:10:00.753400
4820,201708015107414,PRIN,4,55,30,1230,36900.00,2017-08-01 05:10:00.741400
4821,201708015107415,PRIN,35,55,20,1229,24580.00,2017-08-01 05:10:00.741500
4822,201708015107416,PRIN,16,55,30,1229,36870.00,2017-08-01 05:10:00.741600
4823,201708015107417,PRIN,16,55,40,1229,49160.00,2017-08-01 05:10:00.741700
4824,201708015107418,PRIN,22,55,130,1229,159770.00,2017-08-01 05:10:00.741800
4825,201708015107332,PRIN,4,37,100,1231,123100.00,2017-08-01 05:10:00.733200
4826,201708015107333,PRIN,26,37,180,1230,221400.00,2017-08-01 05:10:00.733300
4827,201708015107334,PRIN,59,37,100,1230,123000.00,2017-08-01 05:10:00.733400
4828,201708015107335,PRIN,19,37,40,1230,49200.00,2017-08-01 05:10:00.733500
4829,201708015107290,PRIN,47,25,50,1230,61500.00,2017-08-01 05:10:00.729000
4830,201708015107291,PRIN,22,25,50,1230,61500.00,2017-08-01 05:10:00.729100
4831,201708015107292,PRIN,43,25,100,1230,123000.00,2017-08-01 05:10:00.729200
4832,201708015107293,PRIN,26,25,80,1230,98400.00,2017-08-01 05:10:00.729300
4833,201708015107294,PRIN,26,25,20,1230,24600.00,2017-08-01 05:10:00.729400
4834,201708015107016,PRIN,5,37,25,1232,30800.00,2017-08-01 05:10:00.701600
4835,201708015107017,PRIN,21,37,100,1232,123200.00,2017-08-01 05:10:00.701700
4836,201708015107018,PRIN,48,37,200,1232,246400.00,2017-08-01 05:10:00.701800
4837,201708015107019,PRIN,14,37,300,1231,369300.00,2017-08-01 05:10:00.701900
4838,201708015107020,PRIN,16,37,102,1230,125460.00,2017-08-01 05:10:00.702000
4839,201708015107021,PRIN,47,37,70,1230,86100.00,2017-08-01 05:10:00.702100
4840,201708015106926,PRIN,5,26,10,1232,12320.00,2017-08-01 05:10:00.692600
4841,201708015106904,PRIN,7,22,100,1235,123500.00,2017-08-01 05:10:00.690400
4842,201708015106688,PRIN,4,37,50,1238,61900.00,2017-08-01 05:10:00.668800
4843,201708015106709,PRIN,43,49,68,1235,83980.00,2017-08-01 05:10:00.670900
4844,201708015106553,PRIN,48,56,25,1237,30925.00,2017-08-01 05:10:00.655300
4845,201708015106554,PRIN,35,56,50,1236,61800.00,2017-08-01 05:10:00.655400
4846,201708015106555,PRIN,4,56,100,1236,123600.00,2017-08-01 05:10:00.655500
4847,201708015106556,PRIN,43,56,25,1235,30875.00,2017-08-01 05:10:00.655600
4848,201708015106319,PRIN,48,14,25,1237,30925.00,2017-08-01 05:10:00.631900
4849,201708015106295,PRIN,45,40,202,1236,249672.00,2017-08-01 05:10:00.629500
4850,201708015106245,PRIN,4,37,78,1235,96330.00,2017-08-01 05:10:00.624500
4851,201708015105979,PRIN,41,37,100,1235,123500.00,2017-08-01 05:10:00.597900
4852,201708015105449,PRIN,53,58,42,1230,51660.00,2017-08-01 05:10:00.544900
4853,201708015105450,PRIN,16,58,98,1230,120540.00,2017-08-01 05:10:00.545000
4854,201708015105308,PRIN,53,21,42,1230,51660.00,2017-08-01 05:10:00.530800
4855,201708015105309,PRIN,53,21,258,1230,317340.00,2017-08-01 05:10:00.530900
4856,201708015105037,PRIN,35,35,1000,1230,1230000.00,2017-08-01 05:10:00.503700
4857,201708015104941,PRIN,49,37,150,1237,185550.00,2017-08-01 05:10:00.494100
4858,201708015104849,PRIN,53,28,15,1230,18450.00,2017-08-01 05:10:00.484900
4859,201708015104758,PRIN,6,28,30,1230,36900.00,2017-08-01 05:10:00.475800
4860,201708015104750,PRIN,21,45,120,1230,147600.00,2017-08-01 05:10:00.475000
4861,201708015104751,PRIN,6,45,30,1230,36900.00,2017-08-01 05:10:00.475100
4862,201708015104362,PRIN,35,35,1000,1225,1225000.00,2017-08-01 05:10:00.436200
4863,201708015104196,PRIN,20,53,364,1230,447720.00,2017-08-01 05:10:00.419600
4864,201708015104174,PRIN,49,26,476,1229,585004.00,2017-08-01 05:10:00.417400
4865,201708015104134,PRIN,53,26,100,1229,122900.00,2017-08-01 05:10:00.413400
4866,201708015104074,PRIN,58,26,200,1229,245800.00,2017-08-01 05:10:00.407400
4867,201708015103992,PRIN,20,5,201,1228,246828.00,2017-08-01 05:10:00.399200
4868,201708015103842,PRIN,32,36,150,1220,183000.00,2017-08-01 05:10:00.384200
4869,201708015103731,PRIN,6,18,20,1220,24400.00,2017-08-01 05:10:00.373100
4870,201708015103732,PRIN,43,18,20,1217,24340.00,2017-08-01 05:10:00.373200
4871,201708015103733,PRIN,21,18,10,1217,12170.00,2017-08-01 05:10:00.373300
4872,201708015103751,PRIN,21,41,40,1217,48680.00,2017-08-01 05:10:00.375100
4873,201708015103752,PRIN,21,41,210,1216,255360.00,2017-08-01 05:10:00.375200
4874,201708015103566,PRIN,49,49,212,1217,258004.00,2017-08-01 05:10:00.356600
4875,201708015103433,PRIN,20,6,100,1220,122000.00,2017-08-01 05:10:00.343300
4876,201708015103290,PRIN,29,26,24,1226,29424.00,2017-08-01 05:10:00.329000
4877,201708015103291,PRIN,48,26,30,1222,36660.00,2017-08-01 05:10:00.329100
4878,201708015103292,PRIN,6,26,20,1222,24440.00,2017-08-01 05:10:00.329200
4879,201708015103293,PRIN,26,26,100,1221,122100.00,2017-08-01 05:10:00.329300
4880,201708015103294,PRIN,55,26,150,1221,183150.00,2017-08-01 05:10:00.329400
4881,201708015103295,PRIN,21,26,200,1221,244200.00,2017-08-01 05:10:00.329500
4882,201708015103296,PRIN,33,26,500,1220,610000.00,2017-08-01 05:10:00.329600
4883,201708015103120,PRIN,29,47,26,1226,31876.00,2017-08-01 05:10:00.312000
4884,201708015103026,PRIN,8,36,100,1230,123000.00,2017-08-01 05:10:00.302600
4885,201708015103053,PRIN,8,53,106,1230,130380.00,2017-08-01 05:10:00.305300
4886,201708015103054,PRIN,34,53,80,1230,98400.00,2017-08-01 05:10:00.305400
4887,201708015102838,PRIN,17,32,50,1232,61600.00,2017-08-01 05:10:00.283800
4888,201708015102839,PRIN,26,32,72,1231,88632.00,2017-08-01 05:10:00.283900
4889,201708015102840,PRIN,57,32,85,1230,104550.00,2017-08-01 05:10:00.284000
4890,201708015102841,PRIN,8,32,94,1230,115620.00,2017-08-01 05:10:00.284100
4891,201708015102446,PRIN,26,38,28,1231,34468.00,2017-08-01 05:10:00.244600
4892,201708015102360,PRIN,20,48,200,1230,246000.00,2017-08-01 05:10:00.236000
4893,201708015102260,PRIN,39,37,45,1237,55665.00,2017-08-01 05:10:00.226000
4894,201708015102261,PRIN,41,37,10,1235,12350.00,2017-08-01 05:10:00.226100
4895,201708015102262,PRIN,41,37,10,1235,12350.00,2017-08-01 05:10:00.226200
4896,201708015102263,PRIN,55,37,20,1235,24700.00,2017-08-01 05:10:00.226300
4897,201708015102264,PRIN,17,37,50,1231,61550.00,2017-08-01 05:10:00.226400
4898,201708015102265,PRIN,48,37,100,1231,123100.00,2017-08-01 05:10:00.226500
4899,201708015102266,PRIN,42,37,50,1230,61500.00,2017-08-01 05:10:00.226600
4900,201708015102267,PRIN,49,37,500,1230,615000.00,2017-08-01 05:10:00.226700
4901,201708015102268,PRIN,4,37,200,1230,246000.00,2017-08-01 05:10:00.226800
4902,201708015102269,PRIN,57,37,15,1230,18450.00,2017-08-01 05:10:00.226900
4903,201708015101699,PRIN,21,53,35,1241,43435.00,2017-08-01 05:10:00.169900
4904,201708015101700,PRIN,39,53,50,1240,62000.00,2017-08-01 05:10:00.170000
4905,201708015101701,PRIN,45,53,50,1240,62000.00,2017-08-01 05:10:00.170100
4906,201708015101702,PRIN,43,53,100,1240,124000.00,2017-08-01 05:10:00.170200
4907,201708015101703,PRIN,55,53,50,1240,62000.00,2017-08-01 05:10:00.170300
4908,201708015101704,PRIN,26,53,4,1245,4980.00,2017-08-01 05:10:00.170400
4909,201708015101513,PRIN,52,14,50,1242,62100.00,2017-08-01 05:10:00.151300
4910,201708015101514,PRIN,21,14,65,1241,80665.00,2017-08-01 05:10:00.151400
4911,201708015101446,PRIN,7,36,100,1245,124500.00,2017-08-01 05:10:00.144600
4912,201708015101453,PRIN,13,36,469,1245,583905.00,2017-08-01 05:10:00.145300
4913,201708015101352,PRIN,4,37,300,1245,373500.00,2017-08-01 05:10:00.135200
4914,201708015101353,PRIN,4,37,200,1245,249000.00,2017-08-01 05:10:00.135300
4915,201708015101354,PRIN,47,37,50,1244,62200.00,2017-08-01 05:10:00.135400
4916,201708015101355,PRIN,1,37,100,1244,124400.00,2017-08-01 05:10:00.135500
4917,201708015101361,PRIN,16,37,50,1244,62200.00,2017-08-01 05:10:00.136100
4918,201708015101317,PRIN,17,44,100,1249,124900.00,2017-08-01 05:10:00.131700
4919,201708015101319,PRIN,52,53,100,1245,124500.00,2017-08-01 05:10:00.131900
4920,201708015101205,PRIN,42,44,100,1249,124900.00,2017-08-01 05:10:00.120500
4921,201708015101166,PRIN,54,26,100,1248,124800.00,2017-08-01 05:10:00.116600
4922,201708015101121,PRIN,18,35,197,1245,245265.00,2017-08-01 05:10:00.112100
4923,201708015101122,PRIN,18,10,300,1245,373500.00,2017-08-01 05:10:00.112200
4924,201708015100586,PRIN,16,35,100,1246,124600.00,2017-08-01 05:10:00.058600
4925,201708015100587,PRIN,49,35,703,1245,875235.00,2017-08-01 05:10:00.058700
4926,201708015100534,PRIN,53,35,200,1246,249200.00,2017-08-01 05:10:00.053400
4927,201708015100535,PRIN,46,35,50,1245,62250.00,2017-08-01 05:10:00.053500
4928,201708015100536,PRIN,34,35,250,1245,311250.00,2017-08-01 05:10:00.053600
4929,201708015100537,PRIN,49,35,297,1245,369765.00,2017-08-01 05:10:00.053700
4930,201708015100340,PRIN,22,44,20,1249,24980.00,2017-08-01 05:10:00.034000
4931,201708015100235,PRIN,42,32,100,1245,124500.00,2017-08-01 05:10:00.023500
4932,201708015100236,PRIN,19,32,40,1244,49760.00,2017-08-01 05:10:00.023600
4933,201708015100237,PRIN,47,32,100,1244,124400.00,2017-08-01 05:10:00.023700
4934,201708015100240,PRIN,47,1,50,1244,62200.00,2017-08-01 05:10:00.024000
4935,201708015100213,PRIN,36,32,14,1248,17472.00,2017-08-01 05:10:00.021300
4936,201708015100214,PRIN,45,32,200,1248,249600.00,2017-08-01 05:10:00.021400
4937,201708015100215,PRIN,8,32,200,1245,249000.00,2017-08-01 05:10:00.021500
4938,201708015100216,PRIN,48,32,196,1245,244020.00,2017-08-01 05:10:00.021600
4939,201708015100095,PRIN,55,35,60,1249,74940.00,2017-08-01 05:10:00.009500
4940,201708015100108,PRIN,55,29,50,1250,62500.00,2017-08-01 05:10:00.010800
4941,201708015100112,PRIN,36,52,100,1248,124800.00,2017-08-01 05:10:00.011200
4942,201708015099986,PRIN,36,40,60,1248,74880.00,2017-08-01 05:09:00.998600
4943,201708015099881,PRIN,36,50,326,1245,405870.00,2017-08-01 05:09:00.988100
4944,201708015099910,PRIN,10,52,200,1248,249600.00,2017-08-01 05:09:00.991000
4945,201708015099853,PRIN,48,50,50,1245,62250.00,2017-08-01 05:09:00.985300
4946,201708015099819,PRIN,40,41,100,1247,124700.00,2017-08-01 05:09:00.981900
4947,201708015099765,PRIN,1,17,24,1246,29904.00,2017-08-01 05:09:00.976500
4948,201708015099690,PRIN,45,56,100,1245,124500.00,2017-08-01 05:09:00.969000
4949,201708015099691,PRIN,45,41,200,1247,249400.00,2017-08-01 05:09:00.969100
4950,201708015099648,PRIN,34,56,50,1245,62250.00,2017-08-01 05:09:00.964800
4951,201708015099649,PRIN,20,56,50,1245,62250.00,2017-08-01 05:09:00.964900
4952,201708015099642,PRIN,26,37,26,1245,32370.00,2017-08-01 05:09:00.964200
4953,201708015099579,PRIN,26,41,50,1247,62350.00,2017-08-01 05:09:00.957900
4954,201708015099511,PRIN,20,52,100,1250,125000.00,2017-08-01 05:09:00.951100
4955,201708015099386,PRIN,36,29,100,1249,124900.00,2017-08-01 05:09:00.938600
4956,201708015099387,PRIN,36,17,250,1249,312250.00,2017-08-01 05:09:00.938700
4957,201708015099388,PRIN,36,41,50,1250,62500.00,2017-08-01 05:09:00.938800
4958,201708015099389,PRIN,36,29,59,1250,73750.00,2017-08-01 05:09:00.938900
4959,201708015099313,PRIN,55,29,100,1249,124900.00,2017-08-01 05:09:00.931300
4960,201708015099239,PRIN,1,6,100,1248,124800.00,2017-08-01 05:09:00.923900
4961,201708015099206,PRIN,34,37,150,1247,187050.00,2017-08-01 05:09:00.920600
4962,201707315098847,PRIN,21,21,50,1244,62200.00,2017-07-31 05:09:00.884700
4963,201707315098737,PRIN,28,25,200,1243,248600.00,2017-07-31 05:09:00.873700
4964,201707315098777,PRIN,48,50,62,1242,77004.00,2017-07-31 05:09:00.877700
4965,201707315098668,PRIN,7,21,50,1244,62200.00,2017-07-31 05:09:00.866800
4966,201707315098596,PRIN,28,26,300,1243,372900.00,2017-07-31 05:09:00.859600
4967,201707315098638,PRIN,1,21,100,1244,124400.00,2017-07-31 05:09:00.863800
4968,201707315098566,PRIN,11,35,12,1243,14916.00,2017-07-31 05:09:00.856600
4969,201707315098567,PRIN,16,35,20,1242,24840.00,2017-07-31 05:09:00.856700
4970,201707315098568,PRIN,28,35,100,1242,124200.00,2017-07-31 05:09:00.856800
4971,201707315098569,PRIN,48,35,100,1242,124200.00,2017-07-31 05:09:00.856900
4972,201707315098570,PRIN,37,35,146,1242,181332.00,2017-07-31 05:09:00.857000
4973,201707315098429,PRIN,8,26,200,1245,249000.00,2017-07-31 05:09:00.842900
4974,201707315098378,PRIN,45,41,50,1246,62300.00,2017-07-31 05:09:00.837800
4975,201707315098236,PRIN,11,7,13,1243,16159.00,2017-07-31 05:09:00.823600
4976,201707315098177,PRIN,5,35,63,1245,78435.00,2017-07-31 05:09:00.817700
4977,201707315098178,PRIN,35,35,75,1245,93375.00,2017-07-31 05:09:00.817800
4978,201707315098179,PRIN,1,35,150,1244,186600.00,2017-07-31 05:09:00.817900
4979,201707315098180,PRIN,40,35,150,1244,186600.00,2017-07-31 05:09:00.818000
4980,201707315098189,PRIN,50,35,62,1244,77128.00,2017-07-31 05:09:00.818900
4981,201707315098190,PRIN,50,7,38,1245,47310.00,2017-07-31 05:09:00.819000
4982,201707315098227,PRIN,29,7,39,1243,48477.00,2017-07-31 05:09:00.822700
4983,201707315098228,PRIN,29,7,60,1243,74580.00,2017-07-31 05:09:00.822800
4984,201707315098229,PRIN,21,7,50,1243,62150.00,2017-07-31 05:09:00.822900
4985,201707315098009,PRIN,26,33,14,1246,17444.00,2017-07-31 05:09:00.800900
4986,201707315098010,PRIN,59,33,49,1245,61005.00,2017-07-31 05:09:00.801000
4987,201707315098011,PRIN,32,33,37,1245,46065.00,2017-07-31 05:09:00.801100
4988,201707315098026,PRIN,32,35,63,1245,78435.00,2017-07-31 05:09:00.802600
4989,201707315098027,PRIN,5,35,137,1245,170565.00,2017-07-31 05:09:00.802700
4990,201707315097957,PRIN,26,41,36,1246,44856.00,2017-07-31 05:09:00.795700
4991,201707315097933,PRIN,22,25,100,1245,124500.00,2017-07-31 05:09:00.793300
4992,201707315097934,PRIN,28,25,100,1245,124500.00,2017-07-31 05:09:00.793400
4993,201707315097935,PRIN,53,25,50,1245,62250.00,2017-07-31 05:09:00.793500
4994,201707315097936,PRIN,59,25,251,1245,312495.00,2017-07-31 05:09:00.793600
4995,201707315097818,PRIN,45,35,500,1245,622500.00,2017-07-31 05:09:00.781800
4996,201707315097738,PRIN,8,34,31,1247,38657.00,2017-07-31 05:09:00.773800
4997,201707315097754,PRIN,22,49,50,1245,62250.00,2017-07-31 05:09:00.775400
4998,201707315097695,PRIN,40,41,19,1246,23674.00,2017-07-31 05:09:00.769500
4999,201707315097696,PRIN,54,41,20,1246,24920.00,2017-07-31 05:09:00.769600
5000,201707315097631,PRIN,8,51,70,1246,87220.00,2017-07-31 05:09:00.763100
5001,201707315097632,PRIN,14,51,30,1246,37380.00,2017-07-31 05:09:00.763200
5002,201707315097637,PRIN,14,51,70,1246,87220.00,2017-07-31 05:09:00.763700
5003,201707315097638,PRIN,29,51,50,1246,62300.00,2017-07-31 05:09:00.763800
5004,201707315097639,PRIN,40,51,81,1246,100926.00,2017-07-31 05:09:00.763900
5005,201707315097669,PRIN,21,34,50,1247,62350.00,2017-07-31 05:09:00.766900
5006,201707315097519,PRIN,45,34,50,1248,62400.00,2017-07-31 05:09:00.751900
5007,201707315097520,PRIN,32,34,100,1247,124700.00,2017-07-31 05:09:00.752000
5008,201707315097521,PRIN,43,34,200,1247,249400.00,2017-07-31 05:09:00.752100
5009,201707315097244,PRIN,43,35,50,1248,62400.00,2017-07-31 05:09:00.724400
5010,201707315097245,PRIN,45,35,150,1248,187200.00,2017-07-31 05:09:00.724500
5011,201707315097197,PRIN,6,34,160,1249,199840.00,2017-07-31 05:09:00.719700
5012,201707315097198,PRIN,34,34,50,1249,62450.00,2017-07-31 05:09:00.719800
5013,201707315097157,PRIN,10,44,40,1249,49960.00,2017-07-31 05:09:00.715700
5014,201707315097159,PRIN,6,44,40,1249,49960.00,2017-07-31 05:09:00.715900
5015,201707315096971,PRIN,26,44,100,1249,124900.00,2017-07-31 05:09:00.697100
5016,201707315096911,PRIN,17,44,100,1249,124900.00,2017-07-31 05:09:00.691100
5017,201707315096854,PRIN,17,44,50,1249,62450.00,2017-07-31 05:09:00.685400
5018,201707315096687,PRIN,8,49,100,1246,124600.00,2017-07-31 05:09:00.668700
5019,201707315096660,PRIN,38,44,100,1249,124900.00,2017-07-31 05:09:00.666000
5020,201707315096602,PRIN,45,35,200,1248,249600.00,2017-07-31 05:09:00.660200
5021,201707315096446,PRIN,45,49,66,1248,82368.00,2017-07-31 05:09:00.644600
5022,201707315096447,PRIN,26,49,50,1247,62350.00,2017-07-31 05:09:00.644700
5023,201707315096448,PRIN,32,49,14,1247,17458.00,2017-07-31 05:09:00.644800
5024,201707315096449,PRIN,8,49,370,1246,461020.00,2017-07-31 05:09:00.644900
5025,201707315096315,PRIN,26,44,100,1249,124900.00,2017-07-31 05:09:00.631500
5026,201707315096241,PRIN,45,49,34,1248,42432.00,2017-07-31 05:09:00.624100
5027,201707315096228,PRIN,16,44,450,1249,562050.00,2017-07-31 05:09:00.622800
5028,201707315096021,PRIN,45,42,81,1248,101088.00,2017-07-31 05:09:00.602100
5029,201707315096025,PRIN,7,44,20,1249,24980.00,2017-07-31 05:09:00.602500
5030,201707315095948,PRIN,45,42,200,1248,249600.00,2017-07-31 05:09:00.594800
5031,201707315095957,PRIN,33,42,100,1248,124800.00,2017-07-31 05:09:00.595700
5032,201707315095940,PRIN,37,44,900,1249,1124100.00,2017-07-31 05:09:00.594000
5033,201707315095788,PRIN,7,44,100,1249,124900.00,2017-07-31 05:09:00.578800
5034,201707315095717,PRIN,35,59,50,1250,62500.00,2017-07-31 05:09:00.571700
5035,201707315095662,PRIN,21,44,100,1249,124900.00,2017-07-31 05:09:00.566200
5036,201707315095667,PRIN,7,44,180,1249,224820.00,2017-07-31 05:09:00.566700
5037,201707315095618,PRIN,17,44,500,1249,624500.00,2017-07-31 05:09:00.561800
5038,201707315095432,PRIN,25,44,20,1249,24980.00,2017-07-31 05:09:00.543200
5039,201707315095288,PRIN,45,7,100,1248,124800.00,2017-07-31 05:09:00.528800
5040,201707315095310,PRIN,47,44,100,1249,124900.00,2017-07-31 05:09:00.531000
5041,201707315095125,PRIN,32,11,51,1247,63597.00,2017-07-31 05:09:00.512500
5042,201707315095045,PRIN,45,37,100,1248,124800.00,2017-07-31 05:09:00.504500
5043,201707315094813,PRIN,45,21,25,1248,31200.00,2017-07-31 05:09:00.481300
5044,201707315094814,PRIN,37,21,40,1247,49880.00,2017-07-31 05:09:00.481400
5045,201707315094815,PRIN,55,21,150,1245,186750.00,2017-07-31 05:09:00.481500
5046,201707315094816,PRIN,32,21,35,1245,43575.00,2017-07-31 05:09:00.481600
5047,201707315094762,PRIN,45,44,100,1249,124900.00,2017-07-31 05:09:00.476200
5048,201707315094720,PRIN,28,38,125,1248,156000.00,2017-07-31 05:09:00.472000
5049,201707315094721,PRIN,45,38,75,1248,93600.00,2017-07-31 05:09:00.472100
5050,201707315094566,PRIN,8,53,222,1248,277056.00,2017-07-31 05:09:00.456600
5051,201707315094567,PRIN,8,53,79,1248,98592.00,2017-07-31 05:09:00.456700
5052,201707315094461,PRIN,28,53,55,1248,68640.00,2017-07-31 05:09:00.446100
5053,201707315094462,PRIN,28,53,100,1248,124800.00,2017-07-31 05:09:00.446200
5054,201707315094411,PRIN,28,22,45,1248,56160.00,2017-07-31 05:09:00.441100
5055,201707315094245,PRIN,6,20,100,1247,124700.00,2017-07-31 05:09:00.424500
5056,201707315094111,PRIN,10,56,200,1246,249200.00,2017-07-31 05:09:00.411100
5057,201707315094112,PRIN,22,56,300,1246,373800.00,2017-07-31 05:09:00.411200
5058,201707315094113,PRIN,26,56,39,1245,48555.00,2017-07-31 05:09:00.411300
5059,201707315094114,PRIN,34,56,200,1245,249000.00,2017-07-31 05:09:00.411400
5060,201707315094115,PRIN,41,56,100,1245,124500.00,2017-07-31 05:09:00.411500
5061,201707315094116,PRIN,41,56,250,1245,311250.00,2017-07-31 05:09:00.411600
5062,201707315094117,PRIN,38,56,150,1245,186750.00,2017-07-31 05:09:00.411700
5063,201707315094118,PRIN,58,56,250,1244,311000.00,2017-07-31 05:09:00.411800
5064,201707315094119,PRIN,37,56,200,1244,248800.00,2017-07-31 05:09:00.411900
5065,201707315094120,PRIN,6,56,50,1243,62150.00,2017-07-31 05:09:00.412000
5066,201707315094121,PRIN,29,56,200,1243,248600.00,2017-07-31 05:09:00.412100
5067,201707315094122,PRIN,29,56,61,1243,75823.00,2017-07-31 05:09:00.412200
5068,201707315093882,PRIN,26,35,61,1245,75945.00,2017-07-31 05:09:00.388200
5069,201707315093848,PRIN,8,35,100,1245,124500.00,2017-07-31 05:09:00.384800
5070,201707315093779,PRIN,17,35,100,1245,124500.00,2017-07-31 05:09:00.377900
5071,201707315093745,PRIN,41,14,50,1243,62150.00,2017-07-31 05:09:00.374500
5072,201707315093655,PRIN,49,35,100,1245,124500.00,2017-07-31 05:09:00.365500
5073,201707315093646,PRIN,35,35,299,1245,372255.00,2017-07-31 05:09:00.364600
5074,201707315093647,PRIN,35,35,340,1245,423300.00,2017-07-31 05:09:00.364700
5075,201707315093600,PRIN,48,5,50,1246,62300.00,2017-07-31 05:09:00.360000
5076,201707315093601,PRIN,35,5,201,1245,250245.00,2017-07-31 05:09:00.360100
5077,201707315093383,PRIN,35,59,30,1250,37500.00,2017-07-31 05:09:00.338300
5078,201707315093392,PRIN,1,59,10,1250,12500.00,2017-07-31 05:09:00.339200
5079,201707315093269,PRIN,28,26,214,1248,267072.00,2017-07-31 05:09:00.326900
5080,201707315093238,PRIN,28,44,223,1249,278527.00,2017-07-31 05:09:00.323800
5081,201707315093239,PRIN,28,22,177,1249,221073.00,2017-07-31 05:09:00.323900
5082,201707315093177,PRIN,54,44,40,1249,49960.00,2017-07-31 05:09:00.317700
5083,201707315093213,PRIN,8,44,200,1249,249800.00,2017-07-31 05:09:00.321300
5084,201707315093156,PRIN,54,32,23,1248,28704.00,2017-07-31 05:09:00.315600
5085,201707315093157,PRIN,54,44,27,1249,33723.00,2017-07-31 05:09:00.315700
5086,201707315092971,PRIN,34,44,500,1249,624500.00,2017-07-31 05:09:00.297100
5087,201707315092794,PRIN,13,53,25,1248,31200.00,2017-07-31 05:09:00.279400
5088,201707315092795,PRIN,41,53,25,1248,31200.00,2017-07-31 05:09:00.279500
5089,201707315092796,PRIN,17,53,30,1245,37350.00,2017-07-31 05:09:00.279600
5090,201707315092797,PRIN,17,53,40,1245,49800.00,2017-07-31 05:09:00.279700
5091,201707315092798,PRIN,26,53,200,1243,248600.00,2017-07-31 05:09:00.279800
5092,201707315092799,PRIN,16,53,80,1242,99360.00,2017-07-31 05:09:00.279900
5093,201707315092748,PRIN,13,55,15,1248,18720.00,2017-07-31 05:09:00.274800
5094,201707315092621,PRIN,8,44,10,1249,12490.00,2017-07-31 05:09:00.262100
5095,201707315092541,PRIN,49,35,1500,1254,1881000.00,2017-07-31 05:09:00.254100
5096,201707315092484,PRIN,13,25,120,1250,150000.00,2017-07-31 05:09:00.248400
5097,201707315092479,PRIN,25,25,30,1250,37500.00,2017-07-31 05:09:00.247900
5098,201707315092253,PRIN,4,28,100,1250,125000.00,2017-07-31 05:09:00.225300
5099,201707315092272,PRIN,8,28,150,1250,187500.00,2017-07-31 05:09:00.227200
5100,201707315092201,PRIN,14,25,100,1250,125000.00,2017-07-31 05:09:00.220100
5101,201707315092202,PRIN,14,25,200,1250,250000.00,2017-07-31 05:09:00.220200
5102,201707315092114,PRIN,26,38,100,1251,125100.00,2017-07-31 05:09:00.211400
5103,201707315092068,PRIN,43,5,110,1251,137610.00,2017-07-31 05:09:00.206800
5104,201707315092069,PRIN,45,5,50,1250,62500.00,2017-07-31 05:09:00.206900
5105,201707315092070,PRIN,13,5,40,1250,50000.00,2017-07-31 05:09:00.207000
5106,201707315092084,PRIN,41,59,100,1257,125700.00,2017-07-31 05:09:00.208400
5107,201707315091931,PRIN,1,21,10,1254,12540.00,2017-07-31 05:09:00.193100
5108,201707315091932,PRIN,43,21,140,1251,175140.00,2017-07-31 05:09:00.193200
5109,201707315091893,PRIN,1,56,60,1254,75240.00,2017-07-31 05:09:00.189300
5110,201707315091898,PRIN,1,10,230,1254,288420.00,2017-07-31 05:09:00.189800
5111,201707315091824,PRIN,50,45,200,1255,251000.00,2017-07-31 05:09:00.182400
5112,201707315091837,PRIN,25,59,100,1255,125500.00,2017-07-31 05:09:00.183700
5113,201707315091838,PRIN,50,59,300,1255,376500.00,2017-07-31 05:09:00.183800
5114,201707315091804,PRIN,14,22,100,1259,125900.00,2017-07-31 05:09:00.180400
5115,201707315091714,PRIN,43,36,50,1256,62800.00,2017-07-31 05:09:00.171400
5116,201707315091624,PRIN,14,36,100,1256,125600.00,2017-07-31 05:09:00.162400
5117,201707315091625,PRIN,55,36,100,1256,125600.00,2017-07-31 05:09:00.162500
5118,201707315091563,PRIN,5,56,50,1258,62900.00,2017-07-31 05:09:00.156300
5119,201707315091564,PRIN,17,56,50,1258,62900.00,2017-07-31 05:09:00.156400
5120,201707315091517,PRIN,26,37,100,1259,125900.00,2017-07-31 05:09:00.151700
5121,201707315091403,PRIN,4,48,100,1259,125900.00,2017-07-31 05:09:00.140300
5122,201707315091416,PRIN,45,50,200,1260,252000.00,2017-07-31 05:09:00.141600
5123,201707315091315,PRIN,4,50,100,1260,126000.00,2017-07-31 05:09:00.131500
5124,201707315091318,PRIN,45,50,100,1260,126000.00,2017-07-31 05:09:00.131800
5125,201707315091322,PRIN,22,58,129,1258,162282.00,2017-07-31 05:09:00.132200
5126,201707315091323,PRIN,37,58,400,1258,503200.00,2017-07-31 05:09:00.132300
5127,201707315091332,PRIN,55,50,40,1260,50400.00,2017-07-31 05:09:00.133200
5128,201707315091297,PRIN,37,6,600,1258,754800.00,2017-07-31 05:09:00.129700
5129,201707315091264,PRIN,57,41,200,1260,252000.00,2017-07-31 05:09:00.126400
5130,201707315091223,PRIN,35,59,160,1259,201440.00,2017-07-31 05:09:00.122300
5131,201707315091166,PRIN,8,57,300,1259,377700.00,2017-07-31 05:09:00.116600
5132,201707315091177,PRIN,16,59,40,1260,50400.00,2017-07-31 05:09:00.117700
5133,201707315091178,PRIN,14,59,200,1259,251800.00,2017-07-31 05:09:00.117800
5134,201707315091179,PRIN,8,59,700,1259,881300.00,2017-07-31 05:09:00.117900
5135,201707315091145,PRIN,55,5,62,1263,78306.00,2017-07-31 05:09:00.114500
5136,201707315091085,PRIN,16,25,10,1260,12600.00,2017-07-31 05:09:00.108500
5137,201707315090984,PRIN,26,56,30,1260,37800.00,2017-07-31 05:09:00.098400
5138,201707315090985,PRIN,22,56,200,1259,251800.00,2017-07-31 05:09:00.098500
5139,201707315090986,PRIN,22,56,71,1258,89318.00,2017-07-31 05:09:00.098600
5140,201707315090758,PRIN,43,22,40,1261,50440.00,2017-07-31 05:09:00.075800
5141,201707315090759,PRIN,26,22,170,1260,214200.00,2017-07-31 05:09:00.075900
5142,201707315090649,PRIN,45,5,50,1263,63150.00,2017-07-31 05:09:00.064900
5143,201707315090594,PRIN,37,58,20,1263,25260.00,2017-07-31 05:09:00.059400
5144,201707315090595,PRIN,41,58,300,1262,378600.00,2017-07-31 05:09:00.059500
5145,201707315090596,PRIN,43,58,300,1262,378600.00,2017-07-31 05:09:00.059600
5146,201707315090597,PRIN,43,58,50,1261,63050.00,2017-07-31 05:09:00.059700
5147,201707315090598,PRIN,42,58,100,1261,126100.00,2017-07-31 05:09:00.059800
5148,201707315090599,PRIN,22,58,200,1261,252200.00,2017-07-31 05:09:00.059900
5149,201707315090600,PRIN,17,58,139,1260,175140.00,2017-07-31 05:09:00.060000
5150,201707315090601,PRIN,50,58,62,1260,78120.00,2017-07-31 05:09:00.060100
5151,201707315090602,PRIN,32,58,1000,1260,1260000.00,2017-07-31 05:09:00.060200
5152,201707315090569,PRIN,38,18,20,1264,25280.00,2017-07-31 05:09:00.056900
5153,201707315090570,PRIN,14,18,100,1264,126400.00,2017-07-31 05:09:00.057000
5154,201707315090571,PRIN,37,18,100,1263,126300.00,2017-07-31 05:09:00.057100
5155,201707315090572,PRIN,37,18,30,1263,37890.00,2017-07-31 05:09:00.057200
5156,201707315090477,PRIN,43,10,200,1267,253400.00,2017-07-31 05:09:00.047700
5157,201707315090478,PRIN,43,20,200,1267,253400.00,2017-07-31 05:09:00.047800
5158,201707315090449,PRIN,16,49,100,1268,126800.00,2017-07-31 05:09:00.044900
5159,201707315090435,PRIN,10,49,300,1268,380400.00,2017-07-31 05:09:00.043500
5160,201707315090342,PRIN,51,8,100,1269,126900.00,2017-07-31 05:09:00.034200
5161,201707315090347,PRIN,14,58,500,1268,634000.00,2017-07-31 05:09:00.034700
5162,201707315090348,PRIN,14,8,194,1269,246186.00,2017-07-31 05:09:00.034800
5163,201707315090358,PRIN,26,59,50,1265,63250.00,2017-07-31 05:09:00.035800
5164,201707315090359,PRIN,46,59,50,1263,63150.00,2017-07-31 05:09:00.035900
5165,201707315090360,PRIN,14,59,100,1262,126200.00,2017-07-31 05:09:00.036000
5166,201707315090363,PRIN,42,8,100,1269,126900.00,2017-07-31 05:09:00.036300
5167,201707315090320,PRIN,55,8,20,1269,25380.00,2017-07-31 05:09:00.032000
5168,201707315090270,PRIN,42,8,30,1269,38070.00,2017-07-31 05:09:00.027000
5169,201707315090252,PRIN,33,47,47,1268,59596.00,2017-07-31 05:09:00.025200
5170,201707315090124,PRIN,5,53,100,1264,126400.00,2017-07-31 05:09:00.012400
5171,201707315090098,PRIN,50,33,360,1260,453600.00,2017-07-31 05:09:00.009800
5172,201707315090101,PRIN,17,33,61,1260,76860.00,2017-07-31 05:09:00.010100
5173,201707315090063,PRIN,17,33,50,1265,63250.00,2017-07-31 05:09:00.006300
5174,201707315090064,PRIN,32,44,100,1260,126000.00,2017-07-31 05:09:00.006400
5175,201707315090065,PRIN,45,44,100,1260,126000.00,2017-07-31 05:09:00.006500
5176,201707315090002,PRIN,46,40,200,1262,252400.00,2017-07-31 05:09:00.000200
5177,201707315089936,PRIN,36,47,10,1271,12710.00,2017-07-31 05:08:00.993600
5178,201707315089937,PRIN,36,53,40,1273,50920.00,2017-07-31 05:08:00.993700
5179,201707315089938,PRIN,50,53,160,1273,203680.00,2017-07-31 05:08:00.993800
5180,201707315089939,PRIN,50,44,140,1274,178360.00,2017-07-31 05:08:00.993900
5181,201707315089940,PRIN,25,49,100,1268,126800.00,2017-07-31 05:08:00.994000
5182,201707315089941,PRIN,51,49,100,1267,126700.00,2017-07-31 05:08:00.994100
5183,201707315089942,PRIN,43,33,100,1266,126600.00,2017-07-31 05:08:00.994200
5184,201707315089943,PRIN,55,33,25,1265,31625.00,2017-07-31 05:08:00.994300
5185,201707315089944,PRIN,45,33,180,1265,227700.00,2017-07-31 05:08:00.994400
5186,201707315089946,PRIN,29,33,100,1265,126500.00,2017-07-31 05:08:00.994600
5187,201707315089917,PRIN,53,53,40,1270,50800.00,2017-07-31 05:08:00.991700
5188,201707315089908,PRIN,6,44,300,1274,382200.00,2017-07-31 05:08:00.990800
5189,201707315089862,PRIN,47,44,200,1275,255000.00,2017-07-31 05:08:00.986200
5190,201707315089865,PRIN,55,57,200,1265,253000.00,2017-07-31 05:08:00.986500
5191,201707315089866,PRIN,55,44,40,1275,51000.00,2017-07-31 05:08:00.986600
5192,201707315089875,PRIN,54,44,10,1275,12750.00,2017-07-31 05:08:00.987500
5193,201707315089859,PRIN,36,44,200,1275,255000.00,2017-07-31 05:08:00.985900
5194,201707315089845,PRIN,34,44,200,1270,254000.00,2017-07-31 05:08:00.984500
5195,201707315089850,PRIN,34,58,100,1279,127900.00,2017-07-31 05:08:00.985000
5196,201707315089843,PRIN,49,44,300,1270,381000.00,2017-07-31 05:08:00.984300
5197,201707305089659,PRIN,18,20,15,1272,19080.00,2017-07-30 05:08:00.965900
5198,201707305089660,PRIN,18,20,85,1268,107780.00,2017-07-30 05:08:00.966000
5199,201707305089663,PRIN,41,58,471,1274,600054.00,2017-07-30 05:08:00.966300
5200,201707305089677,PRIN,59,55,95,1270,120650.00,2017-07-30 05:08:00.967700
5201,201707305089679,PRIN,45,55,100,1275,127500.00,2017-07-30 05:08:00.967900
5202,201707305089517,PRIN,18,11,85,1266,107610.00,2017-07-30 05:08:00.951700
5203,201707305089554,PRIN,25,42,264,1272,335808.00,2017-07-30 05:08:00.955400
5204,201707305089560,PRIN,18,22,100,1272,127200.00,2017-07-30 05:08:00.956000
5205,201707305089591,PRIN,25,21,100,1273,127300.00,2017-07-30 05:08:00.959100
5206,201707305089427,PRIN,32,19,42,1263,53046.00,2017-07-30 05:08:00.942700
5207,201707305089466,PRIN,59,58,50,1268,63400.00,2017-07-30 05:08:00.946600
5208,201707305089467,PRIN,59,6,79,1270,100330.00,2017-07-30 05:08:00.946700
5209,201707305089402,PRIN,16,44,50,1268,63400.00,2017-07-30 05:08:00.940200
5210,201707305089408,PRIN,43,44,300,1268,380400.00,2017-07-30 05:08:00.940800
5211,201707305089299,PRIN,29,38,30,1265,37950.00,2017-07-30 05:08:00.929900
5212,201707305089300,PRIN,29,38,60,1265,75900.00,2017-07-30 05:08:00.930000
5213,201707305089349,PRIN,32,38,110,1265,139150.00,2017-07-30 05:08:00.934900
5214,201707305089218,PRIN,11,34,29,1270,36830.00,2017-07-30 05:08:00.921800
5215,201707305089224,PRIN,28,34,100,1271,127100.00,2017-07-30 05:08:00.922400
5216,201707305089249,PRIN,11,6,21,1270,26670.00,2017-07-30 05:08:00.924900
5217,201707305089127,PRIN,49,49,310,1269,393390.00,2017-07-30 05:08:00.912700
5218,201707305089137,PRIN,4,44,119,1270,151130.00,2017-07-30 05:08:00.913700
5219,201707305089138,PRIN,4,59,390,1270,495300.00,2017-07-30 05:08:00.913800
5220,201707305089139,PRIN,4,34,91,1270,115570.00,2017-07-30 05:08:00.913900
5221,201707305089150,PRIN,47,34,80,1270,101600.00,2017-07-30 05:08:00.915000
5222,201707305089151,PRIN,10,41,27,1267,34209.00,2017-07-30 05:08:00.915100
5223,201707305089152,PRIN,29,41,40,1266,50640.00,2017-07-30 05:08:00.915200
5224,201707305089153,PRIN,32,41,435,1266,550710.00,2017-07-30 05:08:00.915300
5225,201707305089071,PRIN,32,22,155,1270,196850.00,2017-07-30 05:08:00.907100
5226,201707305089073,PRIN,32,44,22,1270,27940.00,2017-07-30 05:08:00.907300
5227,201707305089074,PRIN,1,44,100,1270,127000.00,2017-07-30 05:08:00.907400
5228,201707305089104,PRIN,14,44,150,1270,190500.00,2017-07-30 05:08:00.910400
5229,201707305089034,PRIN,32,13,100,1270,127000.00,2017-07-30 05:08:00.903400
5230,201707305089000,PRIN,32,40,70,1270,88900.00,2017-07-30 05:08:00.900000
5231,201707305088956,PRIN,36,53,77,1268,97636.00,2017-07-30 05:08:00.895600
5232,201707305088957,PRIN,10,53,73,1267,92491.00,2017-07-30 05:08:00.895700
5233,201707305088874,PRIN,38,59,300,1270,381000.00,2017-07-30 05:08:00.887400
5234,201707305088901,PRIN,36,16,123,1268,155964.00,2017-07-30 05:08:00.890100
5235,201707305088840,PRIN,21,22,20,1274,25480.00,2017-07-30 05:08:00.884000
5236,201707305088843,PRIN,18,44,150,1271,190650.00,2017-07-30 05:08:00.884300
5237,201707305088850,PRIN,8,22,25,1274,31850.00,2017-07-30 05:08:00.885000
5238,201707305088860,PRIN,18,59,80,1271,101680.00,2017-07-30 05:08:00.886000
5239,201707305088861,PRIN,21,59,20,1270,25400.00,2017-07-30 05:08:00.886100
5240,201707305088862,PRIN,21,59,100,1270,127000.00,2017-07-30 05:08:00.886200
5241,201707305088863,PRIN,17,59,30,1270,38100.00,2017-07-30 05:08:00.886300
5242,201707305088864,PRIN,32,59,80,1270,101600.00,2017-07-30 05:08:00.886400
5243,201707305088767,PRIN,21,20,30,1274,38220.00,2017-07-30 05:08:00.876700
5244,201707305088768,PRIN,18,20,70,1271,88970.00,2017-07-30 05:08:00.876800
5245,201707305088699,PRIN,57,44,100,1275,127500.00,2017-07-30 05:08:00.869900
5246,201707305088719,PRIN,11,44,56,1275,71400.00,2017-07-30 05:08:00.871900
5247,201707305088732,PRIN,42,44,100,1275,127500.00,2017-07-30 05:08:00.873200
5248,201707305088669,PRIN,49,44,343,1275,437325.00,2017-07-30 05:08:00.866900
5249,201707305088670,PRIN,55,44,10,1275,12750.00,2017-07-30 05:08:00.867000
5250,201707305088620,PRIN,18,20,100,1276,127600.00,2017-07-30 05:08:00.862000
5251,201707305088625,PRIN,39,1,100,1278,127800.00,2017-07-30 05:08:00.862500
5252,201707305088631,PRIN,16,1,60,1278,76680.00,2017-07-30 05:08:00.863100
5253,201707305088634,PRIN,18,57,100,1276,127600.00,2017-07-30 05:08:00.863400
5254,201707305088530,PRIN,1,34,100,1278,127800.00,2017-07-30 05:08:00.853000
5255,201707305088531,PRIN,6,34,30,1278,38340.00,2017-07-30 05:08:00.853100
5256,201707305088535,PRIN,6,1,20,1278,25560.00,2017-07-30 05:08:00.853500
5257,201707305088558,PRIN,49,59,57,1275,72675.00,2017-07-30 05:08:00.855800
5258,201707305088572,PRIN,34,20,200,1276,255200.00,2017-07-30 05:08:00.857200
5259,201707305088573,PRIN,49,20,100,1275,127500.00,2017-07-30 05:08:00.857300
5260,201707305088473,PRIN,21,33,50,1274,63700.00,2017-07-30 05:08:00.847300
5261,201707305088419,PRIN,4,52,22,1279,28138.00,2017-07-30 05:08:00.841900
5262,201707305088420,PRIN,37,52,35,1279,44765.00,2017-07-30 05:08:00.842000
5263,201707305088421,PRIN,29,52,80,1275,102000.00,2017-07-30 05:08:00.842100
5264,201707305088422,PRIN,35,52,100,1275,127500.00,2017-07-30 05:08:00.842200
5265,201707305088423,PRIN,29,52,10,1274,12740.00,2017-07-30 05:08:00.842300
5266,201707305088449,PRIN,11,5,44,1279,56276.00,2017-07-30 05:08:00.844900
5267,201707305088375,PRIN,43,41,151,1275,192525.00,2017-07-30 05:08:00.837500
5268,201707305088376,PRIN,43,34,200,1275,255000.00,2017-07-30 05:08:00.837600
5269,201707305088377,PRIN,37,38,48,1275,61200.00,2017-07-30 05:08:00.837700
5270,201707305088378,PRIN,40,38,52,1275,66300.00,2017-07-30 05:08:00.837800
5271,201707305088384,PRIN,29,57,20,1275,25500.00,2017-07-30 05:08:00.838400
5272,201707305088409,PRIN,4,53,100,1279,127900.00,2017-07-30 05:08:00.840900
5273,201707305088410,PRIN,4,14,58,1279,74182.00,2017-07-30 05:08:00.841000
5274,201707305088300,PRIN,40,35,52,1275,66300.00,2017-07-30 05:08:00.830000
5275,201707305088301,PRIN,40,22,48,1275,61200.00,2017-07-30 05:08:00.830100
5276,201707305088332,PRIN,37,22,52,1275,66300.00,2017-07-30 05:08:00.833200
5277,201707305088333,PRIN,37,28,100,1275,127500.00,2017-07-30 05:08:00.833300
5278,201707305088272,PRIN,49,41,150,1274,191100.00,2017-07-30 05:08:00.827200
5279,201707305088273,PRIN,49,19,22,1275,28050.00,2017-07-30 05:08:00.827300
5280,201707305088274,PRIN,49,35,48,1275,61200.00,2017-07-30 05:08:00.827400
5281,201707305088245,PRIN,21,5,20,1274,25480.00,2017-07-30 05:08:00.824500
5282,201707305088209,PRIN,29,13,95,1273,120935.00,2017-07-30 05:08:00.820900
5283,201707305088090,PRIN,32,33,158,1265,199870.00,2017-07-30 05:08:00.809000
5284,201707305088102,PRIN,49,22,122,1270,154940.00,2017-07-30 05:08:00.810200
5285,201707305088103,PRIN,49,38,100,1275,127500.00,2017-07-30 05:08:00.810300
5286,201707305088104,PRIN,49,19,278,1275,354450.00,2017-07-30 05:08:00.810400
5287,201707305088018,PRIN,37,20,100,1266,126600.00,2017-07-30 05:08:00.801800
5288,201707305088019,PRIN,37,34,50,1266,63300.00,2017-07-30 05:08:00.801900
5289,201707305088039,PRIN,37,49,100,1267,126700.00,2017-07-30 05:08:00.803900
5290,201707305088046,PRIN,10,49,100,1267,126700.00,2017-07-30 05:08:00.804600
5291,201707305088047,PRIN,10,43,37,1270,46990.00,2017-07-30 05:08:00.804700
5292,201707305088048,PRIN,10,53,175,1270,222250.00,2017-07-30 05:08:00.804800
5293,201707305088049,PRIN,10,42,100,1270,127000.00,2017-07-30 05:08:00.804900
5294,201707305088050,PRIN,10,36,300,1270,381000.00,2017-07-30 05:08:00.805000
5295,201707305088051,PRIN,10,26,50,1270,63500.00,2017-07-30 05:08:00.805100
5296,201707305088052,PRIN,10,39,18,1270,22860.00,2017-07-30 05:08:00.805200
5297,201707305088058,PRIN,10,22,20,1270,25400.00,2017-07-30 05:08:00.805800
5298,201707305088059,PRIN,51,22,10,1265,12650.00,2017-07-30 05:08:00.805900
5299,201707305088060,PRIN,29,22,70,1265,88550.00,2017-07-30 05:08:00.806000
5300,201707305087986,PRIN,51,49,50,1265,63250.00,2017-07-30 05:08:00.798600
5301,201707305087987,PRIN,51,1,40,1265,50600.00,2017-07-30 05:08:00.798700
5302,201707305087988,PRIN,51,50,100,1265,126500.00,2017-07-30 05:08:00.798800
5303,201707305087914,PRIN,49,6,80,1261,100880.00,2017-07-30 05:08:00.791400
5304,201707305087915,PRIN,32,56,50,1263,63150.00,2017-07-30 05:08:00.791500
5305,201707305087916,PRIN,32,44,450,1263,568350.00,2017-07-30 05:08:00.791600
5306,201707305087918,PRIN,48,44,50,1263,63150.00,2017-07-30 05:08:00.791800
5307,201707305087919,PRIN,48,52,61,1264,77104.00,2017-07-30 05:08:00.791900
5308,201707305087920,PRIN,48,53,39,1264,49296.00,2017-07-30 05:08:00.792000
5309,201707305087926,PRIN,32,53,261,1264,329904.00,2017-07-30 05:08:00.792600
5310,201707305087927,PRIN,32,35,93,1264,117552.00,2017-07-30 05:08:00.792700
5311,201707305087835,PRIN,1,20,100,1260,126000.00,2017-07-30 05:08:00.783500
5312,201707305087857,PRIN,32,44,62,1261,78182.00,2017-07-30 05:08:00.785700
5313,201707305087858,PRIN,32,45,250,1262,315500.00,2017-07-30 05:08:00.785800
5314,201707305087767,PRIN,32,59,400,1260,504000.00,2017-07-30 05:08:00.776700
5315,201707305087754,PRIN,7,59,200,1260,252000.00,2017-07-30 05:08:00.775400
5316,201707305087756,PRIN,32,59,500,1260,630000.00,2017-07-30 05:08:00.775600
5317,201707305087718,PRIN,33,44,100,1260,126000.00,2017-07-30 05:08:00.771800
5318,201707305087729,PRIN,33,17,115,1260,144900.00,2017-07-30 05:08:00.772900
5319,201707305087734,PRIN,32,44,50,1260,63000.00,2017-07-30 05:08:00.773400
5320,201707305087735,PRIN,32,17,103,1260,129780.00,2017-07-30 05:08:00.773500
5321,201707305087662,PRIN,33,53,100,1260,126000.00,2017-07-30 05:08:00.766200
5322,201707305087640,PRIN,37,22,315,1260,396900.00,2017-07-30 05:08:00.764000
5323,201707305087595,PRIN,43,40,100,1259,125900.00,2017-07-30 05:08:00.759500
5324,201707305087597,PRIN,32,39,50,1260,63000.00,2017-07-30 05:08:00.759700
5325,201707305087598,PRIN,32,22,100,1263,126300.00,2017-07-30 05:08:00.759800
5326,201707305087599,PRIN,32,29,59,1264,74576.00,2017-07-30 05:08:00.759900
5327,201707305087600,PRIN,32,43,16,1264,20224.00,2017-07-30 05:08:00.760000
5328,201707305087601,PRIN,32,22,242,1264,305888.00,2017-07-30 05:08:00.760100
5329,201707305087602,PRIN,32,33,100,1265,126500.00,2017-07-30 05:08:00.760200
5330,201707305087603,PRIN,32,35,150,1265,189750.00,2017-07-30 05:08:00.760300
5331,201707305087604,PRIN,32,19,200,1265,253000.00,2017-07-30 05:08:00.760400
5332,201707305087605,PRIN,32,6,286,1265,361790.00,2017-07-30 05:08:00.760500
5333,201707305087496,PRIN,49,14,50,1259,62950.00,2017-07-30 05:08:00.749600
5334,201707305087497,PRIN,17,14,50,1259,62950.00,2017-07-30 05:08:00.749700
5335,201707305087498,PRIN,26,14,100,1256,125600.00,2017-07-30 05:08:00.749800
5336,201707305087499,PRIN,37,14,300,1255,376500.00,2017-07-30 05:08:00.749900
5337,201707305087459,PRIN,32,59,100,1260,126000.00,2017-07-30 05:08:00.745900
5338,201707305087460,PRIN,32,35,40,1260,50400.00,2017-07-30 05:08:00.746000
5339,201707305087461,PRIN,32,52,300,1260,378000.00,2017-07-30 05:08:00.746100
5340,201707305087352,PRIN,32,20,100,1259,125900.00,2017-07-30 05:08:00.735200
5341,201707305087353,PRIN,32,34,97,1259,122123.00,2017-07-30 05:08:00.735300
5342,201707305087354,PRIN,32,47,200,1259,251800.00,2017-07-30 05:08:00.735400
5343,201707305087369,PRIN,33,22,225,1260,283500.00,2017-07-30 05:08:00.736900
5344,201707305087303,PRIN,32,40,50,1260,63000.00,2017-07-30 05:08:00.730300
5345,201707305087304,PRIN,32,53,102,1260,128520.00,2017-07-30 05:08:00.730400
5346,201707305087306,PRIN,49,49,7000,1235,8645000.00,2017-07-30 05:08:00.730600
5347,201707305087257,PRIN,49,40,350,1258,440300.00,2017-07-30 05:08:00.725700
5348,201707305087258,PRIN,49,39,47,1259,59173.00,2017-07-30 05:08:00.725800
5349,201707305087259,PRIN,49,59,845,1260,1064700.00,2017-07-30 05:08:00.725900
5350,201707305087260,PRIN,49,17,100,1260,126000.00,2017-07-30 05:08:00.726000
5351,201707305087261,PRIN,49,50,50,1260,63000.00,2017-07-30 05:08:00.726100
5352,201707305087262,PRIN,49,42,200,1260,252000.00,2017-07-30 05:08:00.726200
5353,201707305087263,PRIN,49,22,100,1260,126000.00,2017-07-30 05:08:00.726300
5354,201707305087270,PRIN,49,48,541,1260,681660.00,2017-07-30 05:08:00.727000
5355,201707305087172,PRIN,7,59,100,1260,126000.00,2017-07-30 05:08:00.717200
5356,201707305087177,PRIN,26,40,100,1256,125600.00,2017-07-30 05:08:00.717700
5357,201707305087178,PRIN,45,40,100,1255,125500.00,2017-07-30 05:08:00.717800
5358,201707305087179,PRIN,33,40,370,1250,462500.00,2017-07-30 05:08:00.717900
5359,201707305087198,PRIN,32,40,430,1250,537500.00,2017-07-30 05:08:00.719800
5360,201707305087206,PRIN,37,42,193,1256,242408.00,2017-07-30 05:08:00.720600
5361,201707305087114,PRIN,33,41,130,1256,163280.00,2017-07-30 05:08:00.711400
5362,201707305087124,PRIN,33,8,100,1255,125500.00,2017-07-30 05:08:00.712400
5363,201707305087125,PRIN,33,40,45,1257,56565.00,2017-07-30 05:08:00.712500
5364,201707305087126,PRIN,33,10,300,1257,377100.00,2017-07-30 05:08:00.712600
5365,201707305087127,PRIN,33,59,100,1259,125900.00,2017-07-30 05:08:00.712700
5366,201707305087128,PRIN,33,19,200,1260,252000.00,2017-07-30 05:08:00.712800
5367,201707305087129,PRIN,33,29,200,1260,252000.00,2017-07-30 05:08:00.712900
5368,201707305087130,PRIN,33,59,55,1260,69300.00,2017-07-30 05:08:00.713000
5369,201707305087087,PRIN,55,40,150,1254,188100.00,2017-07-30 05:08:00.708700
5370,201707305087050,PRIN,7,5,50,1265,63250.00,2017-07-30 05:08:00.705000
5371,201707305087051,PRIN,37,20,100,1260,126000.00,2017-07-30 05:08:00.705100
5372,201707305087066,PRIN,7,20,100,1260,126000.00,2017-07-30 05:08:00.706600
5373,201707305087069,PRIN,33,53,100,1260,126000.00,2017-07-30 05:08:00.706900
5374,201707305086955,PRIN,49,29,10,1253,12530.00,2017-07-30 05:08:00.695500
5375,201707305086956,PRIN,49,21,200,1254,250800.00,2017-07-30 05:08:00.695600
5376,201707305086957,PRIN,49,53,75,1254,94050.00,2017-07-30 05:08:00.695700
5377,201707305086958,PRIN,49,38,100,1255,125500.00,2017-07-30 05:08:00.695800
5378,201707305086959,PRIN,49,43,10,1255,12550.00,2017-07-30 05:08:00.695900
5379,201707305086967,PRIN,49,35,1500,1254,1881000.00,2017-07-30 05:08:00.696700
5380,201707305086971,PRIN,37,22,100,1255,125500.00,2017-07-30 05:08:00.697100
5381,201707305086972,PRIN,37,37,500,1259,629500.00,2017-07-30 05:08:00.697200
5382,201707305086973,PRIN,37,40,100,1259,125900.00,2017-07-30 05:08:00.697300
5383,201707305086974,PRIN,37,37,500,1260,630000.00,2017-07-30 05:08:00.697400
5384,201707305086975,PRIN,37,53,400,1260,504000.00,2017-07-30 05:08:00.697500
5385,201707305087000,PRIN,7,53,100,1260,126000.00,2017-07-30 05:08:00.700000
5386,201707305087003,PRIN,37,19,150,1260,189000.00,2017-07-30 05:08:00.700300
5387,201707305086906,PRIN,7,40,20,1235,24700.00,2017-07-30 05:08:00.690600
5388,201707305086907,PRIN,55,40,100,1230,123000.00,2017-07-30 05:08:00.690700
5389,201707305086908,PRIN,32,40,500,1230,615000.00,2017-07-30 05:08:00.690800
5390,201707305086909,PRIN,26,40,100,1230,123000.00,2017-07-30 05:08:00.690900
5391,201707305086910,PRIN,49,40,1248,1230,1535040.00,2017-07-30 05:08:00.691000
5392,201707305086911,PRIN,49,40,69,1245,85905.00,2017-07-30 05:08:00.691100
5393,201707305086912,PRIN,49,49,200,1249,249800.00,2017-07-30 05:08:00.691200
5394,201707305086913,PRIN,49,53,200,1249,249800.00,2017-07-30 05:08:00.691300
5395,201707305086914,PRIN,49,17,260,1250,325000.00,2017-07-30 05:08:00.691400
5396,201707305086915,PRIN,49,49,200,1250,250000.00,2017-07-30 05:08:00.691500
5397,201707305086916,PRIN,49,32,627,1250,783750.00,2017-07-30 05:08:00.691600
5398,201707305086917,PRIN,49,45,150,1250,187500.00,2017-07-30 05:08:00.691700
5399,201707305086918,PRIN,49,10,1910,1250,2387500.00,2017-07-30 05:08:00.691800
5400,201707305086919,PRIN,49,58,136,1250,170000.00,2017-07-30 05:08:00.691900
5401,201707305086928,PRIN,49,53,100,1244,124400.00,2017-07-30 05:08:00.692800
5402,201707305086929,PRIN,49,58,64,1250,80000.00,2017-07-30 05:08:00.692900
5403,201707305086930,PRIN,49,46,200,1250,250000.00,2017-07-30 05:08:00.693000
5404,201707305086931,PRIN,49,43,100,1250,125000.00,2017-07-30 05:08:00.693100
5405,201707305086953,PRIN,37,41,310,1253,388430.00,2017-07-30 05:08:00.695300
5406,201707305086954,PRIN,37,29,190,1253,238070.00,2017-07-30 05:08:00.695400
5407,201707305086892,PRIN,7,8,40,1235,49400.00,2017-07-30 05:08:00.689200
5408,201707305086854,PRIN,21,40,85,1236,105060.00,2017-07-30 05:08:00.685400
5409,201707305086855,PRIN,48,40,200,1235,247000.00,2017-07-30 05:08:00.685500
5410,201707305086856,PRIN,58,40,100,1235,123500.00,2017-07-30 05:08:00.685600
5411,201707305086857,PRIN,32,40,446,1230,548580.00,2017-07-30 05:08:00.685700
5412,201707305086858,PRIN,37,40,200,1230,246000.00,2017-07-30 05:08:00.685800
5413,201707305086859,PRIN,14,40,300,1230,369000.00,2017-07-30 05:08:00.685900
5414,201707305086860,PRIN,16,40,100,1230,123000.00,2017-07-30 05:08:00.686000
5415,201707305086869,PRIN,55,40,200,1230,246000.00,2017-07-30 05:08:00.686900
5416,201707305086872,PRIN,55,40,100,1230,123000.00,2017-07-30 05:08:00.687200
5417,201707305086813,PRIN,32,29,104,1245,129480.00,2017-07-30 05:08:00.681300
5418,201707305086814,PRIN,32,36,50,1245,62250.00,2017-07-30 05:08:00.681400
5419,201707305086815,PRIN,32,22,100,1245,124500.00,2017-07-30 05:08:00.681500
5420,201707305086816,PRIN,32,53,100,1246,124600.00,2017-07-30 05:08:00.681600
5421,201707305086817,PRIN,32,47,200,1246,249200.00,2017-07-30 05:08:00.681700
5422,201707305086820,PRIN,37,47,150,1248,187200.00,2017-07-30 05:08:00.682000
5423,201707305086821,PRIN,37,43,100,1249,124900.00,2017-07-30 05:08:00.682100
5424,201707305086822,PRIN,37,17,250,1250,312500.00,2017-07-30 05:08:00.682200
5425,201707305086835,PRIN,21,33,15,1236,18540.00,2017-07-30 05:08:00.683500
5426,201707305086772,PRIN,50,46,150,1245,186750.00,2017-07-30 05:08:00.677200
5427,201707305086792,PRIN,7,46,142,1245,176790.00,2017-07-30 05:08:00.679200
5428,201707305086793,PRIN,7,40,45,1245,56025.00,2017-07-30 05:08:00.679300
5429,201707305086794,PRIN,7,45,10,1245,12450.00,2017-07-30 05:08:00.679400
5430,201707305086754,PRIN,7,46,200,1245,249000.00,2017-07-30 05:08:00.675400
5431,201707305086722,PRIN,7,53,329,1241,408289.00,2017-07-30 05:08:00.672200
5432,201707305086686,PRIN,7,20,50,1243,62150.00,2017-07-30 05:08:00.668600
5433,201707305086695,PRIN,48,53,250,1241,310250.00,2017-07-30 05:08:00.669500
5434,201707305086652,PRIN,55,58,100,1235,123500.00,2017-07-30 05:08:00.665200
5435,201707305086653,PRIN,43,58,39,1235,48165.00,2017-07-30 05:08:00.665300
5436,201707305086659,PRIN,7,36,150,1240,186000.00,2017-07-30 05:08:00.665900
5437,201707305086625,PRIN,7,39,105,1236,129780.00,2017-07-30 05:08:00.662500
5438,201707305086626,PRIN,7,43,116,1236,143376.00,2017-07-30 05:08:00.662600
5439,201707305086627,PRIN,7,57,150,1237,185550.00,2017-07-30 05:08:00.662700
5440,201707305086635,PRIN,7,34,29,1237,35873.00,2017-07-30 05:08:00.663500
5441,201707305086636,PRIN,7,34,130,1230,159900.00,2017-07-30 05:08:00.663600
5442,201707305086637,PRIN,7,34,41,1230,50430.00,2017-07-30 05:08:00.663700
5443,201707305086638,PRIN,7,57,75,1238,92850.00,2017-07-30 05:08:00.663800
5444,201707305086639,PRIN,7,53,56,1240,69440.00,2017-07-30 05:08:00.663900
5445,201707305086640,PRIN,7,48,117,1240,145080.00,2017-07-30 05:08:00.664000
5446,201707305086641,PRIN,7,48,50,1240,62000.00,2017-07-30 05:08:00.664100
5447,201707305086642,PRIN,7,5,50,1240,62000.00,2017-07-30 05:08:00.664200
5448,201707305086643,PRIN,7,20,50,1240,62000.00,2017-07-30 05:08:00.664300
5449,201707305086644,PRIN,7,58,61,1240,75640.00,2017-07-30 05:08:00.664400
5450,201707305086576,PRIN,7,41,150,1230,184500.00,2017-07-30 05:08:00.657600
5451,201707305086577,PRIN,7,13,780,1232,960960.00,2017-07-30 05:08:00.657700
5452,201707305086578,PRIN,7,47,200,1233,246600.00,2017-07-30 05:08:00.657800
5453,201707305086579,PRIN,7,22,400,1234,493600.00,2017-07-30 05:08:00.657900
5454,201707305086580,PRIN,7,1,500,1235,617500.00,2017-07-30 05:08:00.658000
5455,201707305086581,PRIN,7,59,20,1235,24700.00,2017-07-30 05:08:00.658100
5456,201707305086582,PRIN,7,29,300,1235,370500.00,2017-07-30 05:08:00.658200
5457,201707305086583,PRIN,7,39,20,1235,24700.00,2017-07-30 05:08:00.658300
5458,201707305086584,PRIN,7,35,230,1235,284050.00,2017-07-30 05:08:00.658400
5459,201707305086585,PRIN,7,22,100,1235,123500.00,2017-07-30 05:08:00.658500
5460,201707305086586,PRIN,7,53,50,1235,61750.00,2017-07-30 05:08:00.658600
5461,201707305086587,PRIN,7,45,176,1235,217360.00,2017-07-30 05:08:00.658700
5462,201707305086588,PRIN,7,35,74,1235,91390.00,2017-07-30 05:08:00.658800
5463,201707305086616,PRIN,7,35,326,1235,402610.00,2017-07-30 05:08:00.661600
5464,201707305086543,PRIN,7,33,150,1228,184200.00,2017-07-30 05:08:00.654300
5465,201707305086544,PRIN,7,29,200,1229,245800.00,2017-07-30 05:08:00.654400
5466,201707305086545,PRIN,7,46,500,1230,615000.00,2017-07-30 05:08:00.654500
5467,201707305086546,PRIN,7,21,50,1230,61500.00,2017-07-30 05:08:00.654600
5468,201707305086547,PRIN,7,42,200,1230,246000.00,2017-07-30 05:08:00.654700
5469,201707305086444,PRIN,53,51,76,1228,93328.00,2017-07-30 05:08:00.644400
5470,201707305086309,PRIN,32,10,51,1227,62577.00,2017-07-30 05:08:00.630900
5471,201707305086315,PRIN,56,29,50,1227,61350.00,2017-07-30 05:08:00.631500
5472,201707305086316,PRIN,56,29,50,1227,61350.00,2017-07-30 05:08:00.631600
5473,201707305086317,PRIN,32,29,49,1227,60123.00,2017-07-30 05:08:00.631700
5474,201707305086318,PRIN,20,29,100,1225,122500.00,2017-07-30 05:08:00.631800
5475,201707305086319,PRIN,18,29,100,1225,122500.00,2017-07-30 05:08:00.631900
5476,201707305086320,PRIN,42,29,40,1225,49000.00,2017-07-30 05:08:00.632000
5477,201707305086321,PRIN,26,29,70,1224,85680.00,2017-07-30 05:08:00.632100
5478,201707305086104,PRIN,42,26,100,1231,123100.00,2017-07-30 05:08:00.610400
5479,201707305086105,PRIN,42,13,100,1232,123200.00,2017-07-30 05:08:00.610500
5480,201707305086066,PRIN,45,13,120,1232,147840.00,2017-07-30 05:08:00.606600
5481,201707305085932,PRIN,32,40,220,1230,270600.00,2017-07-30 05:08:00.593200
5482,201707305085893,PRIN,45,29,300,1232,369600.00,2017-07-30 05:08:00.589300
5483,201707305085855,PRIN,45,19,100,1232,123200.00,2017-07-30 05:08:00.585500
5484,201707305085856,PRIN,45,29,200,1232,246400.00,2017-07-30 05:08:00.585600
5485,201707305085637,PRIN,56,35,50,1230,61500.00,2017-07-30 05:08:00.563700
5486,201707305085643,PRIN,32,45,351,1230,431730.00,2017-07-30 05:08:00.564300
5487,201707305085679,PRIN,56,7,250,1230,307500.00,2017-07-30 05:08:00.567900
5488,201707305085680,PRIN,45,7,100,1230,123000.00,2017-07-30 05:08:00.568000
5489,201707305085599,PRIN,32,53,20,1228,24560.00,2017-07-30 05:08:00.559900
5490,201707305085600,PRIN,39,53,200,1226,245200.00,2017-07-30 05:08:00.560000
5491,201707305085601,PRIN,43,53,280,1226,343280.00,2017-07-30 05:08:00.560100
5492,201707305085610,PRIN,56,7,150,1230,184500.00,2017-07-30 05:08:00.561000
5493,201707305085611,PRIN,56,45,50,1230,61500.00,2017-07-30 05:08:00.561100
5494,201707305085417,PRIN,49,59,30,1230,36900.00,2017-07-30 05:08:00.541700
5495,201707305085439,PRIN,55,20,49,1228,60172.00,2017-07-30 05:08:00.543900
5496,201707305085128,PRIN,45,29,200,1223,244600.00,2017-07-30 05:08:00.512800
5497,201707305085041,PRIN,35,51,20,1223,24460.00,2017-07-30 05:08:00.504100
5498,201707305085042,PRIN,45,51,80,1223,97840.00,2017-07-30 05:08:00.504200
5499,201707305084825,PRIN,18,4,100,1228,122800.00,2017-07-30 05:08:00.482500
5500,201707305084826,PRIN,45,4,49,1227,60123.00,2017-07-30 05:08:00.482600
5501,201707305084827,PRIN,55,4,36,1226,44136.00,2017-07-30 05:08:00.482700
5502,201707305084828,PRIN,32,4,110,1225,134750.00,2017-07-30 05:08:00.482800
5503,201707305084829,PRIN,33,4,100,1225,122500.00,2017-07-30 05:08:00.482900
5504,201707305084830,PRIN,7,4,141,1222,172302.00,2017-07-30 05:08:00.483000
5505,201707305084647,PRIN,45,7,201,1227,246627.00,2017-07-30 05:08:00.464700
5506,201707305084598,PRIN,50,21,100,1232,123200.00,2017-07-30 05:08:00.459800
5507,201707305084599,PRIN,21,21,65,1231,80015.00,2017-07-30 05:08:00.459900
5508,201707305084600,PRIN,32,21,200,1230,246000.00,2017-07-30 05:08:00.460000
5509,201707305084604,PRIN,32,7,300,1230,369000.00,2017-07-30 05:08:00.460400
5510,201707305084620,PRIN,43,35,300,1228,368400.00,2017-07-30 05:08:00.462000
5511,201707305084621,PRIN,45,35,200,1227,245400.00,2017-07-30 05:08:00.462100
5512,201707305084572,PRIN,21,47,50,1231,61550.00,2017-07-30 05:08:00.457200
5513,201707305084532,PRIN,6,40,50,1237,61850.00,2017-07-30 05:08:00.453200
5514,201707305084533,PRIN,45,40,40,1231,49240.00,2017-07-30 05:08:00.453300
5515,201707305084534,PRIN,21,40,35,1231,43085.00,2017-07-30 05:08:00.453400
5516,201707305084183,PRIN,55,20,264,1230,324720.00,2017-07-30 05:08:00.418300
5517,201707305084166,PRIN,26,20,86,1230,105780.00,2017-07-30 05:08:00.416600
5518,201707305084167,PRIN,55,20,50,1230,61500.00,2017-07-30 05:08:00.416700
5519,201707305084168,PRIN,38,20,100,1230,123000.00,2017-07-30 05:08:00.416800
5520,201707305084118,PRIN,40,46,386,1230,474780.00,2017-07-30 05:08:00.411800
5521,201707305084119,PRIN,26,46,14,1230,17220.00,2017-07-30 05:08:00.411900
5522,201707305084082,PRIN,53,19,25,1232,30800.00,2017-07-30 05:08:00.408200
5523,201707305084096,PRIN,53,45,25,1232,30800.00,2017-07-30 05:08:00.409600
5524,201707305084097,PRIN,43,45,500,1231,615500.00,2017-07-30 05:08:00.409700
5525,201707305084098,PRIN,32,45,475,1231,584725.00,2017-07-30 05:08:00.409800
5526,201707305084102,PRIN,32,46,25,1231,30775.00,2017-07-30 05:08:00.410200
5527,201707305083974,PRIN,43,49,128,1231,157568.00,2017-07-30 05:08:00.397400
5528,201707305083855,PRIN,13,49,100,1239,123900.00,2017-07-30 05:08:00.385500
5529,201707305083856,PRIN,13,22,100,1239,123900.00,2017-07-30 05:08:00.385600
5530,201707305083777,PRIN,32,58,64,1235,79040.00,2017-07-30 05:08:00.377700
5531,201707305083778,PRIN,32,58,100,1235,123500.00,2017-07-30 05:08:00.377800
5532,201707305083705,PRIN,36,47,50,1230,61500.00,2017-07-30 05:08:00.370500
5533,201707305083709,PRIN,45,38,25,1235,30875.00,2017-07-30 05:08:00.370900
5534,201707305083710,PRIN,45,58,55,1235,67925.00,2017-07-30 05:08:00.371000
5535,201707305083711,PRIN,33,47,100,1230,123000.00,2017-07-30 05:08:00.371100
5536,201707305083731,PRIN,33,25,100,1230,123000.00,2017-07-30 05:08:00.373100
5537,201707305083732,PRIN,53,25,50,1230,61500.00,2017-07-30 05:08:00.373200
5538,201707305083733,PRIN,7,25,50,1230,61500.00,2017-07-30 05:08:00.373300
5539,201707305083734,PRIN,40,25,114,1230,140220.00,2017-07-30 05:08:00.373400
5540,201707305083582,PRIN,39,38,25,1239,30975.00,2017-07-30 05:08:00.358200
5541,201707305083583,PRIN,5,38,100,1235,123500.00,2017-07-30 05:08:00.358300
5542,201707305083561,PRIN,39,56,75,1239,92925.00,2017-07-30 05:08:00.356100
5543,201707305083524,PRIN,32,1,400,1238,495200.00,2017-07-30 05:08:00.352400
5544,201707305083525,PRIN,55,20,100,1234,123400.00,2017-07-30 05:08:00.352500
5545,201707305083537,PRIN,39,56,25,1239,30975.00,2017-07-30 05:08:00.353700
5546,201707305083484,PRIN,32,45,150,1235,185250.00,2017-07-30 05:08:00.348400
5547,201707305083515,PRIN,56,29,100,1235,123500.00,2017-07-30 05:08:00.351500
5548,201707305083516,PRIN,32,29,100,1234,123400.00,2017-07-30 05:08:00.351600
5549,201707305083517,PRIN,55,29,100,1234,123400.00,2017-07-30 05:08:00.351700
5550,201707305083405,PRIN,36,26,100,1230,123000.00,2017-07-30 05:08:00.340500
5551,201707305083412,PRIN,32,10,100,1233,123300.00,2017-07-30 05:08:00.341200
5552,201707305083421,PRIN,32,29,100,1234,123400.00,2017-07-30 05:08:00.342100
5553,201707305083305,PRIN,32,58,181,1235,223535.00,2017-07-30 05:08:00.330500
5554,201707305083330,PRIN,20,45,200,1230,246000.00,2017-07-30 05:08:00.333000
5555,201707305083252,PRIN,32,58,200,1235,247000.00,2017-07-30 05:08:00.325200
5556,201707305083191,PRIN,32,26,90,1234,111060.00,2017-07-30 05:08:00.319100
5557,201707305083184,PRIN,59,35,40,1230,49200.00,2017-07-30 05:08:00.318400
5558,201707305083122,PRIN,17,26,10,1234,12340.00,2017-07-30 05:08:00.312200
5559,201707305083128,PRIN,59,5,150,1230,184500.00,2017-07-30 05:08:00.312800
5560,201707305083129,PRIN,34,5,220,1230,270600.00,2017-07-30 05:08:00.312900
5561,201707305083130,PRIN,59,5,260,1230,319800.00,2017-07-30 05:08:00.313000
5562,201707305083093,PRIN,33,54,100,1240,124000.00,2017-07-30 05:08:00.309300
5563,201707305083094,PRIN,53,26,50,1235,61750.00,2017-07-30 05:08:00.309400
5564,201707305083095,PRIN,36,26,100,1235,123500.00,2017-07-30 05:08:00.309500
5565,201707305083096,PRIN,53,26,300,1234,370200.00,2017-07-30 05:08:00.309600
5566,201707305083011,PRIN,7,53,200,1240,248000.00,2017-07-30 05:08:00.301100
5567,201707305083032,PRIN,49,44,150,1237,185550.00,2017-07-30 05:08:00.303200
5568,201707305083033,PRIN,55,44,100,1236,123600.00,2017-07-30 05:08:00.303300
5569,201707305083034,PRIN,32,44,100,1235,123500.00,2017-07-30 05:08:00.303400
5570,201707305083042,PRIN,46,44,100,1235,123500.00,2017-07-30 05:08:00.304200
5571,201707305083049,PRIN,5,44,100,1235,123500.00,2017-07-30 05:08:00.304900
5572,201707305082999,PRIN,56,33,50,1238,61900.00,2017-07-30 05:08:00.299900
5573,201707305082936,PRIN,7,22,81,1244,100764.00,2017-07-30 05:08:00.293600
5574,201707305082937,PRIN,7,26,100,1245,124500.00,2017-07-30 05:08:00.293700
5575,201707305082938,PRIN,7,58,19,1245,23655.00,2017-07-30 05:08:00.293800
5576,201707305082874,PRIN,29,44,300,1249,374700.00,2017-07-30 05:08:00.287400
5577,201707305082819,PRIN,49,5,26,1240,32240.00,2017-07-30 05:08:00.281900
5578,201707305082822,PRIN,49,7,174,1242,216108.00,2017-07-30 05:08:00.282200
5579,201707305082824,PRIN,32,7,26,1242,32292.00,2017-07-30 05:08:00.282400
5580,201707305082825,PRIN,32,20,200,1243,248600.00,2017-07-30 05:08:00.282500
5581,201707305082826,PRIN,32,41,441,1244,548604.00,2017-07-30 05:08:00.282600
5582,201707305082790,PRIN,20,37,100,1240,124000.00,2017-07-30 05:08:00.279000
5583,201707305082806,PRIN,37,37,200,1240,248000.00,2017-07-30 05:08:00.280600
5584,201707305082748,PRIN,57,22,100,1235,123500.00,2017-07-30 05:08:00.274800
5585,201707305082759,PRIN,40,22,100,1235,123500.00,2017-07-30 05:08:00.275900
5586,201707305082766,PRIN,32,22,239,1235,295165.00,2017-07-30 05:08:00.276600
5587,201707305082700,PRIN,28,22,88,1235,108680.00,2017-07-30 05:08:00.270000
5588,201707305082704,PRIN,41,53,76,1239,94164.00,2017-07-30 05:08:00.270400
5589,201707305082706,PRIN,28,22,12,1235,14820.00,2017-07-30 05:08:00.270600
5590,201707305082707,PRIN,7,22,100,1235,123500.00,2017-07-30 05:08:00.270700
5591,201707305082708,PRIN,28,22,100,1235,123500.00,2017-07-30 05:08:00.270800
5592,201707305082675,PRIN,54,20,100,1235,123500.00,2017-07-30 05:08:00.267500
5593,201707305082681,PRIN,44,20,500,1235,617500.00,2017-07-30 05:08:00.268100
5594,201707305082603,PRIN,56,20,100,1235,123500.00,2017-07-30 05:08:00.260300
5595,201707305082548,PRIN,17,8,100,1231,123100.00,2017-07-30 05:08:00.254800
5596,201707305082471,PRIN,57,22,100,1235,123500.00,2017-07-30 05:08:00.247100
5597,201707305082480,PRIN,17,22,50,1235,61750.00,2017-07-30 05:08:00.248000
5598,201707305082438,PRIN,29,29,100,1235,123500.00,2017-07-30 05:08:00.243800
5599,201707305082339,PRIN,44,25,200,1228,245600.00,2017-07-30 05:08:00.233900
5600,201707305082340,PRIN,44,21,50,1228,61400.00,2017-07-30 05:08:00.234000
5601,201707305082341,PRIN,44,53,100,1228,122800.00,2017-07-30 05:08:00.234100
5602,201707305082342,PRIN,44,58,200,1229,245800.00,2017-07-30 05:08:00.234200
5603,201707305082343,PRIN,44,22,88,1229,108152.00,2017-07-30 05:08:00.234300
5604,201707305082344,PRIN,44,41,310,1230,381300.00,2017-07-30 05:08:00.234400
5605,201707305082304,PRIN,53,13,30,1220,36600.00,2017-07-30 05:08:00.230400
5606,201707305082305,PRIN,32,13,120,1220,146400.00,2017-07-30 05:08:00.230500
5607,201707305082306,PRIN,32,51,100,1220,122000.00,2017-07-30 05:08:00.230600
5608,201707305082316,PRIN,33,59,176,1220,214720.00,2017-07-30 05:08:00.231600
5609,201707305082317,PRIN,33,49,300,1225,367500.00,2017-07-30 05:08:00.231700
5610,201707305082318,PRIN,33,29,150,1225,183750.00,2017-07-30 05:08:00.231800
5611,201707305082285,PRIN,38,42,100,1215,121500.00,2017-07-30 05:08:00.228500
5612,201707305082286,PRIN,44,47,52,1215,63180.00,2017-07-30 05:08:00.228600
5613,201707305082291,PRIN,7,34,300,1219,365700.00,2017-07-30 05:08:00.229100
5614,201707305082246,PRIN,38,48,100,1215,121500.00,2017-07-30 05:08:00.224600
5615,201707305082181,PRIN,53,29,50,1218,60900.00,2017-07-30 05:08:00.218100
5616,201707305082182,PRIN,53,5,50,1218,60900.00,2017-07-30 05:08:00.218200
5617,201707305082166,PRIN,34,33,200,1215,243000.00,2017-07-30 05:08:00.216600
5618,201707305082135,PRIN,20,22,75,1215,91125.00,2017-07-30 05:08:00.213500
5619,201707305082136,PRIN,20,35,100,1215,121500.00,2017-07-30 05:08:00.213600
5620,201707305082114,PRIN,28,35,100,1210,121000.00,2017-07-30 05:08:00.211400
5621,201707305082040,PRIN,32,51,50,1210,60500.00,2017-07-30 05:08:00.204000
5622,201707305082016,PRIN,11,51,50,1210,60500.00,2017-07-30 05:08:00.201600
5623,201707305081992,PRIN,32,50,138,1214,167532.00,2017-07-30 05:08:00.199200
5624,201707305081993,PRIN,32,25,300,1215,364500.00,2017-07-30 05:08:00.199300
5625,201707305081994,PRIN,32,29,150,1215,182250.00,2017-07-30 05:08:00.199400
5626,201707305081995,PRIN,32,42,15,1215,18225.00,2017-07-30 05:08:00.199500
5627,201707305081896,PRIN,20,21,250,1215,303750.00,2017-07-30 05:08:00.189600
5628,201707305081897,PRIN,29,21,100,1215,121500.00,2017-07-30 05:08:00.189700
5629,201707305081903,PRIN,34,20,100,1215,121500.00,2017-07-30 05:08:00.190300
5630,201707305081904,PRIN,34,58,677,1220,825940.00,2017-07-30 05:08:00.190400
5631,201707305081861,PRIN,20,5,50,1215,60750.00,2017-07-30 05:08:00.186100
5632,201707305081872,PRIN,28,58,200,1220,244000.00,2017-07-30 05:08:00.187200
5633,201707305081820,PRIN,20,49,100,1215,121500.00,2017-07-30 05:08:00.182000
5634,201707305081806,PRIN,29,49,100,1209,120900.00,2017-07-30 05:08:00.180600
5635,201707305081807,PRIN,29,59,150,1210,181500.00,2017-07-30 05:08:00.180700
5636,201707305081790,PRIN,20,52,30,1196,35880.00,2017-07-30 05:08:00.179000
5637,201707305081756,PRIN,32,48,200,1199,239800.00,2017-07-30 05:08:00.175600
5638,201707305081757,PRIN,32,22,200,1200,240000.00,2017-07-30 05:08:00.175700
5639,201707305081735,PRIN,19,19,51,1192,60792.00,2017-07-30 05:08:00.173500
5640,201707305081724,PRIN,37,48,150,1190,178500.00,2017-07-30 05:08:00.172400
5641,201707305081614,PRIN,45,21,100,1205,120500.00,2017-07-30 05:08:00.161400
5642,201707305081615,PRIN,11,21,200,1200,240000.00,2017-07-30 05:08:00.161500
5643,201707305081598,PRIN,40,22,12,1215,14580.00,2017-07-30 05:08:00.159800
5644,201707305081599,PRIN,42,22,100,1210,121000.00,2017-07-30 05:08:00.159900
5645,201707305081548,PRIN,40,47,50,1215,60750.00,2017-07-30 05:08:00.154800
5646,201707305081549,PRIN,40,47,88,1215,106920.00,2017-07-30 05:08:00.154900
5647,201707275081361,PRIN,5,21,100,1219,121900.00,2017-07-27 05:08:00.136100
5648,201707275081287,PRIN,55,56,100,1220,122000.00,2017-07-27 05:08:00.128700
5649,201707275081288,PRIN,25,56,50,1220,61000.00,2017-07-27 05:08:00.128800
5650,201707275081289,PRIN,22,56,100,1220,122000.00,2017-07-27 05:08:00.128900
5651,201707275081290,PRIN,48,56,50,1220,61000.00,2017-07-27 05:08:00.129000
5652,201707275081216,PRIN,1,17,20,1225,24500.00,2017-07-27 05:08:00.121600
5653,201707275081217,PRIN,40,17,100,1225,122500.00,2017-07-27 05:08:00.121700
5654,201707275081218,PRIN,44,17,529,1222,646438.00,2017-07-27 05:08:00.121800
5655,201707275081219,PRIN,57,17,50,1221,61050.00,2017-07-27 05:08:00.121900
5656,201707275081220,PRIN,34,17,20,1220,24400.00,2017-07-27 05:08:00.122000
5657,201707275081221,PRIN,28,17,100,1220,122000.00,2017-07-27 05:08:00.122100
5658,201707275081222,PRIN,6,17,25,1220,30500.00,2017-07-27 05:08:00.122200
5659,201707275081223,PRIN,20,17,200,1220,244000.00,2017-07-27 05:08:00.122300
5660,201707275081110,PRIN,10,49,50,1229,61450.00,2017-07-27 05:08:00.111000
5661,201707275081112,PRIN,1,36,205,1225,251125.00,2017-07-27 05:08:00.111200
5662,201707275081047,PRIN,28,49,200,1229,245800.00,2017-07-27 05:08:00.104700
5663,201707275081050,PRIN,47,45,100,1225,122500.00,2017-07-27 05:08:00.105000
5664,201707275081059,PRIN,1,34,25,1225,30625.00,2017-07-27 05:08:00.105900
5665,201707275080946,PRIN,49,5,250,1230,307500.00,2017-07-27 05:08:00.094600
5666,201707275080909,PRIN,50,5,50,1230,61500.00,2017-07-27 05:08:00.090900
5667,201707275080791,PRIN,5,49,205,1225,251125.00,2017-07-27 05:08:00.079100
5668,201707275080854,PRIN,43,50,100,1224,122400.00,2017-07-27 05:08:00.085400
5669,201707275080855,PRIN,14,50,100,1223,122300.00,2017-07-27 05:08:00.085500
5670,201707275080856,PRIN,44,50,275,1222,336050.00,2017-07-27 05:08:00.085600
5671,201707275080708,PRIN,16,49,100,1229,122900.00,2017-07-27 05:08:00.070800
5672,201707275080709,PRIN,5,49,200,1226,245200.00,2017-07-27 05:08:00.070900
5673,201707275080710,PRIN,34,49,85,1225,104125.00,2017-07-27 05:08:00.071000
5674,201707275080711,PRIN,14,49,100,1225,122500.00,2017-07-27 05:08:00.071100
5675,201707275080712,PRIN,35,49,40,1225,49000.00,2017-07-27 05:08:00.071200
5676,201707275080713,PRIN,25,49,500,1225,612500.00,2017-07-27 05:08:00.071300
5677,201707275080775,PRIN,43,49,270,1225,330750.00,2017-07-27 05:08:00.077500
5678,201707275080624,PRIN,7,35,150,1229,184350.00,2017-07-27 05:08:00.062400
5679,201707275080632,PRIN,5,58,105,1229,129045.00,2017-07-27 05:08:00.063200
5680,201707275080633,PRIN,5,17,192,1230,236160.00,2017-07-27 05:08:00.063300
5681,201707275080533,PRIN,41,16,25,1225,30625.00,2017-07-27 05:08:00.053300
5682,201707275080534,PRIN,7,16,150,1225,183750.00,2017-07-27 05:08:00.053400
5683,201707275080535,PRIN,41,16,100,1225,122500.00,2017-07-27 05:08:00.053500
5684,201707275080536,PRIN,34,16,15,1225,18375.00,2017-07-27 05:08:00.053600
5685,201707275080540,PRIN,57,53,200,1229,245800.00,2017-07-27 05:08:00.054000
5686,201707275080523,PRIN,5,8,200,1226,245200.00,2017-07-27 05:08:00.052300
5687,201707275080412,PRIN,7,54,200,1226,245200.00,2017-07-27 05:08:00.041200
5688,201707275080439,PRIN,11,17,50,1230,61500.00,2017-07-27 05:08:00.043900
5689,201707275080334,PRIN,41,34,75,1225,91875.00,2017-07-27 05:08:00.033400
5690,201707275080342,PRIN,7,55,50,1225,61250.00,2017-07-27 05:08:00.034200
5691,201707275080244,PRIN,7,21,126,1229,154854.00,2017-07-27 05:08:00.024400
5692,201707275080278,PRIN,50,16,200,1226,245200.00,2017-07-27 05:08:00.027800
5693,201707275080189,PRIN,5,56,200,1226,245200.00,2017-07-27 05:08:00.018900
5694,201707275080202,PRIN,19,21,120,1229,147480.00,2017-07-27 05:08:00.020200
5695,201707275080132,PRIN,5,42,170,1226,208420.00,2017-07-27 05:08:00.013200
5696,201707275080080,PRIN,5,5,68,1226,83368.00,2017-07-27 05:08:00.008000
5697,201707275079947,PRIN,57,17,100,1230,123000.00,2017-07-27 05:07:00.994700
5698,201707275079873,PRIN,40,49,40,1230,49200.00,2017-07-27 05:07:00.987300
5699,201707275079906,PRIN,48,57,25,1232,30800.00,2017-07-27 05:07:00.990600
5700,201707275079907,PRIN,48,50,25,1233,30825.00,2017-07-27 05:07:00.990700
5701,201707275079912,PRIN,40,17,60,1231,73860.00,2017-07-27 05:07:00.991200
5702,201707275079852,PRIN,40,49,200,1232,246400.00,2017-07-27 05:07:00.985200
5703,201707275079853,PRIN,42,49,400,1231,492400.00,2017-07-27 05:07:00.985300
5704,201707275079854,PRIN,57,49,60,1230,73800.00,2017-07-27 05:07:00.985400
5705,201707275079855,PRIN,5,49,200,1230,246000.00,2017-07-27 05:07:00.985500
5706,201707275079856,PRIN,43,49,100,1230,123000.00,2017-07-27 05:07:00.985600
5707,201707275079738,PRIN,43,58,50,1234,61700.00,2017-07-27 05:07:00.973800
5708,201707275079739,PRIN,43,22,100,1234,123400.00,2017-07-27 05:07:00.973900
5709,201707275079712,PRIN,6,58,50,1234,61700.00,2017-07-27 05:07:00.971200
5710,201707275079649,PRIN,57,8,100,1230,123000.00,2017-07-27 05:07:00.964900
5711,201707275079667,PRIN,55,58,100,1234,123400.00,2017-07-27 05:07:00.966700
5712,201707275079617,PRIN,40,58,100,1234,123400.00,2017-07-27 05:07:00.961700
5713,201707275079579,PRIN,57,22,140,1230,172200.00,2017-07-27 05:07:00.957900
5714,201707275079589,PRIN,5,50,527,1230,648210.00,2017-07-27 05:07:00.958900
5715,201707275079480,PRIN,5,8,90,1223,110070.00,2017-07-27 05:07:00.948000
5716,201707275079452,PRIN,5,17,190,1223,232370.00,2017-07-27 05:07:00.945200
5717,201707275079458,PRIN,44,17,12,1222,14664.00,2017-07-27 05:07:00.945800
5718,201707275079470,PRIN,5,8,10,1223,12230.00,2017-07-27 05:07:00.947000
5719,201707275079365,PRIN,1,21,200,1233,246600.00,2017-07-27 05:07:00.936500
5720,201707275079377,PRIN,36,58,100,1232,123200.00,2017-07-27 05:07:00.937700
5721,201707275079322,PRIN,20,58,100,1232,123200.00,2017-07-27 05:07:00.932200
5722,201707275079350,PRIN,20,39,100,1233,123300.00,2017-07-27 05:07:00.935000
5723,201707275079280,PRIN,44,37,100,1231,123100.00,2017-07-27 05:07:00.928000
5724,201707275079300,PRIN,55,58,100,1232,123200.00,2017-07-27 05:07:00.930000
5725,201707275079202,PRIN,44,57,84,1229,103236.00,2017-07-27 05:07:00.920200
5726,201707275079116,PRIN,34,41,100,1220,122000.00,2017-07-27 05:07:00.911600
5727,201707275079133,PRIN,47,59,200,1225,245000.00,2017-07-27 05:07:00.913300
5728,201707275079085,PRIN,20,19,200,1224,244800.00,2017-07-27 05:07:00.908500
5729,201707275079018,PRIN,40,53,100,1225,122500.00,2017-07-27 05:07:00.901800
5730,201707275078983,PRIN,5,40,100,1220,122000.00,2017-07-27 05:07:00.898300
5731,201707275078868,PRIN,40,37,100,1220,122000.00,2017-07-27 05:07:00.886800
5732,201707275078880,PRIN,6,49,75,1218,91350.00,2017-07-27 05:07:00.888000
5733,201707275078881,PRIN,5,37,130,1220,158600.00,2017-07-27 05:07:00.888100
5734,201707275078834,PRIN,26,37,20,1220,24400.00,2017-07-27 05:07:00.883400
5735,201707275078759,PRIN,7,37,274,1218,333732.00,2017-07-27 05:07:00.875900
5736,201707275078646,PRIN,6,49,30,1221,36630.00,2017-07-27 05:07:00.864600
5737,201707275078647,PRIN,5,49,32,1220,39040.00,2017-07-27 05:07:00.864700
5738,201707275078648,PRIN,37,49,50,1220,61000.00,2017-07-27 05:07:00.864800
5739,201707275078649,PRIN,44,49,100,1220,122000.00,2017-07-27 05:07:00.864900
5740,201707275078670,PRIN,22,49,88,1220,107360.00,2017-07-27 05:07:00.867000
5741,201707275078607,PRIN,5,7,200,1221,244200.00,2017-07-27 05:07:00.860700
5742,201707275078611,PRIN,22,53,50,1225,61250.00,2017-07-27 05:07:00.861100
5743,201707275078612,PRIN,6,53,50,1221,61050.00,2017-07-27 05:07:00.861200
5744,201707275078613,PRIN,44,53,432,1220,527040.00,2017-07-27 05:07:00.861300
5745,201707275078614,PRIN,22,53,200,1220,244000.00,2017-07-27 05:07:00.861400
5746,201707275078615,PRIN,25,53,100,1220,122000.00,2017-07-27 05:07:00.861500
5747,201707275078616,PRIN,5,53,168,1220,204960.00,2017-07-27 05:07:00.861600
5748,201707275078448,PRIN,41,52,89,1225,109025.00,2017-07-27 05:07:00.844800
5749,201707275078353,PRIN,44,59,370,1220,451400.00,2017-07-27 05:07:00.835300
5750,201707275078296,PRIN,43,38,80,1223,97840.00,2017-07-27 05:07:00.829600
5751,201707275078307,PRIN,43,59,30,1230,36900.00,2017-07-27 05:07:00.830700
5752,201707275078312,PRIN,22,39,96,1226,117696.00,2017-07-27 05:07:00.831200
5753,201707275078324,PRIN,43,45,70,1226,85820.00,2017-07-27 05:07:00.832400
5754,201707275078325,PRIN,29,45,72,1222,87984.00,2017-07-27 05:07:00.832500
5755,201707275078326,PRIN,59,45,50,1221,61050.00,2017-07-27 05:07:00.832600
5756,201707275078327,PRIN,21,45,200,1221,244200.00,2017-07-27 05:07:00.832700
5757,201707275078328,PRIN,42,45,100,1220,122000.00,2017-07-27 05:07:00.832800
5758,201707275078329,PRIN,43,45,10,1220,12200.00,2017-07-27 05:07:00.832900
5759,201707275078330,PRIN,46,45,200,1220,244000.00,2017-07-27 05:07:00.833000
5760,201707275078331,PRIN,4,45,300,1220,366000.00,2017-07-27 05:07:00.833100
5761,201707275078332,PRIN,21,45,100,1220,122000.00,2017-07-27 05:07:00.833200
5762,201707275078333,PRIN,45,45,100,1220,122000.00,2017-07-27 05:07:00.833300
5763,201707275078334,PRIN,44,45,198,1220,241560.00,2017-07-27 05:07:00.833400
5764,201707275078284,PRIN,1,38,20,1223,24460.00,2017-07-27 05:07:00.828400
5765,201707275078228,PRIN,59,57,450,1221,549450.00,2017-07-27 05:07:00.822800
5766,201707275078166,PRIN,1,28,80,1223,97840.00,2017-07-27 05:07:00.816600
5767,201707275077974,PRIN,56,26,100,1222,122200.00,2017-07-27 05:07:00.797400
5768,201707275077988,PRIN,29,26,28,1222,34216.00,2017-07-27 05:07:00.798800
5769,201707275077832,PRIN,14,29,200,1224,244800.00,2017-07-27 05:07:00.783200
5770,201707275077730,PRIN,25,56,10,1226,12260.00,2017-07-27 05:07:00.773000
5771,201707275077731,PRIN,34,56,200,1226,245200.00,2017-07-27 05:07:00.773100
5772,201707275077732,PRIN,20,56,200,1225,245000.00,2017-07-27 05:07:00.773200
5773,201707275077733,PRIN,7,56,200,1225,245000.00,2017-07-27 05:07:00.773300
5774,201707275077734,PRIN,22,56,100,1225,122500.00,2017-07-27 05:07:00.773400
5775,201707275077735,PRIN,46,56,100,1225,122500.00,2017-07-27 05:07:00.773500
5776,201707275077736,PRIN,39,56,100,1225,122500.00,2017-07-27 05:07:00.773600
5777,201707275077785,PRIN,41,35,100,1224,122400.00,2017-07-27 05:07:00.778500
5778,201707275077786,PRIN,14,35,300,1224,367200.00,2017-07-27 05:07:00.778600
5779,201707275077787,PRIN,14,35,100,1224,122400.00,2017-07-27 05:07:00.778700
5780,201707275077700,PRIN,25,13,90,1226,110340.00,2017-07-27 05:07:00.770000
5781,201707275077581,PRIN,21,38,100,1230,123000.00,2017-07-27 05:07:00.758100
5782,201707275077582,PRIN,34,38,100,1226,122600.00,2017-07-27 05:07:00.758200
5783,201707275077626,PRIN,32,39,500,1227,613500.00,2017-07-27 05:07:00.762600
5784,201707275077571,PRIN,56,52,200,1227,245400.00,2017-07-27 05:07:00.757100
5785,201707275077373,PRIN,41,8,100,1231,123100.00,2017-07-27 05:07:00.737300
5786,201707275077377,PRIN,59,36,200,1238,247600.00,2017-07-27 05:07:00.737700
5787,201707275077389,PRIN,20,36,20,1238,24760.00,2017-07-27 05:07:00.738900
5788,201707275077400,PRIN,5,45,150,1230,184500.00,2017-07-27 05:07:00.740000
5789,201707275077401,PRIN,43,45,25,1230,30750.00,2017-07-27 05:07:00.740100
5790,201707275077322,PRIN,59,33,34,1239,42126.00,2017-07-27 05:07:00.732200
5791,201707275077351,PRIN,20,36,10,1238,12380.00,2017-07-27 05:07:00.735100
5792,201707275077285,PRIN,59,58,16,1238,19808.00,2017-07-27 05:07:00.728500
5793,201707275077304,PRIN,20,22,90,1238,111420.00,2017-07-27 05:07:00.730400
5794,201707275077317,PRIN,20,33,20,1239,24780.00,2017-07-27 05:07:00.731700
5795,201707275077273,PRIN,59,58,50,1238,61900.00,2017-07-27 05:07:00.727300
5796,201707275077222,PRIN,38,58,50,1238,61900.00,2017-07-27 05:07:00.722200
5797,201707275077149,PRIN,39,56,26,1232,32032.00,2017-07-27 05:07:00.714900
5798,201707275077150,PRIN,20,56,72,1230,88560.00,2017-07-27 05:07:00.715000
5799,201707275077109,PRIN,49,34,116,1232,142912.00,2017-07-27 05:07:00.710900
5800,201707275077110,PRIN,49,58,384,1238,475392.00,2017-07-27 05:07:00.711000
5801,201707275076936,PRIN,39,52,74,1232,91168.00,2017-07-27 05:07:00.693600
5802,201707275076866,PRIN,6,57,200,1232,246400.00,2017-07-27 05:07:00.686600
5803,201707275076867,PRIN,43,57,100,1232,123200.00,2017-07-27 05:07:00.686700
5804,201707275076868,PRIN,26,57,100,1231,123100.00,2017-07-27 05:07:00.686800
5805,201707275076795,PRIN,22,32,50,1241,62050.00,2017-07-27 05:07:00.679500
5806,201707275076800,PRIN,22,49,90,1241,111690.00,2017-07-27 05:07:00.680000
5807,201707275076801,PRIN,22,49,100,1240,124000.00,2017-07-27 05:07:00.680100
5808,201707275076693,PRIN,37,59,100,1243,124300.00,2017-07-27 05:07:00.669300
5809,201707275076614,PRIN,29,58,195,1243,242385.00,2017-07-27 05:07:00.661400
5810,201707275076617,PRIN,14,48,50,1242,62100.00,2017-07-27 05:07:00.661700
5811,201707275076618,PRIN,7,48,17,1241,21097.00,2017-07-27 05:07:00.661800
5812,201707275076619,PRIN,17,48,200,1241,248200.00,2017-07-27 05:07:00.661900
5813,201707275076620,PRIN,22,48,360,1241,446760.00,2017-07-27 05:07:00.662000
5814,201707275076621,PRIN,50,59,100,1243,124300.00,2017-07-27 05:07:00.662100
5815,201707275076572,PRIN,59,37,100,1249,124900.00,2017-07-27 05:07:00.657200
5816,201707275076573,PRIN,59,38,100,1249,124900.00,2017-07-27 05:07:00.657300
5817,201707275076591,PRIN,50,58,20,1246,24920.00,2017-07-27 05:07:00.659100
5818,201707275076592,PRIN,32,58,100,1245,124500.00,2017-07-27 05:07:00.659200
5819,201707275076593,PRIN,22,58,80,1245,99600.00,2017-07-27 05:07:00.659300
5820,201707275076602,PRIN,22,48,20,1245,24900.00,2017-07-27 05:07:00.660200
5821,201707275076603,PRIN,14,48,25,1243,31075.00,2017-07-27 05:07:00.660300
5822,201707275076604,PRIN,29,48,205,1243,254815.00,2017-07-27 05:07:00.660400
5823,201707275076558,PRIN,50,52,80,1246,99680.00,2017-07-27 05:07:00.655800
5824,201707275076404,PRIN,36,36,100,1254,125400.00,2017-07-27 05:07:00.640400
5825,201707275076346,PRIN,59,36,42,1256,52752.00,2017-07-27 05:07:00.634600
5826,201707275076347,PRIN,57,36,28,1255,35140.00,2017-07-27 05:07:00.634700
5827,201707275076348,PRIN,43,36,100,1255,125500.00,2017-07-27 05:07:00.634800
5828,201707275076349,PRIN,25,36,25,1255,31375.00,2017-07-27 05:07:00.634900
5829,201707275076350,PRIN,28,36,100,1254,125400.00,2017-07-27 05:07:00.635000
5830,201707275076248,PRIN,57,58,100,1259,125900.00,2017-07-27 05:07:00.624800
5831,201707275076263,PRIN,11,52,150,1258,188700.00,2017-07-27 05:07:00.626300
5832,201707275076264,PRIN,11,58,16,1259,20144.00,2017-07-27 05:07:00.626400
5833,201707275076265,PRIN,11,58,97,1259,122123.00,2017-07-27 05:07:00.626500
5834,201707275076300,PRIN,11,38,200,1260,252000.00,2017-07-27 05:07:00.630000
5835,201707275076310,PRIN,11,21,449,1260,565740.00,2017-07-27 05:07:00.631000
5836,201707275076232,PRIN,57,22,117,1258,147186.00,2017-07-27 05:07:00.623200
5837,201707275076147,PRIN,20,58,100,1259,125900.00,2017-07-27 05:07:00.614700
5838,201707275076091,PRIN,58,32,50,1258,62900.00,2017-07-27 05:07:00.609100
5839,201707275076092,PRIN,58,58,30,1259,37770.00,2017-07-27 05:07:00.609200
5840,201707275076114,PRIN,58,58,20,1259,25180.00,2017-07-27 05:07:00.611400
5841,201707275076079,PRIN,38,58,200,1259,251800.00,2017-07-27 05:07:00.607900
5842,201707275075992,PRIN,59,20,58,1256,72848.00,2017-07-27 05:07:00.599200
5843,201707275076039,PRIN,49,49,500,1258,629000.00,2017-07-27 05:07:00.603900
5844,201707275075980,PRIN,58,20,319,1260,401940.00,2017-07-27 05:07:00.598000
5845,201707275075923,PRIN,7,8,100,1256,125600.00,2017-07-27 05:07:00.592300
5846,201707275075941,PRIN,58,47,133,1260,167580.00,2017-07-27 05:07:00.594100
5847,201707275075942,PRIN,58,49,48,1260,60480.00,2017-07-27 05:07:00.594200
5848,201707275075858,PRIN,53,34,98,1259,123382.00,2017-07-27 05:07:00.585800
5849,201707275075859,PRIN,53,21,50,1260,63000.00,2017-07-27 05:07:00.585900
5850,201707275075860,PRIN,53,49,52,1260,65520.00,2017-07-27 05:07:00.586000
5851,201707275075828,PRIN,53,25,50,1257,62850.00,2017-07-27 05:07:00.582800
5852,201707275075836,PRIN,53,34,150,1259,188850.00,2017-07-27 05:07:00.583600
5853,201707275075752,PRIN,43,59,200,1255,251000.00,2017-07-27 05:07:00.575200
5854,201707275075792,PRIN,57,22,100,1258,125800.00,2017-07-27 05:07:00.579200
5855,201707275075793,PRIN,57,17,48,1258,60384.00,2017-07-27 05:07:00.579300
5856,201707275075794,PRIN,57,34,52,1259,65468.00,2017-07-27 05:07:00.579400
5857,201707275075800,PRIN,33,44,500,1257,628500.00,2017-07-27 05:07:00.580000
5858,201707275075731,PRIN,57,5,72,1255,90360.00,2017-07-27 05:07:00.573100
5859,201707275075666,PRIN,7,58,500,1253,626500.00,2017-07-27 05:07:00.566600
5860,201707275075671,PRIN,28,47,200,1254,250800.00,2017-07-27 05:07:00.567100
5861,201707275075580,PRIN,7,53,100,1254,125400.00,2017-07-27 05:07:00.558000
5862,201707275075514,PRIN,42,17,100,1250,125000.00,2017-07-27 05:07:00.551400
5863,201707275075530,PRIN,42,20,50,1250,62500.00,2017-07-27 05:07:00.553000
5864,201707275075531,PRIN,42,20,100,1250,125000.00,2017-07-27 05:07:00.553100
5865,201707275075479,PRIN,42,51,50,1250,62500.00,2017-07-27 05:07:00.547900
5866,201707275075427,PRIN,21,36,200,1245,249000.00,2017-07-27 05:07:00.542700
5867,201707275075378,PRIN,7,5,100,1250,125000.00,2017-07-27 05:07:00.537800
5868,201707275075379,PRIN,7,58,100,1250,125000.00,2017-07-27 05:07:00.537900
5869,201707275075385,PRIN,58,58,60,1250,75000.00,2017-07-27 05:07:00.538500
5870,201707275075386,PRIN,58,51,40,1250,50000.00,2017-07-27 05:07:00.538600
5871,201707275075361,PRIN,41,51,10,1249,12490.00,2017-07-27 05:07:00.536100
5872,201707275075337,PRIN,41,34,50,1248,62400.00,2017-07-27 05:07:00.533700
5873,201707275075338,PRIN,41,17,40,1249,49960.00,2017-07-27 05:07:00.533800
5874,201707275075225,PRIN,20,20,500,1249,624500.00,2017-07-27 05:07:00.522500
5875,201707275075201,PRIN,33,14,40,1248,49920.00,2017-07-27 05:07:00.520100
5876,201707275075188,PRIN,33,14,40,1248,49920.00,2017-07-27 05:07:00.518800
5877,201707275075189,PRIN,33,58,166,1248,207168.00,2017-07-27 05:07:00.518900
5878,201707275075159,PRIN,14,58,34,1248,42432.00,2017-07-27 05:07:00.515900
5879,201707275075105,PRIN,36,21,20,1242,24840.00,2017-07-27 05:07:00.510500
5880,201707275075106,PRIN,36,56,50,1244,62200.00,2017-07-27 05:07:00.510600
5881,201707275075107,PRIN,36,44,30,1245,37350.00,2017-07-27 05:07:00.510700
5882,201707275075096,PRIN,7,49,10,1240,12400.00,2017-07-27 05:07:00.509600
5883,201707275075097,PRIN,7,37,200,1240,248000.00,2017-07-27 05:07:00.509700
5884,201707275075098,PRIN,7,58,223,1241,276743.00,2017-07-27 05:07:00.509800
5885,201707275075039,PRIN,7,44,23,1240,28520.00,2017-07-27 05:07:00.503900
5886,201707275075048,PRIN,7,58,177,1240,219480.00,2017-07-27 05:07:00.504800
5887,201707275075049,PRIN,10,58,23,1240,28520.00,2017-07-27 05:07:00.504900
5888,201707275075050,PRIN,10,16,77,1241,95557.00,2017-07-27 05:07:00.505000
5889,201707275075057,PRIN,7,16,23,1241,28543.00,2017-07-27 05:07:00.505700
5890,201707275075062,PRIN,7,58,77,1241,95557.00,2017-07-27 05:07:00.506200
5891,201707275075013,PRIN,7,58,52,1240,64480.00,2017-07-27 05:07:00.501300
5892,201707275075014,PRIN,53,58,125,1240,155000.00,2017-07-27 05:07:00.501400
5893,201707275075015,PRIN,53,42,300,1240,372000.00,2017-07-27 05:07:00.501500
5894,201707275075016,PRIN,53,58,23,1240,28520.00,2017-07-27 05:07:00.501600
5895,201707275075030,PRIN,7,58,200,1239,247800.00,2017-07-27 05:07:00.503000
5896,201707275075031,PRIN,7,44,300,1240,372000.00,2017-07-27 05:07:00.503100
5897,201707275075034,PRIN,53,44,177,1240,219480.00,2017-07-27 05:07:00.503400
5898,201707275074960,PRIN,14,56,280,1239,346920.00,2017-07-27 05:07:00.496000
5899,201707275074962,PRIN,7,37,48,1240,59520.00,2017-07-27 05:07:00.496200
5900,201707275074913,PRIN,51,56,42,1235,51870.00,2017-07-27 05:07:00.491300
5901,201707275074854,PRIN,56,37,88,1230,108240.00,2017-07-27 05:07:00.485400
5902,201707275074857,PRIN,22,56,50,1230,61500.00,2017-07-27 05:07:00.485700
5903,201707275074824,PRIN,20,35,65,1229,79885.00,2017-07-27 05:07:00.482400
5904,201707275074825,PRIN,20,17,25,1230,30750.00,2017-07-27 05:07:00.482500
5905,201707275074826,PRIN,20,37,210,1230,258300.00,2017-07-27 05:07:00.482600
5906,201707275074790,PRIN,20,45,100,1225,122500.00,2017-07-27 05:07:00.479000
5907,201707275074764,PRIN,14,56,100,1223,122300.00,2017-07-27 05:07:00.476400
5908,201707275074661,PRIN,56,50,100,1212,121200.00,2017-07-27 05:07:00.466100
5909,201707275074666,PRIN,56,38,40,1212,48480.00,2017-07-27 05:07:00.466600
5910,201707275074667,PRIN,35,38,50,1211,60550.00,2017-07-27 05:07:00.466700
5911,201707275074668,PRIN,56,38,200,1211,242200.00,2017-07-27 05:07:00.466800
5912,201707275074669,PRIN,44,38,609,1211,737499.00,2017-07-27 05:07:00.466900
5913,201707275074673,PRIN,7,53,82,1215,99630.00,2017-07-27 05:07:00.467300
5914,201707275074593,PRIN,22,53,200,1216,243200.00,2017-07-27 05:07:00.459300
5915,201707275074594,PRIN,22,53,100,1216,121600.00,2017-07-27 05:07:00.459400
5916,201707275074595,PRIN,45,53,18,1215,21870.00,2017-07-27 05:07:00.459500
5917,201707275074596,PRIN,17,53,200,1215,243000.00,2017-07-27 05:07:00.459600
5918,201707275074597,PRIN,17,53,200,1215,243000.00,2017-07-27 05:07:00.459700
5919,201707275074533,PRIN,28,19,25,1216,30400.00,2017-07-27 05:07:00.453300
5920,201707275074476,PRIN,45,45,32,1215,38880.00,2017-07-27 05:07:00.447600
5921,201707275074434,PRIN,16,32,42,1220,51240.00,2017-07-27 05:07:00.443400
5922,201707275074438,PRIN,16,37,24,1220,29280.00,2017-07-27 05:07:00.443800
5923,201707275074439,PRIN,21,37,100,1217,121700.00,2017-07-27 05:07:00.443900
5924,201707275074440,PRIN,28,37,100,1217,121700.00,2017-07-27 05:07:00.444000
5925,201707275074441,PRIN,13,37,200,1216,243200.00,2017-07-27 05:07:00.444100
5926,201707275074442,PRIN,26,37,80,1215,97200.00,2017-07-27 05:07:00.444200
5927,201707275074443,PRIN,42,37,116,1215,140940.00,2017-07-27 05:07:00.444300
5928,201707275074450,PRIN,42,45,44,1215,53460.00,2017-07-27 05:07:00.445000
5929,201707275074451,PRIN,42,45,100,1215,121500.00,2017-07-27 05:07:00.445100
5930,201707275074366,PRIN,16,8,100,1225,122500.00,2017-07-27 05:07:00.436600
5931,201707275074367,PRIN,16,57,34,1225,41650.00,2017-07-27 05:07:00.436700
5932,201707275074329,PRIN,44,35,1000,1222,1222000.00,2017-07-27 05:07:00.432900
5933,201707275074344,PRIN,29,56,100,1220,122000.00,2017-07-27 05:07:00.434400
5934,201707275074345,PRIN,56,56,200,1220,244000.00,2017-07-27 05:07:00.434500
5935,201707275074320,PRIN,10,37,100,1225,122500.00,2017-07-27 05:07:00.432000
5936,201707275074294,PRIN,14,49,80,1230,98400.00,2017-07-27 05:07:00.429400
5937,201707275074295,PRIN,20,49,76,1228,93328.00,2017-07-27 05:07:00.429500
5938,201707275074296,PRIN,52,49,100,1227,122700.00,2017-07-27 05:07:00.429600
5939,201707275074297,PRIN,45,49,300,1225,367500.00,2017-07-27 05:07:00.429700
5940,201707275074298,PRIN,6,49,50,1225,61250.00,2017-07-27 05:07:00.429800
5941,201707275074299,PRIN,44,49,494,1225,605150.00,2017-07-27 05:07:00.429900
5942,201707275074302,PRIN,44,37,200,1225,245000.00,2017-07-27 05:07:00.430200
5943,201707275074157,PRIN,20,59,24,1228,29472.00,2017-07-27 05:07:00.415700
5944,201707275074122,PRIN,4,37,100,1230,123000.00,2017-07-27 05:07:00.412200
5945,201707275074089,PRIN,29,56,50,1230,61500.00,2017-07-27 05:07:00.408900
5946,201707275074043,PRIN,19,37,30,1236,37080.00,2017-07-27 05:07:00.404300
5947,201707275074044,PRIN,52,37,100,1236,123600.00,2017-07-27 05:07:00.404400
5948,201707275074045,PRIN,21,37,50,1235,61750.00,2017-07-27 05:07:00.404500
5949,201707275074046,PRIN,45,37,100,1235,123500.00,2017-07-27 05:07:00.404600
5950,201707275074049,PRIN,21,56,100,1231,123100.00,2017-07-27 05:07:00.404900
5951,201707275074050,PRIN,41,56,50,1230,61500.00,2017-07-27 05:07:00.405000
5952,201707275074051,PRIN,11,56,50,1230,61500.00,2017-07-27 05:07:00.405100
5953,201707275074052,PRIN,29,56,200,1230,246000.00,2017-07-27 05:07:00.405200
5954,201707275073848,PRIN,32,25,30,1240,37200.00,2017-07-27 05:07:00.384800
5955,201707275073859,PRIN,32,59,76,1240,94240.00,2017-07-27 05:07:00.385900
5956,201707275073831,PRIN,17,21,50,1240,62000.00,2017-07-27 05:07:00.383100
5957,201707275073751,PRIN,10,44,15,1245,18675.00,2017-07-27 05:07:00.375100
5958,201707275073756,PRIN,28,44,150,1245,186750.00,2017-07-27 05:07:00.375600
5959,201707275073650,PRIN,43,44,200,1241,248200.00,2017-07-27 05:07:00.365000
5960,201707275073651,PRIN,58,44,200,1240,248000.00,2017-07-27 05:07:00.365100
5961,201707275073652,PRIN,43,44,300,1240,372000.00,2017-07-27 05:07:00.365200
5962,201707275073594,PRIN,35,49,100,1241,124100.00,2017-07-27 05:07:00.359400
5963,201707275073512,PRIN,38,58,50,1249,62450.00,2017-07-27 05:07:00.351200
5964,201707275073516,PRIN,41,58,30,1249,37470.00,2017-07-27 05:07:00.351600
5965,201707275073517,PRIN,41,58,70,1249,87430.00,2017-07-27 05:07:00.351700
5966,201707275073387,PRIN,25,58,50,1249,62450.00,2017-07-27 05:07:00.338700
5967,201707275073409,PRIN,25,58,50,1249,62450.00,2017-07-27 05:07:00.340900
5968,201707275073329,PRIN,17,58,10,1240,12400.00,2017-07-27 05:07:00.332900
5969,201707275073330,PRIN,29,58,150,1240,186000.00,2017-07-27 05:07:00.333000
5970,201707275073331,PRIN,25,58,100,1240,124000.00,2017-07-27 05:07:00.333100
5971,201707275073341,PRIN,35,35,100,1236,123600.00,2017-07-27 05:07:00.334100
5972,201707275073342,PRIN,18,35,100,1236,123600.00,2017-07-27 05:07:00.334200
5973,201707275073343,PRIN,22,35,100,1236,123600.00,2017-07-27 05:07:00.334300
5974,201707275073344,PRIN,35,35,100,1236,123600.00,2017-07-27 05:07:00.334400
5975,201707275073321,PRIN,49,58,30,1242,37260.00,2017-07-27 05:07:00.332100
5976,201707275073322,PRIN,28,58,60,1241,74460.00,2017-07-27 05:07:00.332200
5977,201707275073323,PRIN,43,58,300,1241,372300.00,2017-07-27 05:07:00.332300
5978,201707275073324,PRIN,54,58,20,1240,24800.00,2017-07-27 05:07:00.332400
5979,201707275073325,PRIN,17,58,90,1240,111600.00,2017-07-27 05:07:00.332500
5980,201707275073282,PRIN,28,7,140,1241,173740.00,2017-07-27 05:07:00.328200
5981,201707275073284,PRIN,5,7,95,1241,117895.00,2017-07-27 05:07:00.328400
5982,201707275073193,PRIN,41,58,20,1249,24980.00,2017-07-27 05:07:00.319300
5983,201707275073225,PRIN,40,16,50,1244,62200.00,2017-07-27 05:07:00.322500
5984,201707275073226,PRIN,19,16,100,1243,124300.00,2017-07-27 05:07:00.322600
5985,201707275073227,PRIN,49,16,50,1242,62100.00,2017-07-27 05:07:00.322700
5986,201707275073174,PRIN,47,7,100,1250,125000.00,2017-07-27 05:07:00.317400
5987,201707275072932,PRIN,10,58,200,1258,251600.00,2017-07-27 05:07:00.293200
5988,201707275072933,PRIN,10,22,14,1258,17612.00,2017-07-27 05:07:00.293300
5989,201707275072934,PRIN,7,34,200,1259,251800.00,2017-07-27 05:07:00.293400
5990,201707275072938,PRIN,10,56,36,1258,45288.00,2017-07-27 05:07:00.293800
5991,201707275072917,PRIN,11,56,50,1250,62500.00,2017-07-27 05:07:00.291700
5992,201707275072895,PRIN,28,56,50,1245,62250.00,2017-07-27 05:07:00.289500
5993,201707275072890,PRIN,28,22,200,1240,248000.00,2017-07-27 05:07:00.289000
5994,201707275072891,PRIN,28,43,100,1245,124500.00,2017-07-27 05:07:00.289100
5995,201707275072843,PRIN,20,22,79,1240,97960.00,2017-07-27 05:07:00.284300
5996,201707275072850,PRIN,37,29,200,1236,247200.00,2017-07-27 05:07:00.285000
5997,201707275072836,PRIN,48,22,100,1240,124000.00,2017-07-27 05:07:00.283600
5998,201707275072840,PRIN,43,22,100,1240,124000.00,2017-07-27 05:07:00.284000
5999,201707275072822,PRIN,17,22,50,1240,62000.00,2017-07-27 05:07:00.282200
6000,201707275072826,PRIN,19,22,10,1240,12400.00,2017-07-27 05:07:00.282600
6001,201707275072797,PRIN,35,58,50,1239,61950.00,2017-07-27 05:07:00.279700
6002,201707275072804,PRIN,11,58,50,1239,61950.00,2017-07-27 05:07:00.280400
6003,201707275072789,PRIN,40,53,50,1235,61750.00,2017-07-27 05:07:00.278900
6004,201707275072766,PRIN,58,53,50,1239,61950.00,2017-07-27 05:07:00.276600
6005,201707275072767,PRIN,58,37,39,1240,48360.00,2017-07-27 05:07:00.276700
6006,201707275072768,PRIN,58,22,11,1240,13640.00,2017-07-27 05:07:00.276800
6007,201707275072750,PRIN,4,58,100,1239,123900.00,2017-07-27 05:07:00.275000
6008,201707275072724,PRIN,35,59,25,1235,30875.00,2017-07-27 05:07:00.272400
6009,201707275072725,PRIN,51,59,50,1235,61750.00,2017-07-27 05:07:00.272500
6010,201707275072726,PRIN,26,59,30,1232,36960.00,2017-07-27 05:07:00.272600
6011,201707275072727,PRIN,19,59,95,1231,116945.00,2017-07-27 05:07:00.272700
6012,201707275072657,PRIN,14,59,100,1240,124000.00,2017-07-27 05:07:00.265700
6013,201707275072661,PRIN,21,35,50,1235,61750.00,2017-07-27 05:07:00.266100
6014,201707275072672,PRIN,51,7,20,1236,24720.00,2017-07-27 05:07:00.267200
6015,201707275072673,PRIN,21,7,150,1235,185250.00,2017-07-27 05:07:00.267300
6016,201707275072633,PRIN,19,49,100,1241,124100.00,2017-07-27 05:07:00.263300
6017,201707275072634,PRIN,35,49,200,1241,248200.00,2017-07-27 05:07:00.263400
6018,201707275072636,PRIN,22,17,200,1242,248400.00,2017-07-27 05:07:00.263600
6019,201707275072569,PRIN,22,41,70,1245,87150.00,2017-07-27 05:07:00.256900
6020,201707275072559,PRIN,1,45,70,1250,87500.00,2017-07-27 05:07:00.255900
6021,201707275072560,PRIN,22,45,200,1245,249000.00,2017-07-27 05:07:00.256000
6022,201707275072561,PRIN,22,45,100,1245,124500.00,2017-07-27 05:07:00.256100
6023,201707275072562,PRIN,22,45,30,1245,37350.00,2017-07-27 05:07:00.256200
6024,201707275072511,PRIN,34,56,72,1260,90720.00,2017-07-27 05:07:00.251100
6025,201707275072516,PRIN,34,7,100,1262,126200.00,2017-07-27 05:07:00.251600
6026,201707275072522,PRIN,19,58,100,1251,125100.00,2017-07-27 05:07:00.252200
6027,201707275072523,PRIN,50,58,100,1250,125000.00,2017-07-27 05:07:00.252300
6028,201707275072524,PRIN,21,58,200,1250,250000.00,2017-07-27 05:07:00.252400
6029,201707275072428,PRIN,19,44,200,1270,254000.00,2017-07-27 05:07:00.242800
6030,201707275072433,PRIN,19,44,120,1270,152400.00,2017-07-27 05:07:00.243300
6031,201707275072434,PRIN,19,7,80,1270,101600.00,2017-07-27 05:07:00.243400
6032,201707275072436,PRIN,59,58,120,1269,152280.00,2017-07-27 05:07:00.243600
6033,201707275072443,PRIN,17,7,250,1260,315000.00,2017-07-27 05:07:00.244300
6034,201707275072444,PRIN,32,7,100,1260,126000.00,2017-07-27 05:07:00.244400
6035,201707275072447,PRIN,43,7,30,1255,37650.00,2017-07-27 05:07:00.244700
6036,201707275072454,PRIN,43,7,100,1255,125500.00,2017-07-27 05:07:00.245400
6037,201707275072462,PRIN,45,7,100,1255,125500.00,2017-07-27 05:07:00.246200
6038,201707275072465,PRIN,18,7,400,1255,502000.00,2017-07-27 05:07:00.246500
6039,201707275072478,PRIN,25,7,60,1255,75300.00,2017-07-27 05:07:00.247800
6040,201707275072499,PRIN,34,59,300,1260,378000.00,2017-07-27 05:07:00.249900
6041,201707275072500,PRIN,34,37,198,1260,249480.00,2017-07-27 05:07:00.250000
6042,201707265072276,PRIN,49,56,147,1255,184485.00,2017-07-26 05:07:00.227600
6043,201707265072292,PRIN,49,49,3053,1255,3831515.00,2017-07-26 05:07:00.229200
6044,201707265072154,PRIN,17,53,50,1255,62750.00,2017-07-26 05:07:00.215400
6045,201707265072159,PRIN,14,49,52,1255,65260.00,2017-07-26 05:07:00.215900
6046,201707265072170,PRIN,46,49,200,1255,251000.00,2017-07-26 05:07:00.217000
6047,201707265072218,PRIN,45,49,94,1255,117970.00,2017-07-26 05:07:00.221800
6048,201707265072038,PRIN,57,53,100,1255,125500.00,2017-07-26 05:07:00.203800
6049,201707265072074,PRIN,57,53,48,1255,60240.00,2017-07-26 05:07:00.207400
6050,201707265072022,PRIN,47,56,13,1253,16289.00,2017-07-26 05:07:00.202200
6051,201707265072023,PRIN,57,56,52,1250,65000.00,2017-07-26 05:07:00.202300
6052,201707265071890,PRIN,50,45,30,1256,37680.00,2017-07-26 05:07:00.189000
6053,201707265071894,PRIN,17,21,50,1255,62750.00,2017-07-26 05:07:00.189400
6054,201707265071895,PRIN,19,21,100,1254,125400.00,2017-07-26 05:07:00.189500
6055,201707265071896,PRIN,47,21,50,1253,62650.00,2017-07-26 05:07:00.189600
6056,201707265071897,PRIN,47,21,37,1253,46361.00,2017-07-26 05:07:00.189700
6057,201707265071883,PRIN,53,45,50,1256,62800.00,2017-07-26 05:07:00.188300
6058,201707265071821,PRIN,50,53,50,1259,62950.00,2017-07-26 05:07:00.182100
6059,201707265071721,PRIN,41,49,25,1260,31500.00,2017-07-26 05:07:00.172100
6060,201707265071744,PRIN,28,43,100,1259,125900.00,2017-07-26 05:07:00.174400
6061,201707265071745,PRIN,28,49,100,1260,126000.00,2017-07-26 05:07:00.174500
6062,201707265071774,PRIN,58,49,10,1260,12600.00,2017-07-26 05:07:00.177400
6063,201707265071665,PRIN,50,49,100,1255,125500.00,2017-07-26 05:07:00.166500
6064,201707265071666,PRIN,43,49,100,1253,125300.00,2017-07-26 05:07:00.166600
6065,201707265071667,PRIN,52,49,200,1252,250400.00,2017-07-26 05:07:00.166700
6066,201707265071683,PRIN,20,49,45,1250,56250.00,2017-07-26 05:07:00.168300
6067,201707265071705,PRIN,38,35,47,1259,59173.00,2017-07-26 05:07:00.170500
6068,201707265071604,PRIN,53,49,150,1260,189000.00,2017-07-26 05:07:00.160400
6069,201707265071530,PRIN,33,49,50,1260,63000.00,2017-07-26 05:07:00.153000
6070,201707265071458,PRIN,33,49,83,1263,104829.00,2017-07-26 05:07:00.145800
6071,201707265071459,PRIN,26,49,117,1261,147537.00,2017-07-26 05:07:00.145900
6072,201707265071465,PRIN,26,49,283,1261,356863.00,2017-07-26 05:07:00.146500
6073,201707265071466,PRIN,33,49,10,1260,12600.00,2017-07-26 05:07:00.146600
6074,201707265071443,PRIN,33,10,117,1263,147771.00,2017-07-26 05:07:00.144300
6075,201707265071454,PRIN,26,39,100,1261,126100.00,2017-07-26 05:07:00.145400
6076,201707265071358,PRIN,58,22,130,1260,163800.00,2017-07-26 05:07:00.135800
6077,201707265071361,PRIN,1,22,100,1260,126000.00,2017-07-26 05:07:00.136100
6078,201707265071371,PRIN,33,22,20,1260,25200.00,2017-07-26 05:07:00.137100
6079,201707265071372,PRIN,33,16,470,1260,592200.00,2017-07-26 05:07:00.137200
6080,201707265071298,PRIN,29,49,100,1260,126000.00,2017-07-26 05:07:00.129800
6081,201707265071317,PRIN,29,49,50,1260,63000.00,2017-07-26 05:07:00.131700
6082,201707265071328,PRIN,1,49,100,1260,126000.00,2017-07-26 05:07:00.132800
6083,201707265071257,PRIN,43,22,100,1258,125800.00,2017-07-26 05:07:00.125700
6084,201707265071289,PRIN,33,49,500,1260,630000.00,2017-07-26 05:07:00.128900
6085,201707265071197,PRIN,20,49,50,1255,62750.00,2017-07-26 05:07:00.119700
6086,201707265071198,PRIN,20,49,150,1260,189000.00,2017-07-26 05:07:00.119800
6087,201707265071204,PRIN,52,10,300,1254,376200.00,2017-07-26 05:07:00.120400
6088,201707265071209,PRIN,33,49,100,1260,126000.00,2017-07-26 05:07:00.120900
6089,201707265071165,PRIN,57,28,100,1250,125000.00,2017-07-26 05:07:00.116500
6090,201707265071166,PRIN,57,49,300,1255,376500.00,2017-07-26 05:07:00.116600
6091,201707265071192,PRIN,57,54,50,1250,62500.00,2017-07-26 05:07:00.119200
6092,201707265071193,PRIN,57,49,150,1255,188250.00,2017-07-26 05:07:00.119300
6093,201707265071104,PRIN,20,56,15,1250,18750.00,2017-07-26 05:07:00.110400
6094,201707265071112,PRIN,20,43,40,1250,50000.00,2017-07-26 05:07:00.111200
6095,201707265071050,PRIN,29,59,15,1250,18750.00,2017-07-26 05:07:00.105000
6096,201707265071051,PRIN,29,19,100,1250,125000.00,2017-07-26 05:07:00.105100
6097,201707265071052,PRIN,29,19,100,1250,125000.00,2017-07-26 05:07:00.105200
6098,201707265071053,PRIN,29,56,85,1250,106250.00,2017-07-26 05:07:00.105300
6099,201707265071017,PRIN,45,59,200,1250,250000.00,2017-07-26 05:07:00.101700
6100,201707265070936,PRIN,29,59,100,1250,125000.00,2017-07-26 05:07:00.093600
6101,201707265070956,PRIN,26,59,600,1250,750000.00,2017-07-26 05:07:00.095600
6102,201707265070814,PRIN,47,47,7,1224,8568.00,2017-07-26 05:07:00.081400
6103,201707265070838,PRIN,21,22,85,1248,106080.00,2017-07-26 05:07:00.083800
6104,201707265070839,PRIN,21,5,20,1248,24960.00,2017-07-26 05:07:00.083900
6105,201707265070864,PRIN,32,39,65,1249,81185.00,2017-07-26 05:07:00.086400
6106,201707265070865,PRIN,32,8,50,1250,62500.00,2017-07-26 05:07:00.086500
6107,201707265070866,PRIN,32,59,85,1250,106250.00,2017-07-26 05:07:00.086600
6108,201707265070802,PRIN,14,22,50,1248,62400.00,2017-07-26 05:07:00.080200
6109,201707265070719,PRIN,7,22,165,1248,205920.00,2017-07-26 05:07:00.071900
6110,201707265070690,PRIN,45,53,100,1249,124900.00,2017-07-26 05:07:00.069000
6111,201707265070629,PRIN,11,43,50,1246,62300.00,2017-07-26 05:07:00.062900
6112,201707265070630,PRIN,56,16,200,1247,249400.00,2017-07-26 05:07:00.063000
6113,201707265070641,PRIN,56,19,100,1248,124800.00,2017-07-26 05:07:00.064100
6114,201707265070656,PRIN,7,49,100,1248,124800.00,2017-07-26 05:07:00.065600
6115,201707265070657,PRIN,11,49,50,1248,62400.00,2017-07-26 05:07:00.065700
6116,201707265070574,PRIN,56,41,25,1240,31000.00,2017-07-26 05:07:00.057400
6117,201707265070581,PRIN,56,58,125,1240,155000.00,2017-07-26 05:07:00.058100
6118,201707265070611,PRIN,56,58,26,1240,32240.00,2017-07-26 05:07:00.061100
6119,201707265070612,PRIN,56,41,25,1240,31000.00,2017-07-26 05:07:00.061200
6120,201707265070613,PRIN,56,53,100,1244,124400.00,2017-07-26 05:07:00.061300
6121,201707265070614,PRIN,56,35,100,1245,124500.00,2017-07-26 05:07:00.061400
6122,201707265070552,PRIN,34,43,100,1243,124300.00,2017-07-26 05:07:00.055200
6123,201707265070553,PRIN,34,1,200,1244,248800.00,2017-07-26 05:07:00.055300
6124,201707265070484,PRIN,45,34,100,1240,124000.00,2017-07-26 05:07:00.048400
6125,201707265070520,PRIN,11,34,100,1240,124000.00,2017-07-26 05:07:00.052000
6126,201707265070523,PRIN,56,17,170,1240,210800.00,2017-07-26 05:07:00.052300
6127,201707265070524,PRIN,56,34,230,1240,285200.00,2017-07-26 05:07:00.052400
6128,201707265070525,PRIN,56,39,50,1240,62000.00,2017-07-26 05:07:00.052500
6129,201707265070415,PRIN,28,20,30,1240,37200.00,2017-07-26 05:07:00.041500
6130,201707265070417,PRIN,28,34,70,1240,86800.00,2017-07-26 05:07:00.041700
6131,201707265070421,PRIN,42,49,41,1239,50799.00,2017-07-26 05:07:00.042100
6132,201707265070345,PRIN,19,20,20,1240,24800.00,2017-07-26 05:07:00.034500
6133,201707265070346,PRIN,36,20,100,1240,124000.00,2017-07-26 05:07:00.034600
6134,201707265070347,PRIN,53,20,50,1240,62000.00,2017-07-26 05:07:00.034700
6135,201707265070348,PRIN,57,20,100,1240,124000.00,2017-07-26 05:07:00.034800
6136,201707265070361,PRIN,42,6,176,1240,218240.00,2017-07-26 05:07:00.036100
6137,201707265070362,PRIN,42,20,100,1240,124000.00,2017-07-26 05:07:00.036200
6138,201707265070373,PRIN,38,20,100,1240,124000.00,2017-07-26 05:07:00.037300
6139,201707265070183,PRIN,42,59,317,1237,392129.00,2017-07-26 05:07:00.018300
6140,201707265070184,PRIN,42,19,112,1237,138544.00,2017-07-26 05:07:00.018400
6141,201707265070185,PRIN,42,28,100,1238,123800.00,2017-07-26 05:07:00.018500
6142,201707265070186,PRIN,42,43,100,1238,123800.00,2017-07-26 05:07:00.018600
6143,201707265070187,PRIN,42,41,30,1239,37170.00,2017-07-26 05:07:00.018700
6144,201707265070197,PRIN,42,41,100,1239,123900.00,2017-07-26 05:07:00.019700
6145,201707265070229,PRIN,45,47,200,1239,247800.00,2017-07-26 05:07:00.022900
6146,201707265070098,PRIN,17,16,140,1235,172900.00,2017-07-26 05:07:00.009800
6147,201707265070000,PRIN,57,44,200,1237,247400.00,2017-07-26 05:07:00.000000
6148,201707265070044,PRIN,57,59,183,1237,226371.00,2017-07-26 05:07:00.004400
6149,201707265070048,PRIN,36,16,100,1235,123500.00,2017-07-26 05:07:00.004800
6150,201707265070049,PRIN,58,16,40,1235,49400.00,2017-07-26 05:07:00.004900
6151,201707265070054,PRIN,36,16,200,1235,247000.00,2017-07-26 05:07:00.005400
6152,201707265069915,PRIN,47,22,119,1232,146608.00,2017-07-26 05:06:00.991500
6153,201707265069941,PRIN,40,53,300,1235,370500.00,2017-07-26 05:06:00.994100
6154,201707265069942,PRIN,40,58,100,1235,123500.00,2017-07-26 05:06:00.994200
6155,201707265069951,PRIN,34,28,100,1238,123800.00,2017-07-26 05:06:00.995100
6156,201707265069873,PRIN,19,22,200,1232,246400.00,2017-07-26 05:06:00.987300
6157,201707265069894,PRIN,35,53,119,1230,146370.00,2017-07-26 05:06:00.989400
6158,201707265069895,PRIN,35,22,181,1232,222992.00,2017-07-26 05:06:00.989500
6159,201707265069831,PRIN,54,38,128,1230,157440.00,2017-07-26 05:06:00.983100
6160,201707265069832,PRIN,54,34,50,1230,61500.00,2017-07-26 05:06:00.983200
6161,201707265069839,PRIN,40,45,100,1230,123000.00,2017-07-26 05:06:00.983900
6162,201707265069840,PRIN,40,42,50,1230,61500.00,2017-07-26 05:06:00.984000
6163,201707265069784,PRIN,7,21,50,1230,61500.00,2017-07-26 05:06:00.978400
6164,201707265069785,PRIN,7,53,50,1230,61500.00,2017-07-26 05:06:00.978500
6165,201707265069786,PRIN,7,17,60,1230,73800.00,2017-07-26 05:06:00.978600
6166,201707265069787,PRIN,7,42,90,1230,110700.00,2017-07-26 05:06:00.978700
6167,201707265069798,PRIN,57,42,300,1230,369000.00,2017-07-26 05:06:00.979800
6168,201707265069812,PRIN,36,38,72,1230,88560.00,2017-07-26 05:06:00.981200
6169,201707265069733,PRIN,58,22,100,1225,122500.00,2017-07-26 05:06:00.973300
6170,201707265069751,PRIN,44,22,334,1225,409150.00,2017-07-26 05:06:00.975100
6171,201707265069752,PRIN,44,53,500,1225,612500.00,2017-07-26 05:06:00.975200
6172,201707265069753,PRIN,44,44,20,1225,24500.00,2017-07-26 05:06:00.975300
6173,201707265069754,PRIN,44,53,200,1225,245000.00,2017-07-26 05:06:00.975400
6174,201707265069755,PRIN,44,21,50,1225,61250.00,2017-07-26 05:06:00.975500
6175,201707265069756,PRIN,44,49,1700,1226,2084200.00,2017-07-26 05:06:00.975600
6176,201707265069757,PRIN,44,20,500,1227,613500.00,2017-07-26 05:06:00.975700
6177,201707265069758,PRIN,44,29,100,1227,122700.00,2017-07-26 05:06:00.975800
6178,201707265069770,PRIN,57,50,117,1228,143676.00,2017-07-26 05:06:00.977000
6179,201707265069682,PRIN,36,49,280,1223,342440.00,2017-07-26 05:06:00.968200
6180,201707265069683,PRIN,36,43,60,1223,73380.00,2017-07-26 05:06:00.968300
6181,201707265069686,PRIN,36,55,88,1223,107624.00,2017-07-26 05:06:00.968600
6182,201707265069719,PRIN,19,13,200,1224,244800.00,2017-07-26 05:06:00.971900
6183,201707265069596,PRIN,34,49,300,1223,366900.00,2017-07-26 05:06:00.959600
6184,201707265069604,PRIN,59,49,200,1223,244600.00,2017-07-26 05:06:00.960400
6185,201707265069545,PRIN,53,49,20,1223,24460.00,2017-07-26 05:06:00.954500
6186,201707265069549,PRIN,40,49,200,1223,244600.00,2017-07-26 05:06:00.954900
6187,201707265069443,PRIN,57,59,50,1220,61000.00,2017-07-26 05:06:00.944300
6188,201707265069444,PRIN,57,1,50,1220,61000.00,2017-07-26 05:06:00.944400
6189,201707265069450,PRIN,57,22,50,1220,61000.00,2017-07-26 05:06:00.945000
6190,201707265069380,PRIN,44,49,1050,1222,1283100.00,2017-07-26 05:06:00.938000
6191,201707265069391,PRIN,40,59,200,1220,244000.00,2017-07-26 05:06:00.939100
6192,201707265069392,PRIN,10,59,1000,1220,1220000.00,2017-07-26 05:06:00.939200
6193,201707265069350,PRIN,38,49,300,1222,366600.00,2017-07-26 05:06:00.935000
6194,201707265069353,PRIN,57,54,75,1220,91500.00,2017-07-26 05:06:00.935300
6195,201707265069354,PRIN,42,54,150,1220,183000.00,2017-07-26 05:06:00.935400
6196,201707265069287,PRIN,22,49,250,1222,305500.00,2017-07-26 05:06:00.928700
6197,201707265069246,PRIN,28,14,50,1222,61100.00,2017-07-26 05:06:00.924600
6198,201707265069247,PRIN,28,49,250,1222,305500.00,2017-07-26 05:06:00.924700
6199,201707265069277,PRIN,28,49,150,1222,183300.00,2017-07-26 05:06:00.927700
6200,201707265069172,PRIN,19,50,100,1220,122000.00,2017-07-26 05:06:00.917200
6201,201707265069180,PRIN,35,50,100,1220,122000.00,2017-07-26 05:06:00.918000
6202,201707265069189,PRIN,14,50,150,1220,183000.00,2017-07-26 05:06:00.918900
6203,201707265069190,PRIN,28,50,50,1220,61000.00,2017-07-26 05:06:00.919000
6204,201707265069209,PRIN,28,1,50,1221,61050.00,2017-07-26 05:06:00.920900
6205,201707265069210,PRIN,28,19,50,1221,61050.00,2017-07-26 05:06:00.921000
6206,201707265069221,PRIN,28,14,150,1222,183300.00,2017-07-26 05:06:00.922100
6207,201707265069158,PRIN,6,50,100,1220,122000.00,2017-07-26 05:06:00.915800
6208,201707265069089,PRIN,52,21,100,1220,122000.00,2017-07-26 05:06:00.908900
6209,201707265069129,PRIN,35,21,183,1220,223260.00,2017-07-26 05:06:00.912900
6210,201707265069130,PRIN,35,58,200,1220,244000.00,2017-07-26 05:06:00.913000
6211,201707265069029,PRIN,1,50,59,1219,71921.00,2017-07-26 05:06:00.902900
6212,201707265068977,PRIN,42,21,22,1220,26840.00,2017-07-26 05:06:00.897700
6213,201707265068951,PRIN,6,21,40,1220,48800.00,2017-07-26 05:06:00.895100
6214,201707265068886,PRIN,42,50,200,1218,243600.00,2017-07-26 05:06:00.888600
6215,201707265068818,PRIN,7,48,200,1211,242200.00,2017-07-26 05:06:00.881800
6216,201707265068763,PRIN,20,50,300,1218,365400.00,2017-07-26 05:06:00.876300
6217,201707265068705,PRIN,20,50,400,1215,486000.00,2017-07-26 05:06:00.870500
6218,201707265068723,PRIN,20,18,377,1218,459186.00,2017-07-26 05:06:00.872300
6219,201707265068677,PRIN,50,50,100,1215,121500.00,2017-07-26 05:06:00.867700
6220,201707265068631,PRIN,16,10,200,1215,243000.00,2017-07-26 05:06:00.863100
6221,201707265068585,PRIN,20,19,128,1213,155264.00,2017-07-26 05:06:00.858500
6222,201707265068616,PRIN,34,57,500,1210,605000.00,2017-07-26 05:06:00.861600
6223,201707265068545,PRIN,42,50,200,1212,242400.00,2017-07-26 05:06:00.854500
6224,201707265068546,PRIN,42,42,77,1215,93555.00,2017-07-26 05:06:00.854600
6225,201707265068547,PRIN,42,18,23,1218,28014.00,2017-07-26 05:06:00.854700
6226,201707265068472,PRIN,56,19,100,1209,120900.00,2017-07-26 05:06:00.847200
6227,201707265068473,PRIN,37,19,300,1208,362400.00,2017-07-26 05:06:00.847300
6228,201707265068478,PRIN,20,50,200,1212,242400.00,2017-07-26 05:06:00.847800
6229,201707265068108,PRIN,19,49,100,1213,121300.00,2017-07-26 05:06:00.810800
6230,201707265068109,PRIN,26,49,400,1212,484800.00,2017-07-26 05:06:00.810900
6231,201707265068110,PRIN,26,49,300,1211,363300.00,2017-07-26 05:06:00.811000
6232,201707265068061,PRIN,47,42,23,1215,27945.00,2017-07-26 05:06:00.806100
6233,201707265068064,PRIN,19,7,100,1213,121300.00,2017-07-26 05:06:00.806400
6234,201707265068067,PRIN,5,42,100,1215,121500.00,2017-07-26 05:06:00.806700
6235,201707265068043,PRIN,47,10,73,1215,88695.00,2017-07-26 05:06:00.804300
6236,201707265068044,PRIN,36,10,100,1215,121500.00,2017-07-26 05:06:00.804400
6237,201707265068045,PRIN,4,10,100,1215,121500.00,2017-07-26 05:06:00.804500
6238,201707265068046,PRIN,47,10,100,1215,121500.00,2017-07-26 05:06:00.804600
6239,201707265068047,PRIN,47,10,27,1215,32805.00,2017-07-26 05:06:00.804700
6240,201707265067996,PRIN,41,47,25,1218,30450.00,2017-07-26 05:06:00.799600
6241,201707265067997,PRIN,55,47,100,1216,121600.00,2017-07-26 05:06:00.799700
6242,201707265067998,PRIN,47,47,25,1215,30375.00,2017-07-26 05:06:00.799800
6243,201707265067945,PRIN,26,50,100,1219,121900.00,2017-07-26 05:06:00.794500
6244,201707265067916,PRIN,50,50,100,1218,121800.00,2017-07-26 05:06:00.791600
6245,201707265067881,PRIN,40,21,40,1220,48800.00,2017-07-26 05:06:00.788100
6246,201707265067768,PRIN,40,38,100,1220,122000.00,2017-07-26 05:06:00.776800
6247,201707265067769,PRIN,40,20,235,1220,286700.00,2017-07-26 05:06:00.776900
6248,201707265067683,PRIN,22,1,50,1221,61050.00,2017-07-26 05:06:00.768300
6249,201707265067653,PRIN,14,32,216,1221,263736.00,2017-07-26 05:06:00.765300
6250,201707265067632,PRIN,40,41,400,1220,488000.00,2017-07-26 05:06:00.763200
6251,201707265067633,PRIN,40,37,100,1220,122000.00,2017-07-26 05:06:00.763300
6252,201707265067600,PRIN,50,50,100,1218,121800.00,2017-07-26 05:06:00.760000
6253,201707265067531,PRIN,14,29,100,1222,122200.00,2017-07-26 05:06:00.753100
6254,201707265067459,PRIN,40,29,250,1220,305000.00,2017-07-26 05:06:00.745900
6255,201707265067460,PRIN,40,1,75,1220,91500.00,2017-07-26 05:06:00.746000
6256,201707265067473,PRIN,47,53,33,1220,40260.00,2017-07-26 05:06:00.747300
6257,201707265067474,PRIN,29,53,125,1216,152000.00,2017-07-26 05:06:00.747400
6258,201707265067475,PRIN,56,53,100,1216,121600.00,2017-07-26 05:06:00.747500
6259,201707265067476,PRIN,47,53,52,1215,63180.00,2017-07-26 05:06:00.747600
6260,201707265067395,PRIN,29,49,75,1219,91425.00,2017-07-26 05:06:00.739500
6261,201707265067413,PRIN,28,50,100,1220,122000.00,2017-07-26 05:06:00.741300
6262,201707265067417,PRIN,47,50,67,1220,81740.00,2017-07-26 05:06:00.741700
6263,201707265067382,PRIN,59,45,50,1216,60800.00,2017-07-26 05:06:00.738200
6264,201707265067383,PRIN,47,45,50,1215,60750.00,2017-07-26 05:06:00.738300
6265,201707265067318,PRIN,5,34,50,1218,60900.00,2017-07-26 05:06:00.731800
6266,201707265067320,PRIN,5,48,50,1218,60900.00,2017-07-26 05:06:00.732000
6267,201707265067325,PRIN,17,39,50,1217,60850.00,2017-07-26 05:06:00.732500
6268,201707265067173,PRIN,57,50,40,1224,48960.00,2017-07-26 05:06:00.717300
6269,201707265067174,PRIN,55,50,50,1221,61050.00,2017-07-26 05:06:00.717400
6270,201707265067175,PRIN,47,50,43,1220,52460.00,2017-07-26 05:06:00.717500
6271,201707265067133,PRIN,8,59,73,1221,89133.00,2017-07-26 05:06:00.713300
6272,201707265067134,PRIN,55,59,200,1221,244200.00,2017-07-26 05:06:00.713400
6273,201707265067135,PRIN,11,59,30,1220,36600.00,2017-07-26 05:06:00.713500
6274,201707265067136,PRIN,49,59,40,1220,48800.00,2017-07-26 05:06:00.713600
6275,201707265067137,PRIN,59,59,50,1220,61000.00,2017-07-26 05:06:00.713700
6276,201707265067138,PRIN,59,59,50,1220,61000.00,2017-07-26 05:06:00.713800
6277,201707265067139,PRIN,47,59,57,1220,69540.00,2017-07-26 05:06:00.713900
6278,201707265067152,PRIN,57,20,195,1224,238680.00,2017-07-26 05:06:00.715200
6279,201707265067060,PRIN,14,22,16,1225,19600.00,2017-07-26 05:06:00.706000
6280,201707265067076,PRIN,57,22,50,1225,61250.00,2017-07-26 05:06:00.707600
6281,201707265067090,PRIN,8,14,100,1221,122100.00,2017-07-26 05:06:00.709000
6282,201707265067009,PRIN,49,49,100,1226,122600.00,2017-07-26 05:06:00.700900
6283,201707265067032,PRIN,14,34,34,1225,41650.00,2017-07-26 05:06:00.703200
6284,201707265066978,PRIN,8,21,23,1222,28106.00,2017-07-26 05:06:00.697800
6285,201707265066979,PRIN,8,21,77,1221,94017.00,2017-07-26 05:06:00.697900
6286,201707265066853,PRIN,17,21,200,1223,244600.00,2017-07-26 05:06:00.685300
6287,201707265066854,PRIN,56,21,97,1223,118631.00,2017-07-26 05:06:00.685400
6288,201707265066873,PRIN,40,37,200,1225,245000.00,2017-07-26 05:06:00.687300
6289,201707265066874,PRIN,40,45,70,1224,85680.00,2017-07-26 05:06:00.687400
6290,201707265066875,PRIN,56,45,103,1223,125969.00,2017-07-26 05:06:00.687500
6291,201707265066876,PRIN,39,45,100,1222,122200.00,2017-07-26 05:06:00.687600
6292,201707265066877,PRIN,8,45,77,1222,94094.00,2017-07-26 05:06:00.687700
6293,201707265066822,PRIN,19,33,425,1228,521900.00,2017-07-26 05:06:00.682200
6294,201707265066777,PRIN,36,7,35,1230,43050.00,2017-07-26 05:06:00.677700
6295,201707265066778,PRIN,6,7,100,1225,122500.00,2017-07-26 05:06:00.677800
6296,201707265066779,PRIN,14,7,50,1225,61250.00,2017-07-26 05:06:00.677900
6297,201707265066743,PRIN,36,32,15,1230,18450.00,2017-07-26 05:06:00.674300
6298,201707265066696,PRIN,40,50,100,1228,122800.00,2017-07-26 05:06:00.669600
6299,201707265066700,PRIN,43,50,100,1228,122800.00,2017-07-26 05:06:00.670000
6300,201707265066719,PRIN,43,50,150,1228,184200.00,2017-07-26 05:06:00.671900
6301,201707265066727,PRIN,36,13,100,1230,123000.00,2017-07-26 05:06:00.672700
6302,201707265066728,PRIN,36,44,100,1230,123000.00,2017-07-26 05:06:00.672800
6303,201707265066573,PRIN,49,49,200,1225,245000.00,2017-07-26 05:06:00.657300
6304,201707265066541,PRIN,8,53,300,1229,368700.00,2017-07-26 05:06:00.654100
6305,201707265066548,PRIN,40,28,195,1230,239850.00,2017-07-26 05:06:00.654800
6306,201707265066549,PRIN,8,50,200,1229,245800.00,2017-07-26 05:06:00.654900
6307,201707265066553,PRIN,40,50,150,1229,184350.00,2017-07-26 05:06:00.655300
6308,201707265066495,PRIN,47,53,100,1230,123000.00,2017-07-26 05:06:00.649500
6309,201707265066504,PRIN,47,8,50,1233,61650.00,2017-07-26 05:06:00.650400
6310,201707265066505,PRIN,47,49,200,1234,246800.00,2017-07-26 05:06:00.650500
6311,201707265066507,PRIN,22,45,50,1233,61650.00,2017-07-26 05:06:00.650700
6312,201707265066508,PRIN,34,45,295,1230,362850.00,2017-07-26 05:06:00.650800
6313,201707265066515,PRIN,34,28,55,1230,67650.00,2017-07-26 05:06:00.651500
6314,201707265066406,PRIN,36,53,100,1228,122800.00,2017-07-26 05:06:00.640600
6315,201707265066411,PRIN,40,52,50,1230,61500.00,2017-07-26 05:06:00.641100
6316,201707265066412,PRIN,40,25,150,1230,184500.00,2017-07-26 05:06:00.641200
6317,201707265066425,PRIN,40,57,150,1230,184500.00,2017-07-26 05:06:00.642500
6318,201707265066371,PRIN,59,50,351,1228,431028.00,2017-07-26 05:06:00.637100
6319,201707265066382,PRIN,47,40,300,1229,368700.00,2017-07-26 05:06:00.638200
6320,201707265066288,PRIN,16,16,415,1220,506300.00,2017-07-26 05:06:00.628800
6321,201707265066290,PRIN,26,53,100,1221,122100.00,2017-07-26 05:06:00.629000
6322,201707265066297,PRIN,47,45,97,1225,118825.00,2017-07-26 05:06:00.629700
6323,201707265066234,PRIN,41,40,100,1229,122900.00,2017-07-26 05:06:00.623400
6324,201707265066198,PRIN,14,53,500,1225,612500.00,2017-07-26 05:06:00.619800
6325,201707265066139,PRIN,35,55,176,1220,214720.00,2017-07-26 05:06:00.613900
6326,201707265066140,PRIN,35,59,139,1225,170275.00,2017-07-26 05:06:00.614000
6327,201707265066149,PRIN,45,59,150,1225,183750.00,2017-07-26 05:06:00.614900
6328,201707265066153,PRIN,20,59,20,1225,24500.00,2017-07-26 05:06:00.615300
6329,201707265066098,PRIN,35,7,300,1224,367200.00,2017-07-26 05:06:00.609800
6330,201707265066110,PRIN,5,59,100,1225,122500.00,2017-07-26 05:06:00.611000
6331,201707265066116,PRIN,19,59,50,1225,61250.00,2017-07-26 05:06:00.611600
6332,201707265066056,PRIN,56,11,100,1219,121900.00,2017-07-26 05:06:00.605600
6333,201707265066087,PRIN,19,43,50,1220,61000.00,2017-07-26 05:06:00.608700
6334,201707265066091,PRIN,21,29,150,1220,183000.00,2017-07-26 05:06:00.609100
6335,201707265066095,PRIN,35,41,100,1224,122400.00,2017-07-26 05:06:00.609500
6336,201707265066096,PRIN,40,38,465,1225,569625.00,2017-07-26 05:06:00.609600
6337,201707265066097,PRIN,40,59,535,1225,655375.00,2017-07-26 05:06:00.609700
6338,201707265066020,PRIN,40,53,468,1210,566280.00,2017-07-26 05:06:00.602000
6339,201707265066021,PRIN,40,49,1500,1215,1822500.00,2017-07-26 05:06:00.602100
6340,201707265065966,PRIN,56,59,200,1210,242000.00,2017-07-26 05:06:00.596600
6341,201707265066002,PRIN,35,59,500,1210,605000.00,2017-07-26 05:06:00.600200
6342,201707265066008,PRIN,8,59,18,1210,21780.00,2017-07-26 05:06:00.600800
6343,201707265066009,PRIN,8,53,32,1210,38720.00,2017-07-26 05:06:00.600900
6344,201707265065920,PRIN,56,29,40,1200,48000.00,2017-07-26 05:06:00.592000
6345,201707265065921,PRIN,56,34,270,1200,324000.00,2017-07-26 05:06:00.592100
6346,201707265065922,PRIN,56,21,50,1200,60000.00,2017-07-26 05:06:00.592200
6347,201707265065923,PRIN,56,13,100,1200,120000.00,2017-07-26 05:06:00.592300
6348,201707265065924,PRIN,56,38,50,1200,60000.00,2017-07-26 05:06:00.592400
6349,201707265065925,PRIN,56,43,20,1200,24000.00,2017-07-26 05:06:00.592500
6350,201707265065926,PRIN,56,25,88,1200,105600.00,2017-07-26 05:06:00.592600
6351,201707265065927,PRIN,56,53,500,1202,601000.00,2017-07-26 05:06:00.592700
6352,201707265065928,PRIN,56,49,88,1202,105776.00,2017-07-26 05:06:00.592800
6353,201707265065945,PRIN,56,34,150,1205,180750.00,2017-07-26 05:06:00.594500
6354,201707265065946,PRIN,56,8,100,1208,120800.00,2017-07-26 05:06:00.594600
6355,201707265065947,PRIN,56,8,100,1209,120900.00,2017-07-26 05:06:00.594700
6356,201707265065948,PRIN,56,10,362,1210,438020.00,2017-07-26 05:06:00.594800
6357,201707265065949,PRIN,56,59,282,1210,341220.00,2017-07-26 05:06:00.594900
6358,201707265065858,PRIN,19,26,20,1199,23980.00,2017-07-26 05:06:00.585800
6359,201707265065859,PRIN,19,29,80,1200,96000.00,2017-07-26 05:06:00.585900
6360,201707265065860,PRIN,57,29,50,1200,60000.00,2017-07-26 05:06:00.586000
6361,201707265065830,PRIN,19,47,170,1200,204000.00,2017-07-26 05:06:00.583000
6362,201707265065831,PRIN,19,29,30,1200,36000.00,2017-07-26 05:06:00.583100
6363,201707265065737,PRIN,40,49,800,1196,956800.00,2017-07-26 05:06:00.573700
6364,201707265065738,PRIN,40,59,1000,1197,1197000.00,2017-07-26 05:06:00.573800
6365,201707265065777,PRIN,56,11,100,1198,119800.00,2017-07-26 05:06:00.577700
6366,201707265065779,PRIN,40,25,100,1199,119900.00,2017-07-26 05:06:00.577900
6367,201707265065780,PRIN,40,25,50,1199,59950.00,2017-07-26 05:06:00.578000
6368,201707265065781,PRIN,40,57,200,1200,240000.00,2017-07-26 05:06:00.578100
6369,201707265065782,PRIN,40,29,50,1200,60000.00,2017-07-26 05:06:00.578200
6370,201707265065625,PRIN,53,38,100,1197,119700.00,2017-07-26 05:06:00.562500
6371,201707265065644,PRIN,53,49,200,1196,239200.00,2017-07-26 05:06:00.564400
6372,201707265065590,PRIN,53,59,100,1195,119500.00,2017-07-26 05:06:00.559000
6373,201707265065591,PRIN,53,38,400,1197,478800.00,2017-07-26 05:06:00.559100
6374,201707265065550,PRIN,58,51,100,1185,118500.00,2017-07-26 05:06:00.555000
6375,201707265065555,PRIN,58,51,20,1185,23700.00,2017-07-26 05:06:00.555500
6376,201707265065556,PRIN,58,49,1000,1188,1188000.00,2017-07-26 05:06:00.555600
6377,201707265065566,PRIN,39,49,500,1190,595000.00,2017-07-26 05:06:00.556600
6378,201707265065510,PRIN,19,49,1080,1185,1279800.00,2017-07-26 05:06:00.551000
6379,201707265065392,PRIN,53,49,120,1185,142200.00,2017-07-26 05:06:00.539200
6380,201707265065393,PRIN,22,49,200,1185,237000.00,2017-07-26 05:06:00.539300
6381,201707265065300,PRIN,41,59,18,1185,21330.00,2017-07-26 05:06:00.530000
6382,201707265065301,PRIN,55,59,200,1184,236800.00,2017-07-26 05:06:00.530100
6383,201707265065302,PRIN,13,59,16,1182,18912.00,2017-07-26 05:06:00.530200
6384,201707265065303,PRIN,5,59,295,1180,348100.00,2017-07-26 05:06:00.530300
6385,201707265065304,PRIN,16,59,121,1180,142780.00,2017-07-26 05:06:00.530400
6386,201707265065248,PRIN,41,33,82,1185,97170.00,2017-07-26 05:06:00.524800
6387,201707265065211,PRIN,34,50,200,1185,237000.00,2017-07-26 05:06:00.521100
6388,201707265065212,PRIN,5,50,400,1185,474000.00,2017-07-26 05:06:00.521200
6389,201707265065139,PRIN,55,33,200,1189,237800.00,2017-07-26 05:06:00.513900
6390,201707265065140,PRIN,22,45,170,1187,201790.00,2017-07-26 05:06:00.514000
6391,201707265065141,PRIN,39,45,500,1185,592500.00,2017-07-26 05:06:00.514100
6392,201707265065142,PRIN,53,45,100,1185,118500.00,2017-07-26 05:06:00.514200
6393,201707265065143,PRIN,25,45,100,1184,118400.00,2017-07-26 05:06:00.514300
6394,201707265065152,PRIN,38,45,430,1182,508260.00,2017-07-26 05:06:00.515200
6395,201707265065153,PRIN,43,45,200,1182,236400.00,2017-07-26 05:06:00.515300
6396,201707265065158,PRIN,41,33,200,1189,237800.00,2017-07-26 05:06:00.515800
6397,201707265065108,PRIN,19,59,500,1190,595000.00,2017-07-26 05:06:00.510800
6398,201707265065126,PRIN,41,33,100,1189,118900.00,2017-07-26 05:06:00.512600
6399,201707265065065,PRIN,20,38,200,1193,238600.00,2017-07-26 05:06:00.506500
6400,201707265065069,PRIN,20,59,100,1193,119300.00,2017-07-26 05:06:00.506900
6401,201707265065070,PRIN,35,59,200,1190,238000.00,2017-07-26 05:06:00.507000
6402,201707265065071,PRIN,8,59,100,1190,119000.00,2017-07-26 05:06:00.507100
6403,201707265065024,PRIN,56,50,300,1190,357000.00,2017-07-26 05:06:00.502400
6404,201707265064984,PRIN,45,49,100,1194,119400.00,2017-07-26 05:06:00.498400
6405,201707265064921,PRIN,19,59,600,1185,711000.00,2017-07-26 05:06:00.492100
6406,201707265064879,PRIN,59,59,1200,1164,1396800.00,2017-07-26 05:06:00.487900
6407,201707265064908,PRIN,34,59,50,1185,59250.00,2017-07-26 05:06:00.490800
6408,201707265064909,PRIN,48,59,100,1185,118500.00,2017-07-26 05:06:00.490900
6409,201707265064841,PRIN,48,59,150,1190,178500.00,2017-07-26 05:06:00.484100
6410,201707265064842,PRIN,58,59,200,1186,237200.00,2017-07-26 05:06:00.484200
6411,201707265064843,PRIN,58,59,500,1185,592500.00,2017-07-26 05:06:00.484300
6412,201707265064844,PRIN,58,59,1000,1185,1185000.00,2017-07-26 05:06:00.484400
6413,201707265064845,PRIN,34,59,150,1185,177750.00,2017-07-26 05:06:00.484500
6414,201707265064821,PRIN,48,14,100,1190,119000.00,2017-07-26 05:06:00.482100
6415,201707265064767,PRIN,56,19,100,1188,118800.00,2017-07-26 05:06:00.476700
6416,201707265064780,PRIN,58,19,17,1188,20196.00,2017-07-26 05:06:00.478000
6417,201707265064787,PRIN,58,59,500,1186,593000.00,2017-07-26 05:06:00.478700
6418,201707265064788,PRIN,58,59,600,1185,711000.00,2017-07-26 05:06:00.478800
6419,201707265064789,PRIN,8,59,100,1185,118500.00,2017-07-26 05:06:00.478900
6420,201707265064790,PRIN,50,59,22,1184,26048.00,2017-07-26 05:06:00.479000
6421,201707265064791,PRIN,57,59,100,1184,118400.00,2017-07-26 05:06:00.479100
6422,201707265064792,PRIN,18,59,100,1184,118400.00,2017-07-26 05:06:00.479200
6423,201707265064793,PRIN,7,59,250,1184,296000.00,2017-07-26 05:06:00.479300
6424,201707265064794,PRIN,20,59,328,1183,388024.00,2017-07-26 05:06:00.479400
6425,201707265064747,PRIN,58,49,550,1189,653950.00,2017-07-26 05:06:00.474700
6426,201707265064748,PRIN,58,25,166,1190,197540.00,2017-07-26 05:06:00.474800
6427,201707265064749,PRIN,58,19,100,1190,119000.00,2017-07-26 05:06:00.474900
6428,201707265064750,PRIN,58,19,100,1190,119000.00,2017-07-26 05:06:00.475000
6429,201707265064751,PRIN,58,37,20,1190,23800.00,2017-07-26 05:06:00.475100
6430,201707265064758,PRIN,58,8,100,1191,119100.00,2017-07-26 05:06:00.475800
6431,201707265064762,PRIN,56,21,100,1194,119400.00,2017-07-26 05:06:00.476200
6432,201707265064764,PRIN,53,59,100,1185,118500.00,2017-07-26 05:06:00.476400
6433,201707265064765,PRIN,58,59,400,1185,474000.00,2017-07-26 05:06:00.476500
6434,201707265064715,PRIN,16,21,50,1185,59250.00,2017-07-26 05:06:00.471500
6435,201707265064724,PRIN,53,49,100,1189,118900.00,2017-07-26 05:06:00.472400
6436,201707265064686,PRIN,35,49,200,1189,237800.00,2017-07-26 05:06:00.468600
6437,201707265064700,PRIN,58,49,150,1189,178350.00,2017-07-26 05:06:00.470000
6438,201707265064669,PRIN,37,38,300,1188,356400.00,2017-07-26 05:06:00.466900
6439,201707265064673,PRIN,58,57,50,1188,59400.00,2017-07-26 05:06:00.467300
6440,201707265064568,PRIN,5,38,200,1188,237600.00,2017-07-26 05:06:00.456800
6441,201707265064478,PRIN,8,37,100,1188,118800.00,2017-07-26 05:06:00.447800
6442,201707265064479,PRIN,8,13,100,1188,118800.00,2017-07-26 05:06:00.447900
6443,201707265064480,PRIN,8,59,250,1188,297000.00,2017-07-26 05:06:00.448000
6444,201707265064441,PRIN,58,59,50,1188,59400.00,2017-07-26 05:06:00.444100
6445,201707265064204,PRIN,26,19,100,1184,118400.00,2017-07-26 05:06:00.420400
6446,201707265064205,PRIN,43,19,500,1183,591500.00,2017-07-26 05:06:00.420500
6447,201707265064206,PRIN,38,19,70,1182,82740.00,2017-07-26 05:06:00.420600
6448,201707265064136,PRIN,58,33,500,1184,592000.00,2017-07-26 05:06:00.413600
6449,201707265064112,PRIN,56,29,119,1185,141015.00,2017-07-26 05:06:00.411200
6450,201707265064113,PRIN,56,59,276,1189,328164.00,2017-07-26 05:06:00.411300
6451,201707265064114,PRIN,56,8,90,1190,107100.00,2017-07-26 05:06:00.411400
6452,201707265064115,PRIN,56,56,181,1190,215390.00,2017-07-26 05:06:00.411500
6453,201707265064116,PRIN,56,53,500,1190,595000.00,2017-07-26 05:06:00.411600
6454,201707265064117,PRIN,56,34,200,1190,238000.00,2017-07-26 05:06:00.411700
6455,201707265064118,PRIN,56,25,34,1190,40460.00,2017-07-26 05:06:00.411800
6456,201707265064121,PRIN,33,33,200,1184,236800.00,2017-07-26 05:06:00.412100
6457,201707265063988,PRIN,17,35,100,1187,118700.00,2017-07-26 05:06:00.398800
6458,201707265063989,PRIN,17,52,100,1188,118800.00,2017-07-26 05:06:00.398900
6459,201707265063990,PRIN,17,49,480,1189,570720.00,2017-07-26 05:06:00.399000
6460,201707265063991,PRIN,17,49,500,1189,594500.00,2017-07-26 05:06:00.399100
6461,201707265063888,PRIN,5,19,205,1184,242720.00,2017-07-26 05:06:00.388800
6462,201707265063862,PRIN,5,33,50,1180,59000.00,2017-07-26 05:06:00.386200
6463,201707265063863,PRIN,53,33,100,1180,118000.00,2017-07-26 05:06:00.386300
6464,201707265063803,PRIN,21,50,200,1182,236400.00,2017-07-26 05:06:00.380300
6465,201707265063805,PRIN,45,37,50,1182,59100.00,2017-07-26 05:06:00.380500
6466,201707265063806,PRIN,6,37,30,1182,35460.00,2017-07-26 05:06:00.380600
6467,201707265063807,PRIN,5,37,50,1180,59000.00,2017-07-26 05:06:00.380700
6468,201707265063683,PRIN,13,33,150,1181,177150.00,2017-07-26 05:06:00.368300
6469,201707265063684,PRIN,56,33,30,1180,35400.00,2017-07-26 05:06:00.368400
6470,201707265063685,PRIN,40,33,100,1180,118000.00,2017-07-26 05:06:00.368500
6471,201707265063625,PRIN,38,7,100,1185,118500.00,2017-07-26 05:06:00.362500
6472,201707265063587,PRIN,56,50,200,1184,236800.00,2017-07-26 05:06:00.358700
6473,201707265063588,PRIN,56,7,100,1185,118500.00,2017-07-26 05:06:00.358800
6474,201707265063551,PRIN,56,51,70,1180,82600.00,2017-07-26 05:06:00.355100
6475,201707265063574,PRIN,5,7,100,1185,118500.00,2017-07-26 05:06:00.357400
6476,201707265063433,PRIN,17,49,450,1174,528300.00,2017-07-26 05:06:00.343300
6477,201707265063434,PRIN,17,57,100,1174,117400.00,2017-07-26 05:06:00.343400
6478,201707265063435,PRIN,17,14,200,1175,235000.00,2017-07-26 05:06:00.343500
6479,201707265063436,PRIN,17,14,200,1175,235000.00,2017-07-26 05:06:00.343600
6480,201707265063437,PRIN,17,48,100,1175,117500.00,2017-07-26 05:06:00.343700
6481,201707265063378,PRIN,25,49,100,1174,117400.00,2017-07-26 05:06:00.337800
6482,201707265063414,PRIN,38,25,100,1171,117100.00,2017-07-26 05:06:00.341400
6483,201707265063331,PRIN,40,49,150,1174,176100.00,2017-07-26 05:06:00.333100
6484,201707265063090,PRIN,49,49,300,1174,352200.00,2017-07-26 05:06:00.309000
6485,201707265063001,PRIN,39,49,25,1174,29350.00,2017-07-26 05:06:00.300100
6486,201707265063002,PRIN,14,49,30,1171,35130.00,2017-07-26 05:06:00.300200
6487,201707265063003,PRIN,5,49,40,1171,46840.00,2017-07-26 05:06:00.300300
6488,201707265063004,PRIN,46,49,300,1170,351000.00,2017-07-26 05:06:00.300400
6489,201707265063006,PRIN,16,49,105,1170,122850.00,2017-07-26 05:06:00.300600
6490,201707265062946,PRIN,48,53,96,1185,113760.00,2017-07-26 05:06:00.294600
6491,201707265062954,PRIN,32,14,100,1175,117500.00,2017-07-26 05:06:00.295400
6492,201707265062928,PRIN,39,50,100,1174,117400.00,2017-07-26 05:06:00.292800
6493,201707265062881,PRIN,25,57,100,1175,117500.00,2017-07-26 05:06:00.288100
6494,201707265062887,PRIN,21,57,250,1175,293750.00,2017-07-26 05:06:00.288700
6495,201707265062897,PRIN,21,57,365,1175,428875.00,2017-07-26 05:06:00.289700
6496,201707265062878,PRIN,55,49,20,1189,23780.00,2017-07-26 05:06:00.287800
6497,201707265062841,PRIN,48,49,100,1185,118500.00,2017-07-26 05:06:00.284100
6498,201707265062853,PRIN,25,49,47,1185,55695.00,2017-07-26 05:06:00.285300
6499,201707265062854,PRIN,25,35,57,1185,67545.00,2017-07-26 05:06:00.285400
6500,201707265062776,PRIN,41,49,200,1185,237000.00,2017-07-26 05:06:00.277600
6501,201707255062569,PRIN,53,38,200,1169,233800.00,2017-07-25 05:06:00.256900
6502,201707255062615,PRIN,5,38,41,1169,47929.00,2017-07-25 05:06:00.261500
6503,201707255062616,PRIN,5,37,59,1170,69030.00,2017-07-25 05:06:00.261600
6504,201707255062617,PRIN,5,37,200,1170,234000.00,2017-07-25 05:06:00.261700
6505,201707255062357,PRIN,46,45,125,1165,145625.00,2017-07-25 05:06:00.235700
6506,201707255062392,PRIN,7,38,10,1169,11690.00,2017-07-25 05:06:00.239200
6507,201707255062393,PRIN,39,38,100,1169,116900.00,2017-07-25 05:06:00.239300
6508,201707255062311,PRIN,5,36,30,1167,35010.00,2017-07-25 05:06:00.231100
6509,201707255062313,PRIN,46,41,50,1165,58250.00,2017-07-25 05:06:00.231300
6510,201707255062232,PRIN,46,59,17,1165,19805.00,2017-07-25 05:06:00.223200
6511,201707255061961,PRIN,6,59,100,1163,116300.00,2017-07-25 05:06:00.196100
6512,201707255061967,PRIN,52,58,50,1162,58100.00,2017-07-25 05:06:00.196700
6513,201707255061968,PRIN,5,58,126,1161,146286.00,2017-07-25 05:06:00.196800
6514,201707255061977,PRIN,16,59,300,1163,348900.00,2017-07-25 05:06:00.197700
6515,201707255061915,PRIN,20,59,100,1163,116300.00,2017-07-25 05:06:00.191500
6516,201707255061882,PRIN,52,59,310,1162,360220.00,2017-07-25 05:06:00.188200
6517,201707255061894,PRIN,52,11,40,1162,46480.00,2017-07-25 05:06:00.189400
6518,201707255061842,PRIN,5,59,500,1163,581500.00,2017-07-25 05:06:00.184200
6519,201707255061697,PRIN,20,37,20,1165,23300.00,2017-07-25 05:06:00.169700
6520,201707255061698,PRIN,36,37,95,1165,110675.00,2017-07-25 05:06:00.169800
6521,201707255061636,PRIN,50,59,40,1168,46720.00,2017-07-25 05:06:00.163600
6522,201707255061661,PRIN,5,59,100,1168,116800.00,2017-07-25 05:06:00.166100
6523,201707255061597,PRIN,5,59,200,1168,233600.00,2017-07-25 05:06:00.159700
6524,201707255061491,PRIN,5,59,50,1168,58400.00,2017-07-25 05:06:00.149100
6525,201707255061172,PRIN,22,59,100,1168,116800.00,2017-07-25 05:06:00.117200
6526,201707255061095,PRIN,56,59,23,1170,26910.00,2017-07-25 05:06:00.109500
6527,201707255061097,PRIN,5,59,150,1168,175200.00,2017-07-25 05:06:00.109700
6528,201707255061099,PRIN,7,59,100,1167,116700.00,2017-07-25 05:06:00.109900
6529,201707255061100,PRIN,5,59,200,1166,233200.00,2017-07-25 05:06:00.110000
6530,201707255061101,PRIN,17,59,30,1165,34950.00,2017-07-25 05:06:00.110100
6531,201707255061102,PRIN,5,59,100,1165,116500.00,2017-07-25 05:06:00.110200
6532,201707255061103,PRIN,52,59,50,1165,58250.00,2017-07-25 05:06:00.110300
6533,201707255061104,PRIN,7,59,100,1164,116400.00,2017-07-25 05:06:00.110400
6534,201707255061105,PRIN,32,59,50,1164,58200.00,2017-07-25 05:06:00.110500
6535,201707255061106,PRIN,5,59,50,1163,58150.00,2017-07-25 05:06:00.110600
6536,201707255061107,PRIN,41,59,100,1162,116200.00,2017-07-25 05:06:00.110700
6537,201707255061108,PRIN,44,59,1000,1162,1162000.00,2017-07-25 05:06:00.110800
6538,201707255061109,PRIN,5,59,70,1160,81200.00,2017-07-25 05:06:00.110900
6539,201707255061123,PRIN,37,59,200,1168,233600.00,2017-07-25 05:06:00.112300
6540,201707255061031,PRIN,22,59,200,1170,234000.00,2017-07-25 05:06:00.103100
6541,201707255061018,PRIN,56,59,100,1170,117000.00,2017-07-25 05:06:00.101800
6542,201707255060899,PRIN,32,59,100,1170,117000.00,2017-07-25 05:06:00.089900
6543,201707255060900,PRIN,46,59,50,1170,58500.00,2017-07-25 05:06:00.090000
6544,201707255060879,PRIN,7,53,100,1172,117200.00,2017-07-25 05:06:00.087900
6545,201707255060880,PRIN,43,53,50,1172,58600.00,2017-07-25 05:06:00.088000
6546,201707255060881,PRIN,35,53,100,1171,117100.00,2017-07-25 05:06:00.088100
6547,201707255060882,PRIN,55,53,76,1170,88920.00,2017-07-25 05:06:00.088200
6548,201707255060883,PRIN,35,53,50,1170,58500.00,2017-07-25 05:06:00.088300
6549,201707255060884,PRIN,32,53,94,1170,109980.00,2017-07-25 05:06:00.088400
6550,201707255060855,PRIN,38,59,200,1174,234800.00,2017-07-25 05:06:00.085500
6551,201707255060705,PRIN,5,59,500,1174,587000.00,2017-07-25 05:06:00.070500
6552,201707255060587,PRIN,32,29,100,1170,117000.00,2017-07-25 05:06:00.058700
6553,201707255060604,PRIN,7,38,30,1173,35190.00,2017-07-25 05:06:00.060400
6554,201707255060535,PRIN,5,34,200,1172,234400.00,2017-07-25 05:06:00.053500
6555,201707255060449,PRIN,21,44,100,1171,117100.00,2017-07-25 05:06:00.044900
6556,201707255060394,PRIN,14,29,50,1171,58550.00,2017-07-25 05:06:00.039400
6557,201707255060395,PRIN,20,29,76,1170,88920.00,2017-07-25 05:06:00.039500
6558,201707255060396,PRIN,55,29,74,1170,86580.00,2017-07-25 05:06:00.039600
6559,201707255060099,PRIN,14,34,150,1173,175950.00,2017-07-25 05:06:00.009900
6560,201707255060075,PRIN,21,51,26,1170,30420.00,2017-07-25 05:06:00.007500
6561,201707255060076,PRIN,29,51,50,1170,58500.00,2017-07-25 05:06:00.007600
6562,201707255060077,PRIN,20,51,24,1170,28080.00,2017-07-25 05:06:00.007700
6563,201707255060054,PRIN,5,38,260,1172,304720.00,2017-07-25 05:06:00.005400
6564,201707255059519,PRIN,26,53,100,1171,117100.00,2017-07-25 05:05:00.951900
6565,201707255059486,PRIN,43,59,60,1174,70440.00,2017-07-25 05:05:00.948600
6566,201707255059458,PRIN,35,35,50,1175,58750.00,2017-07-25 05:05:00.945800
6567,201707255059459,PRIN,35,19,75,1175,88125.00,2017-07-25 05:05:00.945900
6568,201707255059460,PRIN,35,50,200,1175,235000.00,2017-07-25 05:05:00.946000
6569,201707255059461,PRIN,35,57,175,1175,205625.00,2017-07-25 05:05:00.946100
6570,201707255059437,PRIN,5,52,50,1175,58750.00,2017-07-25 05:05:00.943700
6571,201707255059438,PRIN,5,35,50,1175,58750.00,2017-07-25 05:05:00.943800
6572,201707255059439,PRIN,21,35,200,1175,235000.00,2017-07-25 05:05:00.943900
6573,201707255059390,PRIN,5,54,100,1174,117400.00,2017-07-25 05:05:00.939000
6574,201707255059335,PRIN,35,58,465,1172,544980.00,2017-07-25 05:05:00.933500
6575,201707255059336,PRIN,35,49,500,1173,586500.00,2017-07-25 05:05:00.933600
6576,201707255059098,PRIN,21,1,124,1170,145080.00,2017-07-25 05:05:00.909800
6577,201707255059059,PRIN,26,25,160,1171,187360.00,2017-07-25 05:05:00.905900
6578,201707255059064,PRIN,26,25,234,1171,274014.00,2017-07-25 05:05:00.906400
6579,201707255058944,PRIN,35,58,20,1174,23480.00,2017-07-25 05:05:00.894400
6580,201707255058958,PRIN,49,49,1100,1170,1287000.00,2017-07-25 05:05:00.895800
6581,201707255058797,PRIN,26,53,55,1170,64350.00,2017-07-25 05:05:00.879700
6582,201707255058798,PRIN,26,53,109,1170,127530.00,2017-07-25 05:05:00.879800
6583,201707255058799,PRIN,26,53,50,1170,58500.00,2017-07-25 05:05:00.879900
6584,201707255058748,PRIN,26,53,45,1170,52650.00,2017-07-25 05:05:00.874800
6585,201707255058724,PRIN,44,26,100,1170,117000.00,2017-07-25 05:05:00.872400
6586,201707255058582,PRIN,46,50,28,1172,32816.00,2017-07-25 05:05:00.858200
6587,201707255058603,PRIN,46,34,100,1172,117200.00,2017-07-25 05:05:00.860300
6588,201707255058492,PRIN,5,36,50,1168,58400.00,2017-07-25 05:05:00.849200
6589,201707255058313,PRIN,5,44,100,1168,116800.00,2017-07-25 05:05:00.831300
6590,201707255058314,PRIN,5,57,100,1169,116900.00,2017-07-25 05:05:00.831400
6591,201707255058289,PRIN,5,13,150,1167,175050.00,2017-07-25 05:05:00.828900
6592,201707255058296,PRIN,7,13,50,1167,58350.00,2017-07-25 05:05:00.829600
6593,201707255058217,PRIN,49,49,500,1165,582500.00,2017-07-25 05:05:00.821700
6594,201707255058220,PRIN,5,5,8,1150,9200.00,2017-07-25 05:05:00.822000
6595,201707255058003,PRIN,58,58,470,1162,546140.00,2017-07-25 05:05:00.800300
6596,201707255057897,PRIN,17,29,70,1165,81550.00,2017-07-25 05:05:00.789700
6597,201707255057877,PRIN,17,50,100,1165,116500.00,2017-07-25 05:05:00.787700
6598,201707255057825,PRIN,33,54,100,1164,116400.00,2017-07-25 05:05:00.782500
6599,201707255057762,PRIN,5,32,75,1160,87000.00,2017-07-25 05:05:00.776200
6600,201707255057637,PRIN,26,58,100,1164,116400.00,2017-07-25 05:05:00.763700
6601,201707255057638,PRIN,5,58,50,1163,58150.00,2017-07-25 05:05:00.763800
6602,201707255057606,PRIN,7,55,50,1164,58200.00,2017-07-25 05:05:00.760600
6603,201707255057507,PRIN,5,5,100,1167,116700.00,2017-07-25 05:05:00.750700
6604,201707255057508,PRIN,14,5,200,1167,233400.00,2017-07-25 05:05:00.750800
6605,201707255057509,PRIN,45,5,500,1166,583000.00,2017-07-25 05:05:00.750900
6606,201707255057510,PRIN,37,5,100,1166,116600.00,2017-07-25 05:05:00.751000
6607,201707255057511,PRIN,25,5,200,1165,233000.00,2017-07-25 05:05:00.751100
6608,201707255057512,PRIN,5,5,30,1165,34950.00,2017-07-25 05:05:00.751200
6609,201707255057443,PRIN,5,45,100,1167,116700.00,2017-07-25 05:05:00.744300
6610,201707255057396,PRIN,49,49,4000,1170,4680000.00,2017-07-25 05:05:00.739600
6611,201707255057400,PRIN,46,45,100,1170,117000.00,2017-07-25 05:05:00.740000
6612,201707255057330,PRIN,26,50,200,1172,234400.00,2017-07-25 05:05:00.733000
6613,201707255057335,PRIN,25,50,20,1172,23440.00,2017-07-25 05:05:00.733500
6614,201707255057338,PRIN,38,7,100,1171,117100.00,2017-07-25 05:05:00.733800
6615,201707255057339,PRIN,38,7,117,1170,136890.00,2017-07-25 05:05:00.733900
6616,201707255057072,PRIN,14,56,200,1172,234400.00,2017-07-25 05:05:00.707200
6617,201707255057080,PRIN,54,7,37,1171,43327.00,2017-07-25 05:05:00.708000
6618,201707255057081,PRIN,46,7,50,1171,58550.00,2017-07-25 05:05:00.708100
6619,201707255057082,PRIN,51,7,300,1170,351000.00,2017-07-25 05:05:00.708200
6620,201707255057083,PRIN,26,7,150,1170,175500.00,2017-07-25 05:05:00.708300
6621,201707255057084,PRIN,39,7,160,1170,187200.00,2017-07-25 05:05:00.708400
6622,201707255056973,PRIN,14,39,100,1177,117700.00,2017-07-25 05:05:00.697300
6623,201707255056869,PRIN,5,49,50,1178,58900.00,2017-07-25 05:05:00.686900
6624,201707255056632,PRIN,6,49,200,1178,235600.00,2017-07-25 05:05:00.663200
6625,201707255056619,PRIN,48,35,200,1177,235400.00,2017-07-25 05:05:00.661900
6626,201707255056563,PRIN,19,49,60,1178,70680.00,2017-07-25 05:05:00.656300
6627,201707255056571,PRIN,38,49,50,1178,58900.00,2017-07-25 05:05:00.657100
6628,201707255056528,PRIN,21,35,202,1175,237350.00,2017-07-25 05:05:00.652800
6629,201707255056514,PRIN,26,56,20,1179,23580.00,2017-07-25 05:05:00.651400
6630,201707255056515,PRIN,21,29,100,1173,117300.00,2017-07-25 05:05:00.651500
6631,201707255056516,PRIN,52,29,200,1173,234600.00,2017-07-25 05:05:00.651600
6632,201707255056517,PRIN,1,29,500,1172,586000.00,2017-07-25 05:05:00.651700
6633,201707255056518,PRIN,32,29,37,1171,43327.00,2017-07-25 05:05:00.651800
6634,201707255056519,PRIN,14,29,100,1171,117100.00,2017-07-25 05:05:00.651900
6635,201707255056520,PRIN,54,29,63,1171,73773.00,2017-07-25 05:05:00.652000
6636,201707255056485,PRIN,7,56,450,1179,530550.00,2017-07-25 05:05:00.648500
6637,201707255056419,PRIN,49,49,7500,1170,8775000.00,2017-07-25 05:05:00.641900
6638,201707255056215,PRIN,46,50,50,1180,59000.00,2017-07-25 05:05:00.621500
6639,201707255056127,PRIN,14,50,35,1184,41440.00,2017-07-25 05:05:00.612700
6640,201707255056072,PRIN,22,50,35,1180,41300.00,2017-07-25 05:05:00.607200
6641,201707255056055,PRIN,7,13,100,1184,118400.00,2017-07-25 05:05:00.605500
6642,201707255055972,PRIN,32,32,263,1171,307973.00,2017-07-25 05:05:00.597200
6643,201707255055917,PRIN,14,52,100,1175,117500.00,2017-07-25 05:05:00.591700
6644,201707255055908,PRIN,21,38,50,1173,58650.00,2017-07-25 05:05:00.590800
6645,201707255055863,PRIN,46,45,60,1173,70380.00,2017-07-25 05:05:00.586300
6646,201707255055861,PRIN,25,43,185,1172,216820.00,2017-07-25 05:05:00.586100
6647,201707255055833,PRIN,7,45,800,1170,936000.00,2017-07-25 05:05:00.583300
6648,201707255055765,PRIN,40,14,90,1171,105390.00,2017-07-25 05:05:00.576500
6649,201707255055766,PRIN,40,43,110,1172,128920.00,2017-07-25 05:05:00.576600
6650,201707255055728,PRIN,32,13,60,1170,70200.00,2017-07-25 05:05:00.572800
6651,201707255055729,PRIN,32,42,200,1170,234000.00,2017-07-25 05:05:00.572900
6652,201707255055730,PRIN,32,29,100,1170,117000.00,2017-07-25 05:05:00.573000
6653,201707255055746,PRIN,32,13,250,1171,292750.00,2017-07-25 05:05:00.574600
6654,201707255055717,PRIN,7,41,90,1169,105210.00,2017-07-25 05:05:00.571700
6655,201707255055669,PRIN,17,41,10,1161,11610.00,2017-07-25 05:05:00.566900
6656,201707255055670,PRIN,17,41,100,1160,116000.00,2017-07-25 05:05:00.567000
6657,201707255055644,PRIN,3,13,10,1170,11700.00,2017-07-25 05:05:00.564400
6658,201707255055650,PRIN,5,13,50,1170,58500.00,2017-07-25 05:05:00.565000
6659,201707255055628,PRIN,36,13,80,1170,93600.00,2017-07-25 05:05:00.562800
6660,201707245055158,PRIN,7,25,10,1164,11640.00,2017-07-24 05:05:00.515800
6661,201707245055162,PRIN,37,25,20,1164,23280.00,2017-07-24 05:05:00.516200
6662,201707245055003,PRIN,58,48,100,1162,116200.00,2017-07-24 05:05:00.500300
6663,201707245054886,PRIN,7,25,10,1164,11640.00,2017-07-24 05:05:00.488600
6664,201707245054803,PRIN,29,52,50,1150,57500.00,2017-07-24 05:05:00.480300
6665,201707245054804,PRIN,56,52,170,1147,194990.00,2017-07-24 05:05:00.480400
6666,201707245054805,PRIN,22,52,30,1142,34260.00,2017-07-24 05:05:00.480500
6667,201707245054841,PRIN,49,25,100,1164,116400.00,2017-07-24 05:05:00.484100
6668,201707245054850,PRIN,7,25,500,1160,580000.00,2017-07-24 05:05:00.485000
6669,201707245054737,PRIN,37,25,150,1163,174450.00,2017-07-24 05:05:00.473700
6670,201707245054738,PRIN,44,25,300,1162,348600.00,2017-07-24 05:05:00.473800
6671,201707245054739,PRIN,49,25,100,1161,116100.00,2017-07-24 05:05:00.473900
6672,201707245054740,PRIN,53,25,200,1160,232000.00,2017-07-24 05:05:00.474000
6673,201707245054741,PRIN,8,25,50,1160,58000.00,2017-07-24 05:05:00.474100
6674,201707245054742,PRIN,20,25,400,1160,464000.00,2017-07-24 05:05:00.474200
6675,201707245054698,PRIN,21,33,200,1165,233000.00,2017-07-24 05:05:00.469800
6676,201707245054699,PRIN,4,33,500,1163,581500.00,2017-07-24 05:05:00.469900
6677,201707245054437,PRIN,59,45,50,1167,58350.00,2017-07-24 05:05:00.443700
6678,201707245054454,PRIN,49,49,1500,1165,1747500.00,2017-07-24 05:05:00.445400
6679,201707245054091,PRIN,13,59,100,1167,116700.00,2017-07-24 05:05:00.409100
6680,201707245053992,PRIN,20,38,100,1164,116400.00,2017-07-24 05:05:00.399200
6681,201707245053904,PRIN,37,45,50,1167,58350.00,2017-07-24 05:05:00.390400
6682,201707245053898,PRIN,11,14,42,1166,48972.00,2017-07-24 05:05:00.389800
6683,201707245053899,PRIN,37,14,74,1165,86210.00,2017-07-24 05:05:00.389900
6684,201707245053781,PRIN,59,59,1100,1161,1277100.00,2017-07-24 05:05:00.378100
6685,201707245053710,PRIN,40,45,150,1167,175050.00,2017-07-24 05:05:00.371000
6686,201707245053704,PRIN,40,50,50,1167,58350.00,2017-07-24 05:05:00.370400
6687,201707245053488,PRIN,38,59,200,1167,233400.00,2017-07-24 05:05:00.348800
6688,201707245053506,PRIN,37,50,50,1165,58250.00,2017-07-24 05:05:00.350600
6689,201707245053372,PRIN,37,52,50,1165,58250.00,2017-07-24 05:05:00.337200
6690,201707245053335,PRIN,6,37,40,1172,46880.00,2017-07-24 05:05:00.333500
6691,201707245053236,PRIN,5,45,77,1166,89782.00,2017-07-24 05:05:00.323600
6692,201707245053237,PRIN,44,45,100,1166,116600.00,2017-07-24 05:05:00.323700
6693,201707245053238,PRIN,17,45,20,1166,23320.00,2017-07-24 05:05:00.323800
6694,201707245053239,PRIN,20,45,200,1165,233000.00,2017-07-24 05:05:00.323900
6695,201707245053240,PRIN,37,45,500,1165,582500.00,2017-07-24 05:05:00.324000
6696,201707245053241,PRIN,37,45,24,1165,27960.00,2017-07-24 05:05:00.324100
6697,201707245053273,PRIN,11,26,88,1167,102696.00,2017-07-24 05:05:00.327300
6698,201707245053274,PRIN,11,48,20,1170,23400.00,2017-07-24 05:05:00.327400
6699,201707245053225,PRIN,41,48,50,1167,58350.00,2017-07-24 05:05:00.322500
6700,201707245053226,PRIN,41,48,50,1167,58350.00,2017-07-24 05:05:00.322600
6701,201707245053178,PRIN,38,53,500,1170,585000.00,2017-07-24 05:05:00.317800
6702,201707245053179,PRIN,38,21,20,1170,23400.00,2017-07-24 05:05:00.317900
6703,201707245052925,PRIN,51,19,165,1169,192885.00,2017-07-24 05:05:00.292500
6704,201707245052771,PRIN,56,22,105,1167,122535.00,2017-07-24 05:05:00.277100
6705,201707245052772,PRIN,5,22,23,1166,26818.00,2017-07-24 05:05:00.277200
6706,201707245052574,PRIN,56,21,95,1167,110865.00,2017-07-24 05:05:00.257400
6707,201707245052204,PRIN,57,19,100,1172,117200.00,2017-07-24 05:05:00.220400
6708,201707245052205,PRIN,57,44,100,1172,117200.00,2017-07-24 05:05:00.220500
6709,201707245052136,PRIN,59,59,500,1162,581000.00,2017-07-24 05:05:00.213600
6710,201707245052145,PRIN,5,33,50,1165,58250.00,2017-07-24 05:05:00.214500
6711,201707245052091,PRIN,59,59,1000,1162,1162000.00,2017-07-24 05:05:00.209100
6712,201707245052104,PRIN,5,33,100,1165,116500.00,2017-07-24 05:05:00.210400
6713,201707245052002,PRIN,42,59,50,1165,58250.00,2017-07-24 05:05:00.200200
6714,201707245052003,PRIN,43,59,100,1165,116500.00,2017-07-24 05:05:00.200300
6715,201707245052004,PRIN,7,59,300,1165,349500.00,2017-07-24 05:05:00.200400
6716,201707245052005,PRIN,37,59,250,1165,291250.00,2017-07-24 05:05:00.200500
6717,201707245052006,PRIN,37,59,500,1165,582500.00,2017-07-24 05:05:00.200600
6718,201707245052007,PRIN,37,59,500,1165,582500.00,2017-07-24 05:05:00.200700
6719,201707245051913,PRIN,57,53,50,1166,58300.00,2017-07-24 05:05:00.191300
6720,201707245051914,PRIN,14,53,500,1166,583000.00,2017-07-24 05:05:00.191400
6721,201707245051915,PRIN,22,53,250,1166,291500.00,2017-07-24 05:05:00.191500
6722,201707245051836,PRIN,21,33,50,1170,58500.00,2017-07-24 05:05:00.183600
6723,201707245051837,PRIN,18,33,200,1168,233600.00,2017-07-24 05:05:00.183700
6724,201707245051838,PRIN,20,33,500,1167,583500.00,2017-07-24 05:05:00.183800
6725,201707245051193,PRIN,37,34,20,1170,23400.00,2017-07-24 05:05:00.119300
6726,201707245051194,PRIN,57,34,142,1170,166140.00,2017-07-24 05:05:00.119400
6727,201707245051149,PRIN,45,50,25,1171,29275.00,2017-07-24 05:05:00.114900
6728,201707245051150,PRIN,45,37,219,1171,256449.00,2017-07-24 05:05:00.115000
6729,201707245051047,PRIN,37,42,280,1170,327600.00,2017-07-24 05:05:00.104700
6730,201707245051000,PRIN,57,53,200,1171,234200.00,2017-07-24 05:05:00.100000
6731,201707245051001,PRIN,10,53,100,1170,117000.00,2017-07-24 05:05:00.100100
6732,201707245051002,PRIN,37,53,200,1170,234000.00,2017-07-24 05:05:00.100200
6733,201707245050984,PRIN,21,53,100,1171,117100.00,2017-07-24 05:05:00.098400
6734,201707245050954,PRIN,55,34,50,1174,58700.00,2017-07-24 05:05:00.095400
6735,201707245050955,PRIN,16,59,500,1172,586000.00,2017-07-24 05:05:00.095500
6736,201707245050709,PRIN,38,59,300,1172,351600.00,2017-07-24 05:05:00.070900
6737,201707245050685,PRIN,59,59,1000,1168,1168000.00,2017-07-24 05:05:00.068500
6738,201707245050632,PRIN,22,56,64,1174,75136.00,2017-07-24 05:05:00.063200
6739,201707245050633,PRIN,38,56,112,1172,131264.00,2017-07-24 05:05:00.063300
6740,201707245050550,PRIN,22,26,50,1174,58700.00,2017-07-24 05:05:00.055000
6741,201707245050392,PRIN,22,4,100,1175,117500.00,2017-07-24 05:05:00.039200
6742,201707245050393,PRIN,57,4,14,1174,16436.00,2017-07-24 05:05:00.039300
6743,201707245050394,PRIN,22,4,186,1174,218364.00,2017-07-24 05:05:00.039400
6744,201707245050311,PRIN,35,53,50,1177,58850.00,2017-07-24 05:05:00.031100
6745,201707245050312,PRIN,35,53,100,1178,117800.00,2017-07-24 05:05:00.031200
6746,201707245050322,PRIN,20,59,500,1176,588000.00,2017-07-24 05:05:00.032200
6747,201707245050234,PRIN,21,53,50,1177,58850.00,2017-07-24 05:05:00.023400
6748,201707245050188,PRIN,59,26,44,1175,51700.00,2017-07-24 05:05:00.018800
6749,201707245050189,PRIN,57,26,41,1174,48134.00,2017-07-24 05:05:00.018900
6750,201707245050152,PRIN,38,25,93,1178,109554.00,2017-07-24 05:05:00.015200
6751,201707245050153,PRIN,38,10,200,1178,235600.00,2017-07-24 05:05:00.015300
6752,201707245049777,PRIN,25,59,100,1175,117500.00,2017-07-24 05:04:00.977700
6753,201707245049779,PRIN,59,16,25,1175,29375.00,2017-07-24 05:04:00.977900
6754,201707245049748,PRIN,59,22,31,1175,36425.00,2017-07-24 05:04:00.974800
6755,201707245049627,PRIN,57,39,10,1174,11740.00,2017-07-24 05:04:00.962700
6756,201707245049598,PRIN,57,33,35,1174,41090.00,2017-07-24 05:04:00.959800
6757,201707245049570,PRIN,57,33,150,1174,176100.00,2017-07-24 05:04:00.957000
6758,201707245049434,PRIN,22,33,50,1174,58700.00,2017-07-24 05:04:00.943400
6759,201707245049417,PRIN,47,33,215,1174,252410.00,2017-07-24 05:04:00.941700
6760,201707245049386,PRIN,45,42,10,1179,11790.00,2017-07-24 05:04:00.938600
6761,201707245049387,PRIN,47,42,10,1179,11790.00,2017-07-24 05:04:00.938700
6762,201707245049327,PRIN,59,21,242,1175,284350.00,2017-07-24 05:04:00.932700
6763,201707245049328,PRIN,38,21,200,1175,235000.00,2017-07-24 05:04:00.932800
6764,201707245049329,PRIN,47,21,185,1174,217190.00,2017-07-24 05:04:00.932900
6765,201707245049291,PRIN,59,33,30,1176,35280.00,2017-07-24 05:04:00.929100
6766,201707245049293,PRIN,25,33,200,1176,235200.00,2017-07-24 05:04:00.929300
6767,201707245049294,PRIN,45,33,212,1175,249100.00,2017-07-24 05:04:00.929400
6768,201707245049295,PRIN,59,33,58,1175,68150.00,2017-07-24 05:04:00.929500
6769,201707245049243,PRIN,49,49,500,1177,588500.00,2017-07-24 05:04:00.924300
6770,201707245049040,PRIN,45,50,88,1175,103400.00,2017-07-24 05:04:00.904000
6771,201707245048905,PRIN,43,42,30,1180,35400.00,2017-07-24 05:04:00.890500
6772,201707245048906,PRIN,59,42,170,1176,199920.00,2017-07-24 05:04:00.890600
6773,201707245048950,PRIN,43,13,30,1180,35400.00,2017-07-24 05:04:00.895000
6774,201707245048902,PRIN,43,51,70,1180,82600.00,2017-07-24 05:04:00.890200
6775,201707245048830,PRIN,36,38,20,1180,23600.00,2017-07-24 05:04:00.883000
6776,201707245048831,PRIN,36,14,75,1180,88500.00,2017-07-24 05:04:00.883100
6777,201707245048832,PRIN,36,51,30,1180,35400.00,2017-07-24 05:04:00.883200
6778,201707245048801,PRIN,17,38,30,1180,35400.00,2017-07-24 05:04:00.880100
6779,201707245048718,PRIN,55,48,100,1182,118200.00,2017-07-24 05:04:00.871800
6780,201707245048735,PRIN,29,38,50,1180,59000.00,2017-07-24 05:04:00.873500
6781,201707245048705,PRIN,7,7,100,1180,118000.00,2017-07-24 05:04:00.870500
6782,201707245048706,PRIN,34,7,200,1180,236000.00,2017-07-24 05:04:00.870600
6783,201707245048707,PRIN,26,7,100,1180,118000.00,2017-07-24 05:04:00.870700
6784,201707245048623,PRIN,26,25,65,1182,76830.00,2017-07-24 05:04:00.862300
6785,201707245048624,PRIN,22,25,40,1182,47280.00,2017-07-24 05:04:00.862400
6786,201707245048625,PRIN,22,25,50,1182,59100.00,2017-07-24 05:04:00.862500
6787,201707245048626,PRIN,35,25,20,1182,23640.00,2017-07-24 05:04:00.862600
6788,201707245048627,PRIN,48,25,100,1182,118200.00,2017-07-24 05:04:00.862700
6789,201707245048628,PRIN,55,25,25,1182,29550.00,2017-07-24 05:04:00.862800
6790,201707245048547,PRIN,59,41,176,1183,208208.00,2017-07-24 05:04:00.854700
6791,201707245048548,PRIN,59,59,324,1184,383616.00,2017-07-24 05:04:00.854800
6792,201707245048555,PRIN,26,49,500,1183,591500.00,2017-07-24 05:04:00.855500
6793,201707245048519,PRIN,39,25,15,1183,17745.00,2017-07-24 05:04:00.851900
6794,201707245048520,PRIN,48,25,100,1183,118300.00,2017-07-24 05:04:00.852000
6795,201707245048532,PRIN,32,25,50,1183,59150.00,2017-07-24 05:04:00.853200
6796,201707245048472,PRIN,33,25,75,1184,88800.00,2017-07-24 05:04:00.847200
6797,201707245048358,PRIN,39,53,50,1183,59150.00,2017-07-24 05:04:00.835800
6798,201707245048299,PRIN,44,34,200,1188,237600.00,2017-07-24 05:04:00.829900
6799,201707245048260,PRIN,7,25,100,1185,118500.00,2017-07-24 05:04:00.826000
6800,201707245048267,PRIN,7,13,100,1185,118500.00,2017-07-24 05:04:00.826700
6801,201707245048268,PRIN,39,13,100,1183,118300.00,2017-07-24 05:04:00.826800
6802,201707245048241,PRIN,44,34,100,1188,118800.00,2017-07-24 05:04:00.824100
6803,201707245048247,PRIN,1,39,100,1185,118500.00,2017-07-24 05:04:00.824700
6804,201707245048163,PRIN,55,34,30,1188,35640.00,2017-07-24 05:04:00.816300
6805,201707245047880,PRIN,21,25,62,1189,73718.00,2017-07-24 05:04:00.788000
6806,201707245047849,PRIN,18,25,100,1188,118800.00,2017-07-24 05:04:00.784900
6807,201707245047851,PRIN,53,43,30,1188,35640.00,2017-07-24 05:04:00.785100
6808,201707245047872,PRIN,21,59,38,1189,45182.00,2017-07-24 05:04:00.787200
6809,201707245047553,PRIN,49,59,35,1189,41615.00,2017-07-24 05:04:00.755300
6810,201707245047494,PRIN,43,59,300,1189,356700.00,2017-07-24 05:04:00.749400
6811,201707245047442,PRIN,53,49,500,1188,594000.00,2017-07-24 05:04:00.744200
6812,201707245047313,PRIN,7,36,100,1185,118500.00,2017-07-24 05:04:00.731300
6813,201707245047317,PRIN,49,49,100,1184,118400.00,2017-07-24 05:04:00.731700
6814,201707245047321,PRIN,20,49,400,1187,474800.00,2017-07-24 05:04:00.732100
6815,201707245047322,PRIN,20,25,150,1188,178200.00,2017-07-24 05:04:00.732200
6816,201707245047323,PRIN,20,59,127,1189,151003.00,2017-07-24 05:04:00.732300
6817,201707245047237,PRIN,44,57,88,1180,103840.00,2017-07-24 05:04:00.723700
6818,201707245047238,PRIN,44,21,150,1180,177000.00,2017-07-24 05:04:00.723800
6819,201707245047239,PRIN,44,33,663,1180,782340.00,2017-07-24 05:04:00.723900
6820,201707245047106,PRIN,7,33,193,1175,226775.00,2017-07-24 05:04:00.710600
6821,201707245047045,PRIN,53,33,100,1175,117500.00,2017-07-24 05:04:00.704500
6822,201707245046976,PRIN,46,53,50,1176,58800.00,2017-07-24 05:04:00.697600
6823,201707245046977,PRIN,4,53,500,1175,587500.00,2017-07-24 05:04:00.697700
6824,201707245046910,PRIN,10,49,57,1176,67032.00,2017-07-24 05:04:00.691000
6825,201707245046911,PRIN,32,49,100,1176,117600.00,2017-07-24 05:04:00.691100
6826,201707245046912,PRIN,44,49,500,1173,586500.00,2017-07-24 05:04:00.691200
6827,201707245046922,PRIN,20,49,23,1172,26956.00,2017-07-24 05:04:00.692200
6828,201707245046835,PRIN,44,33,50,1181,59050.00,2017-07-24 05:04:00.683500
6829,201707245046836,PRIN,44,33,250,1180,295000.00,2017-07-24 05:04:00.683600
6830,201707245046798,PRIN,44,17,50,1180,59000.00,2017-07-24 05:04:00.679800
6831,201707245046799,PRIN,44,55,200,1180,236000.00,2017-07-24 05:04:00.679900
6832,201707245046731,PRIN,26,55,100,1177,117700.00,2017-07-24 05:04:00.673100
6833,201707245046732,PRIN,59,55,57,1176,67032.00,2017-07-24 05:04:00.673200
6834,201707245046733,PRIN,34,55,343,1176,403368.00,2017-07-24 05:04:00.673300
6835,201707245046753,PRIN,34,55,157,1176,184632.00,2017-07-24 05:04:00.675300
6836,201707245046754,PRIN,10,55,143,1176,168168.00,2017-07-24 05:04:00.675400
6837,201707245046687,PRIN,22,47,10,1177,11770.00,2017-07-24 05:04:00.668700
6838,201707245046703,PRIN,41,47,40,1177,47080.00,2017-07-24 05:04:00.670300
6839,201707245046708,PRIN,59,13,100,1176,117600.00,2017-07-24 05:04:00.670800
6840,201707245046710,PRIN,59,33,43,1176,50568.00,2017-07-24 05:04:00.671000
6841,201707245046721,PRIN,26,43,100,1177,117700.00,2017-07-24 05:04:00.672100
6842,201707245046664,PRIN,22,34,90,1177,105930.00,2017-07-24 05:04:00.666400
6843,201707245046515,PRIN,21,33,200,1180,236000.00,2017-07-24 05:04:00.651500
6844,201707245046522,PRIN,1,33,50,1180,59000.00,2017-07-24 05:04:00.652200
6845,201707245046464,PRIN,22,17,41,1180,48380.00,2017-07-24 05:04:00.646400
6846,201707245046377,PRIN,41,7,400,1185,474000.00,2017-07-24 05:04:00.637700
6847,201707245046344,PRIN,29,20,300,1190,357000.00,2017-07-24 05:04:00.634400
6848,201707245046362,PRIN,29,20,100,1190,119000.00,2017-07-24 05:04:00.636200
6849,201707245046364,PRIN,29,7,100,1190,119000.00,2017-07-24 05:04:00.636400
6850,201707245046305,PRIN,41,25,100,1199,119900.00,2017-07-24 05:04:00.630500
6851,201707245046306,PRIN,41,58,200,1199,239800.00,2017-07-24 05:04:00.630600
6852,201707245046249,PRIN,38,8,23,1184,27232.00,2017-07-24 05:04:00.624900
6853,201707245046250,PRIN,38,53,500,1184,592000.00,2017-07-24 05:04:00.625000
6854,201707245046005,PRIN,22,39,10,1161,11610.00,2017-07-24 05:04:00.600500
6855,201707235045960,PRIN,53,59,1500,1161,1741500.00,2017-07-23 05:04:00.596000
6856,201707235045830,PRIN,42,49,10,1184,11840.00,2017-07-23 05:04:00.583000
6857,201707235045879,PRIN,42,49,40,1184,47360.00,2017-07-23 05:04:00.587900
6858,201707235045880,PRIN,42,49,100,1184,118400.00,2017-07-23 05:04:00.588000
6859,201707235045573,PRIN,59,59,1100,1161,1277100.00,2017-07-23 05:04:00.557300
6860,201707235045490,PRIN,44,59,10,1173,11730.00,2017-07-23 05:04:00.549000
6861,201707235045491,PRIN,44,49,1310,1183,1549730.00,2017-07-23 05:04:00.549100
6862,201707235045529,PRIN,43,25,100,1184,118400.00,2017-07-23 05:04:00.552900
6863,201707235045530,PRIN,43,19,100,1184,118400.00,2017-07-23 05:04:00.553000
6864,201707235045467,PRIN,20,59,50,1180,59000.00,2017-07-23 05:04:00.546700
6865,201707235045468,PRIN,26,59,350,1180,413000.00,2017-07-23 05:04:00.546800
6866,201707235045469,PRIN,48,59,50,1176,58800.00,2017-07-23 05:04:00.546900
6867,201707235045470,PRIN,59,59,40,1175,47000.00,2017-07-23 05:04:00.547000
6868,201707235045471,PRIN,36,59,500,1173,586500.00,2017-07-23 05:04:00.547100
6869,201707235045353,PRIN,38,34,50,1180,59000.00,2017-07-23 05:04:00.535300
6870,201707235045354,PRIN,38,16,100,1180,118000.00,2017-07-23 05:04:00.535400
6871,201707235045360,PRIN,48,34,50,1176,58800.00,2017-07-23 05:04:00.536000
6872,201707235045157,PRIN,53,45,100,1180,118000.00,2017-07-23 05:04:00.515700
6873,201707235045057,PRIN,1,59,200,1176,235200.00,2017-07-23 05:04:00.505700
6874,201707235044938,PRIN,29,45,100,1180,118000.00,2017-07-23 05:04:00.493800
6875,201707235044838,PRIN,21,13,90,1179,106110.00,2017-07-23 05:04:00.483800
6876,201707235044839,PRIN,21,13,10,1179,11790.00,2017-07-23 05:04:00.483900
6877,201707235044840,PRIN,21,59,200,1180,236000.00,2017-07-23 05:04:00.484000
6878,201707235044560,PRIN,11,10,100,1179,117900.00,2017-07-23 05:04:00.456000
6879,201707235044575,PRIN,54,59,100,1180,118000.00,2017-07-23 05:04:00.457500
6880,201707235044511,PRIN,53,58,100,1179,117900.00,2017-07-23 05:04:00.451100
6881,201707235044453,PRIN,20,10,190,1178,223820.00,2017-07-23 05:04:00.445300
6882,201707235044286,PRIN,29,10,60,1179,70740.00,2017-07-23 05:04:00.428600
6883,201707235044214,PRIN,7,56,28,1179,33012.00,2017-07-23 05:04:00.421400
6884,201707235044128,PRIN,59,59,2000,1160,2320000.00,2017-07-23 05:04:00.412800
6885,201707235044145,PRIN,7,56,100,1179,117900.00,2017-07-23 05:04:00.414500
6886,201707235044053,PRIN,45,37,50,1180,59000.00,2017-07-23 05:04:00.405300
6887,201707235044098,PRIN,45,59,150,1180,177000.00,2017-07-23 05:04:00.409800
6888,201707235043741,PRIN,22,40,98,1165,114170.00,2017-07-23 05:04:00.374100
6889,201707235043744,PRIN,22,59,202,1165,235330.00,2017-07-23 05:04:00.374400
6890,201707235043745,PRIN,20,59,50,1162,58100.00,2017-07-23 05:04:00.374500
6891,201707235043746,PRIN,16,59,50,1162,58100.00,2017-07-23 05:04:00.374600
6892,201707235043747,PRIN,38,59,300,1162,348600.00,2017-07-23 05:04:00.374700
6893,201707235043748,PRIN,7,59,100,1161,116100.00,2017-07-23 05:04:00.374800
6894,201707235043749,PRIN,34,59,50,1160,58000.00,2017-07-23 05:04:00.374900
6895,201707235043750,PRIN,8,59,100,1160,116000.00,2017-07-23 05:04:00.375000
6896,201707235043779,PRIN,22,59,48,1160,55680.00,2017-07-23 05:04:00.377900
6897,201707235043698,PRIN,41,40,100,1174,117400.00,2017-07-23 05:04:00.369800
6898,201707235043699,PRIN,44,40,200,1170,234000.00,2017-07-23 05:04:00.369900
6899,201707235043700,PRIN,38,40,100,1170,117000.00,2017-07-23 05:04:00.370000
6900,201707235043701,PRIN,53,40,200,1166,233200.00,2017-07-23 05:04:00.370100
6901,201707235043726,PRIN,38,40,32,1165,37280.00,2017-07-23 05:04:00.372600
6902,201707235043727,PRIN,17,40,200,1165,233000.00,2017-07-23 05:04:00.372700
6903,201707235043728,PRIN,21,40,20,1165,23300.00,2017-07-23 05:04:00.372800
6904,201707235043729,PRIN,59,40,50,1165,58250.00,2017-07-23 05:04:00.372900
6905,201707235043653,PRIN,38,7,19,1176,22344.00,2017-07-23 05:04:00.365300
6906,201707235043575,PRIN,38,7,62,1176,72912.00,2017-07-23 05:04:00.357500
6907,201707235043576,PRIN,38,7,30,1176,35280.00,2017-07-23 05:04:00.357600
6908,201707235043597,PRIN,41,7,100,1176,117600.00,2017-07-23 05:04:00.359700
6909,201707235043562,PRIN,56,59,10,1177,11770.00,2017-07-23 05:04:00.356200
6910,201707235043466,PRIN,40,59,500,1170,585000.00,2017-07-23 05:04:00.346600
6911,201707235043477,PRIN,46,59,500,1170,585000.00,2017-07-23 05:04:00.347700
6912,201707235043503,PRIN,49,59,20,1177,23540.00,2017-07-23 05:04:00.350300
6913,201707235043519,PRIN,17,59,30,1177,35310.00,2017-07-23 05:04:00.351900
6914,201707235043428,PRIN,40,59,1000,1170,1170000.00,2017-07-23 05:04:00.342800
6915,201707235043385,PRIN,26,37,100,1180,118000.00,2017-07-23 05:04:00.338500
6916,201707235043386,PRIN,32,37,50,1180,59000.00,2017-07-23 05:04:00.338600
6917,201707235043119,PRIN,38,57,38,1176,44688.00,2017-07-23 05:04:00.311900
6918,201707235043054,PRIN,26,7,250,1180,295000.00,2017-07-23 05:04:00.305400
6919,201707235043005,PRIN,26,46,50,1180,59000.00,2017-07-23 05:04:00.300500
6920,201707235042874,PRIN,20,59,500,1185,592500.00,2017-07-23 05:04:00.287400
6921,201707235042824,PRIN,14,53,369,1180,435420.00,2017-07-23 05:04:00.282400
6922,201707235042626,PRIN,40,53,200,1180,236000.00,2017-07-23 05:04:00.262600
6923,201707235042627,PRIN,38,53,100,1180,118000.00,2017-07-23 05:04:00.262700
6924,201707235042628,PRIN,17,53,100,1180,118000.00,2017-07-23 05:04:00.262800
6925,201707235042661,PRIN,53,59,200,1176,235200.00,2017-07-23 05:04:00.266100
6926,201707235042662,PRIN,53,59,50,1176,58800.00,2017-07-23 05:04:00.266200
6927,201707235042663,PRIN,25,59,50,1175,58750.00,2017-07-23 05:04:00.266300
6928,201707235042664,PRIN,10,59,500,1175,587500.00,2017-07-23 05:04:00.266400
6929,201707235042665,PRIN,13,59,1000,1175,1175000.00,2017-07-23 05:04:00.266500
6930,201707235042590,PRIN,57,59,100,1185,118500.00,2017-07-23 05:04:00.259000
6931,201707235042591,PRIN,17,59,25,1185,29625.00,2017-07-23 05:04:00.259100
6932,201707235042592,PRIN,14,59,500,1181,590500.00,2017-07-23 05:04:00.259200
6933,201707235042360,PRIN,38,6,175,1194,208950.00,2017-07-23 05:04:00.236000
6934,201707235042292,PRIN,34,45,100,1186,118600.00,2017-07-23 05:04:00.229200
6935,201707235042310,PRIN,5,13,100,1195,119500.00,2017-07-23 05:04:00.231000
6936,201707235042210,PRIN,38,59,850,1195,1015750.00,2017-07-23 05:04:00.221000
6937,201707235042242,PRIN,38,13,211,1195,252145.00,2017-07-23 05:04:00.224200
6938,201707235042175,PRIN,57,59,50,1195,59750.00,2017-07-23 05:04:00.217500
6939,201707235042107,PRIN,5,59,400,1195,478000.00,2017-07-23 05:04:00.210700
6940,201707235042120,PRIN,38,5,20,1190,23800.00,2017-07-23 05:04:00.212000
6941,201707235042121,PRIN,8,5,50,1190,59500.00,2017-07-23 05:04:00.212100
6942,201707235042086,PRIN,20,59,200,1195,239000.00,2017-07-23 05:04:00.208600
6943,201707235042063,PRIN,21,59,50,1195,59750.00,2017-07-23 05:04:00.206300
6944,201707235042064,PRIN,59,59,50,1195,59750.00,2017-07-23 05:04:00.206400
6945,201707235042013,PRIN,41,59,300,1195,358500.00,2017-07-23 05:04:00.201300
6946,201707235041886,PRIN,21,19,100,1198,119800.00,2017-07-23 05:04:00.188600
6947,201707235041850,PRIN,29,59,100,1195,119500.00,2017-07-23 05:04:00.185000
6948,201707235041851,PRIN,1,59,200,1191,238200.00,2017-07-23 05:04:00.185100
6949,201707235041852,PRIN,32,59,100,1190,119000.00,2017-07-23 05:04:00.185200
6950,201707235041853,PRIN,21,59,200,1190,238000.00,2017-07-23 05:04:00.185300
6951,201707235041854,PRIN,32,59,100,1186,118600.00,2017-07-23 05:04:00.185400
6952,201707235041855,PRIN,22,59,100,1186,118600.00,2017-07-23 05:04:00.185500
6953,201707235041856,PRIN,57,59,200,1185,237000.00,2017-07-23 05:04:00.185600
6954,201707235041770,PRIN,38,53,90,1199,107910.00,2017-07-23 05:04:00.177000
6955,201707235041748,PRIN,38,28,410,1198,491180.00,2017-07-23 05:04:00.174800
6956,201707235041689,PRIN,36,16,200,1190,238000.00,2017-07-23 05:04:00.168900
6957,201707235041716,PRIN,45,41,89,1197,106533.00,2017-07-23 05:04:00.171600
6958,201707235041717,PRIN,45,53,111,1199,133089.00,2017-07-23 05:04:00.171700
6959,201707235041596,PRIN,47,53,30,1199,35970.00,2017-07-23 05:04:00.159600
6960,201707235041525,PRIN,40,53,50,1200,60000.00,2017-07-23 05:04:00.152500
6961,201707235041428,PRIN,26,53,450,1190,535500.00,2017-07-23 05:04:00.142800
6962,201707235041429,PRIN,26,53,90,1190,107100.00,2017-07-23 05:04:00.142900
6963,201707235041430,PRIN,26,43,100,1191,119100.00,2017-07-23 05:04:00.143000
6964,201707235041456,PRIN,26,8,100,1192,119200.00,2017-07-23 05:04:00.145600
6965,201707235041457,PRIN,26,14,30,1195,35850.00,2017-07-23 05:04:00.145700
6966,201707235041458,PRIN,26,28,200,1195,239000.00,2017-07-23 05:04:00.145800
6967,201707235041474,PRIN,26,28,300,1195,358500.00,2017-07-23 05:04:00.147400
6968,201707235041406,PRIN,47,53,50,1190,59500.00,2017-07-23 05:04:00.140600
6969,201707235041425,PRIN,33,53,500,1190,595000.00,2017-07-23 05:04:00.142500
6970,201707235041357,PRIN,5,58,112,1189,133168.00,2017-07-23 05:04:00.135700
6971,201707235041358,PRIN,5,22,100,1189,118900.00,2017-07-23 05:04:00.135800
6972,201707235041227,PRIN,40,29,50,1185,59250.00,2017-07-23 05:04:00.122700
6973,201707235041228,PRIN,40,21,75,1185,88875.00,2017-07-23 05:04:00.122800
6974,201707235041185,PRIN,44,49,20,1177,23540.00,2017-07-23 05:04:00.118500
6975,201707235041186,PRIN,26,49,30,1176,35280.00,2017-07-23 05:04:00.118600
6976,201707235040949,PRIN,29,47,100,1180,118000.00,2017-07-23 05:04:00.094900
6977,201707235040950,PRIN,29,41,100,1180,118000.00,2017-07-23 05:04:00.095000
6978,201707235040925,PRIN,40,50,50,1180,59000.00,2017-07-23 05:04:00.092500
6979,201707235040926,PRIN,40,52,50,1180,59000.00,2017-07-23 05:04:00.092600
6980,201707235040844,PRIN,29,53,200,1177,235400.00,2017-07-23 05:04:00.084400
6981,201707235040873,PRIN,7,53,200,1177,235400.00,2017-07-23 05:04:00.087300
6982,201707235040898,PRIN,7,25,100,1178,117800.00,2017-07-23 05:04:00.089800
6983,201707235040824,PRIN,35,53,100,1177,117700.00,2017-07-23 05:04:00.082400
6984,201707235040779,PRIN,28,49,200,1177,235400.00,2017-07-23 05:04:00.077900
6985,201707235040799,PRIN,52,53,500,1177,588500.00,2017-07-23 05:04:00.079900
6986,201707235040711,PRIN,59,49,300,1177,353100.00,2017-07-23 05:04:00.071100
6987,201707235040668,PRIN,48,34,500,1175,587500.00,2017-07-23 05:04:00.066800
6988,201707235040669,PRIN,48,28,100,1175,117500.00,2017-07-23 05:04:00.066900
6989,201707235040573,PRIN,34,8,200,1170,234000.00,2017-07-23 05:04:00.057300
6990,201707235040574,PRIN,34,5,38,1170,44460.00,2017-07-23 05:04:00.057400
6991,201707235040602,PRIN,34,8,30,1172,35160.00,2017-07-23 05:04:00.060200
6992,201707235040603,PRIN,34,53,100,1172,117200.00,2017-07-23 05:04:00.060300
6993,201707235040486,PRIN,40,49,99,1170,115830.00,2017-07-23 05:04:00.048600
6994,201707235040487,PRIN,40,54,100,1170,117000.00,2017-07-23 05:04:00.048700
6995,201707235040455,PRIN,57,57,100,1169,116900.00,2017-07-23 05:04:00.045500
6996,201707235040416,PRIN,49,49,150,1169,175350.00,2017-07-23 05:04:00.041600
6997,201707235040335,PRIN,5,49,100,1170,117000.00,2017-07-23 05:04:00.033500
6998,201707235040201,PRIN,40,25,100,1169,116900.00,2017-07-23 05:04:00.020100
6999,201707235040202,PRIN,40,53,200,1169,233800.00,2017-07-23 05:04:00.020200
7000,201707235040203,PRIN,40,38,100,1169,116900.00,2017-07-23 05:04:00.020300
7001,201707235040165,PRIN,34,57,50,1165,58250.00,2017-07-23 05:04:00.016500
7002,201707235040056,PRIN,17,40,500,1165,582500.00,2017-07-23 05:04:00.005600
7003,201707235040057,PRIN,17,25,100,1167,116700.00,2017-07-23 05:04:00.005700
7004,201707235040058,PRIN,17,53,199,1169,232631.00,2017-07-23 05:04:00.005800
7005,201707235040059,PRIN,17,49,151,1170,176670.00,2017-07-23 05:04:00.005900
7006,201707235040018,PRIN,17,25,200,1163,232600.00,2017-07-23 05:04:00.001800
7007,201707235040041,PRIN,38,58,295,1164,343380.00,2017-07-23 05:04:00.004100
7008,201707235040042,PRIN,38,44,100,1165,116500.00,2017-07-23 05:04:00.004200
7009,201707235040043,PRIN,38,56,100,1165,116500.00,2017-07-23 05:04:00.004300
7010,201707235040044,PRIN,38,38,73,1165,85045.00,2017-07-23 05:04:00.004400
7011,201707235039986,PRIN,34,34,1000,1159,1159000.00,2017-07-23 05:03:00.998600
7012,201707235039993,PRIN,17,16,200,1155,231000.00,2017-07-23 05:03:00.999300
7013,201707235040009,PRIN,38,56,117,1160,135720.00,2017-07-23 05:04:00.000900
7014,201707235040010,PRIN,38,29,138,1161,160218.00,2017-07-23 05:04:00.001000
7015,201707235039890,PRIN,17,29,100,1157,115700.00,2017-07-23 05:03:00.989000
7016,201707235039891,PRIN,17,36,150,1157,173550.00,2017-07-23 05:03:00.989100
7017,201707235039892,PRIN,17,49,500,1159,579500.00,2017-07-23 05:03:00.989200
7018,201707235039893,PRIN,17,29,50,1159,57950.00,2017-07-23 05:03:00.989300
7019,201707235039894,PRIN,17,49,100,1160,116000.00,2017-07-23 05:03:00.989400
7020,201707235039895,PRIN,17,28,400,1160,464000.00,2017-07-23 05:03:00.989500
7021,201707235039787,PRIN,26,1,300,1157,347100.00,2017-07-23 05:03:00.978700
7022,201707235039788,PRIN,26,25,100,1158,115800.00,2017-07-23 05:03:00.978800
7023,201707235039789,PRIN,26,47,100,1158,115800.00,2017-07-23 05:03:00.978900
7024,201707235039730,PRIN,29,43,234,1155,270270.00,2017-07-23 05:03:00.973000
7025,201707235039502,PRIN,13,53,100,1157,115700.00,2017-07-23 05:03:00.950200
7026,201707235039464,PRIN,29,53,100,1156,115600.00,2017-07-23 05:03:00.946400
7027,201707235039465,PRIN,29,28,100,1156,115600.00,2017-07-23 05:03:00.946500
7028,201707235039415,PRIN,41,25,100,1154,115400.00,2017-07-23 05:03:00.941500
7029,201707235039416,PRIN,41,56,176,1155,203280.00,2017-07-23 05:03:00.941600
7030,201707235039338,PRIN,18,45,41,1150,47150.00,2017-07-23 05:03:00.933800
7031,201707235039339,PRIN,18,32,10,1150,11500.00,2017-07-23 05:03:00.933900
7032,201707235039254,PRIN,58,45,10,1150,11500.00,2017-07-23 05:03:00.925400
7033,201707235039272,PRIN,38,39,150,1147,172050.00,2017-07-23 05:03:00.927200
7034,201707235039045,PRIN,38,50,100,1150,115000.00,2017-07-23 05:03:00.904500
7035,201707235038911,PRIN,18,53,13,1147,14911.00,2017-07-23 05:03:00.891100
7036,201707235038833,PRIN,40,47,33,1150,37950.00,2017-07-23 05:03:00.883300
7037,201707235038838,PRIN,40,21,100,1150,115000.00,2017-07-23 05:03:00.883800
7038,201707235038845,PRIN,40,53,367,1150,422050.00,2017-07-23 05:03:00.884500
7039,201707235038846,PRIN,38,53,500,1148,574000.00,2017-07-23 05:03:00.884600
7040,201707235038847,PRIN,37,53,20,1147,22940.00,2017-07-23 05:03:00.884700
7041,201707235038848,PRIN,1,53,200,1147,229400.00,2017-07-23 05:03:00.884800
7042,201707235038770,PRIN,38,29,196,1150,225400.00,2017-07-23 05:03:00.877000
7043,201707235038724,PRIN,46,29,20,1150,23000.00,2017-07-23 05:03:00.872400
7044,201707235038495,PRIN,38,33,100,1150,115000.00,2017-07-23 05:03:00.849500
7045,201707235038487,PRIN,38,57,70,1147,80290.00,2017-07-23 05:03:00.848700
7046,201707235038395,PRIN,37,13,150,1147,172050.00,2017-07-23 05:03:00.839500
7047,201707235038351,PRIN,53,47,70,1150,80500.00,2017-07-23 05:03:00.835100
7048,201707235038352,PRIN,32,33,30,1150,34500.00,2017-07-23 05:03:00.835200
7049,201707235038353,PRIN,42,33,40,1150,46000.00,2017-07-23 05:03:00.835300
7050,201707235038354,PRIN,53,33,80,1150,92000.00,2017-07-23 05:03:00.835400
7051,201707235038266,PRIN,32,6,70,1150,80500.00,2017-07-23 05:03:00.826600
7052,201707235038152,PRIN,29,49,104,1150,119600.00,2017-07-23 05:03:00.815200
7053,201707235038075,PRIN,38,49,22,1152,25344.00,2017-07-23 05:03:00.807500
7054,201707235038076,PRIN,58,49,200,1152,230400.00,2017-07-23 05:03:00.807600
7055,201707235038077,PRIN,16,49,100,1150,115000.00,2017-07-23 05:03:00.807700
7056,201707235038078,PRIN,22,49,50,1150,57500.00,2017-07-23 05:03:00.807800
7057,201707235038079,PRIN,17,49,24,1150,27600.00,2017-07-23 05:03:00.807900
7058,201707235038030,PRIN,59,53,100,1160,116000.00,2017-07-23 05:03:00.803000
7059,201707235038058,PRIN,28,53,100,1155,115500.00,2017-07-23 05:03:00.805800
7060,201707235037951,PRIN,38,54,28,1152,32256.00,2017-07-23 05:03:00.795100
7061,201707235037929,PRIN,38,19,150,1152,172800.00,2017-07-23 05:03:00.792900
7062,201707235037720,PRIN,38,53,100,1160,116000.00,2017-07-23 05:03:00.772000
7063,201707235037700,PRIN,7,53,100,1160,116000.00,2017-07-23 05:03:00.770000
7064,201707235037628,PRIN,45,39,50,1152,57600.00,2017-07-23 05:03:00.762800
7065,201707235037629,PRIN,13,39,20,1151,23020.00,2017-07-23 05:03:00.762900
7066,201707235037465,PRIN,52,50,200,1151,230200.00,2017-07-23 05:03:00.746500
7067,201707235037468,PRIN,14,53,200,1150,230000.00,2017-07-23 05:03:00.746800
7068,201707235037447,PRIN,57,50,200,1155,231000.00,2017-07-23 05:03:00.744700
7069,201707235037373,PRIN,38,7,15,1168,17520.00,2017-07-23 05:03:00.737300
7070,201707235037346,PRIN,38,58,29,1168,33872.00,2017-07-23 05:03:00.734600
7071,201707235037347,PRIN,38,44,200,1168,233600.00,2017-07-23 05:03:00.734700
7072,201707235037348,PRIN,38,59,30,1168,35040.00,2017-07-23 05:03:00.734800
7073,201707235037313,PRIN,38,58,500,1168,584000.00,2017-07-23 05:03:00.731300
7074,201707235037287,PRIN,34,25,100,1169,116900.00,2017-07-23 05:03:00.728700
7075,201707235037294,PRIN,8,38,200,1170,234000.00,2017-07-23 05:03:00.729400
7076,201707235037274,PRIN,34,53,100,1155,115500.00,2017-07-23 05:03:00.727400
7077,201707235037280,PRIN,43,8,30,1156,34680.00,2017-07-23 05:03:00.728000
7078,201707235037281,PRIN,43,17,25,1156,28900.00,2017-07-23 05:03:00.728100
7079,201707235037248,PRIN,21,58,200,1153,230600.00,2017-07-23 05:03:00.724800
7080,201707235037249,PRIN,21,14,170,1154,196180.00,2017-07-23 05:03:00.724900
7081,201707235037209,PRIN,8,8,100,1155,115500.00,2017-07-23 05:03:00.720900
7082,201707235037192,PRIN,37,20,274,1150,315100.00,2017-07-23 05:03:00.719200
7083,201707205036680,PRIN,52,32,50,1134,56700.00,2017-07-20 05:03:00.668000
7084,201707205036681,PRIN,52,42,84,1134,95256.00,2017-07-20 05:03:00.668100
7085,201707205036565,PRIN,42,36,150,1130,169500.00,2017-07-20 05:03:00.656500
7086,201707205036573,PRIN,10,44,200,1131,226200.00,2017-07-20 05:03:00.657300
7087,201707205036644,PRIN,59,32,150,1134,170100.00,2017-07-20 05:03:00.664400
7088,201707205036497,PRIN,59,59,2500,1121,2802500.00,2017-07-20 05:03:00.649700
7089,201707205036503,PRIN,7,1,30,1133,33990.00,2017-07-20 05:03:00.650300
7090,201707205036519,PRIN,40,44,300,1131,339300.00,2017-07-20 05:03:00.651900
7091,201707205036356,PRIN,7,51,20,1133,22660.00,2017-07-20 05:03:00.635600
7092,201707205036202,PRIN,47,52,50,1134,56700.00,2017-07-20 05:03:00.620200
7093,201707205036234,PRIN,47,49,138,1138,157044.00,2017-07-20 05:03:00.623400
7094,201707205036021,PRIN,40,53,200,1131,226200.00,2017-07-20 05:03:00.602100
7095,201707205035877,PRIN,56,44,250,1131,282750.00,2017-07-20 05:03:00.587700
7096,201707205035878,PRIN,7,44,175,1130,197750.00,2017-07-20 05:03:00.587800
7097,201707205035879,PRIN,42,44,75,1130,84750.00,2017-07-20 05:03:00.587900
7098,201707205035921,PRIN,58,59,1000,1130,1130000.00,2017-07-20 05:03:00.592100
7099,201707205035930,PRIN,42,36,39,1130,44070.00,2017-07-20 05:03:00.593000
7100,201707205035854,PRIN,21,52,30,1132,33960.00,2017-07-20 05:03:00.585400
7101,201707205035704,PRIN,33,36,30,1132,33960.00,2017-07-20 05:03:00.570400
7102,201707205035705,PRIN,10,36,65,1132,73580.00,2017-07-20 05:03:00.570500
7103,201707205035706,PRIN,21,36,65,1132,73580.00,2017-07-20 05:03:00.570600
7104,201707205035622,PRIN,10,10,35,1132,39620.00,2017-07-20 05:03:00.562200
7105,201707205035499,PRIN,40,59,1000,1130,1130000.00,2017-07-20 05:03:00.549900
7106,201707205035396,PRIN,53,53,50,1133,56650.00,2017-07-20 05:03:00.539600
7107,201707205035397,PRIN,5,53,30,1132,33960.00,2017-07-20 05:03:00.539700
7108,201707205035398,PRIN,52,53,50,1132,56600.00,2017-07-20 05:03:00.539800
7109,201707205035399,PRIN,33,53,70,1132,79240.00,2017-07-20 05:03:00.539900
7110,201707205035337,PRIN,52,55,100,1133,113300.00,2017-07-20 05:03:00.533700
7111,201707205035338,PRIN,52,32,100,1133,113300.00,2017-07-20 05:03:00.533800
7112,201707205035237,PRIN,59,5,17,1135,19295.00,2017-07-20 05:03:00.523700
7113,201707205035238,PRIN,59,49,13,1138,14794.00,2017-07-20 05:03:00.523800
7114,201707205035123,PRIN,29,59,1000,1130,1130000.00,2017-07-20 05:03:00.512300
7115,201707205034831,PRIN,55,59,500,1129,564500.00,2017-07-20 05:03:00.483100
7116,201707205034716,PRIN,51,5,50,1134,56700.00,2017-07-20 05:03:00.471600
7117,201707205034717,PRIN,14,5,30,1133,33990.00,2017-07-20 05:03:00.471700
7118,201707205034718,PRIN,38,5,50,1132,56600.00,2017-07-20 05:03:00.471800
7119,201707205034719,PRIN,5,5,70,1132,79240.00,2017-07-20 05:03:00.471900
7120,201707205034504,PRIN,55,55,9,1120,10080.00,2017-07-20 05:03:00.450400
7121,201707205034521,PRIN,36,36,100,1139,113900.00,2017-07-20 05:03:00.452100
7122,201707205034300,PRIN,7,16,120,1140,136800.00,2017-07-20 05:03:00.430000
7123,201707205034195,PRIN,1,57,50,1139,56950.00,2017-07-20 05:03:00.419500
7124,201707205034152,PRIN,7,53,10,1140,11400.00,2017-07-20 05:03:00.415200
7125,201707205034153,PRIN,7,45,190,1140,216600.00,2017-07-20 05:03:00.415300
7126,201707205034167,PRIN,7,16,200,1140,228000.00,2017-07-20 05:03:00.416700
7127,201707205034110,PRIN,7,43,30,1140,34200.00,2017-07-20 05:03:00.411000
7128,201707205034111,PRIN,7,53,40,1140,45600.00,2017-07-20 05:03:00.411100
7129,201707205034023,PRIN,55,36,65,1139,74035.00,2017-07-20 05:03:00.402300
7130,201707205034034,PRIN,7,36,100,1139,113900.00,2017-07-20 05:03:00.403400
7131,201707205034064,PRIN,56,36,128,1139,145792.00,2017-07-20 05:03:00.406400
7132,201707205033905,PRIN,7,52,25,1130,28250.00,2017-07-20 05:03:00.390500
7133,201707205033851,PRIN,29,34,50,1130,56500.00,2017-07-20 05:03:00.385100
7134,201707205033871,PRIN,7,34,150,1130,169500.00,2017-07-20 05:03:00.387100
7135,201707205033792,PRIN,7,25,100,1134,113400.00,2017-07-20 05:03:00.379200
7136,201707205033793,PRIN,7,49,500,1135,567500.00,2017-07-20 05:03:00.379300
7137,201707205033794,PRIN,7,41,75,1135,85125.00,2017-07-20 05:03:00.379400
7138,201707205033737,PRIN,26,57,100,1125,112500.00,2017-07-20 05:03:00.373700
7139,201707205033747,PRIN,29,35,250,1129,282250.00,2017-07-20 05:03:00.374700
7140,201707205033749,PRIN,29,50,200,1130,226000.00,2017-07-20 05:03:00.374900
7141,201707205033711,PRIN,58,58,470,1125,528750.00,2017-07-20 05:03:00.371100
7142,201707205033728,PRIN,26,58,45,1125,50625.00,2017-07-20 05:03:00.372800
7143,201707205033697,PRIN,7,32,50,1125,56250.00,2017-07-20 05:03:00.369700
7144,201707205033698,PRIN,7,58,450,1125,506250.00,2017-07-20 05:03:00.369800
7145,201707205033599,PRIN,38,52,50,1124,56200.00,2017-07-20 05:03:00.359900
7146,201707205033627,PRIN,22,21,25,1124,28100.00,2017-07-20 05:03:00.362700
7147,201707205033628,PRIN,22,44,475,1125,534375.00,2017-07-20 05:03:00.362800
7148,201707205033649,PRIN,22,44,465,1125,523125.00,2017-07-20 05:03:00.364900
7149,201707205033650,PRIN,22,58,35,1125,39375.00,2017-07-20 05:03:00.365000
7150,201707205033401,PRIN,41,45,40,1120,44800.00,2017-07-20 05:03:00.340100
7151,201707205033402,PRIN,16,45,110,1120,123200.00,2017-07-20 05:03:00.340200
7152,201707205033403,PRIN,40,45,11,1119,12309.00,2017-07-20 05:03:00.340300
7153,201707205033404,PRIN,49,45,100,1119,111900.00,2017-07-20 05:03:00.340400
7154,201707205033405,PRIN,58,45,119,1119,133161.00,2017-07-20 05:03:00.340500
7155,201707205033370,PRIN,55,58,90,1120,100800.00,2017-07-20 05:03:00.337000
7156,201707205033371,PRIN,29,58,300,1120,336000.00,2017-07-20 05:03:00.337100
7157,201707205033372,PRIN,41,58,50,1120,56000.00,2017-07-20 05:03:00.337200
7158,201707205033373,PRIN,41,58,60,1120,67200.00,2017-07-20 05:03:00.337300
7159,201707205033279,PRIN,5,33,90,1120,100800.00,2017-07-20 05:03:00.327900
7160,201707205033280,PRIN,53,33,200,1120,224000.00,2017-07-20 05:03:00.328000
7161,201707205033281,PRIN,55,33,410,1120,459200.00,2017-07-20 05:03:00.328100
7162,201707205033216,PRIN,5,58,20,1120,22400.00,2017-07-20 05:03:00.321600
7163,201707205033174,PRIN,53,59,100,1120,112000.00,2017-07-20 05:03:00.317400
7164,201707205033193,PRIN,5,59,190,1120,212800.00,2017-07-20 05:03:00.319300
7165,201707205033210,PRIN,5,7,100,1120,112000.00,2017-07-20 05:03:00.321000
7166,201707205033138,PRIN,42,59,10,1120,11200.00,2017-07-20 05:03:00.313800
7167,201707205033139,PRIN,53,59,500,1120,560000.00,2017-07-20 05:03:00.313900
7168,201707205033152,PRIN,40,40,50,1119,55950.00,2017-07-20 05:03:00.315200
7169,201707205033158,PRIN,53,59,100,1120,112000.00,2017-07-20 05:03:00.315800
7170,201707205033168,PRIN,53,59,100,1120,112000.00,2017-07-20 05:03:00.316800
7171,201707205033116,PRIN,49,49,200,1120,224000.00,2017-07-20 05:03:00.311600
7172,201707205033028,PRIN,40,57,10,1119,11190.00,2017-07-20 05:03:00.302800
7173,201707205032993,PRIN,53,34,200,1119,223800.00,2017-07-20 05:03:00.299300
7174,201707205032963,PRIN,40,38,36,1119,40284.00,2017-07-20 05:03:00.296300
7175,201707205032934,PRIN,40,38,393,1119,439767.00,2017-07-20 05:03:00.293400
7176,201707205032905,PRIN,58,38,200,1119,223800.00,2017-07-20 05:03:00.290500
7177,201707205032906,PRIN,29,38,200,1118,223600.00,2017-07-20 05:03:00.290600
7178,201707205032907,PRIN,16,38,100,1118,111800.00,2017-07-20 05:03:00.290700
7179,201707205032830,PRIN,28,44,10,1125,11250.00,2017-07-20 05:03:00.283000
7180,201707205032758,PRIN,42,44,50,1128,56400.00,2017-07-20 05:03:00.275800
7181,201707205032563,PRIN,34,34,1500,1116,1674000.00,2017-07-20 05:03:00.256300
7182,201707205032605,PRIN,29,42,25,1125,28125.00,2017-07-20 05:03:00.260500
7183,201707205032533,PRIN,17,45,150,1120,168000.00,2017-07-20 05:03:00.253300
7184,201707205032546,PRIN,17,21,26,1122,29172.00,2017-07-20 05:03:00.254600
7185,201707205032547,PRIN,17,47,100,1122,112200.00,2017-07-20 05:03:00.254700
7186,201707205032548,PRIN,17,25,100,1124,112400.00,2017-07-20 05:03:00.254800
7187,201707205032549,PRIN,17,38,100,1124,112400.00,2017-07-20 05:03:00.254900
7188,201707205032550,PRIN,17,25,200,1124,224800.00,2017-07-20 05:03:00.255000
7189,201707205032391,PRIN,53,53,100,1117,111700.00,2017-07-20 05:03:00.239100
7190,201707205032392,PRIN,53,53,300,1115,334500.00,2017-07-20 05:03:00.239200
7191,201707205032234,PRIN,7,25,100,1117,111700.00,2017-07-20 05:03:00.223400
7192,201707205032235,PRIN,7,51,100,1118,111800.00,2017-07-20 05:03:00.223500
7193,201707205032236,PRIN,7,45,217,1118,242606.00,2017-07-20 05:03:00.223600
7194,201707205032237,PRIN,7,7,90,1119,100710.00,2017-07-20 05:03:00.223700
7195,201707205032238,PRIN,7,41,30,1120,33600.00,2017-07-20 05:03:00.223800
7196,201707205032239,PRIN,7,28,35,1120,39200.00,2017-07-20 05:03:00.223900
7197,201707205032240,PRIN,7,22,100,1121,112100.00,2017-07-20 05:03:00.224000
7198,201707205032086,PRIN,38,25,100,1117,111700.00,2017-07-20 05:03:00.208600
7199,201707205032042,PRIN,10,19,100,1115,111500.00,2017-07-20 05:03:00.204200
7200,201707205032043,PRIN,13,19,200,1114,222800.00,2017-07-20 05:03:00.204300
7201,201707205032044,PRIN,42,19,300,1112,333600.00,2017-07-20 05:03:00.204400
7202,201707205032045,PRIN,1,19,20,1111,22220.00,2017-07-20 05:03:00.204500
7203,201707205032046,PRIN,53,19,300,1111,333300.00,2017-07-20 05:03:00.204600
7204,201707205032047,PRIN,58,19,29,1111,32219.00,2017-07-20 05:03:00.204700
7205,201707205031869,PRIN,22,7,10,1119,11190.00,2017-07-20 05:03:00.186900
7206,201707205031734,PRIN,22,22,51,1119,57069.00,2017-07-20 05:03:00.173400
7207,201707205031594,PRIN,49,25,300,1113,333900.00,2017-07-20 05:03:00.159400
7208,201707205031595,PRIN,58,25,150,1112,166800.00,2017-07-20 05:03:00.159500
7209,201707205031596,PRIN,42,25,200,1111,222200.00,2017-07-20 05:03:00.159600
7210,201707205031597,PRIN,42,25,200,1111,222200.00,2017-07-20 05:03:00.159700
7211,201707205031598,PRIN,20,25,38,1110,42180.00,2017-07-20 05:03:00.159800
7212,201707205031599,PRIN,58,25,112,1110,124320.00,2017-07-20 05:03:00.159900
7213,201707205031470,PRIN,58,28,50,1112,55600.00,2017-07-20 05:03:00.147000
7214,201707205031439,PRIN,49,59,350,1116,390600.00,2017-07-20 05:03:00.143900
7215,201707205031440,PRIN,37,59,50,1115,55750.00,2017-07-20 05:03:00.144000
7216,201707205031441,PRIN,10,59,200,1113,222600.00,2017-07-20 05:03:00.144100
7217,201707205031442,PRIN,10,59,200,1113,222600.00,2017-07-20 05:03:00.144200
7218,201707205031443,PRIN,58,59,200,1112,222400.00,2017-07-20 05:03:00.144300
7219,201707205031412,PRIN,53,59,1200,1095,1314000.00,2017-07-20 05:03:00.141200
7220,201707205031334,PRIN,58,59,100,1112,111200.00,2017-07-20 05:03:00.133400
7221,201707205031238,PRIN,21,43,17,1117,18989.00,2017-07-20 05:03:00.123800
7222,201707205031239,PRIN,21,49,100,1118,111800.00,2017-07-20 05:03:00.123900
7223,201707205031240,PRIN,21,47,50,1118,55900.00,2017-07-20 05:03:00.124000
7224,201707205031241,PRIN,21,53,100,1120,112000.00,2017-07-20 05:03:00.124100
7225,201707205031242,PRIN,21,50,100,1122,112200.00,2017-07-20 05:03:00.124200
7226,201707205031243,PRIN,21,6,30,1123,33690.00,2017-07-20 05:03:00.124300
7227,201707205030799,PRIN,14,59,150,1113,166950.00,2017-07-20 05:03:00.079900
7228,201707205030800,PRIN,29,59,100,1112,111200.00,2017-07-20 05:03:00.080000
7229,201707205030801,PRIN,29,59,200,1112,222400.00,2017-07-20 05:03:00.080100
7230,201707205030802,PRIN,58,59,200,1111,222200.00,2017-07-20 05:03:00.080200
7231,201707205030803,PRIN,49,59,200,1111,222200.00,2017-07-20 05:03:00.080300
7232,201707205030804,PRIN,20,59,70,1110,77700.00,2017-07-20 05:03:00.080400
7233,201707205030805,PRIN,7,59,18,1110,19980.00,2017-07-20 05:03:00.080500
7234,201707205030806,PRIN,20,59,62,1110,68820.00,2017-07-20 05:03:00.080600
7235,201707205030616,PRIN,49,8,400,1114,445600.00,2017-07-20 05:03:00.061600
7236,201707205030617,PRIN,49,42,100,1114,111400.00,2017-07-20 05:03:00.061700
7237,201707205030528,PRIN,20,57,30,1110,33300.00,2017-07-20 05:03:00.052800
7238,201707205030413,PRIN,20,59,300,1110,333000.00,2017-07-20 05:03:00.041300
7239,201707205030427,PRIN,7,59,100,1110,111000.00,2017-07-20 05:03:00.042700
7240,201707205030386,PRIN,22,47,100,1108,110800.00,2017-07-20 05:03:00.038600
7241,201707205030359,PRIN,21,59,200,1110,222000.00,2017-07-20 05:03:00.035900
7242,201707205030311,PRIN,21,59,100,1110,111000.00,2017-07-20 05:03:00.031100
7243,201707205030327,PRIN,7,59,200,1110,222000.00,2017-07-20 05:03:00.032700
7244,201707205030274,PRIN,50,59,100,1110,111000.00,2017-07-20 05:03:00.027400
7245,201707205030275,PRIN,45,59,1000,1110,1110000.00,2017-07-20 05:03:00.027500
7246,201707205030147,PRIN,49,57,1050,1108,1163400.00,2017-07-20 05:03:00.014700
7247,201707205030135,PRIN,21,53,40,1110,44400.00,2017-07-20 05:03:00.013500
7248,201707205030136,PRIN,7,53,74,1108,81992.00,2017-07-20 05:03:00.013600
7249,201707205030048,PRIN,49,49,2000,1114,2228000.00,2017-07-20 05:03:00.004800
7250,201707205029938,PRIN,5,59,30,1111,33330.00,2017-07-20 05:02:00.993800
7251,201707205029939,PRIN,49,59,300,1110,333000.00,2017-07-20 05:02:00.993900
7252,201707205029940,PRIN,43,59,50,1110,55500.00,2017-07-20 05:02:00.994000
7253,201707205029941,PRIN,29,59,100,1109,110900.00,2017-07-20 05:02:00.994100
7254,201707205029942,PRIN,34,59,250,1109,277250.00,2017-07-20 05:02:00.994200
7255,201707205029943,PRIN,34,59,239,1108,264812.00,2017-07-20 05:02:00.994300
7256,201707205029944,PRIN,21,59,10,1108,11080.00,2017-07-20 05:02:00.994400
7257,201707205029945,PRIN,7,59,21,1108,23268.00,2017-07-20 05:02:00.994500
7258,201707205029872,PRIN,49,38,40,1115,44600.00,2017-07-20 05:02:00.987200
7259,201707205029873,PRIN,49,54,35,1115,39025.00,2017-07-20 05:02:00.987300
7260,201707205029733,PRIN,11,21,100,1114,111400.00,2017-07-20 05:02:00.973300
7261,201707205029307,PRIN,49,59,50,1115,55750.00,2017-07-20 05:02:00.930700
7262,201707205029308,PRIN,52,59,100,1115,111500.00,2017-07-20 05:02:00.930800
7263,201707205029309,PRIN,37,59,100,1115,111500.00,2017-07-20 05:02:00.930900
7264,201707205029310,PRIN,49,59,89,1110,98790.00,2017-07-20 05:02:00.931000
7265,201707205029311,PRIN,17,59,500,1110,555000.00,2017-07-20 05:02:00.931100
7266,201707205029312,PRIN,34,59,500,1108,554000.00,2017-07-20 05:02:00.931200
7267,201707205029313,PRIN,34,59,261,1108,289188.00,2017-07-20 05:02:00.931300
7268,201707205029286,PRIN,17,53,1000,1120,1120000.00,2017-07-20 05:02:00.928600
7269,201707205029245,PRIN,17,34,151,1119,168969.00,2017-07-20 05:02:00.924500
7270,201707205029176,PRIN,49,37,102,1115,113730.00,2017-07-20 05:02:00.917600
7271,201707205029135,PRIN,7,54,133,1115,148295.00,2017-07-20 05:02:00.913500
7272,201707205028917,PRIN,45,25,100,1118,111800.00,2017-07-20 05:02:00.891700
7273,201707205028928,PRIN,45,46,100,1115,111500.00,2017-07-20 05:02:00.892800
7274,201707205028929,PRIN,45,46,200,1112,222400.00,2017-07-20 05:02:00.892900
7275,201707205028930,PRIN,5,46,27,1111,29997.00,2017-07-20 05:02:00.893000
7276,201707205028931,PRIN,52,46,100,1110,111000.00,2017-07-20 05:02:00.893100
7277,201707205028932,PRIN,6,46,20,1110,22200.00,2017-07-20 05:02:00.893200
7278,201707205028933,PRIN,49,46,11,1110,12210.00,2017-07-20 05:02:00.893300
7279,201707205028744,PRIN,57,8,27,1111,29997.00,2017-07-20 05:02:00.874400
7280,201707205028745,PRIN,5,8,23,1111,25553.00,2017-07-20 05:02:00.874500
7281,201707205028663,PRIN,35,33,200,1112,222400.00,2017-07-20 05:02:00.866300
7282,201707205028642,PRIN,51,47,30,1111,33330.00,2017-07-20 05:02:00.864200
7283,201707205028643,PRIN,57,47,73,1111,81103.00,2017-07-20 05:02:00.864300
7284,201707205028623,PRIN,35,25,500,1112,556000.00,2017-07-20 05:02:00.862300
7285,201707205028518,PRIN,55,33,100,1119,111900.00,2017-07-20 05:02:00.851800
7286,201707205028452,PRIN,34,34,1000,1119,1119000.00,2017-07-20 05:02:00.845200
7287,201707205028455,PRIN,34,34,1000,1119,1119000.00,2017-07-20 05:02:00.845500
7288,201707205028091,PRIN,7,53,500,1118,559000.00,2017-07-20 05:02:00.809100
7289,201707205028092,PRIN,7,34,1000,1119,1119000.00,2017-07-20 05:02:00.809200
7290,201707205028015,PRIN,59,53,200,1115,223000.00,2017-07-20 05:02:00.801500
7291,201707205027995,PRIN,20,53,200,1120,224000.00,2017-07-20 05:02:00.799500
7292,201707205027973,PRIN,21,8,30,1120,33600.00,2017-07-20 05:02:00.797300
7293,201707195027846,PRIN,38,34,300,1100,330000.00,2017-07-19 05:02:00.784600
7294,201707195027775,PRIN,59,59,100,1095,109500.00,2017-07-19 05:02:00.777500
7295,201707195027480,PRIN,38,59,1000,1078,1078000.00,2017-07-19 05:02:00.748000
7296,201707195027418,PRIN,20,59,100,1080,108000.00,2017-07-19 05:02:00.741800
7297,201707195027419,PRIN,44,59,1000,1080,1080000.00,2017-07-19 05:02:00.741900
7298,201707195027315,PRIN,49,59,100,1090,109000.00,2017-07-19 05:02:00.731500
7299,201707195027316,PRIN,29,59,200,1085,217000.00,2017-07-19 05:02:00.731600
7300,201707195027317,PRIN,29,59,200,1085,217000.00,2017-07-19 05:02:00.731700
7301,201707195027246,PRIN,37,59,70,1095,76650.00,2017-07-19 05:02:00.724600
7302,201707195027247,PRIN,53,59,100,1092,109200.00,2017-07-19 05:02:00.724700
7303,201707195027248,PRIN,19,59,500,1092,546000.00,2017-07-19 05:02:00.724800
7304,201707195027249,PRIN,52,59,200,1091,218200.00,2017-07-19 05:02:00.724900
7305,201707195027250,PRIN,49,59,200,1090,218000.00,2017-07-19 05:02:00.725000
7306,201707195027251,PRIN,49,59,200,1090,218000.00,2017-07-19 05:02:00.725100
7307,201707195026968,PRIN,7,50,16,1090,17440.00,2017-07-19 05:02:00.696800
7308,201707195026969,PRIN,21,50,100,1090,109000.00,2017-07-19 05:02:00.696900
7309,201707195026970,PRIN,35,50,200,1090,218000.00,2017-07-19 05:02:00.697000
7310,201707195026989,PRIN,37,48,30,1095,32850.00,2017-07-19 05:02:00.698900
7311,201707195026793,PRIN,7,46,100,1091,109100.00,2017-07-19 05:02:00.679300
7312,201707195026543,PRIN,40,59,500,1101,550500.00,2017-07-19 05:02:00.654300
7313,201707195026544,PRIN,7,59,100,1100,110000.00,2017-07-19 05:02:00.654400
7314,201707195026488,PRIN,5,16,113,1110,125430.00,2017-07-19 05:02:00.648800
7315,201707195026500,PRIN,5,49,87,1110,96570.00,2017-07-19 05:02:00.650000
7316,201707195026230,PRIN,33,49,188,1110,208680.00,2017-07-19 05:02:00.623000
7317,201707195026231,PRIN,33,32,252,1112,280224.00,2017-07-19 05:02:00.623100
7318,201707195026015,PRIN,49,49,1000,1100,1100000.00,2017-07-19 05:02:00.601500
7319,201707195026022,PRIN,10,33,100,1107,110700.00,2017-07-19 05:02:00.602200
7320,201707195026023,PRIN,52,33,300,1102,330600.00,2017-07-19 05:02:00.602300
7321,201707195025897,PRIN,10,7,100,1107,110700.00,2017-07-19 05:02:00.589700
7322,201707195025898,PRIN,10,40,100,1107,110700.00,2017-07-19 05:02:00.589800
7323,201707195025911,PRIN,10,53,150,1107,166050.00,2017-07-19 05:02:00.591100
7324,201707195025850,PRIN,7,7,200,1107,221400.00,2017-07-19 05:02:00.585000
7325,201707195025745,PRIN,49,49,2500,1129,2822500.00,2017-07-19 05:02:00.574500
7326,201707195025730,PRIN,49,58,100,1110,111000.00,2017-07-19 05:02:00.573000
7327,201707195025647,PRIN,21,37,137,1107,151659.00,2017-07-19 05:02:00.564700
7328,201707195025665,PRIN,21,44,100,1105,110500.00,2017-07-19 05:02:00.566500
7329,201707195025691,PRIN,38,38,140,1101,154140.00,2017-07-19 05:02:00.569100
7330,201707195025613,PRIN,10,37,20,1112,22240.00,2017-07-19 05:02:00.561300
7331,201707195025614,PRIN,37,37,10,1110,11100.00,2017-07-19 05:02:00.561400
7332,201707195025628,PRIN,57,37,46,1106,50876.00,2017-07-19 05:02:00.562800
7333,201707195025629,PRIN,57,37,87,1105,96135.00,2017-07-19 05:02:00.562900
7334,201707195025538,PRIN,57,55,54,1112,60048.00,2017-07-19 05:02:00.553800
7335,201707195025320,PRIN,57,46,13,1105,14365.00,2017-07-19 05:02:00.532000
7336,201707195025214,PRIN,7,33,40,1114,44560.00,2017-07-19 05:02:00.521400
7337,201707195025231,PRIN,38,46,200,1113,222600.00,2017-07-19 05:02:00.523100
7338,201707195025232,PRIN,36,46,100,1110,111000.00,2017-07-19 05:02:00.523200
7339,201707195025233,PRIN,36,46,100,1108,110800.00,2017-07-19 05:02:00.523300
7340,201707195025234,PRIN,21,46,50,1108,55400.00,2017-07-19 05:02:00.523400
7341,201707195025235,PRIN,37,46,100,1105,110500.00,2017-07-19 05:02:00.523500
7342,201707195025107,PRIN,43,33,100,1114,111400.00,2017-07-19 05:02:00.510700
7343,201707195025108,PRIN,25,33,150,1114,167100.00,2017-07-19 05:02:00.510800
7344,201707195024822,PRIN,38,47,10,1126,11260.00,2017-07-19 05:02:00.482200
7345,201707195024823,PRIN,22,47,100,1126,112600.00,2017-07-19 05:02:00.482300
7346,201707195024832,PRIN,37,26,50,1129,56450.00,2017-07-19 05:02:00.483200
7347,201707195024833,PRIN,37,49,100,1130,113000.00,2017-07-19 05:02:00.483300
7348,201707195024772,PRIN,21,49,20,1130,22600.00,2017-07-19 05:02:00.477200
7349,201707195024726,PRIN,38,52,190,1126,213940.00,2017-07-19 05:02:00.472600
7350,201707195024684,PRIN,49,49,1000,1134,1134000.00,2017-07-19 05:02:00.468400
7351,201707195024651,PRIN,22,40,100,1132,113200.00,2017-07-19 05:02:00.465100
7352,201707195024610,PRIN,34,33,30,1130,33900.00,2017-07-19 05:02:00.461000
7353,201707195024611,PRIN,34,53,70,1135,79450.00,2017-07-19 05:02:00.461100
7354,201707195024513,PRIN,43,57,30,1111,33330.00,2017-07-19 05:02:00.451300
7355,201707195024529,PRIN,53,57,187,1111,207757.00,2017-07-19 05:02:00.452900
7356,201707195024532,PRIN,53,38,12,1113,13356.00,2017-07-19 05:02:00.453200
7357,201707195024471,PRIN,41,59,100,1120,112000.00,2017-07-19 05:02:00.447100
7358,201707195024472,PRIN,29,59,150,1114,167100.00,2017-07-19 05:02:00.447200
7359,201707195024473,PRIN,7,59,100,1113,111300.00,2017-07-19 05:02:00.447300
7360,201707195024474,PRIN,59,59,1000,1113,1113000.00,2017-07-19 05:02:00.447400
7361,201707195024475,PRIN,53,59,1000,1113,1113000.00,2017-07-19 05:02:00.447500
7362,201707195024365,PRIN,59,59,100,1118,111800.00,2017-07-19 05:02:00.436500
7363,201707195024402,PRIN,36,59,10,1140,11400.00,2017-07-19 05:02:00.440200
7364,201707195024403,PRIN,26,59,25,1140,28500.00,2017-07-19 05:02:00.440300
7365,201707195024404,PRIN,7,59,100,1135,113500.00,2017-07-19 05:02:00.440400
7366,201707195024304,PRIN,36,26,200,1130,226000.00,2017-07-19 05:02:00.430400
7367,201707195024307,PRIN,36,19,300,1135,340500.00,2017-07-19 05:02:00.430700
7368,201707195024308,PRIN,36,53,150,1140,171000.00,2017-07-19 05:02:00.430800
7369,201707195024309,PRIN,36,57,340,1140,387600.00,2017-07-19 05:02:00.430900
7370,201707195024246,PRIN,22,59,140,1112,155680.00,2017-07-19 05:02:00.424600
7371,201707195024044,PRIN,38,14,25,1124,28100.00,2017-07-19 05:02:00.404400
7372,201707195024045,PRIN,38,52,300,1125,337500.00,2017-07-19 05:02:00.404500
7373,201707195024046,PRIN,38,16,200,1125,225000.00,2017-07-19 05:02:00.404600
7374,201707195024047,PRIN,38,59,600,1130,678000.00,2017-07-19 05:02:00.404700
7375,201707195023894,PRIN,16,59,100,1140,114000.00,2017-07-19 05:02:00.389400
7376,201707195023901,PRIN,7,59,200,1135,227000.00,2017-07-19 05:02:00.390100
7377,201707195023902,PRIN,45,59,100,1130,113000.00,2017-07-19 05:02:00.390200
7378,201707195023767,PRIN,49,8,30,1111,33330.00,2017-07-19 05:02:00.376700
7379,201707195023768,PRIN,49,21,100,1115,111500.00,2017-07-19 05:02:00.376800
7380,201707195023769,PRIN,49,8,30,1122,33660.00,2017-07-19 05:02:00.376900
7381,201707195023808,PRIN,20,49,100,1144,114400.00,2017-07-19 05:02:00.380800
7382,201707195023676,PRIN,53,38,40,1096,43840.00,2017-07-19 05:02:00.367600
7383,201707195023682,PRIN,53,21,50,1098,54900.00,2017-07-19 05:02:00.368200
7384,201707195023683,PRIN,53,35,100,1099,109900.00,2017-07-19 05:02:00.368300
7385,201707195023714,PRIN,7,39,26,1100,28600.00,2017-07-19 05:02:00.371400
7386,201707195023715,PRIN,7,21,100,1100,110000.00,2017-07-19 05:02:00.371500
7387,201707195023734,PRIN,43,52,50,1104,55200.00,2017-07-19 05:02:00.373400
7388,201707195023635,PRIN,7,37,100,1091,109100.00,2017-07-19 05:02:00.363500
7389,201707195023651,PRIN,7,52,50,1094,54700.00,2017-07-19 05:02:00.365100
7390,201707195023662,PRIN,7,37,227,1095,248565.00,2017-07-19 05:02:00.366200
7391,201707195023663,PRIN,7,52,500,1095,547500.00,2017-07-19 05:02:00.366300
7392,201707195023610,PRIN,7,53,233,1090,253970.00,2017-07-19 05:02:00.361000
7393,201707195023611,PRIN,7,34,51,1090,55590.00,2017-07-19 05:02:00.361100
7394,201707195023474,PRIN,45,53,65,1090,70850.00,2017-07-19 05:02:00.347400
7395,201707195023494,PRIN,41,16,88,1090,95920.00,2017-07-19 05:02:00.349400
7396,201707195023495,PRIN,41,53,112,1090,122080.00,2017-07-19 05:02:00.349500
7397,201707195023357,PRIN,7,48,70,1085,75950.00,2017-07-19 05:02:00.335700
7398,201707195023225,PRIN,22,53,50,1080,54000.00,2017-07-19 05:02:00.322500
7399,201707195023042,PRIN,7,6,150,1080,162000.00,2017-07-19 05:02:00.304200
7400,201707195022840,PRIN,7,34,200,1079,215800.00,2017-07-19 05:02:00.284000
7401,201707195022841,PRIN,7,49,610,1080,658800.00,2017-07-19 05:02:00.284100
7402,201707195022842,PRIN,7,33,400,1080,432000.00,2017-07-19 05:02:00.284200
7403,201707195022843,PRIN,7,13,25,1080,27000.00,2017-07-19 05:02:00.284300
7404,201707195022626,PRIN,49,55,25,1070,26750.00,2017-07-19 05:02:00.262600
7405,201707195022546,PRIN,43,21,10,1075,10750.00,2017-07-19 05:02:00.254600
7406,201707195022467,PRIN,49,21,50,1070,53500.00,2017-07-19 05:02:00.246700
7407,201707195021935,PRIN,14,49,25,1070,26750.00,2017-07-19 05:02:00.193500
7408,201707195021686,PRIN,22,21,31,1075,33325.00,2017-07-19 05:02:00.168600
7409,201707195021687,PRIN,20,21,159,1071,170289.00,2017-07-19 05:02:00.168700
7410,201707195021580,PRIN,20,40,36,1071,38556.00,2017-07-19 05:02:00.158000
7411,201707195021494,PRIN,32,33,100,1076,107600.00,2017-07-19 05:02:00.149400
7412,201707195021420,PRIN,11,49,20,1080,21600.00,2017-07-19 05:02:00.142000
7413,201707195021421,PRIN,41,49,248,1080,267840.00,2017-07-19 05:02:00.142100
7414,201707195021302,PRIN,45,53,50,1090,54500.00,2017-07-19 05:02:00.130200
7415,201707195021172,PRIN,45,53,30,1090,32700.00,2017-07-19 05:02:00.117200
7416,201707195020673,PRIN,11,39,30,1080,32400.00,2017-07-19 05:02:00.067300
7417,201707195020456,PRIN,22,53,59,1075,63425.00,2017-07-19 05:02:00.045600
7418,201707195020041,PRIN,41,33,52,1070,55640.00,2017-07-19 05:02:00.004100
7419,201707195019982,PRIN,34,33,293,1080,316440.00,2017-07-19 05:01:00.998200
7420,201707195020008,PRIN,14,33,34,1081,36754.00,2017-07-19 05:02:00.000800
7421,201707195020009,PRIN,34,33,207,1080,223560.00,2017-07-19 05:02:00.000900
7422,201707195019936,PRIN,14,37,120,1095,131400.00,2017-07-19 05:01:00.993600
7423,201707195019957,PRIN,28,7,10,1083,10830.00,2017-07-19 05:01:00.995700
7424,201707195019958,PRIN,34,7,100,1083,108300.00,2017-07-19 05:01:00.995800
7425,201707195019959,PRIN,14,7,166,1081,179446.00,2017-07-19 05:01:00.995900
7426,201707195019721,PRIN,36,37,120,1095,131400.00,2017-07-19 05:01:00.972100
7427,201707195019571,PRIN,17,53,10,1096,10960.00,2017-07-19 05:01:00.957100
7428,201707195019479,PRIN,21,21,50,1098,54900.00,2017-07-19 05:01:00.947900
7429,201707195019403,PRIN,19,52,100,1098,109800.00,2017-07-19 05:01:00.940300
7430,201707195019415,PRIN,19,39,500,1099,549500.00,2017-07-19 05:01:00.941500
7431,201707195019313,PRIN,17,33,50,1096,54800.00,2017-07-19 05:01:00.931300
7432,201707195019318,PRIN,17,33,50,1096,54800.00,2017-07-19 05:01:00.931800
7433,201707195018996,PRIN,37,59,200,1092,218400.00,2017-07-19 05:01:00.899600
7434,201707195018997,PRIN,13,59,100,1092,109200.00,2017-07-19 05:01:00.899700
7435,201707195018998,PRIN,28,59,10,1091,10910.00,2017-07-19 05:01:00.899800
7436,201707195018999,PRIN,39,59,200,1091,218200.00,2017-07-19 05:01:00.899900
7437,201707195019000,PRIN,41,59,50,1090,54500.00,2017-07-19 05:01:00.900000
7438,201707195019001,PRIN,28,59,200,1084,216800.00,2017-07-19 05:01:00.900100
7439,201707195018793,PRIN,36,49,100,1100,110000.00,2017-07-19 05:01:00.879300
7440,201707195018750,PRIN,58,49,46,1100,50600.00,2017-07-19 05:01:00.875000
7441,201707195018678,PRIN,58,44,15,1100,16500.00,2017-07-19 05:01:00.867800
7442,201707195018679,PRIN,58,13,89,1100,97900.00,2017-07-19 05:01:00.867900
7443,201707195018680,PRIN,58,53,50,1100,55000.00,2017-07-19 05:01:00.868000
7444,201707195018594,PRIN,39,22,50,1091,54550.00,2017-07-19 05:01:00.859400
7445,201707195018431,PRIN,49,49,500,1090,545000.00,2017-07-19 05:01:00.843100
7446,201707195018442,PRIN,49,49,200,1090,218000.00,2017-07-19 05:01:00.844200
7447,201707195018387,PRIN,25,8,30,1090,32700.00,2017-07-19 05:01:00.838700
7448,201707195018395,PRIN,52,57,30,1091,32730.00,2017-07-19 05:01:00.839500
7449,201707195018361,PRIN,5,36,100,1085,108500.00,2017-07-19 05:01:00.836100
7450,201707195018344,PRIN,28,53,90,1080,97200.00,2017-07-19 05:01:00.834400
7451,201707195018345,PRIN,28,53,100,1082,108200.00,2017-07-19 05:01:00.834500
7452,201707195018346,PRIN,28,49,500,1083,541500.00,2017-07-19 05:01:00.834600
7453,201707195018318,PRIN,41,53,100,1080,108000.00,2017-07-19 05:01:00.831800
7454,201707195018319,PRIN,41,53,10,1080,10800.00,2017-07-19 05:01:00.831900
7455,201707195018262,PRIN,39,33,50,1080,54000.00,2017-07-19 05:01:00.826200
7456,201707185017879,PRIN,21,53,76,1070,81320.00,2017-07-18 05:01:00.787900
7457,201707185017880,PRIN,21,47,424,1070,453680.00,2017-07-18 05:01:00.788000
7458,201707185017771,PRIN,36,17,200,1069,213800.00,2017-07-18 05:01:00.777100
7459,201707185017825,PRIN,36,28,100,1067,106700.00,2017-07-18 05:01:00.782500
7460,201707185017708,PRIN,35,56,40,1067,42680.00,2017-07-18 05:01:00.770800
7461,201707185017717,PRIN,36,56,290,1067,309430.00,2017-07-18 05:01:00.771700
7462,201707185017718,PRIN,36,32,175,1068,186900.00,2017-07-18 05:01:00.771800
7463,201707185017719,PRIN,36,51,100,1068,106800.00,2017-07-18 05:01:00.771900
7464,201707185017649,PRIN,41,57,32,1060,33920.00,2017-07-18 05:01:00.764900
7465,201707185017667,PRIN,7,45,40,1065,42600.00,2017-07-18 05:01:00.766700
7466,201707185017170,PRIN,57,59,100,1057,105700.00,2017-07-18 05:01:00.717000
7467,201707185017171,PRIN,47,59,500,1056,528000.00,2017-07-18 05:01:00.717100
7468,201707185017172,PRIN,47,59,500,1056,528000.00,2017-07-18 05:01:00.717200
7469,201707185017173,PRIN,10,59,300,1055,316500.00,2017-07-18 05:01:00.717300
7470,201707185016488,PRIN,20,59,100,1066,106600.00,2017-07-18 05:01:00.648800
7471,201707185016489,PRIN,53,59,80,1065,85200.00,2017-07-18 05:01:00.648900
7472,201707185016490,PRIN,10,59,500,1060,530000.00,2017-07-18 05:01:00.649000
7473,201707185016491,PRIN,47,59,500,1052,526000.00,2017-07-18 05:01:00.649100
7474,201707185016492,PRIN,47,59,500,1051,525500.00,2017-07-18 05:01:00.649200
7475,201707185016204,PRIN,49,16,100,1065,106500.00,2017-07-18 05:01:00.620400
7476,201707185016120,PRIN,53,45,20,1064,21280.00,2017-07-18 05:01:00.612000
7477,201707185015723,PRIN,36,57,50,1067,53350.00,2017-07-18 05:01:00.572300
7478,201707185015724,PRIN,36,57,26,1067,27742.00,2017-07-18 05:01:00.572400
7479,201707185015725,PRIN,36,53,24,1070,25680.00,2017-07-18 05:01:00.572500
7480,201707185015157,PRIN,45,22,44,1060,46640.00,2017-07-18 05:01:00.515700
7481,201707185015158,PRIN,45,32,274,1060,290440.00,2017-07-18 05:01:00.515800
7482,201707185014945,PRIN,58,22,50,1060,53000.00,2017-07-18 05:01:00.494500
7483,201707185014961,PRIN,47,32,200,1055,211000.00,2017-07-18 05:01:00.496100
7484,201707185014962,PRIN,28,32,90,1055,94950.00,2017-07-18 05:01:00.496200
7485,201707185014891,PRIN,20,22,50,1060,53000.00,2017-07-18 05:01:00.489100
7486,201707185014751,PRIN,8,22,200,1060,212000.00,2017-07-18 05:01:00.475100
7487,201707185014586,PRIN,16,32,105,1060,111300.00,2017-07-18 05:01:00.458600
7488,201707185014587,PRIN,11,32,50,1060,53000.00,2017-07-18 05:01:00.458700
7489,201707185014592,PRIN,44,32,150,1058,158700.00,2017-07-18 05:01:00.459200
7490,201707185014583,PRIN,16,34,25,1060,26500.00,2017-07-18 05:01:00.458300
7491,201707185014184,PRIN,16,28,70,1060,74200.00,2017-07-18 05:01:00.418400
7492,201707185014011,PRIN,37,32,100,1068,106800.00,2017-07-18 05:01:00.401100
7493,201707185013795,PRIN,41,32,31,1068,33108.00,2017-07-18 05:01:00.379500
7494,201707185013527,PRIN,47,32,500,1068,534000.00,2017-07-18 05:01:00.352700
7495,201707185012871,PRIN,47,49,100,1064,106400.00,2017-07-18 05:01:00.287100
7496,201707185012872,PRIN,47,25,146,1065,155490.00,2017-07-18 05:01:00.287200
7497,201707185012873,PRIN,47,56,601,1068,641868.00,2017-07-18 05:01:00.287300
7498,201707185012874,PRIN,47,40,100,1068,106800.00,2017-07-18 05:01:00.287400
7499,201707185012810,PRIN,7,17,276,1055,291180.00,2017-07-18 05:01:00.281000
7500,201707185012782,PRIN,7,17,300,1055,316500.00,2017-07-18 05:01:00.278200
7501,201707185012703,PRIN,10,59,10,1049,10490.00,2017-07-18 05:01:00.270300
7502,201707185012704,PRIN,10,44,250,1050,262500.00,2017-07-18 05:01:00.270400
7503,201707185012660,PRIN,53,41,50,1048,52400.00,2017-07-18 05:01:00.266000
7504,201707185012661,PRIN,53,59,64,1049,67136.00,2017-07-18 05:01:00.266100
7505,201707185012386,PRIN,10,59,26,1049,27274.00,2017-07-18 05:01:00.238600
7506,201707185012295,PRIN,10,53,74,1048,77552.00,2017-07-18 05:01:00.229500
7507,201707185012093,PRIN,47,36,50,1045,52250.00,2017-07-18 05:01:00.209300
7508,201707185012094,PRIN,47,29,88,1048,92224.00,2017-07-18 05:01:00.209400
7509,201707185012042,PRIN,7,37,100,1040,104000.00,2017-07-18 05:01:00.204200
7510,201707185012043,PRIN,7,21,100,1040,104000.00,2017-07-18 05:01:00.204300
7511,201707185011154,PRIN,7,38,50,1031,51550.00,2017-07-18 05:01:00.115400
7512,201707185010831,PRIN,11,43,20,1035,20700.00,2017-07-18 05:01:00.083100
7513,201707185010736,PRIN,45,39,50,1045,52250.00,2017-07-18 05:01:00.073600
7514,201707185010527,PRIN,45,14,50,1045,52250.00,2017-07-18 05:01:00.052700
7515,201707185010472,PRIN,10,44,384,1048,402432.00,2017-07-18 05:01:00.047200
7516,201707185010484,PRIN,10,29,100,1048,104800.00,2017-07-18 05:01:00.048400
7517,201707185010485,PRIN,10,56,516,1048,540768.00,2017-07-18 05:01:00.048500
7518,201707185010452,PRIN,25,17,13,1055,13715.00,2017-07-18 05:01:00.045200
7519,201707185010463,PRIN,57,53,100,1050,105000.00,2017-07-18 05:01:00.046300
7520,201707185010471,PRIN,1,53,23,1049,24127.00,2017-07-18 05:01:00.047100
7521,201707185010120,PRIN,25,48,26,1055,27430.00,2017-07-18 05:01:00.012000
7522,201707185009873,PRIN,25,45,20,1068,21360.00,2017-07-18 05:00:00.987300
7523,201707185009875,PRIN,25,51,11,1068,11748.00,2017-07-18 05:00:00.987500
7524,201707185009391,PRIN,25,36,100,1069,106900.00,2017-07-18 05:00:00.939100
7525,201707185009392,PRIN,25,8,30,1069,32070.00,2017-07-18 05:00:00.939200
7526,201707185009159,PRIN,38,39,10,1049,10490.00,2017-07-18 05:00:00.915900
7527,201707185009160,PRIN,38,39,10,1049,10490.00,2017-07-18 05:00:00.916000
7528,201707175008555,PRIN,13,14,100,1025,102500.00,2017-07-17 05:00:00.855500
7529,201707175008557,PRIN,13,36,26,1025,26650.00,2017-07-17 05:00:00.855700
7530,201707175008578,PRIN,13,45,10,1029,10290.00,2017-07-17 05:00:00.857800
7531,201707175008415,PRIN,13,57,50,1024,51200.00,2017-07-17 05:00:00.841500
7532,201707175008416,PRIN,13,43,14,1025,14350.00,2017-07-17 05:00:00.841600
7533,201707175008042,PRIN,34,47,13,1018,13234.00,2017-07-17 05:00:00.804200
7534,201707175007799,PRIN,34,34,601,1025,616025.00,2017-07-17 05:00:00.779900
7535,201707175007740,PRIN,34,38,300,1025,307500.00,2017-07-17 05:00:00.774000
7536,201707175007704,PRIN,34,58,22,1016,22352.00,2017-07-17 05:00:00.770400
7537,201707175007573,PRIN,34,10,150,1017,152550.00,2017-07-17 05:00:00.757300
7538,201707175007574,PRIN,34,6,50,1018,50900.00,2017-07-17 05:00:00.757400
7539,201707175007575,PRIN,34,28,100,1018,101800.00,2017-07-17 05:00:00.757500
7540,201707175007576,PRIN,34,38,25,1019,25475.00,2017-07-17 05:00:00.757600
7541,201707175007577,PRIN,34,38,150,1020,153000.00,2017-07-17 05:00:00.757700
7542,201707175007578,PRIN,34,32,500,1020,510000.00,2017-07-17 05:00:00.757800
7543,201707175007579,PRIN,34,56,500,1024,512000.00,2017-07-17 05:00:00.757900
7544,201707175007558,PRIN,53,6,25,1018,25450.00,2017-07-17 05:00:00.755800
7545,201707175007472,PRIN,52,6,25,1018,25450.00,2017-07-17 05:00:00.747200
7546,201707175007428,PRIN,22,6,50,1016,50800.00,2017-07-17 05:00:00.742800
7547,201707175007371,PRIN,22,21,150,1016,152400.00,2017-07-17 05:00:00.737100
7548,201707175006212,PRIN,6,26,30,1015,30450.00,2017-07-17 05:00:00.621200
7549,201707175006213,PRIN,44,26,20,1013,20260.00,2017-07-17 05:00:00.621300
7550,201707175005173,PRIN,36,48,125,1012,126500.00,2017-07-17 05:00:00.517300
7551,201707175005042,PRIN,34,56,70,1013,70910.00,2017-07-17 05:00:00.504200
7552,201707175005043,PRIN,13,56,33,1013,33429.00,2017-07-17 05:00:00.504300
7553,201707175005044,PRIN,36,56,30,1012,30360.00,2017-07-17 05:00:00.504400
7554,201707175004893,PRIN,36,57,14,1012,14168.00,2017-07-17 05:00:00.489300
7555,201707175004722,PRIN,13,21,26,1019,26494.00,2017-07-17 05:00:00.472200
7556,201707175004733,PRIN,37,56,11,1019,11209.00,2017-07-17 05:00:00.473300
7557,201707175004734,PRIN,13,56,76,1019,77444.00,2017-07-17 05:00:00.473400
7558,201707175004735,PRIN,10,56,200,1015,203000.00,2017-07-17 05:00:00.473500
7559,201707175004736,PRIN,58,56,100,1014,101400.00,2017-07-17 05:00:00.473600
7560,201707175004635,PRIN,13,37,15,1019,15285.00,2017-07-17 05:00:00.463500
7561,201707175004530,PRIN,37,36,89,1019,90691.00,2017-07-17 05:00:00.453000
7562,201707175004538,PRIN,22,32,117,1020,119340.00,2017-07-17 05:00:00.453800
7563,201707175004513,PRIN,22,36,11,1019,11209.00,2017-07-17 05:00:00.451300
7564,201707175004478,PRIN,20,32,40,1020,40800.00,2017-07-17 05:00:00.447800
7565,201707175004411,PRIN,20,56,50,1020,51000.00,2017-07-17 05:00:00.441100
7566,201707175004412,PRIN,20,45,145,1020,147900.00,2017-07-17 05:00:00.441200
7567,201707175004254,PRIN,22,53,59,1019,60121.00,2017-07-17 05:00:00.425400
7568,201707175003706,PRIN,19,41,104,1020,106080.00,2017-07-17 05:00:00.370600
7569,201707175003707,PRIN,19,45,46,1020,46920.00,2017-07-17 05:00:00.370700
7570,201707175003192,PRIN,21,10,147,1019,149793.00,2017-07-17 05:00:00.319200
7571,201707175003193,PRIN,21,34,275,1020,280500.00,2017-07-17 05:00:00.319300
7572,201707165001846,PRIN,5,41,15,1014,15210.00,2017-07-16 05:00:00.184600
7573,201707165001441,PRIN,41,42,50,1015,50750.00,2017-07-16 05:00:00.144100
7574,201707165001098,PRIN,46,28,37,1016,37592.00,2017-07-16 05:00:00.109800
7575,201707165001099,PRIN,19,28,22,1015,22330.00,2017-07-16 05:00:00.109900
7576,201707165000803,PRIN,46,35,12,1016,12192.00,2017-07-16 05:00:00.080300
7577,201707165000495,PRIN,19,50,50,1016,50800.00,2017-07-16 05:00:00.049500
7578,201707165000322,PRIN,46,21,100,1013,101300.00,2017-07-16 05:00:00.032200
7579,201707165000287,PRIN,46,17,23,1016,23368.00,2017-07-16 05:00:00.028700
7580,201707165000022,PRIN,32,43,25,1017,25425.00,2017-07-16 05:00:00.002200
7581,201707165000023,PRIN,46,43,80,1016,81280.00,2017-07-16 05:00:00.002300
7582,201707165000052,PRIN,46,43,48,1016,48768.00,2017-07-16 05:00:00.005200
7583,201707165000012,PRIN,46,42,70,1020,71400.00,2017-07-16 05:00:00.001200
7584,201707164999137,PRIN,46,50,100,1025,102500.00,2017-07-16 04:09:00.991370
7585,201707164998189,PRIN,19,26,25,1030,25750.00,2017-07-16 04:09:00.981890
7586,201707164997999,PRIN,21,38,55,1009,55495.00,2017-07-16 04:09:00.979990
7587,201707164998000,PRIN,21,21,150,1010,151500.00,2017-07-16 04:09:00.980000
7588,201707164997625,PRIN,33,39,250,1000,250000.00,2017-07-16 04:09:00.976250
7589,201707164997626,PRIN,33,21,250,1000,250000.00,2017-07-16 04:09:00.976260
7590,201707164997427,PRIN,35,35,30,995,29850.00,2017-07-16 04:09:00.974270
7591,201707164997234,PRIN,49,32,300,991,297300.00,2017-07-16 04:09:00.972340
7592,201707164997236,PRIN,39,32,50,990,49500.00,2017-07-16 04:09:00.972360
7593,201707164996880,PRIN,53,32,10,1000,10000.00,2017-07-16 04:09:00.968800
7594,201707164996894,PRIN,11,32,100,990,99000.00,2017-07-16 04:09:00.968940
7595,201707164996501,PRIN,38,47,100,1000,100000.00,2017-07-16 04:09:00.965010
7596,201707134995896,PRIN,8,58,400,1003,401200.00,2017-07-13 04:09:00.958960
7597,201707134995897,PRIN,13,58,180,1003,180540.00,2017-07-13 04:09:00.958970
7598,201707134995898,PRIN,37,58,50,1002,50100.00,2017-07-13 04:09:00.958980
7599,201707134995899,PRIN,34,58,113,1002,113226.00,2017-07-13 04:09:00.958990
7600,201707134995900,PRIN,58,58,100,1001,100100.00,2017-07-13 04:09:00.959000
7601,201707134995901,PRIN,57,58,157,1000,157000.00,2017-07-13 04:09:00.959010
7602,201707134995610,PRIN,13,16,20,1003,20060.00,2017-07-13 04:09:00.956100
7603,201707134995611,PRIN,29,16,100,1002,100200.00,2017-07-13 04:09:00.956110
7604,201707134995612,PRIN,13,16,320,1001,320320.00,2017-07-13 04:09:00.956120
7605,201707134995427,PRIN,13,58,50,1003,50150.00,2017-07-13 04:09:00.954270
7606,201707134995400,PRIN,13,38,30,1005,30150.00,2017-07-13 04:09:00.954000
7607,201707134995401,PRIN,13,28,100,1005,100500.00,2017-07-13 04:09:00.954010
7608,201707134995343,PRIN,13,39,100,1004,100400.00,2017-07-13 04:09:00.953430
7609,201707134995195,PRIN,39,38,20,1005,20100.00,2017-07-13 04:09:00.951950
7610,201707134994838,PRIN,57,28,100,1004,100400.00,2017-07-13 04:09:00.948380
7611,201707134994675,PRIN,57,1,60,1003,60180.00,2017-07-13 04:09:00.946750
7612,201707134994613,PRIN,21,55,28,1000,28000.00,2017-07-13 04:09:00.946130
7613,201707134994614,PRIN,34,55,187,1000,187000.00,2017-07-13 04:09:00.946140
7614,201707134994343,PRIN,21,55,10,1000,10000.00,2017-07-13 04:09:00.943430
7615,201707134994299,PRIN,59,55,100,1002,100200.00,2017-07-13 04:09:00.942990
7616,201707134994300,PRIN,33,55,100,1001,100100.00,2017-07-13 04:09:00.943000
7617,201707134994301,PRIN,33,55,100,1001,100100.00,2017-07-13 04:09:00.943010
7618,201707134994302,PRIN,39,55,13,1000,13000.00,2017-07-13 04:09:00.943020
7619,201707134994303,PRIN,55,55,100,1000,100000.00,2017-07-13 04:09:00.943030
7620,201707134994304,PRIN,35,55,50,1000,50000.00,2017-07-13 04:09:00.943040
7621,201707134994305,PRIN,7,55,100,1000,100000.00,2017-07-13 04:09:00.943050
7622,201707134994306,PRIN,21,55,12,1000,12000.00,2017-07-13 04:09:00.943060
7623,201707134994110,PRIN,21,6,449,1003,450347.00,2017-07-13 04:09:00.941100
7624,201707134993311,PRIN,39,10,100,1000,100000.00,2017-07-13 04:09:00.933110
7625,201707134993020,PRIN,39,8,37,1000,37000.00,2017-07-13 04:09:00.930200
7626,201707134992938,PRIN,20,8,300,1000,300000.00,2017-07-13 04:09:00.929380
7627,201707134992939,PRIN,20,8,20,1000,20000.00,2017-07-13 04:09:00.929390
7628,201707134992855,PRIN,6,32,1320,1000,1320000.00,2017-07-13 04:09:00.928550
7629,201707134992857,PRIN,53,29,60,998,59880.00,2017-07-13 04:09:00.928570
7630,201707134992837,PRIN,20,32,30,1001,30030.00,2017-07-13 04:09:00.928370
7631,201707134992392,PRIN,7,38,100,1005,100500.00,2017-07-13 04:09:00.923920
7632,201707134991901,PRIN,38,32,100,1002,100200.00,2017-07-13 04:09:00.919010
7633,201707134991902,PRIN,41,32,100,1001,100100.00,2017-07-13 04:09:00.919020
7634,201707134991903,PRIN,8,32,250,1000,250000.00,2017-07-13 04:09:00.919030
7635,201707134991904,PRIN,8,32,50,1000,50000.00,2017-07-13 04:09:00.919040
7636,201707134991905,PRIN,45,32,50,1000,50000.00,2017-07-13 04:09:00.919050
7637,201707134991906,PRIN,32,32,100,1000,100000.00,2017-07-13 04:09:00.919060
7638,201707134991512,PRIN,34,21,50,1008,50400.00,2017-07-13 04:09:00.915120
7639,201707134991513,PRIN,34,8,150,1009,151350.00,2017-07-13 04:09:00.915130
7640,201707134990785,PRIN,19,53,446,1000,446000.00,2017-07-13 04:09:00.907850
7641,201707134990334,PRIN,21,53,100,997,99700.00,2017-07-13 04:09:00.903340
7642,201707134990335,PRIN,59,53,50,997,49850.00,2017-07-13 04:09:00.903350
7643,201707134990336,PRIN,49,53,200,996,199200.00,2017-07-13 04:09:00.903360
7644,201707134990337,PRIN,49,53,100,996,99600.00,2017-07-13 04:09:00.903370
7645,201707134990338,PRIN,48,53,100,996,99600.00,2017-07-13 04:09:00.903380
7646,201707134990351,PRIN,53,53,50,996,49800.00,2017-07-13 04:09:00.903510
7647,201707134990205,PRIN,21,8,50,1002,50100.00,2017-07-13 04:09:00.902050
7648,201707134990206,PRIN,45,8,50,1001,50050.00,2017-07-13 04:09:00.902060
7649,201707134990207,PRIN,25,8,50,1000,50000.00,2017-07-13 04:09:00.902070
7650,201707134990208,PRIN,21,8,20,1000,20000.00,2017-07-13 04:09:00.902080
7651,201707134990209,PRIN,47,8,30,1000,30000.00,2017-07-13 04:09:00.902090
7652,201707124986667,PRIN,33,5,293,1015,297395.00,2017-07-12 04:09:00.866670
7653,201707124986668,PRIN,33,50,160,1016,162560.00,2017-07-12 04:09:00.866680
7654,201707124986546,PRIN,36,49,50,1014,50700.00,2017-07-12 04:09:00.865460
7655,201707124986547,PRIN,36,56,110,1014,111540.00,2017-07-12 04:09:00.865470
7656,201707124986399,PRIN,21,21,25,1013,25325.00,2017-07-12 04:09:00.863990
7657,201707124986316,PRIN,29,39,200,1011,202200.00,2017-07-12 04:09:00.863160
7658,201707124986317,PRIN,33,39,34,1010,34340.00,2017-07-12 04:09:00.863170
7659,201707124985619,PRIN,41,38,100,1010,101000.00,2017-07-12 04:09:00.856190
7660,201707124985575,PRIN,41,10,82,1010,82820.00,2017-07-12 04:09:00.855750
7661,201707124985395,PRIN,28,39,100,1010,101000.00,2017-07-12 04:09:00.853950
7662,201707124985396,PRIN,37,39,100,1008,100800.00,2017-07-12 04:09:00.853960
7663,201707124985397,PRIN,7,39,25,1005,25125.00,2017-07-12 04:09:00.853970
7664,201707124985343,PRIN,6,44,122,1010,123220.00,2017-07-12 04:09:00.853430
7665,201707124985333,PRIN,20,44,100,1010,101000.00,2017-07-12 04:09:00.853330
7666,201707124985174,PRIN,39,44,138,1010,139380.00,2017-07-12 04:09:00.851740
7667,201707124985175,PRIN,50,44,100,1010,101000.00,2017-07-12 04:09:00.851750
7668,201707124985176,PRIN,53,44,50,1010,50500.00,2017-07-12 04:09:00.851760
7669,201707124985146,PRIN,44,36,144,1013,145872.00,2017-07-12 04:09:00.851460
7670,201707124985147,PRIN,49,36,24,1013,24312.00,2017-07-12 04:09:00.851470
7671,201707124985148,PRIN,35,36,20,1010,20200.00,2017-07-12 04:09:00.851480
7672,201707124985149,PRIN,39,36,12,1010,12120.00,2017-07-12 04:09:00.851490
7673,201707124985068,PRIN,22,49,50,1014,50700.00,2017-07-12 04:09:00.850680
7674,201707124984602,PRIN,39,39,300,1013,303900.00,2017-07-12 04:09:00.846020
7675,201707124984565,PRIN,50,50,100,1013,101300.00,2017-07-12 04:09:00.845650
7676,201707124983808,PRIN,34,53,60,1006,60360.00,2017-07-12 04:09:00.838080
7677,201707124983809,PRIN,47,53,200,1006,201200.00,2017-07-12 04:09:00.838090
7678,201707124983810,PRIN,53,53,300,1005,301500.00,2017-07-12 04:09:00.838100
7679,201707124983811,PRIN,49,53,500,1002,501000.00,2017-07-12 04:09:00.838110
7680,201707124983812,PRIN,16,53,355,1001,355355.00,2017-07-12 04:09:00.838120
7681,201707124983386,PRIN,52,53,75,1018,76350.00,2017-07-12 04:09:00.833860
7682,201707124983387,PRIN,39,53,10,1015,10150.00,2017-07-12 04:09:00.833870
7683,201707124983388,PRIN,57,53,500,1015,507500.00,2017-07-12 04:09:00.833880
7684,201707124983288,PRIN,52,4,25,1018,25450.00,2017-07-12 04:09:00.832880
7685,201707124983238,PRIN,51,59,113,1020,115260.00,2017-07-12 04:09:00.832380
7686,201707124983143,PRIN,21,21,13,1020,13260.00,2017-07-12 04:09:00.831430
7687,201707124983144,PRIN,51,21,87,1020,88740.00,2017-07-12 04:09:00.831440
7688,201707124982768,PRIN,52,52,50,1028,51400.00,2017-07-12 04:09:00.827680
7689,201707124982598,PRIN,21,33,30,1020,30600.00,2017-07-12 04:09:00.825980
7690,201707124982593,PRIN,21,45,60,1020,61200.00,2017-07-12 04:09:00.825930
7691,201707124982594,PRIN,21,45,57,1020,58140.00,2017-07-12 04:09:00.825940
7692,201707124982415,PRIN,21,4,25,1020,25500.00,2017-07-12 04:09:00.824150
7693,201707124982416,PRIN,21,4,15,1020,15300.00,2017-07-12 04:09:00.824160
7694,201707124982179,PRIN,53,11,2104,1035,2177640.00,2017-07-12 04:09:00.821790
7695,201707114981824,PRIN,52,28,30,1015,30450.00,2017-07-11 04:09:00.818240
7696,201707114981771,PRIN,36,38,16,1014,16224.00,2017-07-11 04:09:00.817710
7697,201707114981772,PRIN,36,19,64,1015,64960.00,2017-07-11 04:09:00.817720
7698,201707114981773,PRIN,36,28,70,1015,71050.00,2017-07-11 04:09:00.817730
7699,201707114981690,PRIN,40,38,20,1014,20280.00,2017-07-11 04:09:00.816900
7700,201707114981644,PRIN,21,38,100,1014,101400.00,2017-07-11 04:09:00.816440
7701,201707114981468,PRIN,49,8,20,1010,20200.00,2017-07-11 04:09:00.814680
7702,201707114981444,PRIN,49,38,59,1010,59590.00,2017-07-11 04:09:00.814440
7703,201707114981381,PRIN,49,38,230,1014,233220.00,2017-07-11 04:09:00.813810
7704,201707114981232,PRIN,49,47,243,1010,245430.00,2017-07-11 04:09:00.812320
7705,201707114981207,PRIN,17,25,75,1011,75825.00,2017-07-11 04:09:00.812070
7706,201707114981208,PRIN,49,25,75,1010,75750.00,2017-07-11 04:09:00.812080
7707,201707114981162,PRIN,21,53,25,1011,25275.00,2017-07-11 04:09:00.811620
7708,201707114981163,PRIN,39,53,24,1010,24240.00,2017-07-11 04:09:00.811630
7709,201707114981164,PRIN,49,53,11,1010,11110.00,2017-07-11 04:09:00.811640
7710,201707114981130,PRIN,21,52,50,1011,50550.00,2017-07-11 04:09:00.811300
7711,201707114981099,PRIN,21,56,25,1011,25275.00,2017-07-11 04:09:00.810990
7712,201707114981079,PRIN,8,38,20,1016,20320.00,2017-07-11 04:09:00.810790
7713,201707114980886,PRIN,17,37,50,1010,50500.00,2017-07-11 04:09:00.808860
7714,201707114980774,PRIN,53,38,504,1013,510552.00,2017-07-11 04:09:00.807740
7715,201707114980773,PRIN,39,56,76,1010,76760.00,2017-07-11 04:09:00.807730
7716,201707114980732,PRIN,49,48,20,1008,20160.00,2017-07-11 04:09:00.807320
7717,201707114980699,PRIN,49,35,50,1008,50400.00,2017-07-11 04:09:00.806990
7718,201707114980255,PRIN,22,28,100,1018,101800.00,2017-07-11 04:09:00.802550
7719,201707114979885,PRIN,16,25,100,1019,101900.00,2017-07-11 04:09:00.798850
7720,201707114979861,PRIN,21,38,103,1018,104854.00,2017-07-11 04:09:00.798610
7721,201707114979790,PRIN,38,38,50,1018,50900.00,2017-07-11 04:09:00.797900
7722,201707114979768,PRIN,38,55,25,1018,25450.00,2017-07-11 04:09:00.797680
7723,201707114979769,PRIN,38,57,125,1018,127250.00,2017-07-11 04:09:00.797690
7724,201707114979158,PRIN,21,29,60,1017,61020.00,2017-07-11 04:09:00.791580
7725,201707114978943,PRIN,20,34,45,1016,45720.00,2017-07-11 04:09:00.789430
7726,201707114978954,PRIN,20,49,100,1017,101700.00,2017-07-11 04:09:00.789540
7727,201707114978941,PRIN,17,38,25,1004,25100.00,2017-07-11 04:09:00.789410
7728,201707114978833,PRIN,53,17,340,1015,345100.00,2017-07-11 04:09:00.788330
7729,201707114978691,PRIN,40,26,100,1004,100400.00,2017-07-11 04:09:00.786910
7730,201707114978692,PRIN,40,26,80,1005,80400.00,2017-07-11 04:09:00.786920
7731,201707114978706,PRIN,19,44,100,1010,101000.00,2017-07-11 04:09:00.787060
7732,201707114978707,PRIN,19,57,403,1010,407030.00,2017-07-11 04:09:00.787070
7733,201707114978204,PRIN,57,57,8,1000,8000.00,2017-07-11 04:09:00.782040
7734,201707114977749,PRIN,55,55,25,1018,25450.00,2017-07-11 04:09:00.777490
7735,201707114977550,PRIN,11,20,100,1000,100000.00,2017-07-11 04:09:00.775500
7736,201707104976722,PRIN,41,21,20,1010,20200.00,2017-07-10 04:09:00.767220
7737,201707104976419,PRIN,39,10,200,1012,202400.00,2017-07-10 04:09:00.764190
7738,201707104976420,PRIN,41,10,69,1010,69690.00,2017-07-10 04:09:00.764200
7739,201707104975747,PRIN,16,38,150,1019,152850.00,2017-07-10 04:09:00.757470
7740,201707104975724,PRIN,29,45,175,1008,176400.00,2017-07-10 04:09:00.757240
7741,201707104975725,PRIN,22,45,75,1006,75450.00,2017-07-10 04:09:00.757250
7742,201707104975677,PRIN,52,38,150,1010,151500.00,2017-07-10 04:09:00.756770
7743,201707104975678,PRIN,14,38,50,1010,50500.00,2017-07-10 04:09:00.756780
7744,201707104975679,PRIN,29,38,50,1010,50500.00,2017-07-10 04:09:00.756790
7745,201707104975378,PRIN,33,41,200,1016,203200.00,2017-07-10 04:09:00.753780
7746,201707104975379,PRIN,45,41,50,1015,50750.00,2017-07-10 04:09:00.753790
7747,201707104975380,PRIN,45,41,50,1015,50750.00,2017-07-10 04:09:00.753800
7748,201707104975381,PRIN,29,41,50,1012,50600.00,2017-07-10 04:09:00.753810
7749,201707104975382,PRIN,52,41,150,1010,151500.00,2017-07-10 04:09:00.753820
7750,201707104975149,PRIN,41,38,100,1020,102000.00,2017-07-10 04:09:00.751490
7751,201707104975150,PRIN,41,38,50,1024,51200.00,2017-07-10 04:09:00.751500
7752,201707104975109,PRIN,50,57,100,1018,101800.00,2017-07-10 04:09:00.751090
7753,201707104974108,PRIN,41,55,200,1019,203800.00,2017-07-10 04:09:00.741080
7754,201707104974076,PRIN,52,38,500,1010,505000.00,2017-07-10 04:09:00.740760
7755,201707104973911,PRIN,21,55,100,1019,101900.00,2017-07-10 04:09:00.739110
7756,201707104973735,PRIN,21,38,63,1018,64134.00,2017-07-10 04:09:00.737350
7757,201707104973736,PRIN,21,13,30,1020,30600.00,2017-07-10 04:09:00.737360
7758,201707104973674,PRIN,25,32,63,1015,63945.00,2017-07-10 04:09:00.736740
7759,201707104973675,PRIN,25,38,237,1018,241266.00,2017-07-10 04:09:00.736750
7760,201707104973132,PRIN,32,32,100,1005,100500.00,2017-07-10 04:09:00.731320
7761,201707104973010,PRIN,10,50,209,1005,210045.00,2017-07-10 04:09:00.730100
7762,201707104972980,PRIN,16,38,437,1004,438748.00,2017-07-10 04:09:00.729800
7763,201707104972933,PRIN,17,38,25,1004,25100.00,2017-07-10 04:09:00.729330
7764,201707104972533,PRIN,19,38,50,1001,50050.00,2017-07-10 04:09:00.725330
7765,201707104972534,PRIN,48,38,20,1000,20000.00,2017-07-10 04:09:00.725340
7766,201707104972532,PRIN,59,38,50,1002,50100.00,2017-07-10 04:09:00.725320
7767,201707104971659,PRIN,22,38,136,1020,138720.00,2017-07-10 04:09:00.716590
7768,201707104971645,PRIN,22,59,99,1020,100980.00,2017-07-10 04:09:00.716450
7769,201707104971565,PRIN,22,26,50,1020,51000.00,2017-07-10 04:09:00.715650
7770,201707104971512,PRIN,22,17,10,1025,10250.00,2017-07-10 04:09:00.715120
7771,201707104971513,PRIN,22,17,15,1020,15300.00,2017-07-10 04:09:00.715130
7772,201707104971459,PRIN,17,17,100,1037,103700.00,2017-07-10 04:09:00.714590
7773,201707104971465,PRIN,40,38,300,1038,311400.00,2017-07-10 04:09:00.714650
7774,201707104971423,PRIN,17,17,100,1040,104000.00,2017-07-10 04:09:00.714230
7775,201707094971219,PRIN,39,51,19,1020,19380.00,2017-07-09 04:09:00.712190
7776,201707094971220,PRIN,39,51,25,1020,25500.00,2017-07-09 04:09:00.712200
7777,201707094971221,PRIN,39,22,50,1025,51250.00,2017-07-09 04:09:00.712210
7778,201707094971222,PRIN,39,36,100,1030,103000.00,2017-07-09 04:09:00.712220
7779,201707094971223,PRIN,39,44,190,1032,196080.00,2017-07-09 04:09:00.712230
7780,201707094971224,PRIN,39,56,116,1035,120060.00,2017-07-09 04:09:00.712240
7781,201707094971208,PRIN,11,51,50,1020,51000.00,2017-07-09 04:09:00.712080
7782,201707094970906,PRIN,33,16,150,1015,152250.00,2017-07-09 04:09:00.709060
7783,201707094970907,PRIN,33,28,100,1020,102000.00,2017-07-09 04:09:00.709070
7784,201707094970874,PRIN,49,16,350,1015,355250.00,2017-07-09 04:09:00.708740
7785,201707094970824,PRIN,49,35,50,1010,50500.00,2017-07-09 04:09:00.708240
7786,201707094970776,PRIN,33,28,100,1001,100100.00,2017-07-09 04:09:00.707760
7787,201707094970610,PRIN,53,32,123,1000,123000.00,2017-07-09 04:09:00.706100
7788,201707094970541,PRIN,26,48,50,986,49300.00,2017-07-09 04:09:00.705410
7789,201707094970421,PRIN,21,32,50,1000,50000.00,2017-07-09 04:09:00.704210
7790,201707094970422,PRIN,37,38,120,990,118800.00,2017-07-09 04:09:00.704220
7791,201707094970423,PRIN,41,38,150,990,148500.00,2017-07-09 04:09:00.704230
7792,201707094970382,PRIN,21,32,50,1000,50000.00,2017-07-09 04:09:00.703820
7793,201707094970191,PRIN,59,36,30,1000,30000.00,2017-07-09 04:09:00.701910
7794,201707094970132,PRIN,38,52,10,1001,10010.00,2017-07-09 04:09:00.701320
7795,201707094970134,PRIN,38,38,40,1001,40040.00,2017-07-09 04:09:00.701340
7796,201707094970135,PRIN,59,38,70,1000,70000.00,2017-07-09 04:09:00.701350
7797,201707094970005,PRIN,41,56,30,1015,30450.00,2017-07-09 04:09:00.700050
7798,201707094970006,PRIN,8,56,20,1010,20200.00,2017-07-09 04:09:00.700060
7799,201707094970012,PRIN,8,35,130,1010,131300.00,2017-07-09 04:09:00.700120
7800,201707094970029,PRIN,38,42,50,1001,50050.00,2017-07-09 04:09:00.700290
7801,201707094969964,PRIN,8,42,50,1010,50500.00,2017-07-09 04:09:00.699640
7802,201707094969944,PRIN,44,8,33,1020,33660.00,2017-07-09 04:09:00.699440
7803,201707094969946,PRIN,44,35,176,1020,179520.00,2017-07-09 04:09:00.699460
7804,201707094969905,PRIN,44,56,50,1020,51000.00,2017-07-09 04:09:00.699050
7805,201707094969848,PRIN,44,50,37,1020,37740.00,2017-07-09 04:09:00.698480
7806,201707094969869,PRIN,44,37,92,1020,93840.00,2017-07-09 04:09:00.698690
7807,201707094969807,PRIN,44,37,200,1020,204000.00,2017-07-09 04:09:00.698070
7808,201707094969274,PRIN,44,28,206,1020,210120.00,2017-07-09 04:09:00.692740
7809,201707094969071,PRIN,47,33,100,1021,102100.00,2017-07-09 04:09:00.690710
7810,201707094969072,PRIN,44,33,206,1020,210120.00,2017-07-09 04:09:00.690720
7811,201707094969041,PRIN,47,33,50,1021,51050.00,2017-07-09 04:09:00.690410
7812,201707094968986,PRIN,48,29,100,1022,102200.00,2017-07-09 04:09:00.689860
7813,201707094968738,PRIN,42,28,26,1025,26650.00,2017-07-09 04:09:00.687380
7814,201707094968739,PRIN,55,28,200,1025,205000.00,2017-07-09 04:09:00.687390
7815,201707094968740,PRIN,37,28,68,1022,69496.00,2017-07-09 04:09:00.687400
7816,201707094968231,PRIN,44,51,40,1026,41040.00,2017-07-09 04:09:00.682310
7817,201707094968268,PRIN,44,48,326,1026,334476.00,2017-07-09 04:09:00.682680
7818,201707094968269,PRIN,29,48,100,1025,102500.00,2017-07-09 04:09:00.682690
7819,201707094968270,PRIN,42,48,224,1025,229600.00,2017-07-09 04:09:00.682700
7820,201707094967956,PRIN,45,34,30,1030,30900.00,2017-07-09 04:09:00.679560
7821,201707094967957,PRIN,34,34,100,1027,102700.00,2017-07-09 04:09:00.679570
7822,201707094967958,PRIN,34,34,100,1027,102700.00,2017-07-09 04:09:00.679580
7823,201707094967959,PRIN,34,34,100,1027,102700.00,2017-07-09 04:09:00.679590
7824,201707094967960,PRIN,54,34,100,1026,102600.00,2017-07-09 04:09:00.679600
7825,201707094967961,PRIN,44,34,134,1026,137484.00,2017-07-09 04:09:00.679610
7826,201707094967718,PRIN,28,38,148,1032,152736.00,2017-07-09 04:09:00.677180
7827,201707094967719,PRIN,37,38,50,1032,51600.00,2017-07-09 04:09:00.677190
7828,201707094967642,PRIN,40,38,500,1032,516000.00,2017-07-09 04:09:00.676420
7829,201707094967527,PRIN,44,5,200,1030,206000.00,2017-07-09 04:09:00.675270
7830,201707094967036,PRIN,45,38,50,1030,51500.00,2017-07-09 04:09:00.670360
7831,201707094966926,PRIN,20,36,50,1031,51550.00,2017-07-09 04:09:00.669260
7832,201707094966117,PRIN,17,28,100,1036,103600.00,2017-07-09 04:09:00.661170
7833,201707094966123,PRIN,17,28,100,1036,103600.00,2017-07-09 04:09:00.661230
7834,201707094966051,PRIN,26,5,200,1035,207000.00,2017-07-09 04:09:00.660510
7835,201707094965709,PRIN,37,6,48,1034,49632.00,2017-07-09 04:09:00.657090
7836,201707094965440,PRIN,33,11,117,1030,120510.00,2017-07-09 04:09:00.654400
7837,201707094965295,PRIN,53,5,200,1035,207000.00,2017-07-09 04:09:00.652950
7838,201707094965239,PRIN,21,36,50,1035,51750.00,2017-07-09 04:09:00.652390
7839,201707094965052,PRIN,40,38,50,1030,51500.00,2017-07-09 04:09:00.650520
7840,201707094965053,PRIN,11,38,20,1026,20520.00,2017-07-09 04:09:00.650530
7841,201707094965054,PRIN,22,38,200,1025,205000.00,2017-07-09 04:09:00.650540
7842,201707094965055,PRIN,55,38,20,1025,20500.00,2017-07-09 04:09:00.650550
7843,201707094965056,PRIN,47,38,50,1025,51250.00,2017-07-09 04:09:00.650560
7844,201707094965057,PRIN,37,38,250,1025,256250.00,2017-07-09 04:09:00.650570
7845,201707094965077,PRIN,37,38,50,1025,51250.00,2017-07-09 04:09:00.650770
7846,201707094964660,PRIN,22,45,100,1025,102500.00,2017-07-09 04:09:00.646600
7847,201707094964468,PRIN,21,32,33,1035,34155.00,2017-07-09 04:09:00.644680
7848,201707094964395,PRIN,21,21,67,1035,69345.00,2017-07-09 04:09:00.643950
7849,201707094964181,PRIN,37,40,32,1030,32960.00,2017-07-09 04:09:00.641810
7850,201707094963746,PRIN,22,21,200,1015,203000.00,2017-07-09 04:09:00.637460
7851,201707094963620,PRIN,58,33,68,1033,70244.00,2017-07-09 04:09:00.636200
7852,201707094963621,PRIN,14,33,32,1033,33056.00,2017-07-09 04:09:00.636210
7853,201707094963659,PRIN,14,40,68,1033,70244.00,2017-07-09 04:09:00.636590
7854,201707094963660,PRIN,52,40,300,1031,309300.00,2017-07-09 04:09:00.636600
7855,201707094963661,PRIN,29,40,100,1030,103000.00,2017-07-09 04:09:00.636610
7856,201707094963498,PRIN,11,10,45,1035,46575.00,2017-07-09 04:09:00.634980
7857,201707094963499,PRIN,39,10,10,1033,10330.00,2017-07-09 04:09:00.634990
7858,201707094963500,PRIN,58,10,132,1033,136356.00,2017-07-09 04:09:00.635000
7859,201707094963445,PRIN,19,38,62,1036,64232.00,2017-07-09 04:09:00.634450
7860,201707094963446,PRIN,11,38,55,1035,56925.00,2017-07-09 04:09:00.634460
7861,201707094963435,PRIN,14,38,50,1040,52000.00,2017-07-09 04:09:00.634350
7862,201707094963392,PRIN,19,17,238,1036,246568.00,2017-07-09 04:09:00.633920
7863,201707094962817,PRIN,13,38,400,1041,416400.00,2017-07-09 04:09:00.628170
7864,201707094962818,PRIN,38,38,300,1040,312000.00,2017-07-09 04:09:00.628180
7865,201707094962819,PRIN,38,38,300,1040,312000.00,2017-07-09 04:09:00.628190
7866,201707094962619,PRIN,14,36,50,1054,52700.00,2017-07-09 04:09:00.626190
7867,201707094962620,PRIN,14,38,50,1054,52700.00,2017-07-09 04:09:00.626200
7868,201707094962559,PRIN,36,17,60,1060,63600.00,2017-07-09 04:09:00.625590
7869,201707094962497,PRIN,22,29,40,1053,42120.00,2017-07-09 04:09:00.624970
7870,201707094962394,PRIN,41,10,577,1050,605850.00,2017-07-09 04:09:00.623940
7871,201707094962317,PRIN,41,10,100,1050,105000.00,2017-07-09 04:09:00.623170
7872,201707064962103,PRIN,41,11,500,1033,516500.00,2017-07-06 04:09:00.621030
7873,201707064961112,PRIN,41,41,100,1030,103000.00,2017-07-06 04:09:00.611120
7874,201707064960906,PRIN,22,28,100,1023,102300.00,2017-07-06 04:09:00.609060
7875,201707064960907,PRIN,22,11,200,1025,205000.00,2017-07-06 04:09:00.609070
7876,201707064960928,PRIN,20,26,274,1029,281946.00,2017-07-06 04:09:00.609280
7877,201707064960501,PRIN,36,17,150,1023,153450.00,2017-07-06 04:09:00.605010
7878,201707064960351,PRIN,55,5,250,1019,254750.00,2017-07-06 04:09:00.603510
7879,201707064960257,PRIN,59,11,200,1022,204400.00,2017-07-06 04:09:00.602570
7880,201707064960166,PRIN,44,34,190,1020,193800.00,2017-07-06 04:09:00.601660
7881,201707064960098,PRIN,58,34,50,1020,51000.00,2017-07-06 04:09:00.600980
7882,201707064960041,PRIN,41,34,200,1020,204000.00,2017-07-06 04:09:00.600410
7883,201707064959799,PRIN,22,34,150,1020,153000.00,2017-07-06 04:09:00.597990
7884,201707064959456,PRIN,47,34,10,1020,10200.00,2017-07-06 04:09:00.594560
7885,201707064959419,PRIN,20,34,400,1018,407200.00,2017-07-06 04:09:00.594190
7886,201707064959420,PRIN,55,34,100,1017,101700.00,2017-07-06 04:09:00.594200
7887,201707064959421,PRIN,14,34,70,1017,71190.00,2017-07-06 04:09:00.594210
7888,201707064959349,PRIN,22,48,494,1018,502892.00,2017-07-06 04:09:00.593490
7889,201707064959262,PRIN,11,48,50,1020,51000.00,2017-07-06 04:09:00.592620
7890,201707064959263,PRIN,44,48,956,1018,973208.00,2017-07-06 04:09:00.592630
7891,201707064959190,PRIN,32,48,50,1020,51000.00,2017-07-06 04:09:00.591900
7892,201707064959202,PRIN,44,17,44,1018,44792.00,2017-07-06 04:09:00.592020
7893,201707064958550,PRIN,1,48,50,1020,51000.00,2017-07-06 04:09:00.585500
7894,201707064957632,PRIN,55,58,50,1020,51000.00,2017-07-06 04:09:00.576320
7895,201707064956740,PRIN,1,58,50,1020,51000.00,2017-07-06 04:09:00.567400
7896,201707064956199,PRIN,11,29,10,1014,10140.00,2017-07-06 04:09:00.561990
7897,201707054955295,PRIN,37,21,150,995,149250.00,2017-07-05 04:09:00.552950
7898,201707054955303,PRIN,37,21,117,995,116415.00,2017-07-05 04:09:00.553030
7899,201707054954540,PRIN,36,5,400,995,398000.00,2017-07-05 04:09:00.545400
7900,201707054954541,PRIN,19,5,100,993,99300.00,2017-07-05 04:09:00.545410
7901,201707054954418,PRIN,53,28,100,997,99700.00,2017-07-05 04:09:00.544180
7902,201707054954323,PRIN,16,39,136,997,135592.00,2017-07-05 04:09:00.543230
7903,201707054954324,PRIN,16,16,184,999,183816.00,2017-07-05 04:09:00.543240
7904,201707054954325,PRIN,16,29,175,999,174825.00,2017-07-05 04:09:00.543250
7905,201707054954297,PRIN,8,55,100,988,98800.00,2017-07-05 04:09:00.542970
7906,201707054954298,PRIN,48,55,200,987,197400.00,2017-07-05 04:09:00.542980
7907,201707054952956,PRIN,21,53,100,985,98500.00,2017-07-05 04:09:00.529560
7908,201707054952957,PRIN,26,53,200,980,196000.00,2017-07-05 04:09:00.529570
7909,201707054951980,PRIN,40,21,50,1005,50250.00,2017-07-05 04:09:00.519800
7910,201707054951981,PRIN,55,21,100,990,99000.00,2017-07-05 04:09:00.519810
7911,201707054951982,PRIN,55,21,100,990,99000.00,2017-07-05 04:09:00.519820
7912,201707054951075,PRIN,39,25,10,1005,10050.00,2017-07-05 04:09:00.510750
7913,201707044949666,PRIN,7,34,14,1005,14070.00,2017-07-04 04:09:00.496660
7914,201707044949667,PRIN,7,6,100,1005,100500.00,2017-07-04 04:09:00.496670
7915,201707044949033,PRIN,37,34,50,1005,50250.00,2017-07-04 04:09:00.490330
7916,201707044949034,PRIN,55,34,150,1005,150750.00,2017-07-04 04:09:00.490340
7917,201707044948748,PRIN,55,6,150,1005,150750.00,2017-07-04 04:09:00.487480
7918,201707044948652,PRIN,53,44,62,1002,62124.00,2017-07-04 04:09:00.486520
7919,201707044948408,PRIN,57,45,350,1003,351050.00,2017-07-04 04:09:00.484080
7920,201707044948409,PRIN,54,45,35,1002,35070.00,2017-07-04 04:09:00.484090
7921,201707044948410,PRIN,53,45,15,1002,15030.00,2017-07-04 04:09:00.484100
7922,201707044948288,PRIN,57,28,50,1003,50150.00,2017-07-04 04:09:00.482880
7923,201707044947884,PRIN,53,26,100,1002,100200.00,2017-07-04 04:09:00.478840
7924,201707044947769,PRIN,53,53,1000,1005,1005000.00,2017-07-04 04:09:00.477690
7925,201707044947732,PRIN,19,47,50,1001,50050.00,2017-07-04 04:09:00.477320
7926,201707034944915,PRIN,17,34,50,1005,50250.00,2017-07-03 04:09:00.449150
7927,201707034944770,PRIN,42,28,20,1000,20000.00,2017-07-03 04:09:00.447700
7928,201707034944534,PRIN,28,28,80,1000,80000.00,2017-07-03 04:09:00.445340
7929,201707034944370,PRIN,19,41,20,1000,20000.00,2017-07-03 04:09:00.443700
7930,201707034944371,PRIN,21,41,50,1000,50000.00,2017-07-03 04:09:00.443710
7931,201707034942846,PRIN,29,38,150,1000,150000.00,2017-07-03 04:09:00.428460
7932,201707034942644,PRIN,49,11,50,1006,50300.00,2017-07-03 04:09:00.426440
7933,201707034942645,PRIN,19,11,163,1005,163815.00,2017-07-03 04:09:00.426450
7934,201707034942646,PRIN,42,11,70,1000,70000.00,2017-07-03 04:09:00.426460
7935,201707034942410,PRIN,22,41,100,1020,102000.00,2017-07-03 04:09:00.424100
7936,201707034941946,PRIN,53,52,50,1030,51500.00,2017-07-03 04:09:00.419460
7937,201707034941186,PRIN,45,32,50,1030,51500.00,2017-07-03 04:09:00.411860
7938,201707034941161,PRIN,14,29,50,1025,51250.00,2017-07-03 04:09:00.411610
7939,201707034941162,PRIN,45,29,200,1025,205000.00,2017-07-03 04:09:00.411620
7940,201707034941163,PRIN,45,41,31,1030,31930.00,2017-07-03 04:09:00.411630
7941,201707034940517,PRIN,22,16,56,1010,56560.00,2017-07-03 04:09:00.405170
7942,201707034940518,PRIN,22,21,100,1010,101000.00,2017-07-03 04:09:00.405180
7943,201707024939902,PRIN,19,16,56,1005,56280.00,2017-07-02 04:09:00.399020
7944,201707024939632,PRIN,19,16,56,1005,56280.00,2017-07-02 04:09:00.396320
7945,201707024939225,PRIN,36,29,50,1020,51000.00,2017-07-02 04:09:00.392250
7946,201707024939005,PRIN,22,43,31,1010,31310.00,2017-07-02 04:09:00.390050
7947,201707024937390,PRIN,17,43,25,1001,25025.00,2017-07-02 04:09:00.373900
7948,201707024937391,PRIN,50,43,72,1000,72000.00,2017-07-02 04:09:00.373910
7949,201707024936633,PRIN,50,42,28,1000,28000.00,2017-07-02 04:09:00.366330
7950,201707024936605,PRIN,53,14,58,1001,58058.00,2017-07-02 04:09:00.366050
7951,201707024936606,PRIN,22,14,50,1001,50050.00,2017-07-02 04:09:00.366060
7952,201707024936607,PRIN,36,14,50,1000,50000.00,2017-07-02 04:09:00.366070
7953,201707024936608,PRIN,19,14,87,1000,87000.00,2017-07-02 04:09:00.366080
7954,201707024936570,PRIN,22,43,100,1001,100100.00,2017-07-02 04:09:00.365700
7955,201707024936478,PRIN,53,26,200,1001,200200.00,2017-07-02 04:09:00.364780
7956,201707024936421,PRIN,52,16,50,1005,50250.00,2017-07-02 04:09:00.364210
7957,201707024936422,PRIN,37,16,10,1002,10020.00,2017-07-02 04:09:00.364220
7958,201707024936423,PRIN,55,16,32,1001,32032.00,2017-07-02 04:09:00.364230
7959,201707024936424,PRIN,53,16,100,1001,100100.00,2017-07-02 04:09:00.364240
7960,201707024936425,PRIN,53,16,42,1001,42042.00,2017-07-02 04:09:00.364250
7961,201707024935430,PRIN,55,42,68,1001,68068.00,2017-07-02 04:09:00.354300
7962,201706284933491,PRIN,21,13,100,1018,101800.00,2017-06-28 04:09:00.334910
7963,201706284933494,PRIN,37,20,90,1020,91800.00,2017-06-28 04:09:00.334940
7964,201706284933450,PRIN,33,20,100,1024,102400.00,2017-06-28 04:09:00.334500
7965,201706284933451,PRIN,49,20,100,1023,102300.00,2017-06-28 04:09:00.334510
7966,201706284933452,PRIN,37,20,10,1020,10200.00,2017-06-28 04:09:00.334520
7967,201706284933453,PRIN,54,20,100,1020,102000.00,2017-06-28 04:09:00.334530
7968,201706284933171,PRIN,22,20,100,1030,103000.00,2017-06-28 04:09:00.331710
7969,201706284931821,PRIN,53,1,200,1030,206000.00,2017-06-28 04:09:00.318210
7970,201706284931309,PRIN,44,1,100,1030,103000.00,2017-06-28 04:09:00.313090
7971,201706284930543,PRIN,21,26,100,1022,102200.00,2017-06-28 04:09:00.305430
7972,201706284930544,PRIN,6,26,50,1021,51050.00,2017-06-28 04:09:00.305440
7973,201706284930545,PRIN,6,26,30,1021,30630.00,2017-06-28 04:09:00.305450
7974,201706284930546,PRIN,53,26,300,1021,306300.00,2017-06-28 04:09:00.305460
7975,201706284930547,PRIN,36,26,30,1020,30600.00,2017-06-28 04:09:00.305470
7976,201706284930548,PRIN,37,26,290,1020,295800.00,2017-06-28 04:09:00.305480
7977,201706274928739,PRIN,21,26,30,1030,30900.00,2017-06-27 04:09:00.287390
7978,201706274927963,PRIN,21,6,70,1030,72100.00,2017-06-27 04:09:00.279630
7979,201706274927019,PRIN,21,11,50,1032,51600.00,2017-06-27 04:09:00.270190
7980,201706274927020,PRIN,21,11,100,1032,103200.00,2017-06-27 04:09:00.270200
7981,201706274927021,PRIN,21,11,50,1032,51600.00,2017-06-27 04:09:00.270210
7982,201706274927022,PRIN,37,11,100,1031,103100.00,2017-06-27 04:09:00.270220
7983,201706274927023,PRIN,56,11,100,1030,103000.00,2017-06-27 04:09:00.270230
7984,201706274926741,PRIN,14,38,16,1035,16560.00,2017-06-27 04:09:00.267410
7985,201706274926466,PRIN,41,41,23,1036,23828.00,2017-06-27 04:09:00.264660
7986,201706274926467,PRIN,14,41,77,1035,79695.00,2017-06-27 04:09:00.264670
7987,201706274926330,PRIN,19,58,10,1038,10380.00,2017-06-27 04:09:00.263300
7988,201706274926331,PRIN,41,58,77,1036,79772.00,2017-06-27 04:09:00.263310
7989,201706274926009,PRIN,19,41,55,1038,57090.00,2017-06-27 04:09:00.260090
7990,201706274925945,PRIN,19,41,50,1038,51900.00,2017-06-27 04:09:00.259450
7991,201706254922814,PRIN,41,48,22,1030,22660.00,2017-06-25 04:09:00.228140
7992,201706254922370,PRIN,41,58,61,1030,62830.00,2017-06-25 04:09:00.223700
7993,201706254922393,PRIN,41,48,20,1032,20640.00,2017-06-25 04:09:00.223930
7994,201706254922365,PRIN,37,48,83,1032,85656.00,2017-06-25 04:09:00.223650
7995,201706254922366,PRIN,42,48,500,1031,515500.00,2017-06-25 04:09:00.223660
7996,201706254922367,PRIN,26,48,50,1030,51500.00,2017-06-25 04:09:00.223670
7997,201706254922368,PRIN,41,48,67,1030,69010.00,2017-06-25 04:09:00.223680
7998,201706254922332,PRIN,37,48,217,1032,223944.00,2017-06-25 04:09:00.223320
7999,201706254922129,PRIN,42,33,150,1030,154500.00,2017-06-25 04:09:00.221290
8000,201706254921724,PRIN,57,48,283,1030,291490.00,2017-06-25 04:09:00.217240
8001,201706254921646,PRIN,57,48,17,1030,17510.00,2017-06-25 04:09:00.216460
8002,201706254921670,PRIN,59,22,150,1034,155100.00,2017-06-25 04:09:00.216700
8003,201706254921530,PRIN,20,17,50,1030,51500.00,2017-06-25 04:09:00.215300
8004,201706254921531,PRIN,13,17,67,1029,68943.00,2017-06-25 04:09:00.215310
8005,201706254921197,PRIN,13,20,55,1029,56595.00,2017-06-25 04:09:00.211970
8006,201706254920580,PRIN,40,48,500,1032,516000.00,2017-06-25 04:09:00.205800
8007,201706254920225,PRIN,53,48,390,1032,402480.00,2017-06-25 04:09:00.202250
8008,201706254920214,PRIN,53,48,100,1032,103200.00,2017-06-25 04:09:00.202140
8009,201706254920175,PRIN,52,25,57,1028,58596.00,2017-06-25 04:09:00.201750
8010,201706254919914,PRIN,37,48,10,1032,10320.00,2017-06-25 04:09:00.199140
8011,201706224917608,PRIN,29,48,100,1020,102000.00,2017-06-22 04:09:00.176080
8012,201706224917503,PRIN,46,48,50,1025,51250.00,2017-06-22 04:09:00.175030
8013,201706224917504,PRIN,58,48,150,1022,153300.00,2017-06-22 04:09:00.175040
8014,201706224917505,PRIN,50,48,200,1021,204200.00,2017-06-22 04:09:00.175050
8015,201706224917506,PRIN,38,48,100,1020,102000.00,2017-06-22 04:09:00.175060
8016,201706224917210,PRIN,22,45,51,1015,51765.00,2017-06-22 04:09:00.172100
8017,201706224917112,PRIN,36,48,100,1027,102700.00,2017-06-22 04:09:00.171120
8018,201706224917113,PRIN,46,48,100,1025,102500.00,2017-06-22 04:09:00.171130
8019,201706224917114,PRIN,5,48,100,1022,102200.00,2017-06-22 04:09:00.171140
8020,201706224917115,PRIN,21,48,50,1021,51050.00,2017-06-22 04:09:00.171150
8021,201706224917116,PRIN,58,48,50,1021,51050.00,2017-06-22 04:09:00.171160
8022,201706224917117,PRIN,36,48,10,1020,10200.00,2017-06-22 04:09:00.171170
8023,201706224917118,PRIN,49,48,500,1020,510000.00,2017-06-22 04:09:00.171180
8024,201706224916984,PRIN,49,16,168,1030,173040.00,2017-06-22 04:09:00.169840
8025,201706224916655,PRIN,22,16,50,1032,51600.00,2017-06-22 04:09:00.166550
8026,201706224916656,PRIN,59,16,25,1031,25775.00,2017-06-22 04:09:00.166560
8027,201706224916657,PRIN,48,16,257,1030,264710.00,2017-06-22 04:09:00.166570
8028,201706224916455,PRIN,59,28,25,1031,25775.00,2017-06-22 04:09:00.164550
8029,201706224916470,PRIN,57,5,200,1035,207000.00,2017-06-22 04:09:00.164700
8030,201706224916471,PRIN,57,50,170,1035,175950.00,2017-06-22 04:09:00.164710
8031,201706224916472,PRIN,57,17,100,1035,103500.00,2017-06-22 04:09:00.164720
8032,201706224915990,PRIN,22,5,200,1035,207000.00,2017-06-22 04:09:00.159900
8033,201706224915831,PRIN,13,14,200,1030,206000.00,2017-06-22 04:09:00.158310
8034,201706224915832,PRIN,48,14,43,1030,44290.00,2017-06-22 04:09:00.158320
8035,201706224915548,PRIN,42,11,100,1036,103600.00,2017-06-22 04:09:00.155480
8036,201706224915549,PRIN,29,11,50,1035,51750.00,2017-06-22 04:09:00.155490
8037,201706224915550,PRIN,41,11,100,1035,103500.00,2017-06-22 04:09:00.155500
8038,201706224915551,PRIN,41,11,100,1035,103500.00,2017-06-22 04:09:00.155510
8039,201706224915505,PRIN,10,34,50,1042,52100.00,2017-06-22 04:09:00.155050
8040,201706224915506,PRIN,57,34,16,1040,16640.00,2017-06-22 04:09:00.155060
8041,201706224915507,PRIN,21,34,100,1039,103900.00,2017-06-22 04:09:00.155070
8042,201706224915508,PRIN,13,34,300,1038,311400.00,2017-06-22 04:09:00.155080
8043,201706224913623,PRIN,57,57,384,1040,399360.00,2017-06-22 04:09:00.136230
8044,201706214911860,PRIN,46,16,30,1036,31080.00,2017-06-21 04:09:00.118600
8045,201706214911861,PRIN,35,16,50,1035,51750.00,2017-06-21 04:09:00.118610
8046,201706214911862,PRIN,14,16,20,1035,20700.00,2017-06-21 04:09:00.118620
8047,201706214911745,PRIN,20,7,50,1037,51850.00,2017-06-21 04:09:00.117450
8048,201706214911748,PRIN,35,7,50,1035,51750.00,2017-06-21 04:09:00.117480
8049,201706214910749,PRIN,32,34,20,1040,20800.00,2017-06-21 04:09:00.107490
8050,201706214910539,PRIN,22,33,100,1040,104000.00,2017-06-21 04:09:00.105390
8051,201706214910540,PRIN,22,22,100,1040,104000.00,2017-06-21 04:09:00.105400
8052,201706214910434,PRIN,32,46,17,1040,17680.00,2017-06-21 04:09:00.104340
8053,201706214910441,PRIN,32,34,33,1040,34320.00,2017-06-21 04:09:00.104410
8054,201706214910442,PRIN,42,34,95,1039,98705.00,2017-06-21 04:09:00.104420
8055,201706214910427,PRIN,41,53,330,1039,342870.00,2017-06-21 04:09:00.104270
8056,201706214909397,PRIN,51,48,20,1040,20800.00,2017-06-21 04:09:00.093970
8057,201706214909398,PRIN,33,48,30,1036,31080.00,2017-06-21 04:09:00.093980
8058,201706214909042,PRIN,20,53,50,1045,52250.00,2017-06-21 04:09:00.090420
8059,201706214908851,PRIN,22,38,80,1040,83200.00,2017-06-21 04:09:00.088510
8060,201706214908293,PRIN,39,38,10,1040,10400.00,2017-06-21 04:09:00.082930
8061,201706214907970,PRIN,41,53,20,1045,20900.00,2017-06-21 04:09:00.079700
8062,201706214907829,PRIN,41,38,30,1045,31350.00,2017-06-21 04:09:00.078290
8063,201706204907530,PRIN,32,38,20,1047,20940.00,2017-06-20 04:09:00.075300
8064,201706204907531,PRIN,59,38,100,1040,104000.00,2017-06-20 04:09:00.075310
8065,201706204907532,PRIN,41,38,30,1040,31200.00,2017-06-20 04:09:00.075320
8066,201706204907256,PRIN,41,5,100,1045,104500.00,2017-06-20 04:09:00.072560
8067,201706204906719,PRIN,22,5,100,1045,104500.00,2017-06-20 04:09:00.067190
8068,201706204905610,PRIN,50,11,70,1045,73150.00,2017-06-20 04:09:00.056100
8069,201706204905611,PRIN,21,11,80,1045,83600.00,2017-06-20 04:09:00.056110
8070,201706204905442,PRIN,22,19,20,1050,21000.00,2017-06-20 04:09:00.054420
8071,201706204905443,PRIN,50,19,80,1045,83600.00,2017-06-20 04:09:00.054430
8072,201706204905304,PRIN,47,21,20,1051,21020.00,2017-06-20 04:09:00.053040
8073,201706204905305,PRIN,22,21,180,1050,189000.00,2017-06-20 04:09:00.053050
8074,201706204905185,PRIN,32,48,20,1055,21100.00,2017-06-20 04:09:00.051850
8075,201706204904647,PRIN,50,55,50,1045,52250.00,2017-06-20 04:09:00.046470
8076,201706204903493,PRIN,34,37,300,1050,315000.00,2017-06-20 04:09:00.034930
8077,201706204903494,PRIN,46,37,200,1044,208800.00,2017-06-20 04:09:00.034940
8078,201706204903448,PRIN,34,20,200,1050,210000.00,2017-06-20 04:09:00.034480
8079,201706194901626,PRIN,34,53,10,1065,10650.00,2017-06-19 04:09:00.016260
8080,201706194901583,PRIN,41,34,70,1055,73850.00,2017-06-19 04:09:00.015830
8081,201706194900862,PRIN,35,40,40,1036,41440.00,2017-06-19 04:09:00.008620
8082,201706194900850,PRIN,41,40,10,1050,10500.00,2017-06-19 04:09:00.008500
8083,201706194900851,PRIN,35,40,20,1050,21000.00,2017-06-19 04:09:00.008510
8084,201706194900852,PRIN,11,40,100,1045,104500.00,2017-06-19 04:09:00.008520
8085,201706194900853,PRIN,32,40,50,1042,52100.00,2017-06-19 04:09:00.008530
8086,201706194900854,PRIN,43,40,80,1040,83200.00,2017-06-19 04:09:00.008540
8087,201706194900623,PRIN,6,34,30,1055,31650.00,2017-06-19 04:09:00.006230
8088,201706194900523,PRIN,55,37,10,1056,10560.00,2017-06-19 04:09:00.005230
8089,201706194900499,PRIN,6,41,20,1055,21100.00,2017-06-19 04:09:00.004990
8090,201706194900405,PRIN,41,41,90,1050,94500.00,2017-06-19 04:09:00.004050
8091,201706194900069,PRIN,54,6,100,1060,106000.00,2017-06-19 04:09:00.000690
8092,201706194900043,PRIN,44,8,100,1060,106000.00,2017-06-19 04:09:00.000430
8093,201706194899755,PRIN,51,37,16,1055,16880.00,2017-06-19 04:08:00.997550
8094,201706194898486,PRIN,38,39,100,1050,105000.00,2017-06-19 04:08:00.984860
8095,201706194897816,PRIN,51,43,14,1050,14700.00,2017-06-19 04:08:00.978160
8096,201706194897471,PRIN,48,34,90,1052,94680.00,2017-06-19 04:08:00.974710
8097,201706194897472,PRIN,32,34,10,1051,10510.00,2017-06-19 04:08:00.974720
8098,201706184895970,PRIN,13,37,50,1070,53500.00,2017-06-18 04:08:00.959700
8099,201706184895869,PRIN,47,48,11,1070,11770.00,2017-06-18 04:08:00.958690
8100,201706184895825,PRIN,13,36,45,1070,48150.00,2017-06-18 04:08:00.958250
8101,201706184895741,PRIN,47,43,21,1070,22470.00,2017-06-18 04:08:00.957410
8102,201706184895600,PRIN,22,26,43,1070,46010.00,2017-06-18 04:08:00.956000
8103,201706184895567,PRIN,44,36,50,1072,53600.00,2017-06-18 04:08:00.955670
8104,201706184894650,PRIN,55,42,10,1075,10750.00,2017-06-18 04:08:00.946500
8105,201706184894651,PRIN,45,42,58,1074,62292.00,2017-06-18 04:08:00.946510
8106,201706184894652,PRIN,25,42,100,1072,107200.00,2017-06-18 04:08:00.946520
8107,201706184894630,PRIN,26,38,10,1079,10790.00,2017-06-18 04:08:00.946300
8108,201706184894346,PRIN,45,22,42,1074,45108.00,2017-06-18 04:08:00.943460
8109,201706184893067,PRIN,35,58,100,1080,108000.00,2017-06-18 04:08:00.930670
8110,201706184892221,PRIN,38,36,40,1074,42960.00,2017-06-18 04:08:00.922210
8111,201706184891733,PRIN,55,58,150,1095,164250.00,2017-06-18 04:08:00.917330
8112,201706184891734,PRIN,55,55,50,1095,54750.00,2017-06-18 04:08:00.917340
8113,201706184891635,PRIN,44,58,50,1095,54750.00,2017-06-18 04:08:00.916350
8114,201706154891469,PRIN,58,48,10,1085,10850.00,2017-06-15 04:08:00.914690
8115,201706154890870,PRIN,35,33,100,1065,106500.00,2017-06-15 04:08:00.908700
8116,201706154890602,PRIN,56,57,14,1070,14980.00,2017-06-15 04:08:00.906020
8117,201706154890603,PRIN,17,57,60,1065,63900.00,2017-06-15 04:08:00.906030
8118,201706154890604,PRIN,33,57,60,1061,63660.00,2017-06-15 04:08:00.906040
8119,201706154890005,PRIN,49,49,1500,1060,1590000.00,2017-06-15 04:08:00.900050
8120,201706154889437,PRIN,6,53,20,1082,21640.00,2017-06-15 04:08:00.894370
8121,201706154889438,PRIN,37,53,80,1080,86400.00,2017-06-15 04:08:00.894380
8122,201706154889441,PRIN,1,53,100,1075,107500.00,2017-06-15 04:08:00.894410
8123,201706154889178,PRIN,16,45,50,1093,54650.00,2017-06-15 04:08:00.891780
8124,201706154889196,PRIN,16,48,50,1093,54650.00,2017-06-15 04:08:00.891960
8125,201706154888965,PRIN,7,49,200,1095,219000.00,2017-06-15 04:08:00.889650
8126,201706154888932,PRIN,51,33,50,1090,54500.00,2017-06-15 04:08:00.889320
8127,201706154888933,PRIN,51,49,100,1095,109500.00,2017-06-15 04:08:00.889330
8128,201706154888410,PRIN,37,11,70,1080,75600.00,2017-06-15 04:08:00.884100
8129,201706154888411,PRIN,37,6,90,1084,97560.00,2017-06-15 04:08:00.884110
8130,201706154888421,PRIN,37,11,160,1085,173600.00,2017-06-15 04:08:00.884210
8131,201706154888457,PRIN,11,49,300,1100,330000.00,2017-06-15 04:08:00.884570
8132,201706154888388,PRIN,37,49,200,1079,215800.00,2017-06-15 04:08:00.883880
8133,201706154888260,PRIN,50,49,200,1079,215800.00,2017-06-15 04:08:00.882600
8134,201706154888055,PRIN,49,11,68,1075,73100.00,2017-06-15 04:08:00.880550
8135,201706154888079,PRIN,53,49,100,1079,107900.00,2017-06-15 04:08:00.880790
8136,201706154887911,PRIN,7,49,50,1060,53000.00,2017-06-15 04:08:00.879110
8137,201706154887914,PRIN,33,33,93,1065,99045.00,2017-06-15 04:08:00.879140
8138,201706154887925,PRIN,33,11,25,1070,26750.00,2017-06-15 04:08:00.879250
8139,201706154887926,PRIN,33,42,500,1070,535000.00,2017-06-15 04:08:00.879260
8140,201706154887859,PRIN,22,49,50,1045,52250.00,2017-06-15 04:08:00.878590
8141,201706154887839,PRIN,49,49,4300,1025,4407500.00,2017-06-15 04:08:00.878390
8142,201706154887795,PRIN,58,49,61,1060,64660.00,2017-06-15 04:08:00.877950
8143,201706154887796,PRIN,49,49,500,1045,522500.00,2017-06-15 04:08:00.877960
8144,201706154887819,PRIN,49,49,5000,1025,5125000.00,2017-06-15 04:08:00.878190
8145,201706154887747,PRIN,58,33,585,1060,620100.00,2017-06-15 04:08:00.877470
8146,201706154887771,PRIN,53,49,39,1060,41340.00,2017-06-15 04:08:00.877710
8147,201706154887772,PRIN,53,49,200,1060,212000.00,2017-06-15 04:08:00.877720
8148,201706154887773,PRIN,22,49,200,1060,212000.00,2017-06-15 04:08:00.877730
8149,201706154887665,PRIN,53,46,15,1060,15900.00,2017-06-15 04:08:00.876650
8150,201706154887618,PRIN,53,37,29,1059,30711.00,2017-06-15 04:08:00.876180
8151,201706154887619,PRIN,53,17,117,1059,123903.00,2017-06-15 04:08:00.876190
8152,201706154887208,PRIN,6,22,50,1050,52500.00,2017-06-15 04:08:00.872080
8153,201706154887209,PRIN,1,22,50,1050,52500.00,2017-06-15 04:08:00.872090
8154,201706154886392,PRIN,45,20,67,1049,70283.00,2017-06-15 04:08:00.863920
8155,201706144885318,PRIN,25,6,10,1069,10690.00,2017-06-14 04:08:00.853180
8156,201706144884982,PRIN,53,28,100,1069,106900.00,2017-06-14 04:08:00.849820
8157,201706144884204,PRIN,41,28,100,1069,106900.00,2017-06-14 04:08:00.842040
8158,201706144882855,PRIN,52,25,13,1065,13845.00,2017-06-14 04:08:00.828550
8159,201706134879814,PRIN,13,32,253,1065,269445.00,2017-06-13 04:08:00.798140
8160,201706134879815,PRIN,13,49,100,1065,106500.00,2017-06-13 04:08:00.798150
8161,201706134879784,PRIN,58,14,125,1060,132500.00,2017-06-13 04:08:00.797840
8162,201706134879619,PRIN,13,33,150,1060,159000.00,2017-06-13 04:08:00.796190
8163,201706134879646,PRIN,22,33,42,1060,44520.00,2017-06-13 04:08:00.796460
8164,201706134879575,PRIN,33,33,50,1060,53000.00,2017-06-13 04:08:00.795750
8165,201706134878996,PRIN,35,53,22,1056,23232.00,2017-06-13 04:08:00.789960
8166,201706134878997,PRIN,55,53,30,1056,31680.00,2017-06-13 04:08:00.789970
8167,201706134878998,PRIN,25,53,50,1056,52800.00,2017-06-13 04:08:00.789980
8168,201706134878999,PRIN,1,53,50,1055,52750.00,2017-06-13 04:08:00.789990
8169,201706134878498,PRIN,35,50,28,1056,29568.00,2017-06-13 04:08:00.784980
8170,201706134878160,PRIN,21,33,22,1070,23540.00,2017-06-13 04:08:00.781600
8171,201706134878161,PRIN,13,33,200,1070,214000.00,2017-06-13 04:08:00.781610
8172,201706134878162,PRIN,48,33,100,1070,107000.00,2017-06-13 04:08:00.781620
8173,201706134878163,PRIN,14,33,70,1070,74900.00,2017-06-13 04:08:00.781630
8174,201706134878094,PRIN,52,53,84,1071,89964.00,2017-06-13 04:08:00.780940
8175,201706134878095,PRIN,38,53,100,1071,107100.00,2017-06-13 04:08:00.780950
8176,201706134877918,PRIN,38,22,100,1071,107100.00,2017-06-13 04:08:00.779180
8177,201706134877607,PRIN,16,49,500,1075,537500.00,2017-06-13 04:08:00.776070
8178,201706134877523,PRIN,39,33,100,1080,108000.00,2017-06-13 04:08:00.775230
8179,201706134877307,PRIN,41,49,50,1081,54050.00,2017-06-13 04:08:00.773070
8180,201706134877301,PRIN,49,49,2000,1060,2120000.00,2017-06-13 04:08:00.773010
8181,201706134877258,PRIN,49,49,5000,1060,5300000.00,2017-06-13 04:08:00.772580
8182,201706134877266,PRIN,52,42,16,1075,17200.00,2017-06-13 04:08:00.772660
8183,201706134877270,PRIN,49,49,1000,1060,1060000.00,2017-06-13 04:08:00.772700
8184,201706134877126,PRIN,43,11,100,1075,107500.00,2017-06-13 04:08:00.771260
8185,201706134876980,PRIN,13,22,90,1070,96300.00,2017-06-13 04:08:00.769800
8186,201706134876781,PRIN,21,32,28,1070,29960.00,2017-06-13 04:08:00.767810
8187,201706124874166,PRIN,14,57,50,1072,53600.00,2017-06-12 04:08:00.741660
8188,201706124874167,PRIN,37,57,119,1071,127449.00,2017-06-12 04:08:00.741670
8189,201706124874168,PRIN,17,57,21,1070,22470.00,2017-06-12 04:08:00.741680
8190,201706124874022,PRIN,22,33,200,1072,214400.00,2017-06-12 04:08:00.740220
8191,201706124873839,PRIN,41,33,100,1075,107500.00,2017-06-12 04:08:00.738390
8192,201706124872985,PRIN,37,33,81,1076,87156.00,2017-06-12 04:08:00.729850
8193,201706124872072,PRIN,34,53,400,1071,428400.00,2017-06-12 04:08:00.720720
8194,201706124872056,PRIN,22,35,250,1072,268000.00,2017-06-12 04:08:00.720560
8195,201706124871651,PRIN,17,1,15,1070,16050.00,2017-06-12 04:08:00.716510
8196,201706124871496,PRIN,53,43,16,1075,17200.00,2017-06-12 04:08:00.714960
8197,201706124871422,PRIN,59,43,20,1075,21500.00,2017-06-12 04:08:00.714220
8198,201706124870567,PRIN,49,33,100,1080,108000.00,2017-06-12 04:08:00.705670
8199,201706124869924,PRIN,53,29,100,1075,107500.00,2017-06-12 04:08:00.699240
8200,201706124869925,PRIN,53,29,50,1075,53750.00,2017-06-12 04:08:00.699250
8201,201706124869755,PRIN,53,20,134,1079,144586.00,2017-06-12 04:08:00.697550
8202,201706124869764,PRIN,38,53,100,1082,108200.00,2017-06-12 04:08:00.697640
8203,201706124869765,PRIN,38,41,50,1082,54100.00,2017-06-12 04:08:00.697650
8204,201706124869766,PRIN,38,33,200,1082,216400.00,2017-06-12 04:08:00.697660
8205,201706124868948,PRIN,38,53,100,1061,106100.00,2017-06-12 04:08:00.689480
8206,201706124868928,PRIN,29,19,50,1050,52500.00,2017-06-12 04:08:00.689280
8207,201706124868815,PRIN,53,19,450,1050,472500.00,2017-06-12 04:08:00.688150
8208,201706124868720,PRIN,48,6,28,1048,29344.00,2017-06-12 04:08:00.687200
8209,201706124868721,PRIN,48,48,100,1050,105000.00,2017-06-12 04:08:00.687210
8210,201706124868356,PRIN,54,19,133,1041,138453.00,2017-06-12 04:08:00.683560
8211,201706124868338,PRIN,11,19,100,1041,104100.00,2017-06-12 04:08:00.683380
8212,201706124868308,PRIN,20,19,200,1041,208200.00,2017-06-12 04:08:00.683080
8213,201706124868293,PRIN,53,19,67,1041,69747.00,2017-06-12 04:08:00.682930
8214,201706124868251,PRIN,53,36,433,1041,450753.00,2017-06-12 04:08:00.682510
8215,201706124868113,PRIN,10,26,100,1050,105000.00,2017-06-12 04:08:00.681130
8216,201706124868126,PRIN,46,53,100,1053,105300.00,2017-06-12 04:08:00.681260
8217,201706124868024,PRIN,45,1,10,1039,10390.00,2017-06-12 04:08:00.680240
8218,201706124868025,PRIN,38,1,100,1038,103800.00,2017-06-12 04:08:00.680250
8219,201706124868026,PRIN,29,1,150,1037,155550.00,2017-06-12 04:08:00.680260
8220,201706124867937,PRIN,8,8,52,1036,53872.00,2017-06-12 04:08:00.679370
8221,201706124867736,PRIN,36,8,11,1033,11363.00,2017-06-12 04:08:00.677360
8222,201706124867693,PRIN,37,8,50,1054,52700.00,2017-06-12 04:08:00.676930
8223,201706124867694,PRIN,22,8,50,1033,51650.00,2017-06-12 04:08:00.676940
8224,201706124867695,PRIN,22,8,100,1033,103300.00,2017-06-12 04:08:00.676950
8225,201706124867639,PRIN,22,42,50,1054,52700.00,2017-06-12 04:08:00.676390
8226,201706114867133,PRIN,1,22,50,1077,53850.00,2017-06-11 04:08:00.671330
8227,201706114867134,PRIN,58,22,500,1076,538000.00,2017-06-11 04:08:00.671340
8228,201706114867181,PRIN,37,22,200,1075,215000.00,2017-06-11 04:08:00.671810
8229,201706114867182,PRIN,37,22,100,1075,107500.00,2017-06-11 04:08:00.671820
8230,201706114867183,PRIN,55,22,150,1075,161250.00,2017-06-11 04:08:00.671830
8231,201706114866992,PRIN,41,22,50,1080,54000.00,2017-06-11 04:08:00.669920
8232,201706114866814,PRIN,20,14,50,1085,54250.00,2017-06-11 04:08:00.668140
8233,201706114866815,PRIN,22,14,50,1085,54250.00,2017-06-11 04:08:00.668150
8234,201706114866816,PRIN,47,14,150,1081,162150.00,2017-06-11 04:08:00.668160
8235,201706114866817,PRIN,45,14,100,1081,108100.00,2017-06-11 04:08:00.668170
8236,201706114866818,PRIN,48,14,27,1080,29160.00,2017-06-11 04:08:00.668180
8237,201706114866819,PRIN,41,14,50,1080,54000.00,2017-06-11 04:08:00.668190
8238,201706114866820,PRIN,49,14,50,1080,54000.00,2017-06-11 04:08:00.668200
8239,201706114866821,PRIN,44,14,100,1080,108000.00,2017-06-11 04:08:00.668210
8240,201706114866822,PRIN,48,14,100,1080,108000.00,2017-06-11 04:08:00.668220
8241,201706114866518,PRIN,41,37,100,1090,109000.00,2017-06-11 04:08:00.665180
8242,201706114866200,PRIN,19,58,100,1095,109500.00,2017-06-11 04:08:00.662000
8243,201706114865899,PRIN,41,16,46,1085,49910.00,2017-06-11 04:08:00.658990
8244,201706114865058,PRIN,1,16,34,1086,36924.00,2017-06-11 04:08:00.650580
8245,201706114865059,PRIN,37,16,20,1085,21700.00,2017-06-11 04:08:00.650590
8246,201706114865060,PRIN,48,16,200,1085,217000.00,2017-06-11 04:08:00.650600
8247,201706114865075,PRIN,48,18,73,1080,78840.00,2017-06-11 04:08:00.650750
8248,201706114864788,PRIN,1,17,16,1086,17376.00,2017-06-11 04:08:00.647880
8249,201706114864600,PRIN,41,47,209,1090,227810.00,2017-06-11 04:08:00.646000
8250,201706114864572,PRIN,6,46,1000,1091,1091000.00,2017-06-11 04:08:00.645720
8251,201706114864573,PRIN,53,46,50,1090,54500.00,2017-06-11 04:08:00.645730
8252,201706114864574,PRIN,53,46,50,1090,54500.00,2017-06-11 04:08:00.645740
8253,201706114864575,PRIN,41,46,41,1090,44690.00,2017-06-11 04:08:00.645750
8254,201706114864276,PRIN,59,48,50,1092,54600.00,2017-06-11 04:08:00.642760
8255,201706114863708,PRIN,41,46,60,1100,66000.00,2017-06-11 04:08:00.637080
8256,201706114863476,PRIN,53,36,620,1100,682000.00,2017-06-11 04:08:00.634760
8257,201706114863385,PRIN,41,53,40,1100,44000.00,2017-06-11 04:08:00.633850
8258,201706114863328,PRIN,41,53,25,1100,27500.00,2017-06-11 04:08:00.633280
8259,201706114863035,PRIN,47,29,25,1105,27625.00,2017-06-11 04:08:00.630350
8260,201706114862625,PRIN,55,36,50,1090,54500.00,2017-06-11 04:08:00.626250
8261,201706114862605,PRIN,55,36,200,1091,218200.00,2017-06-11 04:08:00.626050
8262,201706114862606,PRIN,37,36,20,1090,21800.00,2017-06-11 04:08:00.626060
8263,201706114862607,PRIN,45,36,97,1090,105730.00,2017-06-11 04:08:00.626070
8264,201706114862182,PRIN,33,46,10,1092,10920.00,2017-06-11 04:08:00.621820
8265,201706114862183,PRIN,44,46,300,1092,327600.00,2017-06-11 04:08:00.621830
8266,201706114862184,PRIN,1,46,100,1091,109100.00,2017-06-11 04:08:00.621840
8267,201706114862185,PRIN,41,46,100,1091,109100.00,2017-06-11 04:08:00.621850
8268,201706114861984,PRIN,41,14,75,1100,82500.00,2017-06-11 04:08:00.619840
8269,201706114861668,PRIN,36,36,117,1092,127764.00,2017-06-11 04:08:00.616680
8270,201706114861058,PRIN,41,21,25,1100,27500.00,2017-06-11 04:08:00.610580
8271,201706114861059,PRIN,11,21,50,1100,55000.00,2017-06-11 04:08:00.610590
8272,201706114861060,PRIN,37,21,80,1090,87200.00,2017-06-11 04:08:00.610600
8273,201706114860610,PRIN,53,53,250,1100,275000.00,2017-06-11 04:08:00.606100
8274,201706084860273,PRIN,22,57,200,1106,221200.00,2017-06-08 04:08:00.602730
8275,201706084860282,PRIN,22,38,117,1109,129753.00,2017-06-08 04:08:00.602820
8276,201706084859520,PRIN,41,49,100,1110,111000.00,2017-06-08 04:08:00.595200
8277,201706084859090,PRIN,53,42,50,1112,55600.00,2017-06-08 04:08:00.590900
8278,201706084858943,PRIN,45,42,50,1112,55600.00,2017-06-08 04:08:00.589430
8279,201706084858656,PRIN,53,41,300,1112,333600.00,2017-06-08 04:08:00.586560
8280,201706084858657,PRIN,53,52,100,1114,111400.00,2017-06-08 04:08:00.586570
8281,201706084858658,PRIN,53,34,500,1115,557500.00,2017-06-08 04:08:00.586580
8282,201706084858605,PRIN,47,17,35,1111,38885.00,2017-06-08 04:08:00.586050
8283,201706084858481,PRIN,38,17,40,1112,44480.00,2017-06-08 04:08:00.584810
8284,201706084858051,PRIN,53,17,50,1112,55600.00,2017-06-08 04:08:00.580510
8285,201706084857933,PRIN,33,58,250,1110,277500.00,2017-06-08 04:08:00.579330
8286,201706084857158,PRIN,48,25,50,1100,55000.00,2017-06-08 04:08:00.571580
8287,201706084857048,PRIN,37,41,50,1101,55050.00,2017-06-08 04:08:00.570480
8288,201706084857049,PRIN,37,41,50,1100,55000.00,2017-06-08 04:08:00.570490
8289,201706084856683,PRIN,45,42,50,1100,55000.00,2017-06-08 04:08:00.566830
8290,201706084856684,PRIN,29,42,130,1100,143000.00,2017-06-08 04:08:00.566840
8291,201706084856685,PRIN,54,42,100,1100,110000.00,2017-06-08 04:08:00.566850
8292,201706084856686,PRIN,37,42,20,1100,22000.00,2017-06-08 04:08:00.566860
8293,201706084856656,PRIN,29,26,70,1100,77000.00,2017-06-08 04:08:00.566560
8294,201706084855890,PRIN,45,25,50,1100,55000.00,2017-06-08 04:08:00.558900
8295,201706084855814,PRIN,55,53,200,1110,222000.00,2017-06-08 04:08:00.558140
8296,201706084855564,PRIN,29,8,49,1100,53900.00,2017-06-08 04:08:00.555640
8297,201706084855492,PRIN,41,8,25,1100,27500.00,2017-06-08 04:08:00.554920
8298,201706084855484,PRIN,41,8,26,1100,28600.00,2017-06-08 04:08:00.554840
8299,201706084855461,PRIN,48,8,500,1100,550000.00,2017-06-08 04:08:00.554610
8300,201706084855099,PRIN,41,51,200,1100,220000.00,2017-06-08 04:08:00.550990
8301,201706074854792,PRIN,55,59,40,1112,44480.00,2017-06-07 04:08:00.547920
8302,201706074854404,PRIN,49,49,2000,1112,2224000.00,2017-06-07 04:08:00.544040
8303,201706074854291,PRIN,22,59,150,1108,166200.00,2017-06-07 04:08:00.542910
8304,201706074854237,PRIN,22,37,50,1108,55400.00,2017-06-07 04:08:00.542370
8305,201706074853528,PRIN,22,35,200,1109,221800.00,2017-06-07 04:08:00.535280
8306,201706074853529,PRIN,1,35,50,1109,55450.00,2017-06-07 04:08:00.535290
8307,201706074853530,PRIN,17,35,100,1109,110900.00,2017-06-07 04:08:00.535300
8308,201706074853531,PRIN,41,35,100,1108,110800.00,2017-06-07 04:08:00.535310
8309,201706074853532,PRIN,38,35,500,1108,554000.00,2017-06-07 04:08:00.535320
8310,201706074853533,PRIN,22,35,50,1108,55400.00,2017-06-07 04:08:00.535330
8311,201706074850702,PRIN,45,38,10,1122,11220.00,2017-06-07 04:08:00.507020
8312,201706074850703,PRIN,55,38,100,1121,112100.00,2017-06-07 04:08:00.507030
8313,201706074850704,PRIN,8,38,100,1120,112000.00,2017-06-07 04:08:00.507040
8314,201706074850705,PRIN,53,38,50,1120,56000.00,2017-06-07 04:08:00.507050
8315,201706074849623,PRIN,55,35,45,1138,51210.00,2017-06-07 04:08:00.496230
8316,201706074849512,PRIN,41,17,100,1130,113000.00,2017-06-07 04:08:00.495120
8317,201706074849054,PRIN,55,17,50,1122,56100.00,2017-06-07 04:08:00.490540
8318,201706074849055,PRIN,55,16,15,1125,16875.00,2017-06-07 04:08:00.490550
8319,201706074847627,PRIN,42,53,60,1130,67800.00,2017-06-07 04:08:00.476270
8320,201706074847628,PRIN,33,53,300,1125,337500.00,2017-06-07 04:08:00.476280
8321,201706074847629,PRIN,41,53,100,1120,112000.00,2017-06-07 04:08:00.476290
8322,201706074847630,PRIN,48,53,40,1120,44800.00,2017-06-07 04:08:00.476300
8323,201706074847647,PRIN,48,53,160,1120,179200.00,2017-06-07 04:08:00.476470
8324,201706064846840,PRIN,34,49,300,1125,337500.00,2017-06-06 04:08:00.468400
8325,201706064846589,PRIN,59,49,500,1125,562500.00,2017-06-06 04:08:00.465890
8326,201706064846341,PRIN,50,49,100,1125,112500.00,2017-06-06 04:08:00.463410
8327,201706064845929,PRIN,52,6,117,1120,131040.00,2017-06-06 04:08:00.459290
8328,201706064845935,PRIN,52,6,100,1125,112500.00,2017-06-06 04:08:00.459350
8329,201706064845855,PRIN,45,49,1300,1119,1454700.00,2017-06-06 04:08:00.458550
8330,201706064845800,PRIN,34,49,200,1119,223800.00,2017-06-06 04:08:00.458000
8331,201706064845471,PRIN,45,44,121,1120,135520.00,2017-06-06 04:08:00.454710
8332,201706064845200,PRIN,45,41,100,1116,111600.00,2017-06-06 04:08:00.452000
8333,201706064845201,PRIN,45,16,100,1118,111800.00,2017-06-06 04:08:00.452010
8334,201706064845202,PRIN,45,32,50,1119,55950.00,2017-06-06 04:08:00.452020
8335,201706064845203,PRIN,45,44,250,1120,280000.00,2017-06-06 04:08:00.452030
8336,201706064845140,PRIN,55,50,43,1115,47945.00,2017-06-06 04:08:00.451400
8337,201706064845141,PRIN,55,42,200,1115,223000.00,2017-06-06 04:08:00.451410
8338,201706064844631,PRIN,53,19,200,1114,222800.00,2017-06-06 04:08:00.446310
8339,201706064844387,PRIN,49,57,200,1113,222600.00,2017-06-06 04:08:00.443870
8340,201706064844331,PRIN,22,14,155,1111,172205.00,2017-06-06 04:08:00.443310
8341,201706064844189,PRIN,43,14,50,1111,55550.00,2017-06-06 04:08:00.441890
8342,201706064844134,PRIN,34,28,97,1110,107670.00,2017-06-06 04:08:00.441340
8343,201706064844088,PRIN,29,28,12,1110,13320.00,2017-06-06 04:08:00.440880
8344,201706064844061,PRIN,34,14,200,1111,222200.00,2017-06-06 04:08:00.440610
8345,201706064844062,PRIN,29,28,118,1110,130980.00,2017-06-06 04:08:00.440620
8346,201706064843923,PRIN,43,14,50,1111,55550.00,2017-06-06 04:08:00.439230
8347,201706064843818,PRIN,43,14,100,1111,111100.00,2017-06-06 04:08:00.438180
8348,201706064843576,PRIN,22,14,200,1111,222200.00,2017-06-06 04:08:00.435760
8349,201706064843531,PRIN,20,14,100,1111,111100.00,2017-06-06 04:08:00.435310
8350,201706064843487,PRIN,21,38,100,1110,111000.00,2017-06-06 04:08:00.434870
8351,201706064843142,PRIN,21,14,20,1105,22100.00,2017-06-06 04:08:00.431420
8352,201706064843143,PRIN,4,14,300,1104,331200.00,2017-06-06 04:08:00.431430
8353,201706064843144,PRIN,41,14,50,1103,55150.00,2017-06-06 04:08:00.431440
8354,201706064843145,PRIN,29,14,100,1103,110300.00,2017-06-06 04:08:00.431450
8355,201706064843146,PRIN,26,14,100,1102,110200.00,2017-06-06 04:08:00.431460
8356,201706064843147,PRIN,38,14,100,1101,110100.00,2017-06-06 04:08:00.431470
8357,201706064843148,PRIN,26,14,30,1100,33000.00,2017-06-06 04:08:00.431480
8358,201706064843149,PRIN,41,14,100,1100,110000.00,2017-06-06 04:08:00.431490
8359,201706064843150,PRIN,54,14,100,1100,110000.00,2017-06-06 04:08:00.431500
8360,201706064842552,PRIN,40,42,50,1105,55250.00,2017-06-06 04:08:00.425520
8361,201706064842431,PRIN,1,33,50,1110,55500.00,2017-06-06 04:08:00.424310
8362,201706064841721,PRIN,48,53,30,1100,33000.00,2017-06-06 04:08:00.417210
8363,201706064841722,PRIN,41,53,50,1100,55000.00,2017-06-06 04:08:00.417220
8364,201706064841723,PRIN,36,53,100,1100,110000.00,2017-06-06 04:08:00.417230
8365,201706064841724,PRIN,41,53,100,1100,110000.00,2017-06-06 04:08:00.417240
8366,201706064841725,PRIN,26,53,170,1100,187000.00,2017-06-06 04:08:00.417250
8367,201706064841395,PRIN,20,53,100,1101,110100.00,2017-06-06 04:08:00.413950
8368,201706064840482,PRIN,53,53,50,1100,55000.00,2017-06-06 04:08:00.404820
8369,201706064840263,PRIN,11,47,50,1100,55000.00,2017-06-06 04:08:00.402630
8370,201706064840264,PRIN,49,47,50,1100,55000.00,2017-06-06 04:08:00.402640
8371,201706064840265,PRIN,41,47,100,1100,110000.00,2017-06-06 04:08:00.402650
8372,201706064839750,PRIN,39,44,100,1120,112000.00,2017-06-06 04:08:00.397500
8373,201706054838873,PRIN,18,28,140,1100,154000.00,2017-06-05 04:08:00.388730
8374,201706054838833,PRIN,36,28,50,1100,55000.00,2017-06-05 04:08:00.388330
8375,201706054838863,PRIN,36,28,100,1100,110000.00,2017-06-05 04:08:00.388630
8376,201706054838801,PRIN,53,28,110,1100,121000.00,2017-06-05 04:08:00.388010
8377,201706054838709,PRIN,57,28,100,1100,110000.00,2017-06-05 04:08:00.387090
8378,201706054838576,PRIN,38,28,200,1100,220000.00,2017-06-05 04:08:00.385760
8379,201706054838577,PRIN,35,28,200,1100,220000.00,2017-06-05 04:08:00.385770
8380,201706054838543,PRIN,17,28,100,1103,110300.00,2017-06-05 04:08:00.385430
8381,201706054838463,PRIN,41,17,50,1101,55050.00,2017-06-05 04:08:00.384630
8382,201706054838344,PRIN,41,1,50,1101,55050.00,2017-06-05 04:08:00.383440
8383,201706054837900,PRIN,16,5,94,1104,103776.00,2017-06-05 04:08:00.379000
8384,201706054837907,PRIN,33,28,200,1105,221000.00,2017-06-05 04:08:00.379070
8385,201706054837908,PRIN,33,44,150,1106,165900.00,2017-06-05 04:08:00.379080
8386,201706054837531,PRIN,32,28,27,1099,29673.00,2017-06-05 04:08:00.375310
8387,201706054837517,PRIN,37,14,100,1100,110000.00,2017-06-05 04:08:00.375170
8388,201706054837524,PRIN,32,28,100,1099,109900.00,2017-06-05 04:08:00.375240
8389,201706054837359,PRIN,45,28,60,1100,66000.00,2017-06-05 04:08:00.373590
8390,201706054837249,PRIN,45,41,100,1100,110000.00,2017-06-05 04:08:00.372490
8391,201706054837212,PRIN,48,50,25,1100,27500.00,2017-06-05 04:08:00.372120
8392,201706054837111,PRIN,28,28,75,1100,82500.00,2017-06-05 04:08:00.371110
8393,201706054837072,PRIN,10,32,100,1100,110000.00,2017-06-05 04:08:00.370720
8394,201706054837010,PRIN,58,32,100,1100,110000.00,2017-06-05 04:08:00.370100
8395,201706054836729,PRIN,33,28,10,1105,11050.00,2017-06-05 04:08:00.367290
8396,201706054836730,PRIN,32,28,27,1100,29700.00,2017-06-05 04:08:00.367300
8397,201706054836731,PRIN,45,28,60,1100,66000.00,2017-06-05 04:08:00.367310
8398,201706054836732,PRIN,32,28,100,1100,110000.00,2017-06-05 04:08:00.367320
8399,201706054836742,PRIN,28,28,75,1100,82500.00,2017-06-05 04:08:00.367420
8400,201706054836486,PRIN,33,56,90,1105,99450.00,2017-06-05 04:08:00.364860
8401,201706054836439,PRIN,22,44,100,1106,110600.00,2017-06-05 04:08:00.364390
8402,201706054836440,PRIN,17,44,50,1106,55300.00,2017-06-05 04:08:00.364400
8403,201706054836094,PRIN,20,45,40,1110,44400.00,2017-06-05 04:08:00.360940
8404,201706054834444,PRIN,33,37,15,1114,16710.00,2017-06-05 04:08:00.344440
8405,201706054834445,PRIN,33,28,100,1115,111500.00,2017-06-05 04:08:00.344450
8406,201706054834446,PRIN,33,37,200,1119,223800.00,2017-06-05 04:08:00.344460
8407,201706054834447,PRIN,33,41,100,1120,112000.00,2017-06-05 04:08:00.344470
8408,201706054834448,PRIN,33,22,100,1120,112000.00,2017-06-05 04:08:00.344480
8409,201706054834449,PRIN,33,28,37,1122,41514.00,2017-06-05 04:08:00.344490
8410,201706054834450,PRIN,33,56,100,1122,112200.00,2017-06-05 04:08:00.344500
8411,201706054833995,PRIN,53,28,100,1100,110000.00,2017-06-05 04:08:00.339950
8412,201706054833594,PRIN,44,41,50,1100,55000.00,2017-06-05 04:08:00.335940
8413,201706054833301,PRIN,53,26,200,1100,220000.00,2017-06-05 04:08:00.333010
8414,201706044832501,PRIN,41,28,75,1097,82275.00,2017-06-04 04:08:00.325010
8415,201706044832502,PRIN,39,28,50,1097,54850.00,2017-06-04 04:08:00.325020
8416,201706044832503,PRIN,1,28,75,1094,82050.00,2017-06-04 04:08:00.325030
8417,201706044832350,PRIN,22,48,100,1098,109800.00,2017-06-04 04:08:00.323500
8418,201706044832351,PRIN,41,48,25,1097,27425.00,2017-06-04 04:08:00.323510
8419,201706044831879,PRIN,35,48,100,1105,110500.00,2017-06-04 04:08:00.318790
8420,201706044831813,PRIN,39,48,30,1100,33000.00,2017-06-04 04:08:00.318130
8421,201706044831814,PRIN,41,48,100,1100,110000.00,2017-06-04 04:08:00.318140
8422,201706044831578,PRIN,21,48,10,1100,11000.00,2017-06-04 04:08:00.315780
8423,201706044831579,PRIN,13,48,200,1100,220000.00,2017-06-04 04:08:00.315790
8424,201706044831580,PRIN,32,48,20,1100,22000.00,2017-06-04 04:08:00.315800
8425,201706044831509,PRIN,37,1,10,1100,11000.00,2017-06-04 04:08:00.315090
8426,201706044831510,PRIN,21,1,190,1100,209000.00,2017-06-04 04:08:00.315100
8427,201706044831444,PRIN,37,57,366,1100,402600.00,2017-06-04 04:08:00.314440
8428,201706044831386,PRIN,16,38,100,1100,110000.00,2017-06-04 04:08:00.313860
8429,201706044831398,PRIN,37,38,24,1100,26400.00,2017-06-04 04:08:00.313980
8430,201706044831321,PRIN,38,38,150,1100,165000.00,2017-06-04 04:08:00.313210
8431,201706044831289,PRIN,41,38,26,1101,28626.00,2017-06-04 04:08:00.312890
8432,201706044831290,PRIN,53,38,200,1100,220000.00,2017-06-04 04:08:00.312900
8433,201706044831291,PRIN,18,38,100,1100,110000.00,2017-06-04 04:08:00.312910
8434,201706044831256,PRIN,41,38,24,1101,26424.00,2017-06-04 04:08:00.312560
8435,201706044830981,PRIN,35,37,113,1105,124865.00,2017-06-04 04:08:00.309810
8436,201706044830926,PRIN,49,17,200,1105,221000.00,2017-06-04 04:08:00.309260
8437,201706044830854,PRIN,22,17,200,1105,221000.00,2017-06-04 04:08:00.308540
8438,201706044830412,PRIN,20,38,134,1100,147400.00,2017-06-04 04:08:00.304120
8439,201706044829916,PRIN,38,38,200,1100,220000.00,2017-06-04 04:08:00.299160
8440,201706044829044,PRIN,36,38,250,1100,275000.00,2017-06-04 04:08:00.290440
8441,201706044829045,PRIN,50,38,300,1100,330000.00,2017-06-04 04:08:00.290450
8442,201706044828971,PRIN,36,29,50,1100,55000.00,2017-06-04 04:08:00.289710
8443,201706044828277,PRIN,17,38,200,1100,220000.00,2017-06-04 04:08:00.282770
8444,201706044827470,PRIN,41,49,26,1110,28860.00,2017-06-04 04:08:00.274700
8445,201706044827471,PRIN,41,49,25,1110,27750.00,2017-06-04 04:08:00.274710
8446,201706044826877,PRIN,20,17,100,1115,111500.00,2017-06-04 04:08:00.268770
8447,201706044826884,PRIN,22,17,41,1110,45510.00,2017-06-04 04:08:00.268840
8448,201706044826885,PRIN,41,17,59,1110,65490.00,2017-06-04 04:08:00.268850
8449,201706044826416,PRIN,41,19,300,1110,333000.00,2017-06-04 04:08:00.264160
8450,201706044826089,PRIN,41,22,41,1111,45551.00,2017-06-04 04:08:00.260890
8451,201706044826090,PRIN,22,22,59,1110,65490.00,2017-06-04 04:08:00.260900
8452,201706044825923,PRIN,41,44,115,1110,127650.00,2017-06-04 04:08:00.259230
8453,201706014825666,PRIN,22,38,100,1111,111100.00,2017-06-01 04:08:00.256660
8454,201706014825667,PRIN,5,38,200,1110,222000.00,2017-06-01 04:08:00.256670
8455,201706014825350,PRIN,41,38,150,1124,168600.00,2017-06-01 04:08:00.253500
8456,201706014824774,PRIN,33,38,100,1115,111500.00,2017-06-01 04:08:00.247740
8457,201706014824775,PRIN,22,38,239,1115,266485.00,2017-06-01 04:08:00.247750
8458,201706014824743,PRIN,33,28,100,1115,111500.00,2017-06-01 04:08:00.247430
8459,201706014824611,PRIN,20,38,100,1120,112000.00,2017-06-01 04:08:00.246110
8460,201706014824338,PRIN,42,38,10,1120,11200.00,2017-06-01 04:08:00.243380
8461,201706014824299,PRIN,21,38,100,1116,111600.00,2017-06-01 04:08:00.242990
8462,201706014824300,PRIN,49,38,100,1115,111500.00,2017-06-01 04:08:00.243000
8463,201706014824301,PRIN,32,38,50,1111,55550.00,2017-06-01 04:08:00.243010
8464,201706014824302,PRIN,22,38,200,1111,222200.00,2017-06-01 04:08:00.243020
8465,201706014824303,PRIN,48,38,400,1110,444000.00,2017-06-01 04:08:00.243030
8466,201706014824304,PRIN,44,38,20,1110,22200.00,2017-06-01 04:08:00.243040
8467,201706014824267,PRIN,35,20,30,1117,33510.00,2017-06-01 04:08:00.242670
8468,201706014823857,PRIN,41,38,100,1120,112000.00,2017-06-01 04:08:00.238570
8469,201706014823831,PRIN,43,38,20,1120,22400.00,2017-06-01 04:08:00.238310
8470,201706014823758,PRIN,21,16,100,1116,111600.00,2017-06-01 04:08:00.237580
8471,201706014823719,PRIN,29,38,200,1120,224000.00,2017-06-01 04:08:00.237190
8472,201706014823680,PRIN,26,38,150,1120,168000.00,2017-06-01 04:08:00.236800
8473,201706014823372,PRIN,18,38,25,1120,28000.00,2017-06-01 04:08:00.233720
8474,201706014823297,PRIN,41,38,100,1118,111800.00,2017-06-01 04:08:00.232970
8475,201706014823243,PRIN,26,34,100,1118,111800.00,2017-06-01 04:08:00.232430
8476,201706014823135,PRIN,53,37,100,1115,111500.00,2017-06-01 04:08:00.231350
8477,201706014823126,PRIN,22,22,211,1111,234421.00,2017-06-01 04:08:00.231260
8478,201706014821862,PRIN,22,38,200,1110,222000.00,2017-06-01 04:08:00.218620
8479,201706014821872,PRIN,17,38,300,1100,330000.00,2017-06-01 04:08:00.218720
8480,201706014821816,PRIN,34,22,10,1114,11140.00,2017-06-01 04:08:00.218160
8481,201706014821817,PRIN,58,22,30,1113,33390.00,2017-06-01 04:08:00.218170
8482,201706014821818,PRIN,46,22,100,1113,111300.00,2017-06-01 04:08:00.218180
8483,201706014821730,PRIN,20,20,800,1123,898400.00,2017-06-01 04:08:00.217300
8484,201706014820212,PRIN,41,44,31,1130,35030.00,2017-06-01 04:08:00.202120
8485,201706014819444,PRIN,6,6,30,1135,34050.00,2017-06-01 04:08:00.194440
8486,201705314819369,PRIN,35,6,100,1125,112500.00,2017-05-31 04:08:00.193690
8487,201705314818850,PRIN,6,45,10,1140,11400.00,2017-05-31 04:08:00.188500
8488,201705314818851,PRIN,6,53,100,1144,114400.00,2017-05-31 04:08:00.188510
8489,201705314818852,PRIN,6,38,90,1144,102960.00,2017-05-31 04:08:00.188520
8490,201705314818803,PRIN,28,37,100,1138,113800.00,2017-05-31 04:08:00.188030
8491,201705314818166,PRIN,16,49,23,1122,25806.00,2017-05-31 04:08:00.181660
8492,201705314818079,PRIN,49,49,8800,1100,9680000.00,2017-05-31 04:08:00.180790
8493,201705314817952,PRIN,45,38,100,1122,112200.00,2017-05-31 04:08:00.179520
8494,201705314817953,PRIN,45,45,10,1122,11220.00,2017-05-31 04:08:00.179530
8495,201705314817138,PRIN,45,22,50,1100,55000.00,2017-05-31 04:08:00.171380
8496,201705314817139,PRIN,45,53,50,1100,55000.00,2017-05-31 04:08:00.171390
8497,201705314817166,PRIN,20,53,100,1100,110000.00,2017-05-31 04:08:00.171660
8498,201705314817167,PRIN,52,53,50,1100,55000.00,2017-05-31 04:08:00.171670
8499,201705314817168,PRIN,52,32,50,1100,55000.00,2017-05-31 04:08:00.171680
8500,201705314817056,PRIN,49,22,50,1100,55000.00,2017-05-31 04:08:00.170560
8501,201705314817064,PRIN,21,22,100,1100,110000.00,2017-05-31 04:08:00.170640
8502,201705314817079,PRIN,37,22,200,1100,220000.00,2017-05-31 04:08:00.170790
8503,201705314816953,PRIN,13,22,500,1100,550000.00,2017-05-31 04:08:00.169530
8504,201705314816273,PRIN,21,22,100,1100,110000.00,2017-05-31 04:08:00.162730
8505,201705314816171,PRIN,14,56,100,1095,109500.00,2017-05-31 04:08:00.161710
8506,201705314816161,PRIN,16,1,13,1094,14222.00,2017-05-31 04:08:00.161610
8507,201705314816162,PRIN,16,17,100,1094,109400.00,2017-05-31 04:08:00.161620
8508,201705314815897,PRIN,41,41,200,1090,218000.00,2017-05-31 04:08:00.158970
8509,201705314815564,PRIN,53,38,100,1088,108800.00,2017-05-31 04:08:00.155640
8510,201705314815521,PRIN,41,25,48,1085,52080.00,2017-05-31 04:08:00.155210
8511,201705314814922,PRIN,37,25,100,1085,108500.00,2017-05-31 04:08:00.149220
8512,201705314813982,PRIN,21,38,150,1075,161250.00,2017-05-31 04:08:00.139820
8513,201705314813983,PRIN,37,38,100,1070,107000.00,2017-05-31 04:08:00.139830
8514,201705314813919,PRIN,36,17,50,1080,54000.00,2017-05-31 04:08:00.139190
8515,201705314813920,PRIN,22,17,100,1078,107800.00,2017-05-31 04:08:00.139200
8516,201705314813878,PRIN,1,7,50,1080,54000.00,2017-05-31 04:08:00.138780
8517,201705314813844,PRIN,22,7,100,1080,108000.00,2017-05-31 04:08:00.138440
8518,201705314813852,PRIN,22,7,100,1080,108000.00,2017-05-31 04:08:00.138520
8519,201705314813857,PRIN,22,7,100,1080,108000.00,2017-05-31 04:08:00.138570
8520,201705314813762,PRIN,37,7,200,1080,216000.00,2017-05-31 04:08:00.137620
8521,201705314813644,PRIN,45,41,100,1080,108000.00,2017-05-31 04:08:00.136440
8522,201705314813311,PRIN,21,38,150,1085,162750.00,2017-05-31 04:08:00.133110
8523,201705314813294,PRIN,21,20,100,1085,108500.00,2017-05-31 04:08:00.132940
8524,201705304812602,PRIN,41,22,20,1100,22000.00,2017-05-30 04:08:00.126020
8525,201705304812603,PRIN,41,45,30,1100,33000.00,2017-05-30 04:08:00.126030
8526,201705304812604,PRIN,41,53,35,1100,38500.00,2017-05-30 04:08:00.126040
8527,201705304812517,PRIN,53,29,200,1096,219200.00,2017-05-30 04:08:00.125170
8528,201705304812446,PRIN,53,22,200,1100,220000.00,2017-05-30 04:08:00.124460
8529,201705304812241,PRIN,32,22,30,1100,33000.00,2017-05-30 04:08:00.122410
8530,201705304812177,PRIN,50,22,100,1100,110000.00,2017-05-30 04:08:00.121770
8531,201705304811805,PRIN,59,22,100,1100,110000.00,2017-05-30 04:08:00.118050
8532,201705304811753,PRIN,22,22,200,1100,220000.00,2017-05-30 04:08:00.117530
8533,201705304811760,PRIN,22,22,100,1100,110000.00,2017-05-30 04:08:00.117600
8534,201705304811762,PRIN,22,22,200,1100,220000.00,2017-05-30 04:08:00.117620
8535,201705304811638,PRIN,22,22,50,1100,55000.00,2017-05-30 04:08:00.116380
8536,201705304811577,PRIN,41,22,20,1100,22000.00,2017-05-30 04:08:00.115770
8537,201705304811097,PRIN,41,25,30,1100,33000.00,2017-05-30 04:08:00.110970
8538,201705304810732,PRIN,41,39,83,1100,91300.00,2017-05-30 04:08:00.107320
8539,201705304810212,PRIN,35,38,10,1100,11000.00,2017-05-30 04:08:00.102120
8540,201705304809369,PRIN,41,51,150,1088,163200.00,2017-05-30 04:08:00.093690
8541,201705304809341,PRIN,38,22,30,1105,33150.00,2017-05-30 04:08:00.093410
8542,201705304809342,PRIN,6,22,50,1102,55100.00,2017-05-30 04:08:00.093420
8543,201705304809343,PRIN,25,22,50,1101,55050.00,2017-05-30 04:08:00.093430
8544,201705304809344,PRIN,25,22,50,1101,55050.00,2017-05-30 04:08:00.093440
8545,201705304809345,PRIN,28,22,30,1100,33000.00,2017-05-30 04:08:00.093450
8546,201705304809346,PRIN,54,22,100,1100,110000.00,2017-05-30 04:08:00.093460
8547,201705304809347,PRIN,19,22,500,1100,550000.00,2017-05-30 04:08:00.093470
8548,201705304808980,PRIN,41,38,100,1105,110500.00,2017-05-30 04:08:00.089800
8549,201705304808981,PRIN,35,38,50,1105,55250.00,2017-05-30 04:08:00.089810
8550,201705304808982,PRIN,10,38,100,1105,110500.00,2017-05-30 04:08:00.089820
8551,201705304808138,PRIN,26,38,50,1110,55500.00,2017-05-30 04:08:00.081380
8552,201705304808139,PRIN,25,38,20,1110,22200.00,2017-05-30 04:08:00.081390
8553,201705304807272,PRIN,25,19,80,1110,88800.00,2017-05-30 04:08:00.072720
8554,201705304806855,PRIN,26,42,50,1110,55500.00,2017-05-30 04:08:00.068550
8555,201705304805834,PRIN,19,36,150,1114,167100.00,2017-05-30 04:08:00.058340
8556,201705284805661,PRIN,19,44,50,1114,55700.00,2017-05-28 04:08:00.056610
8557,201705284805275,PRIN,34,44,100,1114,111400.00,2017-05-28 04:08:00.052750
8558,201705284805214,PRIN,34,33,100,1114,111400.00,2017-05-28 04:08:00.052140
8559,201705284804379,PRIN,11,16,100,1108,110800.00,2017-05-28 04:08:00.043790
8560,201705284804384,PRIN,21,16,50,1108,55400.00,2017-05-28 04:08:00.043840
8561,201705284804368,PRIN,7,16,100,1108,110800.00,2017-05-28 04:08:00.043680
8562,201705284804307,PRIN,22,50,170,1110,188700.00,2017-05-28 04:08:00.043070
8563,201705284803992,PRIN,38,54,50,1110,55500.00,2017-05-28 04:08:00.039920
8564,201705284803959,PRIN,41,16,50,1114,55700.00,2017-05-28 04:08:00.039590
8565,201705284803930,PRIN,21,16,200,1110,222000.00,2017-05-28 04:08:00.039300
8566,201705284803768,PRIN,37,37,130,1106,143780.00,2017-05-28 04:08:00.037680
8567,201705284803772,PRIN,44,21,2,1102,2204.00,2017-05-28 04:08:00.037720
8568,201705284802969,PRIN,47,17,180,1108,199440.00,2017-05-28 04:08:00.029690
8569,201705284802970,PRIN,47,32,620,1110,688200.00,2017-05-28 04:08:00.029700
8570,201705284802691,PRIN,32,17,50,1108,55400.00,2017-05-28 04:08:00.026910
8571,201705284802528,PRIN,48,17,70,1104,77280.00,2017-05-28 04:08:00.025280
8572,201705284802529,PRIN,35,17,100,1103,110300.00,2017-05-28 04:08:00.025290
8573,201705284802530,PRIN,22,17,100,1103,110300.00,2017-05-28 04:08:00.025300
8574,201705284802531,PRIN,35,17,200,1103,220600.00,2017-05-28 04:08:00.025310
8575,201705284802144,PRIN,39,17,100,1108,110800.00,2017-05-28 04:08:00.021440
8576,201705284801794,PRIN,34,17,200,1104,220800.00,2017-05-28 04:08:00.017940
8577,201705284801561,PRIN,34,58,42,1102,46284.00,2017-05-28 04:08:00.015610
8578,201705284801462,PRIN,44,21,466,1102,513532.00,2017-05-28 04:08:00.014620
8579,201705284801480,PRIN,34,17,120,1102,132240.00,2017-05-28 04:08:00.014800
8580,201705284801439,PRIN,19,17,100,1105,110500.00,2017-05-28 04:08:00.014390
8581,201705284801440,PRIN,22,17,100,1105,110500.00,2017-05-28 04:08:00.014400
8582,201705284801441,PRIN,22,17,150,1105,165750.00,2017-05-28 04:08:00.014410
8583,201705284801442,PRIN,25,17,100,1104,110400.00,2017-05-28 04:08:00.014420
8584,201705284801443,PRIN,37,17,300,1104,331200.00,2017-05-28 04:08:00.014430
8585,201705284801444,PRIN,36,17,110,1103,121330.00,2017-05-28 04:08:00.014440
8586,201705284801445,PRIN,34,17,20,1103,22060.00,2017-05-28 04:08:00.014450
8587,201705284801446,PRIN,56,17,200,1103,220600.00,2017-05-28 04:08:00.014460
8588,201705284801385,PRIN,38,32,30,1111,33330.00,2017-05-28 04:08:00.013850
8589,201705284801386,PRIN,17,32,50,1111,55550.00,2017-05-28 04:08:00.013860
8590,201705284801387,PRIN,42,32,50,1110,55500.00,2017-05-28 04:08:00.013870
8591,201705284801209,PRIN,56,17,200,1111,222200.00,2017-05-28 04:08:00.012090
8592,201705284801213,PRIN,42,17,100,1115,111500.00,2017-05-28 04:08:00.012130
8593,201705284800516,PRIN,49,17,100,1125,112500.00,2017-05-28 04:08:00.005160
8594,201705284800008,PRIN,50,17,200,1120,224000.00,2017-05-28 04:08:00.000080
8595,201705284799499,PRIN,41,17,87,1110,96570.00,2017-05-28 04:07:00.994990
8596,201705284799218,PRIN,44,47,34,1102,37468.00,2017-05-28 04:07:00.992180
8597,201705284799183,PRIN,46,47,50,1103,55150.00,2017-05-28 04:07:00.991830
8598,201705284799184,PRIN,44,47,116,1102,127832.00,2017-05-28 04:07:00.991840
8599,201705284799185,PRIN,53,47,100,1102,110200.00,2017-05-28 04:07:00.991850
8600,201705284799142,PRIN,6,21,50,1103,55150.00,2017-05-28 04:07:00.991420
8601,201705284799143,PRIN,44,21,184,1102,202768.00,2017-05-28 04:07:00.991430
8602,201705284798720,PRIN,56,11,50,1105,55250.00,2017-05-28 04:07:00.987200
8603,201705284798367,PRIN,34,17,113,1108,125204.00,2017-05-28 04:07:00.983670
8604,201705284798349,PRIN,34,5,50,1108,55400.00,2017-05-28 04:07:00.983490
8605,201705244797707,PRIN,25,49,100,1130,113000.00,2017-05-24 04:07:00.977070
8606,201705244797708,PRIN,36,49,40,1130,45200.00,2017-05-24 04:07:00.977080
8607,201705244797499,PRIN,33,49,60,1135,68100.00,2017-05-24 04:07:00.974990
8608,201705244796938,PRIN,55,16,50,1140,57000.00,2017-05-24 04:07:00.969380
8609,201705244796907,PRIN,51,16,100,1140,114000.00,2017-05-24 04:07:00.969070
8610,201705244796574,PRIN,44,16,100,1140,114000.00,2017-05-24 04:07:00.965740
8611,201705244796150,PRIN,22,47,200,1135,227000.00,2017-05-24 04:07:00.961500
8612,201705244795970,PRIN,21,38,100,1134,113400.00,2017-05-24 04:07:00.959700
8613,201705244793607,PRIN,56,17,150,1121,168150.00,2017-05-24 04:07:00.936070
8614,201705244793608,PRIN,42,17,100,1120,112000.00,2017-05-24 04:07:00.936080
8615,201705244793609,PRIN,29,17,75,1120,84000.00,2017-05-24 04:07:00.936090
8616,201705234791359,PRIN,33,38,20,1134,22680.00,2017-05-23 04:07:00.913590
8617,201705234791291,PRIN,35,49,500,1130,565000.00,2017-05-23 04:07:00.912910
8618,201705234791242,PRIN,37,8,43,1123,48289.00,2017-05-23 04:07:00.912420
8619,201705234791162,PRIN,44,49,500,1125,562500.00,2017-05-23 04:07:00.911620
8620,201705234790730,PRIN,50,53,100,1125,112500.00,2017-05-23 04:07:00.907300
8621,201705234790731,PRIN,25,53,45,1120,50400.00,2017-05-23 04:07:00.907310
8622,201705234790732,PRIN,35,53,355,1120,397600.00,2017-05-23 04:07:00.907320
8623,201705234790748,PRIN,35,53,145,1120,162400.00,2017-05-23 04:07:00.907480
8624,201705234790749,PRIN,4,53,25,1120,28000.00,2017-05-23 04:07:00.907490
8625,201705234790750,PRIN,44,53,130,1120,145600.00,2017-05-23 04:07:00.907500
8626,201705234789919,PRIN,25,38,25,1125,28125.00,2017-05-23 04:07:00.899190
8627,201705234789920,PRIN,25,38,25,1125,28125.00,2017-05-23 04:07:00.899200
8628,201705234789334,PRIN,41,44,35,1126,39410.00,2017-05-23 04:07:00.893340
8629,201705234789335,PRIN,48,44,21,1125,23625.00,2017-05-23 04:07:00.893350
8630,201705234788349,PRIN,33,52,100,1126,112600.00,2017-05-23 04:07:00.883490
8631,201705234787868,PRIN,49,49,325,1134,368550.00,2017-05-23 04:07:00.878680
8632,201705234787586,PRIN,54,49,100,1130,113000.00,2017-05-23 04:07:00.875860
8633,201705234787587,PRIN,33,49,400,1126,450400.00,2017-05-23 04:07:00.875870
8634,201705234787493,PRIN,59,38,200,1130,226000.00,2017-05-23 04:07:00.874930
8635,201705234787503,PRIN,56,38,20,1131,22620.00,2017-05-23 04:07:00.875030
8636,201705234786612,PRIN,48,49,177,1130,200010.00,2017-05-23 04:07:00.866120
8637,201705234786613,PRIN,29,49,500,1130,565000.00,2017-05-23 04:07:00.866130
8638,201705234786614,PRIN,22,49,50,1128,56400.00,2017-05-23 04:07:00.866140
8639,201705234786615,PRIN,1,49,500,1128,564000.00,2017-05-23 04:07:00.866150
8640,201705234786616,PRIN,58,49,300,1125,337500.00,2017-05-23 04:07:00.866160
8641,201705234786617,PRIN,48,49,473,1125,532125.00,2017-05-23 04:07:00.866170
8642,201705234786526,PRIN,34,49,300,1135,340500.00,2017-05-23 04:07:00.865260
8643,201705234786475,PRIN,25,49,25,1140,28500.00,2017-05-23 04:07:00.864750
8644,201705234786357,PRIN,26,22,21,1142,23982.00,2017-05-23 04:07:00.863570
8645,201705234785922,PRIN,25,17,50,1144,57200.00,2017-05-23 04:07:00.859220
8646,201705234785686,PRIN,49,49,50,1145,57250.00,2017-05-23 04:07:00.856860
8647,201705234785447,PRIN,35,49,100,1141,114100.00,2017-05-23 04:07:00.854470
8648,201705234785448,PRIN,20,49,500,1140,570000.00,2017-05-23 04:07:00.854480
8649,201705234785477,PRIN,48,5,23,1130,25990.00,2017-05-23 04:07:00.854770
8650,201705234785272,PRIN,36,49,100,1155,115500.00,2017-05-23 04:07:00.852720
8651,201705234785225,PRIN,49,49,1000,1140,1140000.00,2017-05-23 04:07:00.852250
8652,201705234784732,PRIN,49,47,100,1135,113500.00,2017-05-23 04:07:00.847320
8653,201705234784733,PRIN,49,22,175,1140,199500.00,2017-05-23 04:07:00.847330
8654,201705234784734,PRIN,49,59,50,1140,57000.00,2017-05-23 04:07:00.847340
8655,201705234784248,PRIN,19,56,50,1119,55950.00,2017-05-23 04:07:00.842480
8656,201705234784249,PRIN,19,22,155,1120,173600.00,2017-05-23 04:07:00.842490
8657,201705234783846,PRIN,20,42,100,1103,110300.00,2017-05-23 04:07:00.838460
8658,201705234783808,PRIN,37,42,100,1103,110300.00,2017-05-23 04:07:00.838080
8659,201705234783643,PRIN,34,33,100,1102,110200.00,2017-05-23 04:07:00.836430
8660,201705224783336,PRIN,49,49,4700,1101,5174700.00,2017-05-22 04:07:00.833360
8661,201705224783344,PRIN,57,22,100,1115,111500.00,2017-05-22 04:07:00.833440
8662,201705224783361,PRIN,22,7,58,1112,64496.00,2017-05-22 04:07:00.833610
8663,201705224783270,PRIN,35,22,10,1115,11150.00,2017-05-22 04:07:00.832700
8664,201705224783230,PRIN,59,49,150,1112,166800.00,2017-05-22 04:07:00.832300
8665,201705224783238,PRIN,47,37,100,1112,111200.00,2017-05-22 04:07:00.832380
8666,201705224783268,PRIN,35,22,10,1115,11150.00,2017-05-22 04:07:00.832680
8667,201705224783118,PRIN,22,49,100,1112,111200.00,2017-05-22 04:07:00.831180
8668,201705224783126,PRIN,22,49,300,1112,333600.00,2017-05-22 04:07:00.831260
8669,201705224783151,PRIN,37,49,200,1112,222400.00,2017-05-22 04:07:00.831510
8670,201705224783082,PRIN,32,22,10,1115,11150.00,2017-05-22 04:07:00.830820
8671,201705224783086,PRIN,49,49,2100,1101,2312100.00,2017-05-22 04:07:00.830860
8672,201705224783100,PRIN,36,49,50,1114,55700.00,2017-05-22 04:07:00.831000
8673,201705224783101,PRIN,36,49,100,1114,111400.00,2017-05-22 04:07:00.831010
8674,201705224783011,PRIN,22,56,117,1114,130338.00,2017-05-22 04:07:00.830110
8675,201705224779917,PRIN,45,53,200,1115,223000.00,2017-05-22 04:07:00.799170
8676,201705224780027,PRIN,46,46,100,1105,110500.00,2017-05-22 04:07:00.800270
8677,201705224780054,PRIN,46,46,50,1105,55250.00,2017-05-22 04:07:00.800540
8678,201705224780098,PRIN,41,46,150,1101,165150.00,2017-05-22 04:07:00.800980
8679,201705224780119,PRIN,41,50,35,1101,38535.00,2017-05-22 04:07:00.801190
8680,201705224780519,PRIN,59,53,200,1115,223000.00,2017-05-22 04:07:00.805190
8681,201705224780674,PRIN,32,51,50,1115,55750.00,2017-05-22 04:07:00.806740
8682,201705224780872,PRIN,41,11,50,1115,55750.00,2017-05-22 04:07:00.808720
8683,201705224780873,PRIN,41,49,500,1118,559000.00,2017-05-22 04:07:00.808730
8684,201705224781009,PRIN,49,49,3000,1101,3303000.00,2017-05-22 04:07:00.810090
8685,201705224781204,PRIN,41,25,100,1118,111800.00,2017-05-22 04:07:00.812040
8686,201705224781217,PRIN,57,49,200,1119,223800.00,2017-05-22 04:07:00.812170
8687,201705224781619,PRIN,36,53,100,1115,111500.00,2017-05-22 04:07:00.816190
8688,201705224781681,PRIN,6,49,25,1112,27800.00,2017-05-22 04:07:00.816810
8689,201705224781682,PRIN,14,49,100,1111,111100.00,2017-05-22 04:07:00.816820
8690,201705224781683,PRIN,36,49,50,1110,55500.00,2017-05-22 04:07:00.816830
8691,201705224781684,PRIN,38,49,200,1110,222000.00,2017-05-22 04:07:00.816840
8692,201705224781685,PRIN,14,49,50,1110,55500.00,2017-05-22 04:07:00.816850
8693,201705224781686,PRIN,45,49,100,1110,111000.00,2017-05-22 04:07:00.816860
8694,201705224781739,PRIN,25,49,100,1110,111000.00,2017-05-22 04:07:00.817390
8695,201705224781765,PRIN,13,49,200,1110,222000.00,2017-05-22 04:07:00.817650
8696,201705224781798,PRIN,34,49,475,1110,527250.00,2017-05-22 04:07:00.817980
8697,201705224781845,PRIN,37,47,100,1110,111000.00,2017-05-22 04:07:00.818450
8698,201705224781945,PRIN,34,11,25,1110,27750.00,2017-05-22 04:07:00.819450
8699,201705224781946,PRIN,21,11,100,1110,111000.00,2017-05-22 04:07:00.819460
8700,201705224781959,PRIN,37,11,85,1110,94350.00,2017-05-22 04:07:00.819590
8701,201705224782028,PRIN,57,53,100,1115,111500.00,2017-05-22 04:07:00.820280
8702,201705224782203,PRIN,50,33,50,1115,55750.00,2017-05-22 04:07:00.822030
8703,201705224782204,PRIN,50,53,200,1115,223000.00,2017-05-22 04:07:00.822040
8704,201705224782331,PRIN,38,49,100,1117,111700.00,2017-05-22 04:07:00.823310
8705,201705224782467,PRIN,50,16,150,1111,166650.00,2017-05-22 04:07:00.824670
8706,201705224782468,PRIN,36,16,50,1110,55500.00,2017-05-22 04:07:00.824680
8707,201705224782500,PRIN,59,22,30,1115,33450.00,2017-05-22 04:07:00.825000
8708,201705214778906,PRIN,22,49,200,1110,222000.00,2017-05-21 04:07:00.789060
8709,201705214778861,PRIN,45,49,200,1111,222200.00,2017-05-21 04:07:00.788610
8710,201705214778862,PRIN,45,49,1400,1110,1554000.00,2017-05-21 04:07:00.788620
8711,201705214778739,PRIN,19,49,60,1120,67200.00,2017-05-21 04:07:00.787390
8712,201705214778652,PRIN,42,49,50,1120,56000.00,2017-05-21 04:07:00.786520
8713,201705214778377,PRIN,45,49,200,1114,222800.00,2017-05-21 04:07:00.783770
8714,201705214778378,PRIN,49,49,50,1113,55650.00,2017-05-21 04:07:00.783780
8715,201705214778379,PRIN,33,49,500,1112,556000.00,2017-05-21 04:07:00.783790
8716,201705214778332,PRIN,45,50,200,1115,223000.00,2017-05-21 04:07:00.783320
8717,201705214778311,PRIN,22,35,85,1120,95200.00,2017-05-21 04:07:00.783110
8718,201705214778312,PRIN,22,49,415,1120,464800.00,2017-05-21 04:07:00.783120
8719,201705214778111,PRIN,45,49,500,1120,560000.00,2017-05-21 04:07:00.781110
8720,201705214777883,PRIN,33,49,500,1120,560000.00,2017-05-21 04:07:00.778830
8721,201705214777378,PRIN,37,26,13,1120,14560.00,2017-05-21 04:07:00.773780
8722,201705214777379,PRIN,34,26,50,1119,55950.00,2017-05-21 04:07:00.773790
8723,201705214777380,PRIN,20,26,50,1118,55900.00,2017-05-21 04:07:00.773800
8724,201705214777381,PRIN,41,26,100,1116,111600.00,2017-05-21 04:07:00.773810
8725,201705214777382,PRIN,45,26,50,1115,55750.00,2017-05-21 04:07:00.773820
8726,201705214777383,PRIN,20,26,50,1111,55550.00,2017-05-21 04:07:00.773830
8727,201705214777384,PRIN,25,26,100,1110,111000.00,2017-05-21 04:07:00.773840
8728,201705214777385,PRIN,41,26,100,1110,111000.00,2017-05-21 04:07:00.773850
8729,201705214777386,PRIN,21,26,50,1110,55500.00,2017-05-21 04:07:00.773860
8730,201705214777387,PRIN,37,26,200,1110,222000.00,2017-05-21 04:07:00.773870
8731,201705214777388,PRIN,34,26,237,1107,262359.00,2017-05-21 04:07:00.773880
8732,201705214777136,PRIN,37,53,187,1120,209440.00,2017-05-21 04:07:00.771360
8733,201705214776850,PRIN,45,49,300,1122,336600.00,2017-05-21 04:07:00.768500
8734,201705214776569,PRIN,36,49,10,1120,11200.00,2017-05-21 04:07:00.765690
8735,201705214776570,PRIN,45,49,200,1120,224000.00,2017-05-21 04:07:00.765700
8736,201705214776536,PRIN,36,49,40,1120,44800.00,2017-05-21 04:07:00.765360
8737,201705214776518,PRIN,40,49,200,1120,224000.00,2017-05-21 04:07:00.765180
8738,201705214776472,PRIN,10,49,160,1122,179520.00,2017-05-21 04:07:00.764720
8739,201705214776473,PRIN,37,49,300,1122,336600.00,2017-05-21 04:07:00.764730
8740,201705214776474,PRIN,37,49,200,1122,224400.00,2017-05-21 04:07:00.764740
8741,201705214776475,PRIN,22,49,200,1121,224200.00,2017-05-21 04:07:00.764750
8742,201705214776476,PRIN,22,49,300,1121,336300.00,2017-05-21 04:07:00.764760
8743,201705214776477,PRIN,41,49,100,1120,112000.00,2017-05-21 04:07:00.764770
8744,201705214776478,PRIN,16,49,500,1120,560000.00,2017-05-21 04:07:00.764780
8745,201705214776439,PRIN,10,48,40,1122,44880.00,2017-05-21 04:07:00.764390
8746,201705214776287,PRIN,59,21,50,1122,56100.00,2017-05-21 04:07:00.762870
8747,201705214776288,PRIN,22,21,50,1120,56000.00,2017-05-21 04:07:00.762880
8748,201705214776289,PRIN,54,21,50,1120,56000.00,2017-05-21 04:07:00.762890
8749,201705214776261,PRIN,47,49,100,1125,112500.00,2017-05-21 04:07:00.762610
8750,201705214776267,PRIN,37,49,200,1125,225000.00,2017-05-21 04:07:00.762670
8751,201705214776111,PRIN,22,17,50,1120,56000.00,2017-05-21 04:07:00.761110
8752,201705214776026,PRIN,54,48,250,1120,280000.00,2017-05-21 04:07:00.760260
8753,201705214775846,PRIN,45,38,100,1127,112700.00,2017-05-21 04:07:00.758460
8754,201705214775695,PRIN,26,38,10,1125,11250.00,2017-05-21 04:07:00.756950
8755,201705214775696,PRIN,20,38,200,1121,224200.00,2017-05-21 04:07:00.756960
8756,201705214775697,PRIN,47,38,100,1121,112100.00,2017-05-21 04:07:00.756970
8757,201705214774875,PRIN,45,49,735,1120,823200.00,2017-05-21 04:07:00.748750
8758,201705214774759,PRIN,40,49,100,1120,112000.00,2017-05-21 04:07:00.747590
8759,201705214774701,PRIN,40,49,200,1120,224000.00,2017-05-21 04:07:00.747010
8760,201705214774702,PRIN,20,49,500,1120,560000.00,2017-05-21 04:07:00.747020
8761,201705214774630,PRIN,41,49,20,1125,22500.00,2017-05-21 04:07:00.746300
8762,201705214774631,PRIN,45,49,200,1120,224000.00,2017-05-21 04:07:00.746310
8763,201705214774378,PRIN,45,49,100,1120,112000.00,2017-05-21 04:07:00.743780
8764,201705184773293,PRIN,29,57,200,1140,228000.00,2017-05-18 04:07:00.732930
8765,201705184773299,PRIN,48,40,86,1140,98040.00,2017-05-18 04:07:00.732990
8766,201705184773300,PRIN,29,40,300,1140,342000.00,2017-05-18 04:07:00.733000
8767,201705184773232,PRIN,25,49,50,1144,57200.00,2017-05-18 04:07:00.732320
8768,201705184773088,PRIN,22,49,50,1144,57200.00,2017-05-18 04:07:00.730880
8769,201705184773008,PRIN,29,29,50,1142,57100.00,2017-05-18 04:07:00.730080
8770,201705184773009,PRIN,54,29,100,1141,114100.00,2017-05-18 04:07:00.730090
8771,201705184773010,PRIN,41,29,200,1140,228000.00,2017-05-18 04:07:00.730100
8772,201705184773011,PRIN,48,29,14,1140,15960.00,2017-05-18 04:07:00.730110
8773,201705184773032,PRIN,48,38,200,1140,228000.00,2017-05-18 04:07:00.730320
8774,201705184772981,PRIN,29,40,100,1142,114200.00,2017-05-18 04:07:00.729810
8775,201705184772844,PRIN,54,6,80,1144,91520.00,2017-05-18 04:07:00.728440
8776,201705184772845,PRIN,54,29,20,1145,22900.00,2017-05-18 04:07:00.728450
8777,201705184772401,PRIN,33,38,12,1140,13680.00,2017-05-18 04:07:00.724010
8778,201705184772352,PRIN,33,42,88,1139,100232.00,2017-05-18 04:07:00.723520
8779,201705184772353,PRIN,33,43,60,1140,68400.00,2017-05-18 04:07:00.723530
8780,201705184772354,PRIN,33,55,250,1140,285000.00,2017-05-18 04:07:00.723540
8781,201705184772355,PRIN,33,41,300,1140,342000.00,2017-05-18 04:07:00.723550
8782,201705184772238,PRIN,26,48,50,1139,56950.00,2017-05-18 04:07:00.722380
8783,201705184772190,PRIN,37,5,117,1139,133263.00,2017-05-18 04:07:00.721900
8784,201705184771697,PRIN,55,10,10,1138,11380.00,2017-05-18 04:07:00.716970
8785,201705184771606,PRIN,22,29,100,1138,113800.00,2017-05-18 04:07:00.716060
8786,201705184771486,PRIN,55,33,20,1138,22760.00,2017-05-18 04:07:00.714860
8787,201705184771124,PRIN,14,44,80,1132,90560.00,2017-05-18 04:07:00.711240
8788,201705184771051,PRIN,57,57,200,1133,226600.00,2017-05-18 04:07:00.710510
8789,201705184770970,PRIN,32,57,100,1133,113300.00,2017-05-18 04:07:00.709700
8790,201705184770402,PRIN,45,25,50,1135,56750.00,2017-05-18 04:07:00.704020
8791,201705184770403,PRIN,6,25,20,1135,22700.00,2017-05-18 04:07:00.704030
8792,201705184770404,PRIN,6,25,50,1132,56600.00,2017-05-18 04:07:00.704040
8793,201705184770405,PRIN,47,25,380,1132,430160.00,2017-05-18 04:07:00.704050
8794,201705184769991,PRIN,47,38,40,1138,45520.00,2017-05-18 04:07:00.699910
8795,201705184769994,PRIN,47,32,117,1143,133731.00,2017-05-18 04:07:00.699940
8796,201705174767928,PRIN,37,38,150,1138,170700.00,2017-05-17 04:07:00.679280
8797,201705174767638,PRIN,11,28,100,1145,114500.00,2017-05-17 04:07:00.676380
8798,201705174767608,PRIN,41,53,50,1140,57000.00,2017-05-17 04:07:00.676080
8799,201705174767609,PRIN,37,53,50,1138,56900.00,2017-05-17 04:07:00.676090
8800,201705174767203,PRIN,8,29,104,1140,118560.00,2017-05-17 04:07:00.672030
8801,201705174767128,PRIN,5,29,100,1141,114100.00,2017-05-17 04:07:00.671280
8802,201705174767129,PRIN,22,29,50,1140,57000.00,2017-05-17 04:07:00.671290
8803,201705174767130,PRIN,22,29,200,1140,228000.00,2017-05-17 04:07:00.671300
8804,201705174766905,PRIN,58,29,45,1145,51525.00,2017-05-17 04:07:00.669050
8805,201705174766607,PRIN,5,45,100,1141,114100.00,2017-05-17 04:07:00.666070
8806,201705174764963,PRIN,26,49,50,1136,56800.00,2017-05-17 04:07:00.649630
8807,201705174764736,PRIN,46,49,50,1145,57250.00,2017-05-17 04:07:00.647360
8808,201705174764650,PRIN,36,55,100,1150,115000.00,2017-05-17 04:07:00.646500
8809,201705174764531,PRIN,36,45,100,1150,115000.00,2017-05-17 04:07:00.645310
8810,201705174764369,PRIN,42,38,50,1150,57500.00,2017-05-17 04:07:00.643690
8811,201705174764339,PRIN,57,59,50,1151,57550.00,2017-05-17 04:07:00.643390
8812,201705174764340,PRIN,42,59,250,1150,287500.00,2017-05-17 04:07:00.643400
8813,201705174763633,PRIN,21,19,10,1150,11500.00,2017-05-17 04:07:00.636330
8814,201705164763348,PRIN,52,32,25,1150,28750.00,2017-05-16 04:07:00.633480
8815,201705164763134,PRIN,11,36,117,1145,133965.00,2017-05-16 04:07:00.631340
8816,201705164763136,PRIN,38,38,10,1149,11490.00,2017-05-16 04:07:00.631360
8817,201705164762859,PRIN,1,38,10,1127,11270.00,2017-05-16 04:07:00.628590
8818,201705164761367,PRIN,52,52,290,1105,320450.00,2017-05-16 04:07:00.613670
8819,201705164761355,PRIN,46,52,50,1150,57500.00,2017-05-16 04:07:00.613550
8820,201705164761356,PRIN,45,52,40,1135,45400.00,2017-05-16 04:07:00.613560
8821,201705164761357,PRIN,6,52,20,1135,22700.00,2017-05-16 04:07:00.613570
8822,201705164761358,PRIN,50,52,50,1130,56500.00,2017-05-16 04:07:00.613580
8823,201705164761359,PRIN,38,52,250,1130,282500.00,2017-05-16 04:07:00.613590
8824,201705164761360,PRIN,37,52,200,1127,225400.00,2017-05-16 04:07:00.613600
8825,201705154758565,PRIN,34,20,100,1150,115000.00,2017-05-15 04:07:00.585650
8826,201705154758566,PRIN,41,20,100,1150,115000.00,2017-05-15 04:07:00.585660
8827,201705154758236,PRIN,57,38,50,1151,57550.00,2017-05-15 04:07:00.582360
8828,201705154758237,PRIN,42,38,100,1150,115000.00,2017-05-15 04:07:00.582370
8829,201705154758238,PRIN,48,38,100,1150,115000.00,2017-05-15 04:07:00.582380
8830,201705154758239,PRIN,41,38,100,1150,115000.00,2017-05-15 04:07:00.582390
8831,201705154758240,PRIN,41,38,100,1150,115000.00,2017-05-15 04:07:00.582400
8832,201705154758210,PRIN,16,38,50,1155,57750.00,2017-05-15 04:07:00.582100
8833,201705154758211,PRIN,26,38,250,1154,288500.00,2017-05-15 04:07:00.582110
8834,201705154758212,PRIN,14,38,100,1153,115300.00,2017-05-15 04:07:00.582120
8835,201705154758213,PRIN,7,38,200,1152,230400.00,2017-05-15 04:07:00.582130
8836,201705154758092,PRIN,16,57,150,1155,173250.00,2017-05-15 04:07:00.580920
8837,201705154756892,PRIN,57,6,20,1160,23200.00,2017-05-15 04:07:00.568920
8838,201705154756231,PRIN,26,20,50,1165,58250.00,2017-05-15 04:07:00.562310
8839,201705154756232,PRIN,25,20,50,1160,58000.00,2017-05-15 04:07:00.562320
8840,201705154756233,PRIN,58,20,200,1160,232000.00,2017-05-15 04:07:00.562330
8841,201705154756019,PRIN,32,17,100,1170,117000.00,2017-05-15 04:07:00.560190
8842,201705154755645,PRIN,5,17,20,1180,23600.00,2017-05-15 04:07:00.556450
8843,201705154755646,PRIN,5,19,51,1182,60282.00,2017-05-15 04:07:00.556460
8844,201705154755082,PRIN,45,38,100,1183,118300.00,2017-05-15 04:07:00.550820
8845,201705154754872,PRIN,32,28,15,1180,17700.00,2017-05-15 04:07:00.548720
8846,201705154754873,PRIN,32,37,100,1183,118300.00,2017-05-15 04:07:00.548730
8847,201705154754841,PRIN,28,28,76,1160,88160.00,2017-05-15 04:07:00.548410
8848,201705114754217,PRIN,40,26,140,1160,162400.00,2017-05-11 04:07:00.542170
8849,201705114754167,PRIN,45,26,50,1160,58000.00,2017-05-11 04:07:00.541670
8850,201705114754085,PRIN,53,17,100,1155,115500.00,2017-05-11 04:07:00.540850
8851,201705114753994,PRIN,49,26,34,1154,39236.00,2017-05-11 04:07:00.539940
8852,201705114753521,PRIN,35,42,50,1150,57500.00,2017-05-11 04:07:00.535210
8853,201705114753035,PRIN,59,34,100,1155,115500.00,2017-05-11 04:07:00.530350
8854,201705114752860,PRIN,26,41,100,1152,115200.00,2017-05-11 04:07:00.528600
8855,201705114752861,PRIN,25,41,100,1151,115100.00,2017-05-11 04:07:00.528610
8856,201705114752882,PRIN,35,41,21,1150,24150.00,2017-05-11 04:07:00.528820
8857,201705114752528,PRIN,45,26,10,1160,11600.00,2017-05-11 04:07:00.525280
8858,201705114752477,PRIN,45,28,100,1160,116000.00,2017-05-11 04:07:00.524770
8859,201705114751843,PRIN,45,17,290,1160,336400.00,2017-05-11 04:07:00.518430
8860,201705114751775,PRIN,37,17,10,1160,11600.00,2017-05-11 04:07:00.517750
8861,201705114750442,PRIN,35,32,20,1160,23200.00,2017-05-11 04:07:00.504420
8862,201705114750252,PRIN,20,32,10,1141,11410.00,2017-05-11 04:07:00.502520
8863,201705114750253,PRIN,41,32,100,1140,114000.00,2017-05-11 04:07:00.502530
8864,201705114750254,PRIN,41,32,50,1140,57000.00,2017-05-11 04:07:00.502540
8865,201705114750255,PRIN,37,32,100,1140,114000.00,2017-05-11 04:07:00.502550
8866,201705114749792,PRIN,40,32,100,1153,115300.00,2017-05-11 04:07:00.497920
8867,201705114749793,PRIN,37,32,100,1152,115200.00,2017-05-11 04:07:00.497930
8868,201705114749794,PRIN,13,32,20,1151,23020.00,2017-05-11 04:07:00.497940
8869,201705114748487,PRIN,54,4,50,1152,57600.00,2017-05-11 04:07:00.484870
8870,201705114747830,PRIN,38,55,20,1175,23500.00,2017-05-11 04:07:00.478300
8871,201705114747842,PRIN,41,55,138,1175,162150.00,2017-05-11 04:07:00.478420
8872,201705114747779,PRIN,10,40,100,1174,117400.00,2017-05-11 04:07:00.477790
8873,201705114747780,PRIN,10,55,100,1175,117500.00,2017-05-11 04:07:00.477800
8874,201705094747405,PRIN,14,14,20,1170,23400.00,2017-05-09 04:07:00.474050
8875,201705094747406,PRIN,22,14,25,1165,29125.00,2017-05-09 04:07:00.474060
8876,201705094746954,PRIN,20,35,300,1160,348000.00,2017-05-09 04:07:00.469540
8877,201705094746919,PRIN,41,29,117,1150,134550.00,2017-05-09 04:07:00.469190
8878,201705094746820,PRIN,36,16,400,1152,460800.00,2017-05-09 04:07:00.468200
8879,201705094746276,PRIN,6,35,200,1155,231000.00,2017-05-09 04:07:00.462760
8880,201705094746116,PRIN,42,29,231,1150,265650.00,2017-05-09 04:07:00.461160
8881,201705094746050,PRIN,41,29,100,1150,115000.00,2017-05-09 04:07:00.460500
8882,201705094746003,PRIN,14,29,100,1150,115000.00,2017-05-09 04:07:00.460030
8883,201705094745767,PRIN,40,41,500,1150,575000.00,2017-05-09 04:07:00.457670
8884,201705094745613,PRIN,45,53,30,1139,34170.00,2017-05-09 04:07:00.456130
8885,201705094745614,PRIN,45,33,70,1140,79800.00,2017-05-09 04:07:00.456140
8886,201705094745622,PRIN,41,33,125,1140,142500.00,2017-05-09 04:07:00.456220
8887,201705094745623,PRIN,41,39,20,1145,22900.00,2017-05-09 04:07:00.456230
8888,201705094745604,PRIN,41,56,80,1137,90960.00,2017-05-09 04:07:00.456040
8889,201705094745605,PRIN,41,34,500,1138,569000.00,2017-05-09 04:07:00.456050
8890,201705094745606,PRIN,41,53,70,1139,79730.00,2017-05-09 04:07:00.456060
8891,201705094745548,PRIN,41,56,20,1137,22740.00,2017-05-09 04:07:00.455480
8892,201705094745472,PRIN,22,42,25,1135,28375.00,2017-05-09 04:07:00.454720
8893,201705094745229,PRIN,42,57,60,1135,68100.00,2017-05-09 04:07:00.452290
8894,201705094744679,PRIN,33,28,10,1134,11340.00,2017-05-09 04:07:00.446790
8895,201705094744680,PRIN,33,57,40,1135,45400.00,2017-05-09 04:07:00.446800
8896,201705094744590,PRIN,41,28,90,1134,102060.00,2017-05-09 04:07:00.445900
8897,201705094743924,PRIN,14,20,250,1130,282500.00,2017-05-09 04:07:00.439240
8898,201705094743335,PRIN,45,57,100,1135,113500.00,2017-05-09 04:07:00.433350
8899,201705084741311,PRIN,16,21,10,1135,11350.00,2017-05-08 04:07:00.413110
8900,201705084741312,PRIN,16,22,80,1135,90800.00,2017-05-08 04:07:00.413120
8901,201705084741153,PRIN,37,21,140,1136,159040.00,2017-05-08 04:07:00.411530
8902,201705084741154,PRIN,43,21,50,1135,56750.00,2017-05-08 04:07:00.411540
8903,201705084741074,PRIN,37,26,10,1136,11360.00,2017-05-08 04:07:00.410740
8904,201705084741013,PRIN,42,26,50,1142,57100.00,2017-05-08 04:07:00.410130
8905,201705084740753,PRIN,40,22,250,1130,282500.00,2017-05-08 04:07:00.407530
8906,201705084738608,PRIN,42,48,100,1143,114300.00,2017-05-08 04:07:00.386080
8907,201705084738222,PRIN,29,41,90,1166,104940.00,2017-05-08 04:07:00.382220
8908,201705084738253,PRIN,29,25,10,1166,11660.00,2017-05-08 04:07:00.382530
8909,201705084737373,PRIN,43,37,100,1166,116600.00,2017-05-08 04:07:00.373730
8910,201705084737203,PRIN,4,37,100,1144,114400.00,2017-05-08 04:07:00.372030
8911,201705084736695,PRIN,42,14,50,1122,56100.00,2017-05-08 04:07:00.366950
8912,201705084736585,PRIN,22,22,200,1122,224400.00,2017-05-08 04:07:00.365850
8913,201705084736494,PRIN,22,20,20,1100,22000.00,2017-05-08 04:07:00.364940
8914,201705084736480,PRIN,37,20,100,1100,110000.00,2017-05-08 04:07:00.364800
8915,201705084736481,PRIN,58,20,100,1100,110000.00,2017-05-08 04:07:00.364810
8916,201705084736479,PRIN,37,20,100,1100,110000.00,2017-05-08 04:07:00.364790
8917,201705084736448,PRIN,22,20,100,1100,110000.00,2017-05-08 04:07:00.364480
8918,201705074732438,PRIN,13,42,100,1121,112100.00,2017-05-07 04:07:00.324380
8919,201705074732439,PRIN,57,42,67,1120,75040.00,2017-05-07 04:07:00.324390
8920,201705074730777,PRIN,37,20,200,1133,226600.00,2017-05-07 04:07:00.307770
8921,201705074730778,PRIN,18,20,100,1132,113200.00,2017-05-07 04:07:00.307780
8922,201705074730779,PRIN,54,20,100,1132,113200.00,2017-05-07 04:07:00.307790
8923,201705044729711,PRIN,50,33,50,1155,57750.00,2017-05-04 04:07:00.297110
8924,201705044729642,PRIN,49,33,50,1155,57750.00,2017-05-04 04:07:00.296420
8925,201705044729643,PRIN,36,33,100,1155,115500.00,2017-05-04 04:07:00.296430
8926,201705044729400,PRIN,6,32,100,1160,116000.00,2017-05-04 04:07:00.294000
8927,201705044728958,PRIN,36,34,150,1165,174750.00,2017-05-04 04:07:00.289580
8928,201705044728959,PRIN,36,34,250,1167,291750.00,2017-05-04 04:07:00.289590
8929,201705044728716,PRIN,32,32,50,1155,57750.00,2017-05-04 04:07:00.287160
8930,201705044728717,PRIN,57,32,100,1151,115100.00,2017-05-04 04:07:00.287170
8931,201705044728718,PRIN,38,32,100,1150,115000.00,2017-05-04 04:07:00.287180
8932,201705044728719,PRIN,25,32,1000,1150,1150000.00,2017-05-04 04:07:00.287190
8933,201705044728720,PRIN,57,32,350,1150,402500.00,2017-05-04 04:07:00.287200
8934,201705044727337,PRIN,39,32,100,1165,116500.00,2017-05-04 04:07:00.273370
8935,201705044725721,PRIN,26,26,117,1143,133731.00,2017-05-04 04:07:00.257210
8936,201705044725444,PRIN,32,32,50,1170,58500.00,2017-05-04 04:07:00.254440
8937,201705044725445,PRIN,44,32,200,1166,233200.00,2017-05-04 04:07:00.254450
8938,201705044725446,PRIN,14,32,300,1165,349500.00,2017-05-04 04:07:00.254460
8939,201705044725447,PRIN,42,32,400,1160,464000.00,2017-05-04 04:07:00.254470
8940,201705044723763,PRIN,22,33,30,1180,35400.00,2017-05-04 04:07:00.237630
8941,201705044723764,PRIN,45,33,20,1180,23600.00,2017-05-04 04:07:00.237640
8942,201705034722033,PRIN,17,45,200,1180,236000.00,2017-05-03 04:07:00.220330
8943,201705034721489,PRIN,45,45,50,1185,59250.00,2017-05-03 04:07:00.214890
8944,201705034721490,PRIN,5,45,200,1185,237000.00,2017-05-03 04:07:00.214900
8945,201705034721491,PRIN,41,45,500,1180,590000.00,2017-05-03 04:07:00.214910
8946,201705034721492,PRIN,40,45,200,1178,235600.00,2017-05-03 04:07:00.214920
8947,201705034721493,PRIN,54,45,200,1176,235200.00,2017-05-03 04:07:00.214930
8948,201705034721494,PRIN,44,45,500,1175,587500.00,2017-05-03 04:07:00.214940
8949,201705034719969,PRIN,19,19,170,1186,201620.00,2017-05-03 04:07:00.199690
8950,201705034719200,PRIN,52,22,54,1185,63990.00,2017-05-03 04:07:00.192000
8951,201705034719201,PRIN,14,22,46,1185,54510.00,2017-05-03 04:07:00.192010
8952,201705034718453,PRIN,52,37,70,1185,82950.00,2017-05-03 04:07:00.184530
8953,201705034718020,PRIN,41,6,200,1186,237200.00,2017-05-03 04:07:00.180200
8954,201705034718021,PRIN,22,6,100,1185,118500.00,2017-05-03 04:07:00.180210
8955,201705034718022,PRIN,52,6,91,1185,107835.00,2017-05-03 04:07:00.180220
8956,201705034718033,PRIN,52,49,85,1185,100725.00,2017-05-03 04:07:00.180330
8957,201705034717996,PRIN,13,6,20,1192,23840.00,2017-05-03 04:07:00.179960
8958,201705034717997,PRIN,41,6,100,1190,119000.00,2017-05-03 04:07:00.179970
8959,201705034717998,PRIN,33,6,50,1190,59500.00,2017-05-03 04:07:00.179980
8960,201705034717999,PRIN,45,6,20,1190,23800.00,2017-05-03 04:07:00.179990
8961,201705034717127,PRIN,6,34,117,1200,140400.00,2017-05-03 04:07:00.171270
8962,201705034717117,PRIN,6,17,30,1200,36000.00,2017-05-03 04:07:00.171170
8963,201705034716690,PRIN,52,56,200,1195,239000.00,2017-05-03 04:07:00.166900
8964,201705034716448,PRIN,47,53,78,1190,92820.00,2017-05-03 04:07:00.164480
8965,201705034716449,PRIN,45,53,42,1190,49980.00,2017-05-03 04:07:00.164490
8966,201705034716427,PRIN,48,36,18,1190,21420.00,2017-05-03 04:07:00.164270
8967,201705034716428,PRIN,47,36,22,1190,26180.00,2017-05-03 04:07:00.164280
8968,201705034716392,PRIN,48,22,32,1190,38080.00,2017-05-03 04:07:00.163920
8969,201705034716274,PRIN,35,36,10,1194,11940.00,2017-05-03 04:07:00.162740
8970,201705034716292,PRIN,35,36,50,1194,59700.00,2017-05-03 04:07:00.162920
8971,201705034716004,PRIN,8,47,50,1191,59550.00,2017-05-03 04:07:00.160040
8972,201705034716026,PRIN,48,21,50,1190,59500.00,2017-05-03 04:07:00.160260
8973,201705024714978,PRIN,32,34,300,1171,351300.00,2017-05-02 04:07:00.149780
8974,201705024714944,PRIN,58,33,200,1175,235000.00,2017-05-02 04:07:00.149440
8975,201705024714811,PRIN,37,57,200,1184,236800.00,2017-05-02 04:07:00.148110
8976,201705024714812,PRIN,37,26,100,1185,118500.00,2017-05-02 04:07:00.148120
8977,201705024714822,PRIN,36,22,88,1184,104192.00,2017-05-02 04:07:00.148220
8978,201705024714421,PRIN,36,22,100,1184,118400.00,2017-05-02 04:07:00.144210
8979,201705024714405,PRIN,36,36,50,1180,59000.00,2017-05-02 04:07:00.144050
8980,201705024714406,PRIN,36,22,50,1180,59000.00,2017-05-02 04:07:00.144060
8981,201705024714407,PRIN,36,43,95,1180,112100.00,2017-05-02 04:07:00.144070
8982,201705024714408,PRIN,36,36,117,1180,138060.00,2017-05-02 04:07:00.144080
8983,201705024714415,PRIN,36,39,50,1183,59150.00,2017-05-02 04:07:00.144150
8984,201705024714416,PRIN,36,40,100,1184,118400.00,2017-05-02 04:07:00.144160
8985,201705024714007,PRIN,32,32,80,1171,93680.00,2017-05-02 04:07:00.140070
8986,201705024713558,PRIN,32,56,100,1171,117100.00,2017-05-02 04:07:00.135580
8987,201705024713363,PRIN,53,58,100,1175,117500.00,2017-05-02 04:07:00.133630
8988,201705024713144,PRIN,10,20,200,1175,235000.00,2017-05-02 04:07:00.131440
8989,201705024713054,PRIN,32,17,177,1175,207975.00,2017-05-02 04:07:00.130540
8990,201705024713022,PRIN,46,32,127,1176,149352.00,2017-05-02 04:07:00.130220
8991,201705024713029,PRIN,46,17,73,1176,85848.00,2017-05-02 04:07:00.130290
8992,201705024713030,PRIN,51,17,135,1175,158625.00,2017-05-02 04:07:00.130300
8993,201705024712899,PRIN,51,50,34,1175,39950.00,2017-05-02 04:07:00.128990
8994,201705024712879,PRIN,51,37,31,1175,36425.00,2017-05-02 04:07:00.128790
8995,201705024712656,PRIN,32,32,200,1176,235200.00,2017-05-02 04:07:00.126560
8996,201705024712051,PRIN,32,11,300,1176,352800.00,2017-05-02 04:07:00.120510
8997,201705024711700,PRIN,13,33,100,1177,117700.00,2017-05-02 04:07:00.117000
8998,201705024711670,PRIN,36,56,10,1184,11840.00,2017-05-02 04:07:00.116700
8999,201705024710324,PRIN,37,37,500,1162,581000.00,2017-05-02 04:07:00.103240
9000,201705024710213,PRIN,37,33,100,1165,116500.00,2017-05-02 04:07:00.102130
9001,201705024710214,PRIN,36,33,100,1162,116200.00,2017-05-02 04:07:00.102140
9002,201705024710086,PRIN,34,19,35,1175,41125.00,2017-05-02 04:07:00.100860
9003,201705024710087,PRIN,34,19,50,1175,58750.00,2017-05-02 04:07:00.100870
9004,201705024710088,PRIN,34,19,50,1175,58750.00,2017-05-02 04:07:00.100880
9005,201705024709869,PRIN,34,32,15,1175,17625.00,2017-05-02 04:07:00.098690
9006,201705024709653,PRIN,41,19,100,1182,118200.00,2017-05-02 04:07:00.096530
9007,201705024709654,PRIN,41,19,131,1180,154580.00,2017-05-02 04:07:00.096540
9008,201705024709655,PRIN,32,19,500,1177,588500.00,2017-05-02 04:07:00.096550
9009,201705024709622,PRIN,41,35,59,1180,69620.00,2017-05-02 04:07:00.096220
9010,201705024709514,PRIN,41,11,10,1180,11800.00,2017-05-02 04:07:00.095140
9011,201705024709439,PRIN,17,39,100,1194,119400.00,2017-05-02 04:07:00.094390
9012,201705024709440,PRIN,17,25,200,1195,239000.00,2017-05-02 04:07:00.094400
9013,201705024709441,PRIN,17,53,100,1198,119800.00,2017-05-02 04:07:00.094410
9014,201705024708733,PRIN,45,20,200,1185,237000.00,2017-05-02 04:07:00.087330
9015,201705024708734,PRIN,45,36,100,1190,119000.00,2017-05-02 04:07:00.087340
9016,201705024708601,PRIN,41,34,100,1177,117700.00,2017-05-02 04:07:00.086010
9017,201705024708549,PRIN,25,25,200,1160,232000.00,2017-05-02 04:07:00.085490
9018,201705024708485,PRIN,36,36,100,1160,116000.00,2017-05-02 04:07:00.084850
9019,201705024708431,PRIN,49,45,100,1154,115400.00,2017-05-02 04:07:00.084310
9020,201705024708425,PRIN,49,45,100,1154,115400.00,2017-05-02 04:07:00.084250
9021,201704304708001,PRIN,14,37,50,1177,58850.00,2017-04-30 04:07:00.080010
9022,201704304707919,PRIN,17,57,41,1180,48380.00,2017-04-30 04:07:00.079190
9023,201704304707920,PRIN,17,25,100,1180,118000.00,2017-04-30 04:07:00.079200
9024,201704304707731,PRIN,14,38,100,1177,117700.00,2017-04-30 04:07:00.077310
9025,201704304707670,PRIN,1,57,15,1180,17700.00,2017-04-30 04:07:00.076700
9026,201704304707639,PRIN,22,57,50,1180,59000.00,2017-04-30 04:07:00.076390
9027,201704304707565,PRIN,41,57,15,1181,17715.00,2017-04-30 04:07:00.075650
9028,201704304707566,PRIN,55,57,15,1180,17700.00,2017-04-30 04:07:00.075660
9029,201704304707567,PRIN,26,57,100,1180,118000.00,2017-04-30 04:07:00.075670
9030,201704304707568,PRIN,41,57,50,1180,59000.00,2017-04-30 04:07:00.075680
9031,201704304707569,PRIN,19,57,25,1180,29500.00,2017-04-30 04:07:00.075690
9032,201704304707153,PRIN,8,25,50,1181,59050.00,2017-04-30 04:07:00.071530
9033,201704304707154,PRIN,41,25,85,1181,100385.00,2017-04-30 04:07:00.071540
9034,201704304707110,PRIN,41,34,100,1182,118200.00,2017-04-30 04:07:00.071100
9035,201704304707070,PRIN,41,47,200,1185,237000.00,2017-04-30 04:07:00.070700
9036,201704304707023,PRIN,41,25,50,1189,59450.00,2017-04-30 04:07:00.070230
9037,201704304706888,PRIN,32,25,15,1187,17805.00,2017-04-30 04:07:00.068880
9038,201704304706889,PRIN,13,25,100,1186,118600.00,2017-04-30 04:07:00.068890
9039,201704304706890,PRIN,16,25,200,1185,237000.00,2017-04-30 04:07:00.068900
9040,201704304706670,PRIN,58,25,500,1187,593500.00,2017-04-30 04:07:00.066700
9041,201704304705751,PRIN,21,42,100,1186,118600.00,2017-04-30 04:07:00.057510
9042,201704304704881,PRIN,28,55,50,1187,59350.00,2017-04-30 04:07:00.048810
9043,201704304704882,PRIN,44,55,100,1186,118600.00,2017-04-30 04:07:00.048820
9044,201704304704883,PRIN,20,55,50,1185,59250.00,2017-04-30 04:07:00.048830
9045,201704304704884,PRIN,8,55,100,1183,118300.00,2017-04-30 04:07:00.048840
9046,201704304704885,PRIN,45,55,50,1182,59100.00,2017-04-30 04:07:00.048850
9047,201704304704891,PRIN,55,55,150,1180,177000.00,2017-04-30 04:07:00.048910
9048,201704304704720,PRIN,44,40,100,1186,118600.00,2017-04-30 04:07:00.047200
9049,201704304704464,PRIN,38,21,50,1190,59500.00,2017-04-30 04:07:00.044640
9050,201704304704476,PRIN,8,45,42,1188,49896.00,2017-04-30 04:07:00.044760
9051,201704304704477,PRIN,4,45,158,1187,187546.00,2017-04-30 04:07:00.044770
9052,201704304704293,PRIN,38,43,50,1190,59500.00,2017-04-30 04:07:00.042930
9053,201704304704240,PRIN,4,39,100,1187,118700.00,2017-04-30 04:07:00.042400
9054,201704304704219,PRIN,8,45,58,1188,68904.00,2017-04-30 04:07:00.042190
9055,201704304704087,PRIN,4,55,178,1187,211286.00,2017-04-30 04:07:00.040870
9056,201704304704001,PRIN,25,35,50,1190,59500.00,2017-04-30 04:07:00.040010
9057,201704304703537,PRIN,16,21,100,1200,120000.00,2017-04-30 04:07:00.035370
9058,201704304703538,PRIN,41,21,35,1200,42000.00,2017-04-30 04:07:00.035380
9059,201704304703372,PRIN,16,36,100,1200,120000.00,2017-04-30 04:07:00.033720
9060,201704304702765,PRIN,53,28,100,1199,119900.00,2017-04-30 04:07:00.027650
9061,201704304702709,PRIN,20,19,100,1190,119000.00,2017-04-30 04:07:00.027090
9062,201704304701691,PRIN,25,51,100,1176,117600.00,2017-04-30 04:07:00.016910
9063,201704274701075,PRIN,46,33,10,1200,12000.00,2017-04-27 04:07:00.010750
9064,201704274700739,PRIN,42,33,200,1200,240000.00,2017-04-27 04:07:00.007390
9065,201704274700588,PRIN,10,33,200,1200,240000.00,2017-04-27 04:07:00.005880
9066,201704274700592,PRIN,10,33,200,1200,240000.00,2017-04-27 04:07:00.005920
9067,201704274700564,PRIN,48,55,100,1193,119300.00,2017-04-27 04:07:00.005640
9068,201704274700565,PRIN,22,55,200,1193,238600.00,2017-04-27 04:07:00.005650
9069,201704274700566,PRIN,45,55,50,1192,59600.00,2017-04-27 04:07:00.005660
9070,201704274700567,PRIN,45,38,100,1199,119900.00,2017-04-27 04:07:00.005670
9071,201704274700083,PRIN,49,34,200,1190,238000.00,2017-04-27 04:07:00.000830
9072,201704274700018,PRIN,17,21,50,1191,59550.00,2017-04-27 04:07:00.000180
9073,201704274700019,PRIN,49,21,50,1190,59500.00,2017-04-27 04:07:00.000190
9074,201704274699984,PRIN,45,57,200,1201,240200.00,2017-04-27 04:06:00.999840
9075,201704274699989,PRIN,20,33,100,1202,120200.00,2017-04-27 04:06:00.999890
9076,201704274699990,PRIN,26,33,40,1201,48040.00,2017-04-27 04:06:00.999900
9077,201704274699991,PRIN,14,33,100,1200,120000.00,2017-04-27 04:06:00.999910
9078,201704274699992,PRIN,29,33,100,1200,120000.00,2017-04-27 04:06:00.999920
9079,201704274699822,PRIN,37,53,50,1203,60150.00,2017-04-27 04:06:00.998220
9080,201704274699823,PRIN,20,53,50,1203,60150.00,2017-04-27 04:06:00.998230
9081,201704274699464,PRIN,37,55,100,1205,120500.00,2017-04-27 04:06:00.994640
9082,201704274699465,PRIN,45,55,200,1204,240800.00,2017-04-27 04:06:00.994650
9083,201704274699466,PRIN,37,55,200,1203,240600.00,2017-04-27 04:06:00.994660
9084,201704274699408,PRIN,41,33,50,1218,60900.00,2017-04-27 04:06:00.994080
9085,201704274697669,PRIN,45,37,40,1224,48960.00,2017-04-27 04:06:00.976690
9086,201704274697650,PRIN,45,42,500,1200,600000.00,2017-04-27 04:06:00.976500
9087,201704274697651,PRIN,45,33,509,1200,610800.00,2017-04-27 04:06:00.976510
9088,201704274697652,PRIN,45,33,900,1200,1080000.00,2017-04-27 04:06:00.976520
9089,201704274697653,PRIN,45,52,100,1210,121000.00,2017-04-27 04:06:00.976530
9090,201704274697654,PRIN,45,47,100,1210,121000.00,2017-04-27 04:06:00.976540
9091,201704274697540,PRIN,41,33,100,1200,120000.00,2017-04-27 04:06:00.975400
9092,201704274697458,PRIN,41,33,200,1200,240000.00,2017-04-27 04:06:00.974580
9093,201704274696821,PRIN,14,33,41,1200,49200.00,2017-04-27 04:06:00.968210
9094,201704274696642,PRIN,22,10,200,1199,239800.00,2017-04-27 04:06:00.966420
9095,201704274696470,PRIN,16,33,100,1200,120000.00,2017-04-27 04:06:00.964700
9096,201704274696376,PRIN,33,33,50,1200,60000.00,2017-04-27 04:06:00.963760
9097,201704274695775,PRIN,54,56,100,1199,119900.00,2017-04-27 04:06:00.957750
9098,201704274695431,PRIN,41,38,100,1185,118500.00,2017-04-27 04:06:00.954310
9099,201704274694811,PRIN,49,20,200,1185,237000.00,2017-04-27 04:06:00.948110
9100,201704274694624,PRIN,11,56,30,1182,35460.00,2017-04-27 04:06:00.946240
9101,201704274694625,PRIN,11,59,40,1190,47600.00,2017-04-27 04:06:00.946250
9102,201704274693991,PRIN,8,43,100,1180,118000.00,2017-04-27 04:06:00.939910
9103,201704274693660,PRIN,36,42,30,1178,35340.00,2017-04-27 04:06:00.936600
9104,201704264692899,PRIN,22,5,200,1196,239200.00,2017-04-26 04:06:00.928990
9105,201704264692747,PRIN,37,28,100,1200,120000.00,2017-04-26 04:06:00.927470
9106,201704264692646,PRIN,25,32,234,1193,279162.00,2017-04-26 04:06:00.926460
9107,201704264692552,PRIN,25,7,50,1190,59500.00,2017-04-26 04:06:00.925520
9108,201704264691755,PRIN,22,7,150,1190,178500.00,2017-04-26 04:06:00.917550
9109,201704264691558,PRIN,42,42,70,1190,83300.00,2017-04-26 04:06:00.915580
9110,201704264691205,PRIN,8,7,50,1198,59900.00,2017-04-26 04:06:00.912050
9111,201704264691065,PRIN,37,7,150,1190,178500.00,2017-04-26 04:06:00.910650
9112,201704264691011,PRIN,50,32,350,1191,416850.00,2017-04-26 04:06:00.910110
9113,201704264691012,PRIN,39,32,40,1190,47600.00,2017-04-26 04:06:00.910120
9114,201704264691013,PRIN,41,32,16,1190,19040.00,2017-04-26 04:06:00.910130
9115,201704264691014,PRIN,37,32,100,1190,119000.00,2017-04-26 04:06:00.910140
9116,201704264690195,PRIN,41,7,50,1200,60000.00,2017-04-26 04:06:00.901950
9117,201704264690196,PRIN,41,7,50,1200,60000.00,2017-04-26 04:06:00.901960
9118,201704264690217,PRIN,37,32,10,1192,11920.00,2017-04-26 04:06:00.902170
9119,201704264690218,PRIN,37,32,50,1192,59600.00,2017-04-26 04:06:00.902180
9120,201704264690219,PRIN,37,32,100,1192,119200.00,2017-04-26 04:06:00.902190
9121,201704264690220,PRIN,35,32,100,1192,119200.00,2017-04-26 04:06:00.902200
9122,201704264690005,PRIN,39,29,25,1200,30000.00,2017-04-26 04:06:00.900050
9123,201704264689950,PRIN,37,5,40,1192,47680.00,2017-04-26 04:06:00.899500
9124,201704264689878,PRIN,41,29,30,1200,36000.00,2017-04-26 04:06:00.898780
9125,201704264689775,PRIN,33,29,20,1200,24000.00,2017-04-26 04:06:00.897750
9126,201704264689713,PRIN,33,44,215,1200,258000.00,2017-04-26 04:06:00.897130
9127,201704264689714,PRIN,33,40,65,1200,78000.00,2017-04-26 04:06:00.897140
9128,201704264689715,PRIN,33,25,50,1200,60000.00,2017-04-26 04:06:00.897150
9129,201704264689385,PRIN,13,44,35,1200,42000.00,2017-04-26 04:06:00.893850
9130,201704264688974,PRIN,19,44,50,1200,60000.00,2017-04-26 04:06:00.889740
9131,201704264688477,PRIN,17,37,50,1200,60000.00,2017-04-26 04:06:00.884770
9132,201704264688112,PRIN,19,33,500,1200,600000.00,2017-04-26 04:06:00.881120
9133,201704264687692,PRIN,22,33,75,1200,90000.00,2017-04-26 04:06:00.876920
9134,201704264687672,PRIN,34,33,50,1210,60500.00,2017-04-26 04:06:00.876720
9135,201704264687673,PRIN,35,33,25,1205,30125.00,2017-04-26 04:06:00.876730
9136,201704264687674,PRIN,55,33,50,1202,60100.00,2017-04-26 04:06:00.876740
9137,201704264687675,PRIN,25,33,100,1201,120100.00,2017-04-26 04:06:00.876750
9138,201704264687676,PRIN,1,33,200,1200,240000.00,2017-04-26 04:06:00.876760
9139,201704264686762,PRIN,39,45,100,1210,121000.00,2017-04-26 04:06:00.867620
9140,201704264686443,PRIN,41,45,50,1210,60500.00,2017-04-26 04:06:00.864430
9141,201704264686181,PRIN,41,33,20,1225,24500.00,2017-04-26 04:06:00.861810
9142,201704264685997,PRIN,36,37,10,1238,12380.00,2017-04-26 04:06:00.859970
9143,201704254685467,PRIN,50,52,200,1216,243200.00,2017-04-25 04:06:00.854670
9144,201704254685468,PRIN,38,52,120,1215,145800.00,2017-04-25 04:06:00.854680
9145,201704254685497,PRIN,47,52,72,1214,87408.00,2017-04-25 04:06:00.854970
9146,201704254685439,PRIN,38,35,50,1215,60750.00,2017-04-25 04:06:00.854390
9147,201704254685311,PRIN,55,51,50,1215,60750.00,2017-04-25 04:06:00.853110
9148,201704254685327,PRIN,38,51,30,1215,36450.00,2017-04-25 04:06:00.853270
9149,201704254684939,PRIN,41,41,50,1220,61000.00,2017-04-25 04:06:00.849390
9150,201704254684831,PRIN,16,33,100,1221,122100.00,2017-04-25 04:06:00.848310
9151,201704254684491,PRIN,40,33,50,1224,61200.00,2017-04-25 04:06:00.844910
9152,201704254684492,PRIN,40,33,70,1223,85610.00,2017-04-25 04:06:00.844920
9153,201704254683838,PRIN,40,20,50,1220,61000.00,2017-04-25 04:06:00.838380
9154,201704254683856,PRIN,40,57,125,1223,152875.00,2017-04-25 04:06:00.838560
9155,201704254683587,PRIN,47,20,200,1220,244000.00,2017-04-25 04:06:00.835870
9156,201704254683588,PRIN,44,20,50,1220,61000.00,2017-04-25 04:06:00.835880
9157,201704254683459,PRIN,22,14,50,1223,61150.00,2017-04-25 04:06:00.834590
9158,201704254683460,PRIN,22,14,100,1223,122300.00,2017-04-25 04:06:00.834600
9159,201704254683461,PRIN,8,14,50,1222,61100.00,2017-04-25 04:06:00.834610
9160,201704254683462,PRIN,8,14,100,1221,122100.00,2017-04-25 04:06:00.834620
9161,201704254683463,PRIN,47,14,100,1220,122000.00,2017-04-25 04:06:00.834630
9162,201704254683070,PRIN,55,17,44,1230,54120.00,2017-04-25 04:06:00.830700
9163,201704254683015,PRIN,17,22,50,1225,61250.00,2017-04-25 04:06:00.830150
9164,201704254682422,PRIN,17,51,20,1236,24720.00,2017-04-25 04:06:00.824220
9165,201704254682423,PRIN,41,51,42,1235,51870.00,2017-04-25 04:06:00.824230
9166,201704254682243,PRIN,22,52,100,1235,123500.00,2017-04-25 04:06:00.822430
9167,201704254682192,PRIN,6,35,10,1238,12380.00,2017-04-25 04:06:00.821920
9168,201704254682193,PRIN,17,35,30,1236,37080.00,2017-04-25 04:06:00.821930
9169,201704254681999,PRIN,22,41,100,1235,123500.00,2017-04-25 04:06:00.819990
9170,201704254682013,PRIN,6,41,10,1238,12380.00,2017-04-25 04:06:00.820130
9171,201704254681884,PRIN,6,37,80,1238,99040.00,2017-04-25 04:06:00.818840
9172,201704254681686,PRIN,22,36,100,1236,123600.00,2017-04-25 04:06:00.816860
9173,201704254681687,PRIN,41,36,100,1235,123500.00,2017-04-25 04:06:00.816870
9174,201704254681454,PRIN,22,5,150,1236,185400.00,2017-04-25 04:06:00.814540
9175,201704254681455,PRIN,41,5,48,1235,59280.00,2017-04-25 04:06:00.814550
9176,201704254681342,PRIN,20,11,100,1237,123700.00,2017-04-25 04:06:00.813420
9177,201704254680225,PRIN,22,45,150,1248,187200.00,2017-04-25 04:06:00.802250
9178,201704254677895,PRIN,1,22,50,1255,62750.00,2017-04-25 04:06:00.778950
9179,201704254677896,PRIN,1,8,20,1257,25140.00,2017-04-25 04:06:00.778960
9180,201704254677897,PRIN,1,8,37,1257,46509.00,2017-04-25 04:06:00.778970
9181,201704244677420,PRIN,50,33,30,1233,36990.00,2017-04-24 04:06:00.774200
9182,201704244677169,PRIN,50,11,98,1233,120834.00,2017-04-24 04:06:00.771690
9183,201704244676844,PRIN,40,1,234,1230,287820.00,2017-04-24 04:06:00.768440
9184,201704244676807,PRIN,8,37,30,1236,37080.00,2017-04-24 04:06:00.768070
9185,201704244676808,PRIN,46,37,100,1235,123500.00,2017-04-24 04:06:00.768080
9186,201704244676809,PRIN,47,37,100,1230,123000.00,2017-04-24 04:06:00.768090
9187,201704244676810,PRIN,47,37,70,1230,86100.00,2017-04-24 04:06:00.768100
9188,201704244676724,PRIN,10,16,100,1237,123700.00,2017-04-24 04:06:00.767240
9189,201704244676682,PRIN,22,16,100,1237,123700.00,2017-04-24 04:06:00.766820
9190,201704244676701,PRIN,8,16,170,1236,210120.00,2017-04-24 04:06:00.767010
9191,201704244676661,PRIN,45,16,30,1240,37200.00,2017-04-24 04:06:00.766610
9192,201704244676525,PRIN,10,41,200,1240,248000.00,2017-04-24 04:06:00.765250
9193,201704244675839,PRIN,22,59,30,1241,37230.00,2017-04-24 04:06:00.758390
9194,201704244675840,PRIN,45,59,170,1240,210800.00,2017-04-24 04:06:00.758400
9195,201704244675863,PRIN,45,52,300,1240,372000.00,2017-04-24 04:06:00.758630
9196,201704244675787,PRIN,26,59,60,1245,74700.00,2017-04-24 04:06:00.757870
9197,201704244675538,PRIN,54,38,200,1244,248800.00,2017-04-24 04:06:00.755380
9198,201704244675465,PRIN,33,49,30,1242,37260.00,2017-04-24 04:06:00.754650
9199,201704244675466,PRIN,22,49,70,1241,86870.00,2017-04-24 04:06:00.754660
9200,201704244675338,PRIN,33,16,30,1242,37260.00,2017-04-24 04:06:00.753380
9201,201704244675326,PRIN,26,59,100,1245,124500.00,2017-04-24 04:06:00.753260
9202,201704244674688,PRIN,26,45,16,1242,19872.00,2017-04-24 04:06:00.746880
9203,201704244674689,PRIN,41,45,10,1242,12420.00,2017-04-24 04:06:00.746890
9204,201704244674690,PRIN,50,45,35,1240,43400.00,2017-04-24 04:06:00.746900
9205,201704244674691,PRIN,53,45,40,1240,49600.00,2017-04-24 04:06:00.746910
9206,201704244674692,PRIN,37,45,20,1240,24800.00,2017-04-24 04:06:00.746920
9207,201704244674693,PRIN,41,45,79,1240,97960.00,2017-04-24 04:06:00.746930
9208,201704244674280,PRIN,50,48,100,1240,124000.00,2017-04-24 04:06:00.742800
9209,201704244674301,PRIN,53,37,160,1240,198400.00,2017-04-24 04:06:00.743010
9210,201704244674310,PRIN,5,37,200,1240,248000.00,2017-04-24 04:06:00.743100
9211,201704244673538,PRIN,26,25,50,1241,62050.00,2017-04-24 04:06:00.735380
9212,201704244673409,PRIN,26,45,100,1242,124200.00,2017-04-24 04:06:00.734090
9213,201704244673131,PRIN,42,29,103,1250,128750.00,2017-04-24 04:06:00.731310
9214,201704244673132,PRIN,36,29,97,1250,121250.00,2017-04-24 04:06:00.731320
9215,201704244673115,PRIN,46,22,10,1255,12550.00,2017-04-24 04:06:00.731150
9216,201704244672997,PRIN,42,14,102,1250,127500.00,2017-04-24 04:06:00.729970
9217,201704244672513,PRIN,42,7,495,1250,618750.00,2017-04-24 04:06:00.725130
9218,201704244672514,PRIN,42,19,100,1250,125000.00,2017-04-24 04:06:00.725140
9219,201704244672239,PRIN,58,43,16,1245,19920.00,2017-04-24 04:06:00.722390
9220,201704244672240,PRIN,17,43,50,1242,62100.00,2017-04-24 04:06:00.722400
9221,201704244672241,PRIN,26,43,84,1242,104328.00,2017-04-24 04:06:00.722410
9222,201704244671969,PRIN,57,55,66,1245,82170.00,2017-04-24 04:06:00.719690
9223,201704244671970,PRIN,58,55,284,1245,353580.00,2017-04-24 04:06:00.719700
9224,201704244671960,PRIN,58,11,200,1245,249000.00,2017-04-24 04:06:00.719600
9225,201704244671914,PRIN,57,11,34,1245,42330.00,2017-04-24 04:06:00.719140
9226,201704244671259,PRIN,41,42,350,1250,437500.00,2017-04-24 04:06:00.712590
9227,201704244671210,PRIN,25,26,300,1260,378000.00,2017-04-24 04:06:00.712100
9228,201704244671211,PRIN,25,46,200,1260,252000.00,2017-04-24 04:06:00.712110
9229,201704244671139,PRIN,36,8,54,1258,67932.00,2017-04-24 04:06:00.711390
9230,201704244671140,PRIN,36,35,96,1260,120960.00,2017-04-24 04:06:00.711400
9231,201704244671042,PRIN,45,8,30,1258,37740.00,2017-04-24 04:06:00.710420
9232,201704244670755,PRIN,19,26,152,1254,190608.00,2017-04-24 04:06:00.707550
9233,201704244670536,PRIN,50,28,217,1250,271250.00,2017-04-24 04:06:00.705360
9234,201704244670431,PRIN,50,56,365,1240,452600.00,2017-04-24 04:06:00.704310
9235,201704244670356,PRIN,26,56,70,1241,86870.00,2017-04-24 04:06:00.703560
9236,201704244670301,PRIN,22,51,100,1245,124500.00,2017-04-24 04:06:00.703010
9237,201704244670324,PRIN,44,56,145,1240,179800.00,2017-04-24 04:06:00.703240
9238,201704244670115,PRIN,53,46,85,1248,106080.00,2017-04-24 04:06:00.701150
9239,201704244669266,PRIN,55,16,250,1270,317500.00,2017-04-24 04:06:00.692660
9240,201704244669267,PRIN,42,16,50,1270,63500.00,2017-04-24 04:06:00.692670
9241,201704234669045,PRIN,17,14,50,1255,62750.00,2017-04-23 04:06:00.690450
9242,201704234668983,PRIN,29,14,85,1255,106675.00,2017-04-23 04:06:00.689830
9243,201704234668617,PRIN,25,17,300,1265,379500.00,2017-04-23 04:06:00.686170
9244,201704234668592,PRIN,52,53,80,1260,100800.00,2017-04-23 04:06:00.685920
9245,201704234668605,PRIN,25,53,144,1260,181440.00,2017-04-23 04:06:00.686050
9246,201704234668139,PRIN,13,53,100,1260,126000.00,2017-04-23 04:06:00.681390
9247,201704234668075,PRIN,52,16,84,1255,105420.00,2017-04-23 04:06:00.680750
9248,201704234668076,PRIN,52,53,116,1260,146160.00,2017-04-23 04:06:00.680760
9249,201704234667863,PRIN,32,32,1,1255,1255.00,2017-04-23 04:06:00.678630
9250,201704234667750,PRIN,57,8,10,1250,12500.00,2017-04-23 04:06:00.677500
9251,201704234667621,PRIN,37,8,50,1255,62750.00,2017-04-23 04:06:00.676210
9252,201704234667622,PRIN,37,8,50,1255,62750.00,2017-04-23 04:06:00.676220
9253,201704234667562,PRIN,26,42,50,1241,62050.00,2017-04-23 04:06:00.675620
9254,201704234665938,PRIN,41,46,25,1239,30975.00,2017-04-23 04:06:00.659380
9255,201704234665939,PRIN,57,46,125,1239,154875.00,2017-04-23 04:06:00.659390
9256,201704234665887,PRIN,26,53,10,1263,12630.00,2017-04-23 04:06:00.658870
9257,201704234665888,PRIN,45,53,50,1260,63000.00,2017-04-23 04:06:00.658880
9258,201704234665799,PRIN,22,11,50,1265,63250.00,2017-04-23 04:06:00.657990
9259,201704234665800,PRIN,29,11,130,1265,164450.00,2017-04-23 04:06:00.658000
9260,201704234665805,PRIN,45,11,50,1263,63150.00,2017-04-23 04:06:00.658050
9261,201704234665806,PRIN,26,11,360,1263,454680.00,2017-04-23 04:06:00.658060
9262,201704234665808,PRIN,26,49,30,1263,37890.00,2017-04-23 04:06:00.658080
9263,201704234665818,PRIN,26,37,100,1263,126300.00,2017-04-23 04:06:00.658180
9264,201704234665680,PRIN,29,39,70,1265,88550.00,2017-04-23 04:06:00.656800
9265,201704234665706,PRIN,29,16,100,1265,126500.00,2017-04-23 04:06:00.657060
9266,201704234665272,PRIN,54,21,100,1270,127000.00,2017-04-23 04:06:00.652720
9267,201704234665036,PRIN,20,44,100,1272,127200.00,2017-04-23 04:06:00.650360
9268,201704234664667,PRIN,46,22,50,1270,63500.00,2017-04-23 04:06:00.646670
9269,201704234664580,PRIN,40,49,30,1274,38220.00,2017-04-23 04:06:00.645800
9270,201704234664619,PRIN,47,49,425,1274,541450.00,2017-04-23 04:06:00.646190
9271,201704234664342,PRIN,22,49,78,1270,99060.00,2017-04-23 04:06:00.643420
9272,201704234664343,PRIN,26,49,833,1266,1054578.00,2017-04-23 04:06:00.643430
9273,201704234664097,PRIN,22,49,80,1276,102080.00,2017-04-23 04:06:00.640970
9274,201704234664098,PRIN,50,49,200,1275,255000.00,2017-04-23 04:06:00.640980
9275,201704234664099,PRIN,14,49,485,1275,618375.00,2017-04-23 04:06:00.640990
9276,201704234663960,PRIN,16,49,200,1280,256000.00,2017-04-23 04:06:00.639600
9277,201704234663974,PRIN,25,49,200,1280,256000.00,2017-04-23 04:06:00.639740
9278,201704234663868,PRIN,16,47,117,1280,149760.00,2017-04-23 04:06:00.638680
9279,201704234663869,PRIN,16,16,260,1280,332800.00,2017-04-23 04:06:00.638690
9280,201704234663893,PRIN,16,49,123,1280,157440.00,2017-04-23 04:06:00.638930
9281,201704234663773,PRIN,29,16,40,1280,51200.00,2017-04-23 04:06:00.637730
9282,201704234663566,PRIN,29,36,100,1280,128000.00,2017-04-23 04:06:00.635660
9283,201704234663275,PRIN,20,45,50,1280,64000.00,2017-04-23 04:06:00.632750
9284,201704234663276,PRIN,22,45,220,1270,279400.00,2017-04-23 04:06:00.632760
9285,201704234663191,PRIN,22,17,102,1270,129540.00,2017-04-23 04:06:00.631910
9286,201704234662647,PRIN,54,55,50,1280,64000.00,2017-04-23 04:06:00.626470
9287,201704234662648,PRIN,44,55,200,1271,254200.00,2017-04-23 04:06:00.626480
9288,201704234662649,PRIN,40,55,13,1270,16510.00,2017-04-23 04:06:00.626490
9289,201704234662650,PRIN,14,55,70,1267,88690.00,2017-04-23 04:06:00.626500
9290,201704234662651,PRIN,26,55,167,1266,211422.00,2017-04-23 04:06:00.626510
9291,201704234662618,PRIN,38,49,150,1285,192750.00,2017-04-23 04:06:00.626180
9292,201704234662463,PRIN,36,49,100,1285,128500.00,2017-04-23 04:06:00.624630
9293,201704234662484,PRIN,47,26,117,1280,149760.00,2017-04-23 04:06:00.624840
9294,201704234662485,PRIN,47,49,283,1285,363655.00,2017-04-23 04:06:00.624850
9295,201704234662185,PRIN,47,53,100,1280,128000.00,2017-04-23 04:06:00.621850
9296,201704234662186,PRIN,17,53,100,1280,128000.00,2017-04-23 04:06:00.621860
9297,201704234662187,PRIN,54,53,50,1280,64000.00,2017-04-23 04:06:00.621870
9298,201704234661931,PRIN,49,49,110,1285,141350.00,2017-04-23 04:06:00.619310
9299,201704234661736,PRIN,17,17,50,1285,64250.00,2017-04-23 04:06:00.617360
9300,201704234661516,PRIN,50,20,98,1284,125832.00,2017-04-23 04:06:00.615160
9301,201704234661517,PRIN,50,5,100,1285,128500.00,2017-04-23 04:06:00.615170
9302,201704234661525,PRIN,53,56,460,1287,592020.00,2017-04-23 04:06:00.615250
9303,201704234661526,PRIN,53,8,40,1288,51520.00,2017-04-23 04:06:00.615260
9304,201704234661450,PRIN,40,36,100,1280,128000.00,2017-04-23 04:06:00.614500
9305,201704234661451,PRIN,40,20,70,1284,89880.00,2017-04-23 04:06:00.614510
9306,201704234661068,PRIN,40,38,87,1270,110490.00,2017-04-23 04:06:00.610680
9307,201704234660302,PRIN,47,22,200,1263,252600.00,2017-04-23 04:06:00.603020
9308,201704234660218,PRIN,22,34,125,1263,157875.00,2017-04-23 04:06:00.602180
9309,201704234660219,PRIN,21,34,100,1263,126300.00,2017-04-23 04:06:00.602190
9310,201704234660220,PRIN,47,34,75,1263,94725.00,2017-04-23 04:06:00.602200
9311,201704234660154,PRIN,25,38,48,1289,61872.00,2017-04-23 04:06:00.601540
9312,201704234660155,PRIN,54,1,200,1288,257600.00,2017-04-23 04:06:00.601550
9313,201704234660148,PRIN,25,53,152,1289,195928.00,2017-04-23 04:06:00.601480
9314,201704234659972,PRIN,22,34,50,1315,65750.00,2017-04-23 04:06:00.599720
9315,201704234659979,PRIN,22,46,50,1315,65750.00,2017-04-23 04:06:00.599790
9316,201704234659953,PRIN,22,34,50,1315,65750.00,2017-04-23 04:06:00.599530
9317,201704234659893,PRIN,29,26,100,1330,133000.00,2017-04-23 04:06:00.598930
9318,201704234659894,PRIN,29,11,20,1336,26720.00,2017-04-23 04:06:00.598940
9319,201704234659785,PRIN,29,25,50,1335,66750.00,2017-04-23 04:06:00.597850
9320,201704234659786,PRIN,29,37,100,1336,133600.00,2017-04-23 04:06:00.597860
9321,201704234659801,PRIN,28,13,100,1313,131300.00,2017-04-23 04:06:00.598010
9322,201704234659813,PRIN,28,11,150,1313,196950.00,2017-04-23 04:06:00.598130
9323,201704234659616,PRIN,22,10,300,1313,393900.00,2017-04-23 04:06:00.596160
9324,201704234659617,PRIN,22,25,42,1313,55146.00,2017-04-23 04:06:00.596170
9325,201704234659519,PRIN,46,8,25,1313,32825.00,2017-04-23 04:06:00.595190
9326,201704234659529,PRIN,46,25,75,1313,98475.00,2017-04-23 04:06:00.595290
9327,201704234659145,PRIN,22,8,50,1288,64400.00,2017-04-23 04:06:00.591450
9328,201704234659091,PRIN,22,8,25,1263,31575.00,2017-04-23 04:06:00.590910
9329,201704234658932,PRIN,41,8,25,1239,30975.00,2017-04-23 04:06:00.589320
9330,201704234658936,PRIN,41,8,50,1239,61950.00,2017-04-23 04:06:00.589360
9331,201704204658872,PRIN,44,42,50,1215,60750.00,2017-04-20 04:06:00.588720
9332,201704204658817,PRIN,35,22,100,1220,122000.00,2017-04-20 04:06:00.588170
9333,201704204658710,PRIN,44,5,111,1216,134976.00,2017-04-20 04:06:00.587100
9334,201704204658711,PRIN,49,5,100,1215,121500.00,2017-04-20 04:06:00.587110
9335,201704204658712,PRIN,44,5,23,1215,27945.00,2017-04-20 04:06:00.587120
9336,201704204658235,PRIN,44,21,339,1216,412224.00,2017-04-20 04:06:00.582350
9337,201704204658241,PRIN,44,21,100,1216,121600.00,2017-04-20 04:06:00.582410
9338,201704204658256,PRIN,44,37,200,1215,243000.00,2017-04-20 04:06:00.582560
9339,201704204658140,PRIN,44,34,50,1216,60800.00,2017-04-20 04:06:00.581400
9340,201704204657475,PRIN,29,38,50,1212,60600.00,2017-04-20 04:06:00.574750
9341,201704204657315,PRIN,37,37,50,1216,60800.00,2017-04-20 04:06:00.573150
9342,201704204656964,PRIN,22,22,150,1220,183000.00,2017-04-20 04:06:00.569640
9343,201704204656965,PRIN,25,22,100,1220,122000.00,2017-04-20 04:06:00.569650
9344,201704204656703,PRIN,48,55,100,1237,123700.00,2017-04-20 04:06:00.567030
9345,201704204656719,PRIN,53,17,66,1225,80850.00,2017-04-20 04:06:00.567190
9346,201704204656569,PRIN,59,55,10,1240,12400.00,2017-04-20 04:06:00.565690
9347,201704204656572,PRIN,53,36,34,1225,41650.00,2017-04-20 04:06:00.565720
9348,201704204655939,PRIN,59,49,17,1238,21046.00,2017-04-20 04:06:00.559390
9349,201704204655940,PRIN,59,57,100,1240,124000.00,2017-04-20 04:06:00.559400
9350,201704204655941,PRIN,59,38,23,1240,28520.00,2017-04-20 04:06:00.559410
9351,201704204655647,PRIN,56,42,100,1230,123000.00,2017-04-20 04:06:00.556470
9352,201704204655648,PRIN,56,21,117,1235,144495.00,2017-04-20 04:06:00.556480
9353,201704204655621,PRIN,56,38,150,1220,183000.00,2017-04-20 04:06:00.556210
9354,201704204655623,PRIN,22,38,350,1220,427000.00,2017-04-20 04:06:00.556230
9355,201704204655635,PRIN,56,16,100,1225,122500.00,2017-04-20 04:06:00.556350
9356,201704204655636,PRIN,56,51,143,1230,175890.00,2017-04-20 04:06:00.556360
9357,201704204655518,PRIN,58,35,100,1210,121000.00,2017-04-20 04:06:00.555180
9358,201704204655244,PRIN,45,49,15,1210,18150.00,2017-04-20 04:06:00.552440
9359,201704204655245,PRIN,58,49,85,1210,102850.00,2017-04-20 04:06:00.552450
9360,201704204655135,PRIN,20,44,200,1210,242000.00,2017-04-20 04:06:00.551350
9361,201704204654972,PRIN,58,20,100,1216,121600.00,2017-04-20 04:06:00.549720
9362,201704204654973,PRIN,53,20,50,1215,60750.00,2017-04-20 04:06:00.549730
9363,201704204654974,PRIN,41,20,50,1210,60500.00,2017-04-20 04:06:00.549740
9364,201704204654986,PRIN,45,20,135,1210,163350.00,2017-04-20 04:06:00.549860
9365,201704204654238,PRIN,36,51,95,1230,116850.00,2017-04-20 04:06:00.542380
9366,201704204654182,PRIN,36,20,155,1220,189100.00,2017-04-20 04:06:00.541820
9367,201704204654200,PRIN,36,33,50,1230,61500.00,2017-04-20 04:06:00.542000
9368,201704204654152,PRIN,53,49,50,1215,60750.00,2017-04-20 04:06:00.541520
9369,201704204654083,PRIN,41,22,99,1215,120285.00,2017-04-20 04:06:00.540830
9370,201704204654028,PRIN,45,22,79,1225,96775.00,2017-04-20 04:06:00.540280
9371,201704204654066,PRIN,49,20,300,1220,366000.00,2017-04-20 04:06:00.540660
9372,201704204654067,PRIN,45,20,45,1220,54900.00,2017-04-20 04:06:00.540670
9373,201704204653928,PRIN,49,37,200,1220,244000.00,2017-04-20 04:06:00.539280
9374,201704204653834,PRIN,57,13,79,1228,97012.00,2017-04-20 04:06:00.538340
9375,201704204653838,PRIN,57,22,21,1230,25830.00,2017-04-20 04:06:00.538380
9376,201704204653839,PRIN,47,22,100,1225,122500.00,2017-04-20 04:06:00.538390
9377,201704204653563,PRIN,54,13,100,1225,122500.00,2017-04-20 04:06:00.535630
9378,201704204653335,PRIN,22,22,104,1236,128544.00,2017-04-20 04:06:00.533350
9379,201704204653234,PRIN,36,36,84,1240,104160.00,2017-04-20 04:06:00.532340
9380,201704204653235,PRIN,36,55,200,1240,248000.00,2017-04-20 04:06:00.532350
9381,201704204653236,PRIN,36,28,117,1240,145080.00,2017-04-20 04:06:00.532360
9382,201704204653237,PRIN,36,34,55,1240,68200.00,2017-04-20 04:06:00.532370
9383,201704204653239,PRIN,36,13,44,1240,54560.00,2017-04-20 04:06:00.532390
9384,201704204653240,PRIN,34,13,117,1230,143910.00,2017-04-20 04:06:00.532400
9385,201704204653241,PRIN,32,13,30,1230,36900.00,2017-04-20 04:06:00.532410
9386,201704204653242,PRIN,32,13,30,1230,36900.00,2017-04-20 04:06:00.532420
9387,201704204653243,PRIN,21,13,100,1225,122500.00,2017-04-20 04:06:00.532430
9388,201704204653202,PRIN,41,22,25,1231,30775.00,2017-04-20 04:06:00.532020
9389,201704204653203,PRIN,34,22,175,1230,215250.00,2017-04-20 04:06:00.532030
9390,201704204653140,PRIN,56,45,100,1231,123100.00,2017-04-20 04:06:00.531400
9391,201704204653141,PRIN,41,44,25,1231,30775.00,2017-04-20 04:06:00.531410
9392,201704204652879,PRIN,37,59,36,1239,44604.00,2017-04-20 04:06:00.528790
9393,201704204652270,PRIN,35,42,50,1235,61750.00,2017-04-20 04:06:00.522700
9394,201704204652237,PRIN,34,44,50,1223,61150.00,2017-04-20 04:06:00.522370
9395,201704204652257,PRIN,34,26,158,1230,194340.00,2017-04-20 04:06:00.522570
9396,201704204652180,PRIN,22,44,200,1223,244600.00,2017-04-20 04:06:00.521800
9397,201704204652142,PRIN,37,38,200,1235,247000.00,2017-04-20 04:06:00.521420
9398,201704204652010,PRIN,34,20,133,1230,163590.00,2017-04-20 04:06:00.520100
9399,201704204651967,PRIN,29,17,100,1224,122400.00,2017-04-20 04:06:00.519670
9400,201704204651875,PRIN,16,20,377,1230,463710.00,2017-04-20 04:06:00.518750
9401,201704204651827,PRIN,37,20,200,1230,246000.00,2017-04-20 04:06:00.518270
9402,201704204651547,PRIN,21,20,40,1230,49200.00,2017-04-20 04:06:00.515470
9403,201704204651543,PRIN,11,20,50,1230,61500.00,2017-04-20 04:06:00.515430
9404,201704204651508,PRIN,16,20,23,1226,28198.00,2017-04-20 04:06:00.515080
9405,201704204651514,PRIN,16,5,100,1229,122900.00,2017-04-20 04:06:00.515140
9406,201704204651408,PRIN,16,20,200,1217,243400.00,2017-04-20 04:06:00.514080
9407,201704204651409,PRIN,37,20,100,1216,121600.00,2017-04-20 04:06:00.514090
9408,201704204651410,PRIN,25,20,50,1216,60800.00,2017-04-20 04:06:00.514100
9409,201704204651411,PRIN,22,20,36,1216,43776.00,2017-04-20 04:06:00.514110
9410,201704204651393,PRIN,41,20,800,1218,974400.00,2017-04-20 04:06:00.513930
9411,201704204651314,PRIN,37,37,200,1220,244000.00,2017-04-20 04:06:00.513140
9412,201704204651283,PRIN,41,33,200,1230,246000.00,2017-04-20 04:06:00.512830
9413,201704204651251,PRIN,41,39,100,1230,123000.00,2017-04-20 04:06:00.512510
9414,201704204651097,PRIN,41,20,500,1230,615000.00,2017-04-20 04:06:00.510970
9415,201704204651008,PRIN,42,20,60,1237,74220.00,2017-04-20 04:06:00.510080
9416,201704204650980,PRIN,40,20,200,1237,247400.00,2017-04-20 04:06:00.509800
9417,201704204650931,PRIN,37,28,100,1216,121600.00,2017-04-20 04:06:00.509310
9418,201704204650827,PRIN,29,26,200,1237,247400.00,2017-04-20 04:06:00.508270
9419,201704204650836,PRIN,22,20,100,1240,124000.00,2017-04-20 04:06:00.508360
9420,201704204650805,PRIN,41,44,300,1240,372000.00,2017-04-20 04:06:00.508050
9421,201704204650820,PRIN,41,26,200,1240,248000.00,2017-04-20 04:06:00.508200
9422,201704204650722,PRIN,39,37,65,1261,81965.00,2017-04-20 04:06:00.507220
9423,201704204650680,PRIN,37,37,100,1237,123700.00,2017-04-20 04:06:00.506800
9424,201704204650520,PRIN,37,37,100,1213,121300.00,2017-04-20 04:06:00.505200
9425,201704194650355,PRIN,22,8,163,1190,193970.00,2017-04-19 04:06:00.503550
9426,201704194650121,PRIN,56,53,113,1190,134470.00,2017-04-19 04:06:00.501210
9427,201704194650122,PRIN,6,53,50,1190,59500.00,2017-04-19 04:06:00.501220
9428,201704194650123,PRIN,22,53,37,1190,44030.00,2017-04-19 04:06:00.501230
9429,201704194650092,PRIN,56,44,90,1190,107100.00,2017-04-19 04:06:00.500920
9430,201704194649966,PRIN,56,53,97,1190,115430.00,2017-04-19 04:06:00.499660
9431,201704194649566,PRIN,52,56,159,1184,188256.00,2017-04-19 04:06:00.495660
9432,201704194649567,PRIN,52,39,138,1185,163530.00,2017-04-19 04:06:00.495670
9433,201704194649568,PRIN,52,34,50,1190,59500.00,2017-04-19 04:06:00.495680
9434,201704194649569,PRIN,52,34,50,1190,59500.00,2017-04-19 04:06:00.495690
9435,201704194649570,PRIN,52,53,103,1190,122570.00,2017-04-19 04:06:00.495700
9436,201704194649466,PRIN,50,56,500,1184,592000.00,2017-04-19 04:06:00.494660
9437,201704194649236,PRIN,19,37,134,1180,158120.00,2017-04-19 04:06:00.492360
9438,201704194649237,PRIN,19,38,500,1184,592000.00,2017-04-19 04:06:00.492370
9439,201704194649145,PRIN,56,57,100,1180,118000.00,2017-04-19 04:06:00.491450
9440,201704194649146,PRIN,56,37,100,1180,118000.00,2017-04-19 04:06:00.491460
9441,201704194648549,PRIN,49,55,200,1180,236000.00,2017-04-19 04:06:00.485490
9442,201704194648399,PRIN,26,17,200,1180,236000.00,2017-04-19 04:06:00.483990
9443,201704194648349,PRIN,26,41,80,1170,93600.00,2017-04-19 04:06:00.483490
9444,201704194648285,PRIN,50,41,100,1170,117000.00,2017-04-19 04:06:00.482850
9445,201704194648227,PRIN,41,41,50,1170,58500.00,2017-04-19 04:06:00.482270
9446,201704194648217,PRIN,43,39,93,1165,108345.00,2017-04-19 04:06:00.482170
9447,201704194648093,PRIN,1,41,30,1170,35100.00,2017-04-19 04:06:00.480930
9448,201704194647874,PRIN,22,41,200,1170,234000.00,2017-04-19 04:06:00.478740
9449,201704194647407,PRIN,57,55,200,1170,234000.00,2017-04-19 04:06:00.474070
9450,201704194647408,PRIN,34,55,50,1170,58500.00,2017-04-19 04:06:00.474080
9451,201704194646898,PRIN,41,55,150,1170,175500.00,2017-04-19 04:06:00.468980
9452,201704194646307,PRIN,20,20,500,1188,594000.00,2017-04-19 04:06:00.463070
9453,201704194646272,PRIN,20,1,10,1165,11650.00,2017-04-19 04:06:00.462720
9454,201704194646273,PRIN,20,55,100,1170,117000.00,2017-04-19 04:06:00.462730
9455,201704194646274,PRIN,20,50,25,1180,29500.00,2017-04-19 04:06:00.462740
9456,201704194646212,PRIN,16,55,100,1170,117000.00,2017-04-19 04:06:00.462120
9457,201704194645947,PRIN,37,42,200,1169,233800.00,2017-04-19 04:06:00.459470
9458,201704194645902,PRIN,19,17,40,1164,46560.00,2017-04-19 04:06:00.459020
9459,201704194645903,PRIN,19,32,250,1165,291250.00,2017-04-19 04:06:00.459030
9460,201704194645867,PRIN,46,55,200,1162,232400.00,2017-04-19 04:06:00.458670
9461,201704194645780,PRIN,20,35,100,1155,115500.00,2017-04-19 04:06:00.457800
9462,201704194645781,PRIN,20,38,283,1160,328280.00,2017-04-19 04:06:00.457810
9463,201704194645360,PRIN,53,38,364,1145,416780.00,2017-04-19 04:06:00.453600
9464,201704194645361,PRIN,21,38,100,1145,114500.00,2017-04-19 04:06:00.453610
9465,201704194645369,PRIN,33,38,26,1140,29640.00,2017-04-19 04:06:00.453690
9466,201704194645370,PRIN,41,38,50,1140,57000.00,2017-04-19 04:06:00.453700
9467,201704194645371,PRIN,41,38,100,1140,114000.00,2017-04-19 04:06:00.453710
9468,201704194645132,PRIN,53,40,100,1145,114500.00,2017-04-19 04:06:00.451320
9469,201704194645098,PRIN,53,16,100,1145,114500.00,2017-04-19 04:06:00.450980
9470,201704194645081,PRIN,53,8,12,1145,13740.00,2017-04-19 04:06:00.450810
9471,201704194645065,PRIN,33,53,100,1150,115000.00,2017-04-19 04:06:00.450650
9472,201704194645070,PRIN,45,8,50,1146,57300.00,2017-04-19 04:06:00.450700
9473,201704194645071,PRIN,53,8,200,1146,229200.00,2017-04-19 04:06:00.450710
9474,201704194645034,PRIN,33,40,100,1150,115000.00,2017-04-19 04:06:00.450340
9475,201704194644976,PRIN,11,17,75,1152,86400.00,2017-04-19 04:06:00.449760
9476,201704194644852,PRIN,26,36,200,1169,233800.00,2017-04-19 04:06:00.448520
9477,201704194644853,PRIN,36,36,100,1168,116800.00,2017-04-19 04:06:00.448530
9478,201704194644794,PRIN,22,49,50,1175,58750.00,2017-04-19 04:06:00.447940
9479,201704194644795,PRIN,26,49,100,1170,117000.00,2017-04-19 04:06:00.447950
9480,201704194644804,PRIN,47,49,50,1170,58500.00,2017-04-19 04:06:00.448040
9481,201704194644805,PRIN,47,50,450,1180,531000.00,2017-04-19 04:06:00.448050
9482,201704194644733,PRIN,53,10,140,1178,164920.00,2017-04-19 04:06:00.447330
9483,201704194644734,PRIN,53,32,200,1179,235800.00,2017-04-19 04:06:00.447340
9484,201704194644735,PRIN,53,53,384,1179,452736.00,2017-04-19 04:06:00.447350
9485,201704194644648,PRIN,10,17,200,1177,235400.00,2017-04-19 04:06:00.446480
9486,201704194644586,PRIN,21,46,150,1176,176400.00,2017-04-19 04:06:00.445860
9487,201704194644316,PRIN,44,37,350,1175,411250.00,2017-04-19 04:06:00.443160
9488,201704194644317,PRIN,22,37,150,1175,176250.00,2017-04-19 04:06:00.443170
9489,201704194644215,PRIN,22,20,150,1180,177000.00,2017-04-19 04:06:00.442150
9490,201704194644216,PRIN,44,20,150,1175,176250.00,2017-04-19 04:06:00.442160
9491,201704194643875,PRIN,53,44,200,1190,238000.00,2017-04-19 04:06:00.438750
9492,201704194643876,PRIN,53,20,500,1191,595500.00,2017-04-19 04:06:00.438760
9493,201704194643624,PRIN,26,7,1300,1160,1508000.00,2017-04-19 04:06:00.436240
9494,201704194643629,PRIN,26,19,200,1168,233600.00,2017-04-19 04:06:00.436290
9495,201704194643602,PRIN,37,52,234,1150,269100.00,2017-04-19 04:06:00.436020
9496,201704194643574,PRIN,16,22,200,1146,229200.00,2017-04-19 04:06:00.435740
9497,201704194643522,PRIN,33,7,94,1140,107160.00,2017-04-19 04:06:00.435220
9498,201704194643528,PRIN,20,7,50,1140,57000.00,2017-04-19 04:06:00.435280
9499,201704194643529,PRIN,20,7,50,1140,57000.00,2017-04-19 04:06:00.435290
9500,201704194643462,PRIN,25,45,200,1130,226000.00,2017-04-19 04:06:00.434620
9501,201704194643427,PRIN,41,17,90,1130,101700.00,2017-04-19 04:06:00.434270
9502,201704194643374,PRIN,37,45,70,1125,78750.00,2017-04-19 04:06:00.433740
9503,201704194643297,PRIN,25,17,10,1130,11300.00,2017-04-19 04:06:00.432970
9504,201704184642893,PRIN,53,52,85,1130,96050.00,2017-04-18 04:06:00.428930
9505,201704184642093,PRIN,48,22,70,1130,79100.00,2017-04-18 04:06:00.420930
9506,201704184641644,PRIN,50,19,100,1125,112500.00,2017-04-18 04:06:00.416440
9507,201704184641520,PRIN,37,35,50,1127,56350.00,2017-04-18 04:06:00.415200
9508,201704184641521,PRIN,16,35,15,1125,16875.00,2017-04-18 04:06:00.415210
9509,201704184641522,PRIN,50,35,85,1125,95625.00,2017-04-18 04:06:00.415220
9510,201704184641309,PRIN,33,45,20,1130,22600.00,2017-04-18 04:06:00.413090
9511,201704184641310,PRIN,33,22,30,1130,33900.00,2017-04-18 04:06:00.413100
9512,201704184641056,PRIN,45,45,50,1130,56500.00,2017-04-18 04:06:00.410560
9513,201704184640997,PRIN,45,43,50,1130,56500.00,2017-04-18 04:06:00.409970
9514,201704184640298,PRIN,17,29,250,1152,288000.00,2017-04-18 04:06:00.402980
9515,201704184640299,PRIN,20,29,100,1152,115200.00,2017-04-18 04:06:00.402990
9516,201704184640273,PRIN,17,41,50,1152,57600.00,2017-04-18 04:06:00.402730
9517,201704184640099,PRIN,17,37,133,1165,154945.00,2017-04-18 04:06:00.400990
9518,201704184639968,PRIN,55,58,300,1166,349800.00,2017-04-18 04:06:00.399680
9519,201704184639969,PRIN,17,58,17,1165,19805.00,2017-04-18 04:06:00.399690
9520,201704184639569,PRIN,38,21,86,1185,101910.00,2017-04-18 04:06:00.395690
9521,201704184639534,PRIN,47,20,250,1180,295000.00,2017-04-18 04:06:00.395340
9522,201704184639065,PRIN,53,53,10,1152,11520.00,2017-04-18 04:06:00.390650
9523,201704184639072,PRIN,53,29,300,1155,346500.00,2017-04-18 04:06:00.390720
9524,201704184639088,PRIN,53,50,72,1160,83520.00,2017-04-18 04:06:00.390880
9525,201704184639092,PRIN,53,51,80,1162,92960.00,2017-04-18 04:06:00.390920
9526,201704184638528,PRIN,55,35,50,1150,57500.00,2017-04-18 04:06:00.385280
9527,201704184638536,PRIN,50,41,100,1130,113000.00,2017-04-18 04:06:00.385360
9528,201704184638484,PRIN,55,5,150,1149,172350.00,2017-04-18 04:06:00.384840
9529,201704184638387,PRIN,16,47,50,1137,56850.00,2017-04-18 04:06:00.383870
9530,201704184638388,PRIN,16,34,35,1143,40005.00,2017-04-18 04:06:00.383880
9531,201704184638304,PRIN,22,22,50,1121,56050.00,2017-04-18 04:06:00.383040
9532,201704184638283,PRIN,45,58,270,1125,303750.00,2017-04-18 04:06:00.382830
9533,201704184638226,PRIN,37,10,528,1120,591360.00,2017-04-18 04:06:00.382260
9534,201704184638242,PRIN,20,21,170,1125,191250.00,2017-04-18 04:06:00.382420
9535,201704184638243,PRIN,20,58,30,1125,33750.00,2017-04-18 04:06:00.382430
9536,201704184638159,PRIN,53,55,200,1119,223800.00,2017-04-18 04:06:00.381590
9537,201704184638160,PRIN,53,22,100,1119,111900.00,2017-04-18 04:06:00.381600
9538,201704184638161,PRIN,53,47,100,1119,111900.00,2017-04-18 04:06:00.381610
9539,201704184638124,PRIN,41,51,200,1118,223600.00,2017-04-18 04:06:00.381240
9540,201704184638145,PRIN,53,51,287,1118,320866.00,2017-04-18 04:06:00.381450
9541,201704184638026,PRIN,13,51,100,1118,111800.00,2017-04-18 04:06:00.380260
9542,201704184637973,PRIN,20,51,77,1115,85855.00,2017-04-18 04:06:00.379730
9543,201704184637974,PRIN,20,51,323,1118,361114.00,2017-04-18 04:06:00.379740
9544,201704184637988,PRIN,20,51,200,1118,223600.00,2017-04-18 04:06:00.379880
9545,201704184637960,PRIN,50,51,200,1118,223600.00,2017-04-18 04:06:00.379600
9546,201704184637735,PRIN,20,26,500,1118,559000.00,2017-04-18 04:06:00.377350
9547,201704184637650,PRIN,17,56,10,1108,11080.00,2017-04-18 04:06:00.376500
9548,201704184637651,PRIN,37,56,90,1107,99630.00,2017-04-18 04:06:00.376510
9549,201704184637370,PRIN,37,22,20,1110,22200.00,2017-04-18 04:06:00.373700
9550,201704184637371,PRIN,26,22,100,1107,110700.00,2017-04-18 04:06:00.373710
9551,201704184637372,PRIN,22,22,203,1106,224518.00,2017-04-18 04:06:00.373720
9552,201704184637388,PRIN,16,45,30,1105,33150.00,2017-04-18 04:06:00.373880
9553,201704184637261,PRIN,41,51,100,1124,112400.00,2017-04-18 04:06:00.372610
9554,201704184637211,PRIN,55,5,50,1115,55750.00,2017-04-18 04:06:00.372110
9555,201704184637212,PRIN,55,46,50,1120,56000.00,2017-04-18 04:06:00.372120
9556,201704184637213,PRIN,55,51,50,1124,56200.00,2017-04-18 04:06:00.372130
9557,201704184637167,PRIN,37,56,80,1110,88800.00,2017-04-18 04:06:00.371670
9558,201704184637064,PRIN,37,55,165,1110,183150.00,2017-04-18 04:06:00.370640
9559,201704184637088,PRIN,41,55,50,1110,55500.00,2017-04-18 04:06:00.370880
9560,201704184637089,PRIN,41,43,50,1110,55500.00,2017-04-18 04:06:00.370890
9561,201704184637020,PRIN,19,55,14,1110,15540.00,2017-04-18 04:06:00.370200
9562,201704184636966,PRIN,39,55,100,1110,111000.00,2017-04-18 04:06:00.369660
9563,201704184636892,PRIN,44,55,200,1116,223200.00,2017-04-18 04:06:00.368920
9564,201704184636893,PRIN,41,55,16,1115,17840.00,2017-04-18 04:06:00.368930
9565,201704184636894,PRIN,1,55,50,1115,55750.00,2017-04-18 04:06:00.368940
9566,201704184636895,PRIN,48,55,20,1115,22300.00,2017-04-18 04:06:00.368950
9567,201704184636896,PRIN,59,55,100,1112,111200.00,2017-04-18 04:06:00.368960
9568,201704184636897,PRIN,26,55,100,1111,111100.00,2017-04-18 04:06:00.368970
9569,201704184636898,PRIN,53,55,150,1110,166500.00,2017-04-18 04:06:00.368980
9570,201704184636899,PRIN,11,55,35,1110,38850.00,2017-04-18 04:06:00.368990
9571,201704184636090,PRIN,41,42,30,1115,33450.00,2017-04-18 04:06:00.360900
9572,201704184636004,PRIN,41,57,39,1115,43485.00,2017-04-18 04:06:00.360040
9573,201704184636038,PRIN,41,42,15,1115,16725.00,2017-04-18 04:06:00.360380
9574,201704184635813,PRIN,41,3,100,1115,111500.00,2017-04-18 04:06:00.358130
9575,201704184635539,PRIN,53,6,50,1110,55500.00,2017-04-18 04:06:00.355390
9576,201704184635448,PRIN,50,1,22,1125,24750.00,2017-04-18 04:06:00.354480
9577,201704184635354,PRIN,45,22,100,1127,112700.00,2017-04-18 04:06:00.353540
9578,201704184635257,PRIN,36,40,16,1105,17680.00,2017-04-18 04:06:00.352570
9579,201704184635258,PRIN,16,40,54,1105,59670.00,2017-04-18 04:06:00.352580
9580,201704184635202,PRIN,20,41,100,1106,110600.00,2017-04-18 04:06:00.352020
9581,201704184635203,PRIN,36,41,17,1105,18785.00,2017-04-18 04:06:00.352030
9582,201704184634999,PRIN,22,34,140,1120,156800.00,2017-04-18 04:06:00.349990
9583,201704184635000,PRIN,20,34,200,1109,221800.00,2017-04-18 04:06:00.350000
9584,201704184635001,PRIN,38,34,100,1108,110800.00,2017-04-18 04:06:00.350010
9585,201704184634925,PRIN,1,56,90,1131,101790.00,2017-04-18 04:06:00.349250
9586,201704184634926,PRIN,17,56,50,1127,56350.00,2017-04-18 04:06:00.349260
9587,201704184634927,PRIN,22,56,60,1120,67200.00,2017-04-18 04:06:00.349270
9588,201704184634890,PRIN,8,13,100,1132,113200.00,2017-04-18 04:06:00.348900
9589,201704184634891,PRIN,1,13,100,1131,113100.00,2017-04-18 04:06:00.348910
9590,201704184634673,PRIN,59,39,40,1135,45400.00,2017-04-18 04:06:00.346730
9591,201704184634674,PRIN,42,39,50,1131,56550.00,2017-04-18 04:06:00.346740
9592,201704184634675,PRIN,1,39,10,1131,11310.00,2017-04-18 04:06:00.346750
9593,201704184634428,PRIN,25,10,40,1160,46400.00,2017-04-18 04:06:00.344280
9594,201704184634429,PRIN,46,10,50,1150,57500.00,2017-04-18 04:06:00.344290
9595,201704184634392,PRIN,51,41,40,1161,46440.00,2017-04-18 04:06:00.343920
9596,201704184634393,PRIN,25,41,60,1160,69600.00,2017-04-18 04:06:00.343930
9597,201704184634319,PRIN,17,50,100,1162,116200.00,2017-04-18 04:06:00.343190
9598,201704184634320,PRIN,51,50,200,1161,232200.00,2017-04-18 04:06:00.343200
9599,201704184634219,PRIN,20,11,200,1173,234600.00,2017-04-18 04:06:00.342190
9600,201704184634132,PRIN,51,53,200,1161,232200.00,2017-04-18 04:06:00.341320
9601,201704184634134,PRIN,51,51,60,1161,69660.00,2017-04-18 04:06:00.341340
9602,201704184634161,PRIN,17,39,93,1170,108810.00,2017-04-18 04:06:00.341610
9603,201704184634183,PRIN,17,22,50,1170,58500.00,2017-04-18 04:06:00.341830
9604,201704184633848,PRIN,8,22,120,1160,139200.00,2017-04-18 04:06:00.338480
9605,201704184633780,PRIN,36,22,30,1160,34800.00,2017-04-18 04:06:00.337800
9606,201704184633715,PRIN,20,19,257,1150,295550.00,2017-04-18 04:06:00.337150
9607,201704184633719,PRIN,20,26,300,1160,348000.00,2017-04-18 04:06:00.337190
9608,201704184633720,PRIN,20,26,200,1160,232000.00,2017-04-18 04:06:00.337200
9609,201704184633706,PRIN,20,53,57,1150,65550.00,2017-04-18 04:06:00.337060
9610,201704184633707,PRIN,20,19,43,1150,49450.00,2017-04-18 04:06:00.337070
9611,201704184633614,PRIN,36,3,20,1149,22980.00,2017-04-18 04:06:00.336140
9612,201704184633615,PRIN,36,53,64,1149,73536.00,2017-04-18 04:06:00.336150
9613,201704184633561,PRIN,42,35,100,1131,113100.00,2017-04-18 04:06:00.335610
9614,201704184633565,PRIN,42,26,50,1131,56550.00,2017-04-18 04:06:00.335650
9615,201704184633408,PRIN,46,48,50,1115,55750.00,2017-04-18 04:06:00.334080
9616,201704184633418,PRIN,5,50,200,1125,225000.00,2017-04-18 04:06:00.334180
9617,201704184633433,PRIN,20,42,200,1130,226000.00,2017-04-18 04:06:00.334330
9618,201704184633364,PRIN,17,50,100,1125,112500.00,2017-04-18 04:06:00.333640
9619,201704184633382,PRIN,58,50,200,1125,225000.00,2017-04-18 04:06:00.333820
9620,201704184633320,PRIN,17,7,100,1119,111900.00,2017-04-18 04:06:00.333200
9621,201704184633321,PRIN,17,43,100,1120,112000.00,2017-04-18 04:06:00.333210
9622,201704184633338,PRIN,17,19,100,1122,112200.00,2017-04-18 04:06:00.333380
9623,201704184633239,PRIN,49,41,50,1105,55250.00,2017-04-18 04:06:00.332390
9624,201704184633243,PRIN,36,41,67,1105,74035.00,2017-04-18 04:06:00.332430
9625,201704184633128,PRIN,37,51,20,1127,22540.00,2017-04-18 04:06:00.331280
9626,201704184633026,PRIN,33,17,50,1130,56500.00,2017-04-18 04:06:00.330260
9627,201704184632868,PRIN,20,53,20,1150,23000.00,2017-04-18 04:06:00.328680
9628,201704164632496,PRIN,53,39,100,1166,116600.00,2017-04-16 04:06:00.324960
9629,201704164632010,PRIN,34,11,30,1161,34830.00,2017-04-16 04:06:00.320100
9630,201704164631961,PRIN,46,35,130,1177,153010.00,2017-04-16 04:06:00.319610
9631,201704164631920,PRIN,44,51,90,1161,104490.00,2017-04-16 04:06:00.319200
9632,201704164631931,PRIN,58,11,20,1177,23540.00,2017-04-16 04:06:00.319310
9633,201704164631848,PRIN,10,35,300,1175,352500.00,2017-04-16 04:06:00.318480
9634,201704164631239,PRIN,44,43,50,1177,58850.00,2017-04-16 04:06:00.312390
9635,201704164631014,PRIN,25,21,50,1177,58850.00,2017-04-16 04:06:00.310140
9636,201704164631015,PRIN,44,21,250,1177,294250.00,2017-04-16 04:06:00.310150
9637,201704164630973,PRIN,37,39,100,1190,119000.00,2017-04-16 04:06:00.309730
9638,201704164630989,PRIN,37,21,100,1180,118000.00,2017-04-16 04:06:00.309890
9639,201704164630912,PRIN,10,53,69,1200,82800.00,2017-04-16 04:06:00.309120
9640,201704164630857,PRIN,10,34,100,1200,120000.00,2017-04-16 04:06:00.308570
9641,201704164630724,PRIN,10,49,54,1200,64800.00,2017-04-16 04:06:00.307240
9642,201704164630616,PRIN,10,38,50,1200,60000.00,2017-04-16 04:06:00.306160
9643,201704164630487,PRIN,10,25,50,1200,60000.00,2017-04-16 04:06:00.304870
9644,201704164630464,PRIN,55,1,100,1202,120200.00,2017-04-16 04:06:00.304640
9645,201704164630481,PRIN,19,1,10,1201,12010.00,2017-04-16 04:06:00.304810
9646,201704164630482,PRIN,46,1,30,1201,36030.00,2017-04-16 04:06:00.304820
9647,201704164630483,PRIN,41,1,183,1200,219600.00,2017-04-16 04:06:00.304830
9648,201704164630484,PRIN,10,1,177,1200,212400.00,2017-04-16 04:06:00.304840
9649,201704164630142,PRIN,6,1,20,1210,24200.00,2017-04-16 04:06:00.301420
9650,201704164630143,PRIN,7,1,13,1201,15613.00,2017-04-16 04:06:00.301430
9651,201704164630144,PRIN,41,1,17,1200,20400.00,2017-04-16 04:06:00.301440
9652,201704164629889,PRIN,17,20,100,1200,120000.00,2017-04-16 04:06:00.298890
9653,201704164629509,PRIN,41,21,55,1225,67375.00,2017-04-16 04:06:00.295090
9654,201704164629510,PRIN,41,21,100,1210,121000.00,2017-04-16 04:06:00.295100
9655,201704164629390,PRIN,25,19,100,1227,122700.00,2017-04-16 04:06:00.293900
9656,201704164629391,PRIN,7,19,100,1226,122600.00,2017-04-16 04:06:00.293910
9657,201704164629299,PRIN,29,50,25,1230,30750.00,2017-04-16 04:06:00.292990
9658,201704164629310,PRIN,29,13,128,1230,157440.00,2017-04-16 04:06:00.293100
9659,201704164629285,PRIN,25,29,43,1230,52890.00,2017-04-16 04:06:00.292850
9660,201704164629287,PRIN,25,29,10,1230,12300.00,2017-04-16 04:06:00.292870
9661,201704164629288,PRIN,29,29,147,1230,180810.00,2017-04-16 04:06:00.292880
9662,201704164629253,PRIN,25,39,90,1230,110700.00,2017-04-16 04:06:00.292530
9663,201704164629150,PRIN,55,32,13,1233,16029.00,2017-04-16 04:06:00.291500
9664,201704164629151,PRIN,35,32,30,1232,36960.00,2017-04-16 04:06:00.291510
9665,201704164629152,PRIN,25,32,57,1230,70110.00,2017-04-16 04:06:00.291520
9666,201704164629024,PRIN,55,34,37,1233,45621.00,2017-04-16 04:06:00.290240
9667,201704164629003,PRIN,10,33,100,1234,123400.00,2017-04-16 04:06:00.290030
9668,201704164628728,PRIN,10,10,210,1240,260400.00,2017-04-16 04:06:00.287280
9669,201704164628642,PRIN,44,21,50,1235,61750.00,2017-04-16 04:06:00.286420
9670,201704164628276,PRIN,34,40,100,1235,123500.00,2017-04-16 04:06:00.282760
9671,201704164627194,PRIN,22,7,40,1250,50000.00,2017-04-16 04:06:00.271940
9672,201704164627195,PRIN,6,7,50,1250,62500.00,2017-04-16 04:06:00.271950
9673,201704164627076,PRIN,6,16,50,1250,62500.00,2017-04-16 04:06:00.270760
9674,201704164627077,PRIN,6,14,50,1250,62500.00,2017-04-16 04:06:00.270770
9675,201704164627078,PRIN,6,40,50,1250,62500.00,2017-04-16 04:06:00.270780
9676,201704164627017,PRIN,22,29,160,1247,199520.00,2017-04-16 04:06:00.270170
9677,201704164627018,PRIN,22,48,200,1248,249600.00,2017-04-16 04:06:00.270180
9678,201704164627007,PRIN,18,19,50,1246,62300.00,2017-04-16 04:06:00.270070
9679,201704164626981,PRIN,53,22,35,1245,43575.00,2017-04-16 04:06:00.269810
9680,201704164626861,PRIN,10,22,15,1245,18675.00,2017-04-16 04:06:00.268610
9681,201704164626766,PRIN,16,16,200,1240,248000.00,2017-04-16 04:06:00.267660
9682,201704164626787,PRIN,10,37,500,1245,622500.00,2017-04-16 04:06:00.267870
9683,201704164626788,PRIN,10,13,85,1245,105825.00,2017-04-16 04:06:00.267880
9684,201704164625966,PRIN,1,29,40,1247,49880.00,2017-04-16 04:06:00.259660
9685,201704164625794,PRIN,51,37,50,1250,62500.00,2017-04-16 04:06:00.257940
9686,201704164625615,PRIN,25,10,100,1256,125600.00,2017-04-16 04:06:00.256150
9687,201704164625628,PRIN,25,1,200,1256,251200.00,2017-04-16 04:06:00.256280
9688,201704164625638,PRIN,35,1,30,1255,37650.00,2017-04-16 04:06:00.256380
9689,201704164625639,PRIN,48,1,250,1251,312750.00,2017-04-16 04:06:00.256390
9690,201704164625593,PRIN,51,34,200,1260,252000.00,2017-04-16 04:06:00.255930
9691,201704164625434,PRIN,20,22,100,1260,126000.00,2017-04-16 04:06:00.254340
9692,201704134624716,PRIN,44,1,50,1251,62550.00,2017-04-13 04:06:00.247160
9693,201704134624717,PRIN,44,46,100,1255,125500.00,2017-04-13 04:06:00.247170
9694,201704134624718,PRIN,44,7,100,1255,125500.00,2017-04-13 04:06:00.247180
9695,201704134624602,PRIN,25,33,12,1251,15012.00,2017-04-13 04:06:00.246020
9696,201704134624603,PRIN,10,33,10,1251,12510.00,2017-04-13 04:06:00.246030
9697,201704134624604,PRIN,20,33,13,1245,16185.00,2017-04-13 04:06:00.246040
9698,201704134624605,PRIN,50,33,35,1245,43575.00,2017-04-13 04:06:00.246050
9699,201704134624208,PRIN,52,1,100,1252,125200.00,2017-04-13 04:06:00.242080
9700,201704134624209,PRIN,52,46,50,1255,62750.00,2017-04-13 04:06:00.242090
9701,201704134624046,PRIN,10,46,100,1255,125500.00,2017-04-13 04:06:00.240460
9702,201704134624081,PRIN,13,46,150,1255,188250.00,2017-04-13 04:06:00.240810
9703,201704134623985,PRIN,10,40,50,1251,62550.00,2017-04-13 04:06:00.239850
9704,201704134623807,PRIN,5,7,100,1252,125200.00,2017-04-13 04:06:00.238070
9705,201704134623820,PRIN,10,26,100,1251,125100.00,2017-04-13 04:06:00.238200
9706,201704134623822,PRIN,10,7,140,1251,175140.00,2017-04-13 04:06:00.238220
9707,201704134623104,PRIN,34,51,34,1255,42670.00,2017-04-13 04:06:00.231040
9708,201704134623092,PRIN,38,36,10,1251,12510.00,2017-04-13 04:06:00.230920
9709,201704134623093,PRIN,42,36,202,1251,252702.00,2017-04-13 04:06:00.230930
9710,201704134623094,PRIN,25,36,88,1251,110088.00,2017-04-13 04:06:00.230940
9711,201704134623027,PRIN,42,28,98,1251,122598.00,2017-04-13 04:06:00.230270
9712,201704134622826,PRIN,38,8,20,1251,25020.00,2017-04-13 04:06:00.228260
9713,201704134622831,PRIN,38,8,20,1251,25020.00,2017-04-13 04:06:00.228310
9714,201704134622703,PRIN,45,51,50,1255,62750.00,2017-04-13 04:06:00.227030
9715,201704134622386,PRIN,38,22,150,1251,187650.00,2017-04-13 04:06:00.223860
9716,201704134622049,PRIN,26,40,150,1250,187500.00,2017-04-13 04:06:00.220490
9717,201704134621916,PRIN,26,46,300,1250,375000.00,2017-04-13 04:06:00.219160
9718,201704134621906,PRIN,40,6,10,1250,12500.00,2017-04-13 04:06:00.219060
9719,201704134621907,PRIN,26,6,40,1250,50000.00,2017-04-13 04:06:00.219070
9720,201704134621782,PRIN,33,51,16,1259,20144.00,2017-04-13 04:06:00.217820
9721,201704134621341,PRIN,52,34,50,1260,63000.00,2017-04-13 04:06:00.213410
9722,201704134621230,PRIN,52,5,144,1260,181440.00,2017-04-13 04:06:00.212300
9723,201704134621252,PRIN,45,5,100,1260,126000.00,2017-04-13 04:06:00.212520
9724,201704134621192,PRIN,34,1,40,1262,50480.00,2017-04-13 04:06:00.211920
9725,201704134621199,PRIN,34,5,90,1262,113580.00,2017-04-13 04:06:00.211990
9726,201704134621165,PRIN,38,7,30,1263,37890.00,2017-04-13 04:06:00.211650
9727,201704134621166,PRIN,34,7,70,1262,88340.00,2017-04-13 04:06:00.211660
9728,201704134620606,PRIN,38,41,20,1263,25260.00,2017-04-13 04:06:00.206060
9729,201704134620548,PRIN,19,57,100,1265,126500.00,2017-04-13 04:06:00.205480
9730,201704134620549,PRIN,4,57,20,1264,25280.00,2017-04-13 04:06:00.205490
9731,201704134620550,PRIN,38,57,50,1263,63150.00,2017-04-13 04:06:00.205500
9732,201704134619996,PRIN,38,53,167,1285,214595.00,2017-04-13 04:06:00.199960
9733,201704134619631,PRIN,29,58,50,1274,63700.00,2017-04-13 04:06:00.196310
9734,201704134619632,PRIN,29,8,20,1275,25500.00,2017-04-13 04:06:00.196320
9735,201704134619591,PRIN,52,41,21,1260,26460.00,2017-04-13 04:06:00.195910
9736,201704134619572,PRIN,33,55,50,1259,62950.00,2017-04-13 04:06:00.195720
9737,201704134619538,PRIN,33,45,234,1255,293670.00,2017-04-13 04:06:00.195380
9738,201704134619539,PRIN,33,26,300,1259,377700.00,2017-04-13 04:06:00.195390
9739,201704134619449,PRIN,52,42,58,1250,72500.00,2017-04-13 04:06:00.194490
9740,201704134619390,PRIN,40,51,50,1250,62500.00,2017-04-13 04:06:00.193900
9741,201704134619400,PRIN,40,51,40,1250,50000.00,2017-04-13 04:06:00.194000
9742,201704134619183,PRIN,20,47,12,1245,14940.00,2017-04-13 04:06:00.191830
9743,201704134619184,PRIN,25,52,100,1249,124900.00,2017-04-13 04:06:00.191840
9744,201704134618793,PRIN,20,25,25,1245,31125.00,2017-04-13 04:06:00.187930
9745,201704134618543,PRIN,20,25,100,1244,124400.00,2017-04-13 04:06:00.185430
9746,201704134618544,PRIN,20,6,350,1245,435750.00,2017-04-13 04:06:00.185440
9747,201704134618481,PRIN,25,21,50,1242,62100.00,2017-04-13 04:06:00.184810
9748,201704134618482,PRIN,10,21,50,1240,62000.00,2017-04-13 04:06:00.184820
9749,201704134618454,PRIN,10,33,100,1240,124000.00,2017-04-13 04:06:00.184540
9750,201704134618031,PRIN,20,37,30,1245,37350.00,2017-04-13 04:06:00.180310
9751,201704134618032,PRIN,47,37,50,1245,62250.00,2017-04-13 04:06:00.180320
9752,201704134617948,PRIN,20,37,70,1245,87150.00,2017-04-13 04:06:00.179480
9753,201704134617751,PRIN,20,48,150,1245,186750.00,2017-04-13 04:06:00.177510
9754,201704134617699,PRIN,20,48,150,1245,186750.00,2017-04-13 04:06:00.176990
9755,201704134617609,PRIN,20,50,308,1250,385000.00,2017-04-13 04:06:00.176090
9756,201704134617432,PRIN,20,14,100,1245,124500.00,2017-04-13 04:06:00.174320
9757,201704134617309,PRIN,26,41,29,1260,36540.00,2017-04-13 04:06:00.173090
9758,201704134617345,PRIN,41,28,100,1255,125500.00,2017-04-13 04:06:00.173450
9759,201704134617346,PRIN,21,28,15,1255,18825.00,2017-04-13 04:06:00.173460
9760,201704134617347,PRIN,37,28,85,1255,106675.00,2017-04-13 04:06:00.173470
9761,201704134617376,PRIN,37,50,15,1255,18825.00,2017-04-13 04:06:00.173760
9762,201704134617377,PRIN,41,50,50,1250,62500.00,2017-04-13 04:06:00.173770
9763,201704134617378,PRIN,47,50,50,1250,62500.00,2017-04-13 04:06:00.173780
9764,201704134617379,PRIN,37,50,100,1250,125000.00,2017-04-13 04:06:00.173790
9765,201704134617284,PRIN,41,26,100,1255,125500.00,2017-04-13 04:06:00.172840
9766,201704134617292,PRIN,26,52,21,1260,26460.00,2017-04-13 04:06:00.172920
9767,201704134617248,PRIN,17,53,170,1260,214200.00,2017-04-13 04:06:00.172480
9768,201704134617249,PRIN,17,53,30,1256,37680.00,2017-04-13 04:06:00.172490
9769,201704134617097,PRIN,17,22,50,1260,63000.00,2017-04-13 04:06:00.170970
9770,201704134617102,PRIN,17,22,30,1260,37800.00,2017-04-13 04:06:00.171020
9771,201704134616896,PRIN,44,37,100,1262,126200.00,2017-04-13 04:06:00.168960
9772,201704134616618,PRIN,44,38,100,1273,127300.00,2017-04-13 04:06:00.166180
9773,201704134616318,PRIN,35,21,300,1255,376500.00,2017-04-13 04:06:00.163180
9774,201704134616277,PRIN,35,35,47,1260,59220.00,2017-04-13 04:06:00.162770
9775,201704134616177,PRIN,53,57,100,1269,126900.00,2017-04-13 04:06:00.161770
9776,201704134616060,PRIN,17,40,100,1255,125500.00,2017-04-13 04:06:00.160600
9777,201704134616070,PRIN,5,40,100,1250,125000.00,2017-04-13 04:06:00.160700
9778,201704134616083,PRIN,48,40,50,1250,62500.00,2017-04-13 04:06:00.160830
9779,201704134616086,PRIN,16,57,200,1245,249000.00,2017-04-13 04:06:00.160860
9780,201704134616087,PRIN,25,57,100,1240,124000.00,2017-04-13 04:06:00.160870
9781,201704134616103,PRIN,11,40,50,1250,62500.00,2017-04-13 04:06:00.161030
9782,201704134616044,PRIN,37,57,100,1261,126100.00,2017-04-13 04:06:00.160440
9783,201704134616045,PRIN,49,57,100,1260,126000.00,2017-04-13 04:06:00.160450
9784,201704134616055,PRIN,11,57,20,1260,25200.00,2017-04-13 04:06:00.160550
9785,201704134615763,PRIN,20,41,50,1264,63200.00,2017-04-13 04:06:00.157630
9786,201704134615559,PRIN,39,21,50,1249,62450.00,2017-04-13 04:06:00.155590
9787,201704134615573,PRIN,25,42,100,1240,124000.00,2017-04-13 04:06:00.155730
9788,201704134615505,PRIN,20,17,500,1225,612500.00,2017-04-13 04:06:00.155050
9789,201704134615453,PRIN,55,46,100,1204,120400.00,2017-04-13 04:06:00.154530
9790,201704134615315,PRIN,33,40,50,1203,60150.00,2017-04-13 04:06:00.153150
9791,201704134615268,PRIN,44,40,200,1201,240200.00,2017-04-13 04:06:00.152680
9792,201704134615173,PRIN,10,41,50,1225,61250.00,2017-04-13 04:06:00.151730
9793,201704134615188,PRIN,10,41,250,1225,306250.00,2017-04-13 04:06:00.151880
9794,201704124615125,PRIN,41,41,50,1250,62500.00,2017-04-12 04:06:00.151250
9795,201704124615007,PRIN,48,37,80,1274,101920.00,2017-04-12 04:06:00.150070
9796,201704124614795,PRIN,1,28,50,1266,63300.00,2017-04-12 04:06:00.147950
9797,201704124614715,PRIN,26,28,50,1266,63300.00,2017-04-12 04:06:00.147150
9798,201704124614381,PRIN,26,48,50,1266,63300.00,2017-04-12 04:06:00.143810
9799,201704124614454,PRIN,26,41,50,1266,63300.00,2017-04-12 04:06:00.144540
9800,201704124614269,PRIN,20,19,300,1275,382500.00,2017-04-12 04:06:00.142690
9801,201704124614270,PRIN,25,19,400,1275,510000.00,2017-04-12 04:06:00.142700
9802,201704124614293,PRIN,25,37,100,1275,127500.00,2017-04-12 04:06:00.142930
9803,201704124614321,PRIN,25,37,500,1274,637000.00,2017-04-12 04:06:00.143210
9804,201704124614220,PRIN,20,37,200,1275,255000.00,2017-04-12 04:06:00.142200
9805,201704124614042,PRIN,49,59,30,1290,38700.00,2017-04-12 04:06:00.140420
9806,201704124614072,PRIN,49,25,20,1290,25800.00,2017-04-12 04:06:00.140720
9807,201704124614073,PRIN,1,25,60,1288,77280.00,2017-04-12 04:06:00.140730
9808,201704124614100,PRIN,20,46,100,1286,128600.00,2017-04-12 04:06:00.141000
9809,201704124614101,PRIN,20,46,30,1285,38550.00,2017-04-12 04:06:00.141010
9810,201704124614102,PRIN,47,46,200,1285,257000.00,2017-04-12 04:06:00.141020
9811,201704124614103,PRIN,36,46,80,1285,102800.00,2017-04-12 04:06:00.141030
9812,201704124614104,PRIN,34,46,200,1285,257000.00,2017-04-12 04:06:00.141040
9813,201704124613852,PRIN,36,46,100,1300,130000.00,2017-04-12 04:06:00.138520
9814,201704124613887,PRIN,49,38,50,1290,64500.00,2017-04-12 04:06:00.138870
9815,201704124613673,PRIN,44,25,40,1290,51600.00,2017-04-12 04:06:00.136730
9816,201704124613674,PRIN,44,25,20,1290,25800.00,2017-04-12 04:06:00.136740
9817,201704124613675,PRIN,1,25,40,1288,51520.00,2017-04-12 04:06:00.136750
9818,201704124613649,PRIN,25,16,100,1290,129000.00,2017-04-12 04:06:00.136490
9819,201704124613496,PRIN,35,38,32,1315,42080.00,2017-04-12 04:06:00.134960
9820,201704124613497,PRIN,58,38,50,1310,65500.00,2017-04-12 04:06:00.134970
9821,201704124613498,PRIN,47,38,40,1308,52320.00,2017-04-12 04:06:00.134980
9822,201704124613499,PRIN,34,38,200,1305,261000.00,2017-04-12 04:06:00.134990
9823,201704124613500,PRIN,37,38,100,1302,130200.00,2017-04-12 04:06:00.135000
9824,201704124613501,PRIN,5,38,78,1301,101478.00,2017-04-12 04:06:00.135010
9825,201704124613580,PRIN,5,20,122,1301,158722.00,2017-04-12 04:06:00.135800
9826,201704124613581,PRIN,53,20,30,1299,38970.00,2017-04-12 04:06:00.135810
9827,201704124613582,PRIN,25,20,500,1296,648000.00,2017-04-12 04:06:00.135820
9828,201704124613583,PRIN,20,20,198,1291,255618.00,2017-04-12 04:06:00.135830
9829,201704124613445,PRIN,58,45,150,1310,196500.00,2017-04-12 04:06:00.134450
9830,201704124613374,PRIN,35,47,10,1315,13150.00,2017-04-12 04:06:00.133740
9831,201704124613425,PRIN,35,51,21,1315,27615.00,2017-04-12 04:06:00.134250
9832,201704124613104,PRIN,35,33,100,1315,131500.00,2017-04-12 04:06:00.131040
9833,201704124612845,PRIN,26,54,500,1319,659500.00,2017-04-12 04:06:00.128450
9834,201704124612846,PRIN,26,46,40,1320,52800.00,2017-04-12 04:06:00.128460
9835,201704124612847,PRIN,26,48,363,1320,479160.00,2017-04-12 04:06:00.128470
9836,201704124612738,PRIN,49,36,13,1315,17095.00,2017-04-12 04:06:00.127380
9837,201704124612739,PRIN,41,36,300,1312,393600.00,2017-04-12 04:06:00.127390
9838,201704124612747,PRIN,35,36,37,1312,48544.00,2017-04-12 04:06:00.127470
9839,201704124612714,PRIN,35,28,50,1316,65800.00,2017-04-12 04:06:00.127140
9840,201704124612715,PRIN,49,28,26,1315,34190.00,2017-04-12 04:06:00.127150
9841,201704124612623,PRIN,35,35,100,1316,131600.00,2017-04-12 04:06:00.126230
9842,201704124612648,PRIN,1,46,100,1320,132000.00,2017-04-12 04:06:00.126480
9843,201704124612437,PRIN,43,46,100,1320,132000.00,2017-04-12 04:06:00.124370
9844,201704124612395,PRIN,20,38,200,1318,263600.00,2017-04-12 04:06:00.123950
9845,201704124612396,PRIN,20,32,100,1319,131900.00,2017-04-12 04:06:00.123960
9846,201704124612397,PRIN,20,38,50,1319,65950.00,2017-04-12 04:06:00.123970
9847,201704124612398,PRIN,20,54,150,1320,198000.00,2017-04-12 04:06:00.123980
9848,201704124612406,PRIN,49,37,100,1315,131500.00,2017-04-12 04:06:00.124060
9849,201704124612418,PRIN,20,54,100,1320,132000.00,2017-04-12 04:06:00.124180
9850,201704124612419,PRIN,20,26,150,1320,198000.00,2017-04-12 04:06:00.124190
9851,201704124612144,PRIN,49,33,50,1315,65750.00,2017-04-12 04:06:00.121440
9852,201704124612089,PRIN,7,34,400,1319,527600.00,2017-04-12 04:06:00.120890
9853,201704124612090,PRIN,7,54,150,1320,198000.00,2017-04-12 04:06:00.120900
9854,201704124612070,PRIN,49,42,11,1315,14465.00,2017-04-12 04:06:00.120700
9855,201704124611946,PRIN,45,34,100,1319,131900.00,2017-04-12 04:06:00.119460
9856,201704124611851,PRIN,41,10,292,1315,383980.00,2017-04-12 04:06:00.118510
9857,201704124611646,PRIN,25,54,100,1320,132000.00,2017-04-12 04:06:00.116460
9858,201704124611244,PRIN,35,59,880,1320,1161600.00,2017-04-12 04:06:00.112440
9859,201704124611211,PRIN,41,53,200,1319,263800.00,2017-04-12 04:06:00.112110
9860,201704124611189,PRIN,41,59,100,1320,132000.00,2017-04-12 04:06:00.111890
9861,201704124611144,PRIN,20,34,200,1319,263800.00,2017-04-12 04:06:00.111440
9862,201704124611017,PRIN,16,34,500,1319,659500.00,2017-04-12 04:06:00.110170
9863,201704124610844,PRIN,33,59,100,1311,131100.00,2017-04-12 04:06:00.108440
9864,201704124610845,PRIN,26,59,97,1310,127070.00,2017-04-12 04:06:00.108450
9865,201704124610521,PRIN,33,34,100,1311,131100.00,2017-04-12 04:06:00.105210
9866,201704124610522,PRIN,17,34,200,1310,262000.00,2017-04-12 04:06:00.105220
9867,201704124610514,PRIN,21,59,20,1320,26400.00,2017-04-12 04:06:00.105140
9868,201704124610244,PRIN,37,1,500,1308,654000.00,2017-04-12 04:06:00.102440
9869,201704124610249,PRIN,37,46,300,1310,393000.00,2017-04-12 04:06:00.102490
9870,201704124609968,PRIN,33,21,50,1309,65450.00,2017-04-12 04:06:00.099680
9871,201704124609969,PRIN,33,55,150,1309,196350.00,2017-04-12 04:06:00.099690
9872,201704124609778,PRIN,47,37,100,1307,130700.00,2017-04-12 04:06:00.097780
9873,201704124609779,PRIN,47,52,60,1308,78480.00,2017-04-12 04:06:00.097790
9874,201704124609666,PRIN,53,53,384,1300,499200.00,2017-04-12 04:06:00.096660
9875,201704124609694,PRIN,36,37,200,1307,261400.00,2017-04-12 04:06:00.096940
9876,201704124609595,PRIN,53,53,200,1305,261000.00,2017-04-12 04:06:00.095950
9877,201704124609547,PRIN,36,53,200,1305,261000.00,2017-04-12 04:06:00.095470
9878,201704124609570,PRIN,34,53,200,1305,261000.00,2017-04-12 04:06:00.095700
9879,201704124609358,PRIN,20,34,338,1299,439062.00,2017-04-12 04:06:00.093580
9880,201704124609359,PRIN,20,46,300,1300,390000.00,2017-04-12 04:06:00.093590
9881,201704124608938,PRIN,53,34,50,1299,64950.00,2017-04-12 04:06:00.089380
9882,201704124608843,PRIN,33,34,112,1291,144592.00,2017-04-12 04:06:00.088430
9883,201704124608844,PRIN,26,34,500,1290,645000.00,2017-04-12 04:06:00.088440
9884,201704124608718,PRIN,25,53,100,1305,130500.00,2017-04-12 04:06:00.087180
9885,201704124608417,PRIN,39,38,103,1306,134518.00,2017-04-12 04:06:00.084170
9886,201704124608408,PRIN,39,55,100,1300,130000.00,2017-04-12 04:06:00.084080
9887,201704124607981,PRIN,48,57,100,1291,129100.00,2017-04-12 04:06:00.079810
9888,201704124608021,PRIN,48,57,100,1290,129000.00,2017-04-12 04:06:00.080210
9889,201704124608022,PRIN,51,57,40,1285,51400.00,2017-04-12 04:06:00.080220
9890,201704124608023,PRIN,25,57,25,1284,32100.00,2017-04-12 04:06:00.080230
9891,201704124607696,PRIN,20,37,300,1300,390000.00,2017-04-12 04:06:00.076960
9892,201704124607697,PRIN,25,37,100,1300,130000.00,2017-04-12 04:06:00.076970
9893,201704124607706,PRIN,21,37,103,1305,134415.00,2017-04-12 04:06:00.077060
9894,201704124607707,PRIN,21,38,97,1309,126973.00,2017-04-12 04:06:00.077070
9895,201704124607561,PRIN,20,32,100,1300,130000.00,2017-04-12 04:06:00.075610
9896,201704124607429,PRIN,25,26,100,1300,130000.00,2017-04-12 04:06:00.074290
9897,201704124607430,PRIN,25,26,300,1300,390000.00,2017-04-12 04:06:00.074300
9898,201704124607375,PRIN,25,54,200,1300,260000.00,2017-04-12 04:06:00.073750
9899,201704124607155,PRIN,25,37,100,1301,130100.00,2017-04-12 04:06:00.071550
9900,201704124607156,PRIN,20,37,397,1300,516100.00,2017-04-12 04:06:00.071560
9901,201704124607157,PRIN,25,37,500,1300,650000.00,2017-04-12 04:06:00.071570
9902,201704124607128,PRIN,25,10,100,1305,130500.00,2017-04-12 04:06:00.071280
9903,201704124607129,PRIN,38,10,47,1300,61100.00,2017-04-12 04:06:00.071290
9904,201704124607130,PRIN,20,10,53,1300,68900.00,2017-04-12 04:06:00.071300
9905,201704124607056,PRIN,52,37,300,1307,392100.00,2017-04-12 04:06:00.070560
9906,201704124607057,PRIN,48,37,200,1306,261200.00,2017-04-12 04:06:00.070570
9907,201704124606882,PRIN,25,53,83,1312,108896.00,2017-04-12 04:06:00.068820
9908,201704124606883,PRIN,25,53,80,1312,104960.00,2017-04-12 04:06:00.068830
9909,201704124606884,PRIN,37,53,220,1311,288420.00,2017-04-12 04:06:00.068840
9910,201704124606885,PRIN,17,53,100,1311,131100.00,2017-04-12 04:06:00.068850
9911,201704124606886,PRIN,26,53,300,1310,393000.00,2017-04-12 04:06:00.068860
9912,201704124606887,PRIN,38,53,20,1310,26200.00,2017-04-12 04:06:00.068870
9913,201704124606888,PRIN,38,53,20,1310,26200.00,2017-04-12 04:06:00.068880
9914,201704124606857,PRIN,22,53,93,1318,122574.00,2017-04-12 04:06:00.068570
9915,201704124606858,PRIN,10,53,100,1317,131700.00,2017-04-12 04:06:00.068580
9916,201704124606859,PRIN,13,53,200,1315,263000.00,2017-04-12 04:06:00.068590
9917,201704124606860,PRIN,25,53,100,1315,131500.00,2017-04-12 04:06:00.068600
9918,201704124606876,PRIN,25,53,17,1312,22304.00,2017-04-12 04:06:00.068760
9919,201704124606474,PRIN,22,10,491,1319,647629.00,2017-04-12 04:06:00.064740
9920,201704124606497,PRIN,22,57,40,1318,52720.00,2017-04-12 04:06:00.064970
9921,201704124606453,PRIN,22,6,167,1318,220106.00,2017-04-12 04:06:00.064530
9922,201704124606398,PRIN,25,53,100,1312,131200.00,2017-04-12 04:06:00.063980
9923,201704124606270,PRIN,25,35,200,1312,262400.00,2017-04-12 04:06:00.062700
9924,201704124606070,PRIN,13,17,10,1316,13160.00,2017-04-12 04:06:00.060700
9925,201704124606071,PRIN,25,17,100,1315,131500.00,2017-04-12 04:06:00.060710
9926,201704124606080,PRIN,29,45,300,1311,393300.00,2017-04-12 04:06:00.060800
9927,201704124606081,PRIN,37,45,80,1311,104880.00,2017-04-12 04:06:00.060810
9928,201704124605750,PRIN,13,22,50,1316,65800.00,2017-04-12 04:06:00.057500
9929,201704124605125,PRIN,20,53,350,1325,463750.00,2017-04-12 04:06:00.051250
9930,201704124605150,PRIN,25,22,200,1320,264000.00,2017-04-12 04:06:00.051500
9931,201704124605076,PRIN,11,53,150,1325,198750.00,2017-04-12 04:06:00.050760
9932,201704124605081,PRIN,20,53,300,1325,397500.00,2017-04-12 04:06:00.050810
9933,201704124605104,PRIN,20,53,50,1325,66250.00,2017-04-12 04:06:00.051040
9934,201704124604915,PRIN,41,1,100,1320,132000.00,2017-04-12 04:06:00.049150
9935,201704124604941,PRIN,20,52,100,1315,131500.00,2017-04-12 04:06:00.049410
9936,201704124604942,PRIN,20,1,100,1320,132000.00,2017-04-12 04:06:00.049420
9937,201704124604867,PRIN,25,56,200,1335,267000.00,2017-04-12 04:06:00.048670
9938,201704124604843,PRIN,25,16,100,1330,133000.00,2017-04-12 04:06:00.048430
9939,201704124604844,PRIN,25,26,100,1335,133500.00,2017-04-12 04:06:00.048440
9940,201704124604787,PRIN,25,49,170,1320,224400.00,2017-04-12 04:06:00.047870
9941,201704124604788,PRIN,25,39,100,1325,132500.00,2017-04-12 04:06:00.047880
9942,201704124604789,PRIN,25,51,100,1330,133000.00,2017-04-12 04:06:00.047890
9943,201704124604790,PRIN,26,10,700,1310,917000.00,2017-04-12 04:06:00.047900
9944,201704124604503,PRIN,49,18,200,1335,267000.00,2017-04-12 04:06:00.045030
9945,201704124604436,PRIN,25,53,500,1320,660000.00,2017-04-12 04:06:00.044360
9946,201704124604440,PRIN,17,10,100,1310,131000.00,2017-04-12 04:06:00.044400
9947,201704124604447,PRIN,25,36,200,1325,265000.00,2017-04-12 04:06:00.044470
9948,201704124604332,PRIN,25,48,100,1330,133000.00,2017-04-12 04:06:00.043320
9949,201704124604302,PRIN,25,35,1258,1345,1692010.00,2017-04-12 04:06:00.043020
9950,201704124604233,PRIN,13,10,300,1326,397800.00,2017-04-12 04:06:00.042330
9951,201704124604115,PRIN,41,53,100,1350,135000.00,2017-04-12 04:06:00.041150
9952,201704124604084,PRIN,25,37,58,1344,77952.00,2017-04-12 04:06:00.040840
9953,201704124604085,PRIN,25,53,247,1345,332215.00,2017-04-12 04:06:00.040850
9954,201704124604002,PRIN,25,10,100,1354,135400.00,2017-04-12 04:06:00.040020
9955,201704124604003,PRIN,25,56,100,1354,135400.00,2017-04-12 04:06:00.040030
9956,201704124603896,PRIN,36,37,113,1350,152550.00,2017-04-12 04:06:00.038960
9957,201704124603897,PRIN,45,37,100,1350,135000.00,2017-04-12 04:06:00.038970
9958,201704124603903,PRIN,21,37,100,1350,135000.00,2017-04-12 04:06:00.039030
9959,201704124603912,PRIN,21,20,100,1358,135800.00,2017-04-12 04:06:00.039120
9960,201704124603941,PRIN,25,37,117,1357,158769.00,2017-04-12 04:06:00.039410
9961,201704124603942,PRIN,25,20,300,1358,407400.00,2017-04-12 04:06:00.039420
9962,201704124603943,PRIN,25,37,83,1358,112714.00,2017-04-12 04:06:00.039430
9963,201704124603881,PRIN,25,10,500,1353,676500.00,2017-04-12 04:06:00.038810
9964,201704124603886,PRIN,51,20,100,1358,135800.00,2017-04-12 04:06:00.038860
9965,201704124603828,PRIN,25,44,500,1352,676000.00,2017-04-12 04:06:00.038280
9966,201704124603829,PRIN,25,8,20,1352,27040.00,2017-04-12 04:06:00.038290
9967,201704124603778,PRIN,51,35,15,1326,19890.00,2017-04-12 04:06:00.037780
9968,201704124603809,PRIN,36,10,87,1350,117450.00,2017-04-12 04:06:00.038090
9969,201704124603811,PRIN,51,38,300,1350,405000.00,2017-04-12 04:06:00.038110
9970,201704124603605,PRIN,56,8,20,1307,26140.00,2017-04-12 04:06:00.036050
9971,201704124603606,PRIN,56,6,100,1325,132500.00,2017-04-12 04:06:00.036060
9972,201704124603607,PRIN,56,8,20,1326,26520.00,2017-04-12 04:06:00.036070
9973,201704124603608,PRIN,56,35,85,1326,112710.00,2017-04-12 04:06:00.036080
9974,201704124603462,PRIN,20,45,50,1300,65000.00,2017-04-12 04:06:00.034620
9975,201704124603337,PRIN,38,51,20,1300,26000.00,2017-04-12 04:06:00.033370
9976,201704124603338,PRIN,38,37,83,1300,107900.00,2017-04-12 04:06:00.033380
9977,201704124603181,PRIN,20,17,120,1261,151320.00,2017-04-12 04:06:00.031810
9978,201704124603191,PRIN,36,8,21,1282,26922.00,2017-04-12 04:06:00.031910
9979,201704124603131,PRIN,42,17,10,1261,12610.00,2017-04-12 04:06:00.031310
9980,201704124603132,PRIN,42,17,20,1261,25220.00,2017-04-12 04:06:00.031320
9981,201704124603177,PRIN,6,17,50,1261,63050.00,2017-04-12 04:06:00.031770
9982,201704114603075,PRIN,20,34,290,1257,364530.00,2017-04-11 04:06:00.030750
9983,201704114602991,PRIN,20,55,10,1250,12500.00,2017-04-11 04:06:00.029910
9984,201704114602931,PRIN,20,59,500,1249,624500.00,2017-04-11 04:06:00.029310
9985,201704114602951,PRIN,20,59,330,1249,412170.00,2017-04-11 04:06:00.029510
9986,201704114602952,PRIN,20,55,170,1250,212500.00,2017-04-11 04:06:00.029520
9987,201704114602673,PRIN,26,59,170,1249,212330.00,2017-04-11 04:06:00.026730
9988,201704114602533,PRIN,35,48,200,1249,249800.00,2017-04-11 04:06:00.025330
9989,201704114602451,PRIN,41,55,100,1250,125000.00,2017-04-11 04:06:00.024510
9990,201704114601998,PRIN,44,44,200,1249,249800.00,2017-04-11 04:06:00.019980
9991,201704114601941,PRIN,57,55,100,1250,125000.00,2017-04-11 04:06:00.019410
9992,201704114601824,PRIN,58,22,117,1241,145197.00,2017-04-11 04:06:00.018240
9993,201704114601585,PRIN,58,56,200,1241,248200.00,2017-04-11 04:06:00.015850
9994,201704114601115,PRIN,21,8,29,1245,36105.00,2017-04-11 04:06:00.011150
9995,201704114601004,PRIN,33,55,100,1250,125000.00,2017-04-11 04:06:00.010040
9996,201704114600766,PRIN,14,39,49,1255,61495.00,2017-04-11 04:06:00.007660
9997,201704114600767,PRIN,14,28,1,1250,1250.00,2017-04-11 04:06:00.007670
9998,201704114600792,PRIN,20,34,200,1257,251400.00,2017-04-11 04:06:00.007920
9999,201704114600279,PRIN,21,34,43,1250,53750.00,2017-04-11 04:06:00.002790
10000,201704114600280,PRIN,21,50,28,1250,35000.00,2017-04-11 04:06:00.002800
10001,201704114600212,PRIN,21,33,50,1249,62450.00,2017-04-11 04:06:00.002120
10002,201704114600157,PRIN,40,33,100,1249,124900.00,2017-04-11 04:06:00.001570
10003,201704114599906,PRIN,55,34,227,1250,283750.00,2017-04-11 04:59:00.990600
10004,201704114599873,PRIN,55,10,23,1250,28750.00,2017-04-11 04:59:00.987300
10005,201704114599704,PRIN,55,52,50,1250,62500.00,2017-04-11 04:59:00.970400
10006,201704114599145,PRIN,21,43,50,1250,62500.00,2017-04-11 04:59:00.914500
10007,201704114599146,PRIN,21,56,100,1250,125000.00,2017-04-11 04:59:00.914600
10008,201704114598920,PRIN,19,52,12,1250,15000.00,2017-04-11 04:59:00.892000
10009,201704114598921,PRIN,33,52,88,1241,109208.00,2017-04-11 04:59:00.892100
10010,201704114598751,PRIN,33,1,300,1252,375600.00,2017-04-11 04:59:00.875100
10011,201704114598794,PRIN,52,39,280,1251,350280.00,2017-04-11 04:59:00.879400
10012,201704114598795,PRIN,57,39,100,1251,125100.00,2017-04-11 04:59:00.879500
10013,201704114598796,PRIN,19,39,88,1250,110000.00,2017-04-11 04:59:00.879600
10014,201704114598681,PRIN,52,1,100,1251,125100.00,2017-04-11 04:59:00.868100
10015,201704114598623,PRIN,41,39,180,1252,225360.00,2017-04-11 04:59:00.862300
10016,201704114598624,PRIN,26,39,150,1251,187650.00,2017-04-11 04:59:00.862400
10017,201704114598625,PRIN,52,39,120,1251,150120.00,2017-04-11 04:59:00.862500
10018,201704114598503,PRIN,20,36,100,1255,125500.00,2017-04-11 04:59:00.850300
10019,201704114597865,PRIN,26,49,13,1265,16445.00,2017-04-11 04:59:00.786500
10020,201704114597805,PRIN,11,40,100,1265,126500.00,2017-04-11 04:59:00.780500
10021,201704114597821,PRIN,26,40,200,1265,253000.00,2017-04-11 04:59:00.782100
10022,201704114597822,PRIN,26,41,200,1265,253000.00,2017-04-11 04:59:00.782200
10023,201704114597784,PRIN,20,38,140,1264,176960.00,2017-04-11 04:59:00.778400
10024,201704114597712,PRIN,20,36,115,1264,145360.00,2017-04-11 04:59:00.771200
10025,201704114597673,PRIN,21,46,200,1260,252000.00,2017-04-11 04:59:00.767300
10026,201704114597470,PRIN,20,51,20,1258,25160.00,2017-04-11 04:59:00.747000
10027,201704114597471,PRIN,20,8,15,1260,18900.00,2017-04-11 04:59:00.747100
10028,201704114597472,PRIN,20,22,100,1260,126000.00,2017-04-11 04:59:00.747200
10029,201704114596860,PRIN,20,14,70,1254,87780.00,2017-04-11 04:59:00.686000
10030,201704114596861,PRIN,20,14,100,1254,125400.00,2017-04-11 04:59:00.686100
10031,201704114596862,PRIN,20,53,200,1255,251000.00,2017-04-11 04:59:00.686200
10032,201704114596863,PRIN,20,17,50,1255,62750.00,2017-04-11 04:59:00.686300
10033,201704114596279,PRIN,26,39,100,1254,125400.00,2017-04-11 04:59:00.627900
10034,201704114596280,PRIN,26,21,487,1255,611185.00,2017-04-11 04:59:00.628000
10035,201704114596148,PRIN,20,6,139,1245,173055.00,2017-04-11 04:59:00.614800
10036,201704114596149,PRIN,20,52,180,1249,224820.00,2017-04-11 04:59:00.614900
10037,201704114596150,PRIN,20,45,50,1250,62500.00,2017-04-11 04:59:00.615000
10038,201704114596151,PRIN,20,28,31,1250,38750.00,2017-04-11 04:59:00.615100
10039,201704114596181,PRIN,20,28,318,1250,397500.00,2017-04-11 04:59:00.618100
10040,201704114596132,PRIN,34,6,100,1245,124500.00,2017-04-11 04:59:00.613200
10041,201704114596017,PRIN,55,36,200,1237,247400.00,2017-04-11 04:59:00.601700
10042,201704114596038,PRIN,55,32,75,1240,93000.00,2017-04-11 04:59:00.603800
10043,201704114596039,PRIN,55,21,100,1240,124000.00,2017-04-11 04:59:00.603900
10044,201704114595991,PRIN,10,26,100,1235,123500.00,2017-04-11 04:59:00.599100
10045,201704114595751,PRIN,47,44,100,1233,123300.00,2017-04-11 04:59:00.575100
10046,201704114595634,PRIN,1,22,30,1240,37200.00,2017-04-11 04:59:00.563400
10047,201704114595635,PRIN,1,32,270,1240,334800.00,2017-04-11 04:59:00.563500
10048,201704114595640,PRIN,41,32,100,1240,124000.00,2017-04-11 04:59:00.564000
10049,201704114595596,PRIN,20,51,10,1232,12320.00,2017-04-11 04:59:00.559600
10050,201704114595561,PRIN,44,34,500,1239,619500.00,2017-04-11 04:59:00.556100
10051,201704114594205,PRIN,55,44,100,1235,123500.00,2017-04-11 04:59:00.420500
10052,201704114593573,PRIN,17,44,50,1211,60550.00,2017-04-11 04:59:00.357300
10053,201704114593587,PRIN,20,44,450,1211,544950.00,2017-04-11 04:59:00.358700
10054,201704114593260,PRIN,44,46,84,1230,103320.00,2017-04-11 04:59:00.326000
10055,201704114593261,PRIN,41,46,135,1230,166050.00,2017-04-11 04:59:00.326100
10056,201704114593183,PRIN,8,5,234,1230,287820.00,2017-04-11 04:59:00.318300
10057,201704114593085,PRIN,1,45,50,1250,62500.00,2017-04-11 04:59:00.308500
10058,201704114593086,PRIN,22,45,500,1250,625000.00,2017-04-11 04:59:00.308600
10059,201704114593105,PRIN,53,45,400,1240,496000.00,2017-04-11 04:59:00.310500
10060,201704114593106,PRIN,45,45,1000,1240,1240000.00,2017-04-11 04:59:00.310600
10061,201704114593012,PRIN,53,53,100,1252,125200.00,2017-04-11 04:59:00.301200
10062,201704114592875,PRIN,58,38,160,1254,200640.00,2017-04-11 04:59:00.287500
10063,201704114592793,PRIN,45,18,47,1255,58985.00,2017-04-11 04:59:00.279300
10064,201704114592798,PRIN,41,40,200,1260,252000.00,2017-04-11 04:59:00.279800
10065,201704114592804,PRIN,45,21,13,1255,16315.00,2017-04-11 04:59:00.280400
10066,201704114592600,PRIN,35,51,200,1270,254000.00,2017-04-11 04:59:00.260000
10067,201704114592411,PRIN,34,59,200,1274,254800.00,2017-04-11 04:59:00.241100
10068,201704114592052,PRIN,35,10,200,1275,255000.00,2017-04-11 04:59:00.205200
10069,201704114591986,PRIN,58,29,100,1275,127500.00,2017-04-11 04:59:00.198600
10070,201704114591958,PRIN,20,20,200,1275,255000.00,2017-04-11 04:59:00.195800
10071,201704114591862,PRIN,58,8,30,1254,37620.00,2017-04-11 04:59:00.186200
10072,201704114591863,PRIN,58,8,10,1254,12540.00,2017-04-11 04:59:00.186300
10073,201704104591719,PRIN,57,35,125,1230,153750.00,2017-04-10 04:59:00.171900
10074,201704104591614,PRIN,28,35,50,1220,61000.00,2017-04-10 04:59:00.161400
10075,201704104591617,PRIN,45,35,75,1220,91500.00,2017-04-10 04:59:00.161700
10076,201704104591463,PRIN,26,34,150,1220,183000.00,2017-04-10 04:59:00.146300
10077,201704104591507,PRIN,13,35,200,1220,244000.00,2017-04-10 04:59:00.150700
10078,201704104591437,PRIN,41,35,50,1220,61000.00,2017-04-10 04:59:00.143700
10079,201704104591438,PRIN,4,35,100,1220,122000.00,2017-04-10 04:59:00.143800
10080,201704104591263,PRIN,5,35,25,1225,30625.00,2017-04-10 04:59:00.126300
10081,201704104590272,PRIN,34,35,50,1229,61450.00,2017-04-10 04:59:00.027200
10082,201704104590273,PRIN,1,35,160,1225,196000.00,2017-04-10 04:59:00.027300
10083,201704104590163,PRIN,41,40,270,1230,332100.00,2017-04-10 04:59:00.016300
10084,201704104590189,PRIN,41,40,200,1232,246400.00,2017-04-10 04:59:00.018900
10085,201704104590190,PRIN,41,40,200,1234,246800.00,2017-04-10 04:59:00.019000
10086,201704104589894,PRIN,22,39,100,1229,122900.00,2017-04-10 04:58:00.989400
10087,201704104589311,PRIN,28,58,50,1254,62700.00,2017-04-10 04:58:00.931100
10088,201704104589319,PRIN,4,58,100,1254,125400.00,2017-04-10 04:58:00.931900
10089,201704104588237,PRIN,28,52,48,1279,61392.00,2017-04-10 04:58:00.823700
10090,201704104588132,PRIN,26,36,30,1245,37350.00,2017-04-10 04:58:00.813200
10091,201704104588133,PRIN,26,8,20,1254,25080.00,2017-04-10 04:58:00.813300
10092,201704104588096,PRIN,37,52,14,1250,17500.00,2017-04-10 04:58:00.809600
10093,201704104587972,PRIN,26,26,200,1235,247000.00,2017-04-10 04:58:00.797200
10094,201704104587899,PRIN,33,1,50,1232,61600.00,2017-04-10 04:58:00.789900
10095,201704104587805,PRIN,37,11,340,1230,418200.00,2017-04-10 04:58:00.780500
10096,201704104587754,PRIN,1,14,40,1225,49000.00,2017-04-10 04:58:00.775400
10097,201704104587720,PRIN,1,20,300,1225,367500.00,2017-04-10 04:58:00.772000
10098,201704104587512,PRIN,26,44,200,1214,242800.00,2017-04-10 04:58:00.751200
10099,201704104587513,PRIN,26,25,100,1217,121700.00,2017-04-10 04:58:00.751300
10100,201704104587514,PRIN,26,8,30,1218,36540.00,2017-04-10 04:58:00.751400
10101,201704104587515,PRIN,26,8,30,1218,36540.00,2017-04-10 04:58:00.751500
10102,201704104587516,PRIN,26,42,100,1220,122000.00,2017-04-10 04:58:00.751600
10103,201704104587517,PRIN,26,13,200,1220,244000.00,2017-04-10 04:58:00.751700
10104,201704104587279,PRIN,28,57,100,1210,121000.00,2017-04-10 04:58:00.727900
10105,201704104587105,PRIN,54,57,50,1210,60500.00,2017-04-10 04:58:00.710500
10106,201704104587106,PRIN,54,8,50,1213,60650.00,2017-04-10 04:58:00.710600
10107,201704104586989,PRIN,37,44,117,1209,141453.00,2017-04-10 04:58:00.698900
10108,201704104586949,PRIN,5,32,425,1210,514250.00,2017-04-10 04:58:00.694900
10109,201704104586884,PRIN,16,32,100,1210,121000.00,2017-04-10 04:58:00.688400
10110,201704104586766,PRIN,42,54,325,1200,390000.00,2017-04-10 04:58:00.676600
10111,201704104586767,PRIN,42,22,100,1200,120000.00,2017-04-10 04:58:00.676700
10112,201704104586768,PRIN,42,53,300,1200,360000.00,2017-04-10 04:58:00.676800
10113,201704104586769,PRIN,42,37,500,1210,605000.00,2017-04-10 04:58:00.676900
10114,201704104586770,PRIN,42,56,100,1210,121000.00,2017-04-10 04:58:00.677000
10115,201704104586771,PRIN,42,32,175,1210,211750.00,2017-04-10 04:58:00.677100
10116,201704104586495,PRIN,40,51,100,1195,119500.00,2017-04-10 04:58:00.649500
10117,201704104586372,PRIN,34,54,75,1200,90000.00,2017-04-10 04:58:00.637200
10118,201704104585378,PRIN,1,50,100,1192,119200.00,2017-04-10 04:58:00.537800
10119,201704104585379,PRIN,1,17,355,1194,423870.00,2017-04-10 04:58:00.537900
10120,201704104585380,PRIN,1,44,308,1195,368060.00,2017-04-10 04:58:00.538000
10121,201704104585381,PRIN,1,44,200,1199,239800.00,2017-04-10 04:58:00.538100
10122,201704104585382,PRIN,1,35,300,1200,360000.00,2017-04-10 04:58:00.538200
10123,201704104585383,PRIN,1,38,50,1200,60000.00,2017-04-10 04:58:00.538300
10124,201704104585384,PRIN,1,13,50,1200,60000.00,2017-04-10 04:58:00.538400
10125,201704104585387,PRIN,1,41,15,1200,18000.00,2017-04-10 04:58:00.538700
10126,201704104585392,PRIN,1,17,30,1210,36300.00,2017-04-10 04:58:00.539200
10127,201704104585393,PRIN,1,33,283,1210,342430.00,2017-04-10 04:58:00.539300
10128,201704104585202,PRIN,16,44,100,1195,119500.00,2017-04-10 04:58:00.520200
10129,201704104585205,PRIN,38,26,14,1190,16660.00,2017-04-10 04:58:00.520500
10130,201704104584991,PRIN,37,37,210,1190,249900.00,2017-04-10 04:58:00.499100
10131,201704104584799,PRIN,6,40,60,1194,71640.00,2017-04-10 04:58:00.479900
10132,201704104584800,PRIN,6,44,140,1195,167300.00,2017-04-10 04:58:00.480000
10133,201704104584709,PRIN,19,50,200,1190,238000.00,2017-04-10 04:58:00.470900
10134,201704104584612,PRIN,17,44,40,1190,47600.00,2017-04-10 04:58:00.461200
10135,201704104584613,PRIN,41,44,332,1188,394416.00,2017-04-10 04:58:00.461300
10136,201704104584237,PRIN,17,35,10,1190,11900.00,2017-04-10 04:58:00.423700
10137,201704104584193,PRIN,17,49,13,1194,15522.00,2017-04-10 04:58:00.419300
10138,201704104584194,PRIN,17,21,300,1195,358500.00,2017-04-10 04:58:00.419400
10139,201704104584086,PRIN,37,14,100,1190,119000.00,2017-04-10 04:58:00.408600
10140,201704104583947,PRIN,41,55,123,1188,146124.00,2017-04-10 04:58:00.394700
10141,201704104583848,PRIN,41,6,45,1188,53460.00,2017-04-10 04:58:00.384800
10142,201704104583681,PRIN,37,55,50,1190,59500.00,2017-04-10 04:58:00.368100
10143,201704104583682,PRIN,7,55,27,1190,32130.00,2017-04-10 04:58:00.368200
10144,201704104583683,PRIN,38,55,200,1190,238000.00,2017-04-10 04:58:00.368300
10145,201704104583684,PRIN,45,55,200,1190,238000.00,2017-04-10 04:58:00.368400
10146,201704104583594,PRIN,37,7,150,1190,178500.00,2017-04-10 04:58:00.359400
10147,201704104583511,PRIN,34,7,200,1190,238000.00,2017-04-10 04:58:00.351100
10148,201704104583394,PRIN,53,7,150,1190,178500.00,2017-04-10 04:58:00.339400
10149,201704104583206,PRIN,54,22,200,1190,238000.00,2017-04-10 04:58:00.320600
10150,201704104583117,PRIN,53,42,50,1190,59500.00,2017-04-10 04:58:00.311700
10151,201704104582875,PRIN,35,8,80,1182,94560.00,2017-04-10 04:58:00.287500
10152,201704104582657,PRIN,17,13,50,1180,59000.00,2017-04-10 04:58:00.265700
10153,201704104582658,PRIN,11,13,50,1180,59000.00,2017-04-10 04:58:00.265800
10154,201704104582659,PRIN,26,13,76,1180,89680.00,2017-04-10 04:58:00.265900
10155,201704104582633,PRIN,53,39,100,1189,118900.00,2017-04-10 04:58:00.263300
10156,201704104582643,PRIN,48,19,50,1190,59500.00,2017-04-10 04:58:00.264300
10157,201704104582466,PRIN,28,44,100,1190,119000.00,2017-04-10 04:58:00.246600
10158,201704104582336,PRIN,22,44,200,1190,238000.00,2017-04-10 04:58:00.233600
10159,201704104582316,PRIN,16,57,500,1195,597500.00,2017-04-10 04:58:00.231600
10160,201704104582198,PRIN,37,44,65,1200,78000.00,2017-04-10 04:58:00.219800
10161,201704094582063,PRIN,5,48,17,1195,20315.00,2017-04-09 04:58:00.206300
10162,201704094582064,PRIN,14,48,50,1195,59750.00,2017-04-09 04:58:00.206400
10163,201704094582065,PRIN,25,48,500,1195,597500.00,2017-04-09 04:58:00.206500
10164,201704094581867,PRIN,48,51,20,1195,23900.00,2017-04-09 04:58:00.186700
10165,201704094581868,PRIN,48,51,20,1195,23900.00,2017-04-09 04:58:00.186800
10166,201704094580985,PRIN,53,22,100,1196,119600.00,2017-04-09 04:58:00.098500
10167,201704094580867,PRIN,5,5,49,1195,58555.00,2017-04-09 04:58:00.086700
10168,201704094580832,PRIN,35,6,70,1199,83930.00,2017-04-09 04:58:00.083200
10169,201704094580595,PRIN,48,34,12,1196,14352.00,2017-04-09 04:58:00.059500
10170,201704094580565,PRIN,5,57,234,1195,279630.00,2017-04-09 04:58:00.056500
10171,201704094580261,PRIN,51,8,20,1196,23920.00,2017-04-09 04:58:00.026100
10172,201704094580262,PRIN,6,8,50,1196,59800.00,2017-04-09 04:58:00.026200
10173,201704094580162,PRIN,51,33,30,1196,35880.00,2017-04-09 04:58:00.016200
10174,201704094579910,PRIN,25,34,117,1196,139932.00,2017-04-09 04:57:00.991000
10175,201704094579278,PRIN,13,46,50,1196,59800.00,2017-04-09 04:57:00.927800
10176,201704094579279,PRIN,37,46,296,1196,354016.00,2017-04-09 04:57:00.927900
10177,201704094578432,PRIN,37,54,161,1200,193200.00,2017-04-09 04:57:00.843200
10178,201704094578351,PRIN,33,54,39,1200,46800.00,2017-04-09 04:57:00.835100
10179,201704094578108,PRIN,5,55,200,1208,241600.00,2017-04-09 04:57:00.810800
10180,201704094578112,PRIN,29,20,150,1205,180750.00,2017-04-09 04:57:00.811200
10181,201704094578096,PRIN,29,56,50,1205,60250.00,2017-04-09 04:57:00.809600
10182,201704094577834,PRIN,38,17,300,1205,361500.00,2017-04-09 04:57:00.783400
10183,201704094577779,PRIN,17,17,100,1205,120500.00,2017-04-09 04:57:00.777900
10184,201704094577736,PRIN,29,8,57,1200,68400.00,2017-04-09 04:57:00.773600
10185,201704094577412,PRIN,29,17,100,1200,120000.00,2017-04-09 04:57:00.741200
10186,201704094577366,PRIN,45,14,150,1199,179850.00,2017-04-09 04:57:00.736600
10187,201704094577367,PRIN,45,39,50,1200,60000.00,2017-04-09 04:57:00.736700
10188,201704094577368,PRIN,45,55,200,1200,240000.00,2017-04-09 04:57:00.736800
10189,201704094576802,PRIN,29,39,50,1200,60000.00,2017-04-09 04:57:00.680200
10190,201704094576746,PRIN,37,39,400,1200,480000.00,2017-04-09 04:57:00.674600
10191,201704094576375,PRIN,26,53,11,1200,13200.00,2017-04-09 04:57:00.637500
10192,201704094576341,PRIN,40,55,100,1197,119700.00,2017-04-09 04:57:00.634100
10193,201704094576342,PRIN,40,55,100,1197,119700.00,2017-04-09 04:57:00.634200
10194,201704094576343,PRIN,40,55,100,1197,119700.00,2017-04-09 04:57:00.634300
10195,201704094575884,PRIN,40,55,100,1174,117400.00,2017-04-09 04:57:00.588400
10196,201704094575791,PRIN,26,55,100,1177,117700.00,2017-04-09 04:57:00.579100
10197,201704094575792,PRIN,53,55,500,1176,588000.00,2017-04-09 04:57:00.579200
10198,201704094575683,PRIN,39,53,100,1200,120000.00,2017-04-09 04:57:00.568300
10199,201704094575554,PRIN,41,17,500,1210,605000.00,2017-04-09 04:57:00.555400
10200,201704094575143,PRIN,36,17,145,1215,176175.00,2017-04-09 04:57:00.514300
10201,201704094574968,PRIN,36,13,155,1215,188325.00,2017-04-09 04:57:00.496800
10202,201704094574658,PRIN,22,41,30,1200,36000.00,2017-04-09 04:57:00.465800
10203,201704094574659,PRIN,34,41,87,1197,104139.00,2017-04-09 04:57:00.465900
10204,201704094574561,PRIN,52,41,90,1221,109890.00,2017-04-09 04:57:00.456100
10205,201704094574562,PRIN,29,41,144,1215,174960.00,2017-04-09 04:57:00.456200
10206,201704094574459,PRIN,42,53,80,1229,98320.00,2017-04-09 04:57:00.445900
10207,201704094574438,PRIN,42,55,170,1229,208930.00,2017-04-09 04:57:00.443800
10208,201704094574351,PRIN,52,17,10,1221,12210.00,2017-04-09 04:57:00.435100
10209,201704094573969,PRIN,19,59,100,1230,123000.00,2017-04-09 04:57:00.396900
10210,201704094573890,PRIN,48,20,36,1224,44064.00,2017-04-09 04:57:00.389000
10211,201704094573865,PRIN,48,8,30,1224,36720.00,2017-04-09 04:57:00.386500
10212,201704094573866,PRIN,48,8,30,1224,36720.00,2017-04-09 04:57:00.386600
10213,201704064573825,PRIN,38,33,200,1200,240000.00,2017-04-06 04:57:00.382500
10214,201704064573624,PRIN,41,37,98,1195,117110.00,2017-04-06 04:57:00.362400
10215,201704064573640,PRIN,19,34,100,1196,119600.00,2017-04-06 04:57:00.364000
10216,201704064573647,PRIN,41,33,302,1195,360890.00,2017-04-06 04:57:00.364700
10217,201704064573507,PRIN,51,34,100,1197,119700.00,2017-04-06 04:57:00.350700
10218,201704064573508,PRIN,17,34,100,1196,119600.00,2017-04-06 04:57:00.350800
10219,201704064573458,PRIN,16,49,100,1200,120000.00,2017-04-06 04:57:00.345800
10220,201704064573110,PRIN,14,49,50,1200,60000.00,2017-04-06 04:57:00.311000
10221,201704064573022,PRIN,32,49,50,1200,60000.00,2017-04-06 04:57:00.302200
10222,201704064572778,PRIN,50,37,100,1200,120000.00,2017-04-06 04:57:00.277800
10223,201704064572779,PRIN,7,37,150,1200,180000.00,2017-04-06 04:57:00.277900
10224,201704064572780,PRIN,32,37,20,1200,24000.00,2017-04-06 04:57:00.278000
10225,201704064572732,PRIN,17,37,50,1203,60150.00,2017-04-06 04:57:00.273200
10226,201704064572741,PRIN,34,37,224,1202,269248.00,2017-04-06 04:57:00.274100
10227,201704064572742,PRIN,46,57,300,1201,360300.00,2017-04-06 04:57:00.274200
10228,201704064572761,PRIN,46,37,276,1201,331476.00,2017-04-06 04:57:00.276100
10229,201704064572498,PRIN,34,33,76,1202,91352.00,2017-04-06 04:57:00.249800
10230,201704064572353,PRIN,37,57,400,1202,480800.00,2017-04-06 04:57:00.235300
10231,201704064572354,PRIN,46,57,324,1201,389124.00,2017-04-06 04:57:00.235400
10232,201704064572303,PRIN,37,41,183,1205,220515.00,2017-04-06 04:57:00.230300
10233,201704064572240,PRIN,41,41,20,1205,24100.00,2017-04-06 04:57:00.224000
10234,201704064571945,PRIN,46,37,150,1208,181200.00,2017-04-06 04:57:00.194500
10235,201704064571925,PRIN,50,28,200,1200,240000.00,2017-04-06 04:57:00.192500
10236,201704064571855,PRIN,37,55,201,1202,241602.00,2017-04-06 04:57:00.185500
10237,201704064571545,PRIN,26,55,120,1202,144240.00,2017-04-06 04:57:00.154500
10238,201704064571546,PRIN,17,55,200,1202,240400.00,2017-04-06 04:57:00.154600
10239,201704064571485,PRIN,17,52,400,1204,481600.00,2017-04-06 04:57:00.148500
10240,201704064571489,PRIN,17,55,158,1205,190390.00,2017-04-06 04:57:00.148900
10241,201704064571490,PRIN,11,19,150,1204,180600.00,2017-04-06 04:57:00.149000
10242,201704064571491,PRIN,26,19,180,1202,216360.00,2017-04-06 04:57:00.149100
10243,201704064571322,PRIN,17,39,650,1202,781300.00,2017-04-06 04:57:00.132200
10244,201704064571073,PRIN,19,55,200,1205,241000.00,2017-04-06 04:57:00.107300
10245,201704064570977,PRIN,16,42,50,1208,60400.00,2017-04-06 04:57:00.097700
10246,201704064570538,PRIN,17,21,50,1202,60100.00,2017-04-06 04:57:00.053800
10247,201704064570426,PRIN,39,35,70,1205,84350.00,2017-04-06 04:57:00.042600
10248,201704064570348,PRIN,17,42,230,1202,276460.00,2017-04-06 04:57:00.034800
10249,201704064570352,PRIN,41,35,100,1205,120500.00,2017-04-06 04:57:00.035200
10250,201704064570354,PRIN,26,35,30,1205,36150.00,2017-04-06 04:57:00.035400
10251,201704064570269,PRIN,35,37,100,1203,120300.00,2017-04-06 04:57:00.026900
10252,201704064570213,PRIN,17,33,100,1206,120600.00,2017-04-06 04:57:00.021300
10253,201704064570214,PRIN,17,33,40,1206,48240.00,2017-04-06 04:57:00.021400
10254,201704064569330,PRIN,48,33,100,1205,120500.00,2017-04-06 04:56:00.933000
10255,201704064569098,PRIN,17,52,80,1202,96160.00,2017-04-06 04:56:00.909800
10256,201704064569022,PRIN,17,40,50,1210,60500.00,2017-04-06 04:56:00.902200
10257,201704064569023,PRIN,41,40,70,1209,84630.00,2017-04-06 04:56:00.902300
10258,201704064569058,PRIN,33,33,100,1205,120500.00,2017-04-06 04:56:00.905800
10259,201704064568856,PRIN,41,1,30,1209,36270.00,2017-04-06 04:56:00.885600
10260,201704064568712,PRIN,45,40,20,1214,24280.00,2017-04-06 04:56:00.871200
10261,201704064568301,PRIN,16,37,50,1219,60950.00,2017-04-06 04:56:00.830100
10262,201704064568269,PRIN,40,51,50,1220,61000.00,2017-04-06 04:56:00.826900
10263,201704064567753,PRIN,21,25,70,1220,85400.00,2017-04-06 04:56:00.775300
10264,201704064567736,PRIN,16,8,50,1219,60950.00,2017-04-06 04:56:00.773600
10265,201704064567605,PRIN,37,25,50,1215,60750.00,2017-04-06 04:56:00.760500
10266,201704064567606,PRIN,37,42,100,1215,121500.00,2017-04-06 04:56:00.760600
10267,201704064567607,PRIN,37,21,500,1215,607500.00,2017-04-06 04:56:00.760700
10268,201704064567572,PRIN,45,8,100,1214,121400.00,2017-04-06 04:56:00.757200
10269,201704064567296,PRIN,35,13,100,1209,120900.00,2017-04-06 04:56:00.729600
10270,201704064566978,PRIN,26,8,100,1209,120900.00,2017-04-06 04:56:00.697800
10271,201704064566702,PRIN,41,26,100,1205,120500.00,2017-04-06 04:56:00.670200
10272,201704064566678,PRIN,17,35,260,1200,312000.00,2017-04-06 04:56:00.667800
10273,201704064566529,PRIN,53,35,190,1201,228190.00,2017-04-06 04:56:00.652900
10274,201704064566549,PRIN,32,35,50,1200,60000.00,2017-04-06 04:56:00.654900
10275,201704064566500,PRIN,17,45,300,1203,360900.00,2017-04-06 04:56:00.650000
10276,201704064566518,PRIN,20,13,200,1205,241000.00,2017-04-06 04:56:00.651800
10277,201704064566519,PRIN,44,13,100,1202,120200.00,2017-04-06 04:56:00.651900
10278,201704064566525,PRIN,53,13,10,1201,12010.00,2017-04-06 04:56:00.652500
10279,201704064566484,PRIN,6,44,10,1208,12080.00,2017-04-06 04:56:00.648400
10280,201704064566485,PRIN,6,13,190,1210,229900.00,2017-04-06 04:56:00.648500
10281,201704064566380,PRIN,17,39,192,1203,230976.00,2017-04-06 04:56:00.638000
10282,201704064566284,PRIN,17,44,90,1208,108720.00,2017-04-06 04:56:00.628400
10283,201704064566040,PRIN,17,45,234,1205,281970.00,2017-04-06 04:56:00.604000
10284,201704064566061,PRIN,17,1,10,1208,12080.00,2017-04-06 04:56:00.606100
10285,201704064566016,PRIN,17,17,100,1200,120000.00,2017-04-06 04:56:00.601600
10286,201704064566014,PRIN,17,7,200,1190,238000.00,2017-04-06 04:56:00.601400
10287,201704064565929,PRIN,20,49,200,1185,237000.00,2017-04-06 04:56:00.592900
10288,201704064565750,PRIN,17,7,40,1176,47040.00,2017-04-06 04:56:00.575000
10289,201704064565628,PRIN,17,49,300,1185,355500.00,2017-04-06 04:56:00.562800
10290,201704064565585,PRIN,22,34,30,1190,35700.00,2017-04-06 04:56:00.558500
10291,201704064565586,PRIN,22,34,30,1190,35700.00,2017-04-06 04:56:00.558600
10292,201704064565587,PRIN,42,34,100,1190,119000.00,2017-04-06 04:56:00.558700
10293,201704064565612,PRIN,17,49,200,1185,237000.00,2017-04-06 04:56:00.561200
10294,201704064565529,PRIN,17,35,360,1200,432000.00,2017-04-06 04:56:00.552900
10295,201704064565492,PRIN,35,35,20,1205,24100.00,2017-04-06 04:56:00.549200
10296,201704064565493,PRIN,32,35,20,1201,24020.00,2017-04-06 04:56:00.549300
10297,201704064565494,PRIN,47,35,100,1200,120000.00,2017-04-06 04:56:00.549400
10298,201704064565343,PRIN,17,10,69,1205,83145.00,2017-04-06 04:56:00.534300
10299,201704064565216,PRIN,41,26,100,1229,122900.00,2017-04-06 04:56:00.521600
10300,201704064565226,PRIN,48,20,50,1229,61450.00,2017-04-06 04:56:00.522600
10301,201704064565080,PRIN,47,20,114,1230,140220.00,2017-04-06 04:56:00.508000
10302,201704064565060,PRIN,32,8,30,1232,36960.00,2017-04-06 04:56:00.506000
10303,201704064565061,PRIN,32,8,20,1232,24640.00,2017-04-06 04:56:00.506100
10304,201704064564993,PRIN,47,8,40,1224,48960.00,2017-04-06 04:56:00.499300
10305,201704064564999,PRIN,47,8,200,1225,245000.00,2017-04-06 04:56:00.499900
10306,201704064565006,PRIN,47,20,46,1230,56580.00,2017-04-06 04:56:00.500600
10307,201704064564969,PRIN,17,8,200,1201,240200.00,2017-04-06 04:56:00.496900
10308,201704064564970,PRIN,10,8,25,1200,30000.00,2017-04-06 04:56:00.497000
10309,201704064564971,PRIN,36,8,350,1200,420000.00,2017-04-06 04:56:00.497100
10310,201704064564977,PRIN,17,8,837,1200,1004400.00,2017-04-06 04:56:00.497700
10311,201704064564910,PRIN,10,47,25,1200,30000.00,2017-04-06 04:56:00.491000
10312,201704044564612,PRIN,35,34,100,1208,120800.00,2017-04-04 04:56:00.461200
10313,201704044564553,PRIN,41,11,100,1205,120500.00,2017-04-04 04:56:00.455300
10314,201704044564595,PRIN,41,26,50,1200,60000.00,2017-04-04 04:56:00.459500
10315,201704044564415,PRIN,22,34,100,1202,120200.00,2017-04-04 04:56:00.441500
10316,201704044564416,PRIN,37,34,1000,1200,1200000.00,2017-04-04 04:56:00.441600
10317,201704044564091,PRIN,59,34,42,1200,50400.00,2017-04-04 04:56:00.409100
10318,201704044564092,PRIN,45,34,50,1200,60000.00,2017-04-04 04:56:00.409200
10319,201704044563605,PRIN,44,32,31,1210,37510.00,2017-04-04 04:56:00.360500
10320,201704044563606,PRIN,44,32,11,1210,13310.00,2017-04-04 04:56:00.360600
10321,201704044563607,PRIN,14,32,50,1210,60500.00,2017-04-04 04:56:00.360700
10322,201704044563608,PRIN,44,32,50,1205,60250.00,2017-04-04 04:56:00.360800
10323,201704044563609,PRIN,59,32,100,1205,120500.00,2017-04-04 04:56:00.360900
10324,201704044563610,PRIN,59,32,158,1200,189600.00,2017-04-04 04:56:00.361000
10325,201704044563611,PRIN,6,36,200,1200,240000.00,2017-04-04 04:56:00.361100
10326,201704044563132,PRIN,44,52,37,1210,44770.00,2017-04-04 04:56:00.313200
10327,201704044563017,PRIN,40,1,100,1210,121000.00,2017-04-04 04:56:00.301700
10328,201704044562912,PRIN,44,43,32,1210,38720.00,2017-04-04 04:56:00.291200
10329,201704044562857,PRIN,44,42,100,1210,121000.00,2017-04-04 04:56:00.285700
10330,201704044562802,PRIN,1,41,16,1213,19408.00,2017-04-04 04:56:00.280200
10331,201704044562803,PRIN,17,41,161,1212,195132.00,2017-04-04 04:56:00.280300
10332,201704044562804,PRIN,40,41,44,1211,53284.00,2017-04-04 04:56:00.280400
10333,201704044562805,PRIN,51,41,100,1211,121100.00,2017-04-04 04:56:00.280500
10334,201704044562806,PRIN,44,41,37,1210,44770.00,2017-04-04 04:56:00.280600
10335,201704044562807,PRIN,44,41,112,1210,135520.00,2017-04-04 04:56:00.280700
10336,201704044562748,PRIN,1,33,34,1213,41242.00,2017-04-04 04:56:00.274800
10337,201704044562630,PRIN,1,11,50,1213,60650.00,2017-04-04 04:56:00.263000
10338,201704044562498,PRIN,1,17,80,1213,97040.00,2017-04-04 04:56:00.249800
10339,201704044562139,PRIN,1,47,20,1213,24260.00,2017-04-04 04:56:00.213900
10340,201704044562109,PRIN,1,33,300,1213,363900.00,2017-04-04 04:56:00.210900
10341,201704044562075,PRIN,25,26,100,1215,121500.00,2017-04-04 04:56:00.207500
10342,201704044561971,PRIN,17,5,39,1212,47268.00,2017-04-04 04:56:00.197100
10343,201704044561818,PRIN,16,22,13,1212,15756.00,2017-04-04 04:56:00.181800
10344,201704044561819,PRIN,40,22,87,1211,105357.00,2017-04-04 04:56:00.181900
10345,201704044561809,PRIN,13,22,30,1213,36390.00,2017-04-04 04:56:00.180900
10346,201704044561810,PRIN,16,22,87,1212,105444.00,2017-04-04 04:56:00.181000
10347,201704044561226,PRIN,45,48,20,1220,24400.00,2017-04-04 04:56:00.122600
10348,201704044561084,PRIN,40,36,19,1211,23009.00,2017-04-04 04:56:00.108400
10349,201704044561026,PRIN,56,7,200,1219,243800.00,2017-04-04 04:56:00.102600
10350,201704044561027,PRIN,56,48,800,1220,976000.00,2017-04-04 04:56:00.102700
10351,201704044560745,PRIN,40,34,70,1215,85050.00,2017-04-04 04:56:00.074500
10352,201704044560680,PRIN,21,34,80,1215,97200.00,2017-04-04 04:56:00.068000
10353,201704044560472,PRIN,7,34,100,1220,122000.00,2017-04-04 04:56:00.047200
10354,201704044560505,PRIN,29,34,130,1215,157950.00,2017-04-04 04:56:00.050500
10355,201704044560506,PRIN,29,34,20,1215,24300.00,2017-04-04 04:56:00.050600
10356,201704044560507,PRIN,25,34,200,1215,243000.00,2017-04-04 04:56:00.050700
10357,201704044560150,PRIN,1,34,25,1220,30500.00,2017-04-04 04:56:00.015000
10358,201704044560151,PRIN,51,34,50,1220,61000.00,2017-04-04 04:56:00.015100
10359,201704044560133,PRIN,46,25,300,1222,366600.00,2017-04-04 04:56:00.013300
10360,201704044560067,PRIN,46,41,117,1220,142740.00,2017-04-04 04:56:00.006700
10361,201704044560068,PRIN,46,36,200,1220,244000.00,2017-04-04 04:56:00.006800
10362,201704044560024,PRIN,1,37,50,1220,61000.00,2017-04-04 04:56:00.002400
10363,201704044559934,PRIN,1,34,25,1220,30500.00,2017-04-04 04:55:00.993400
10364,201704044559874,PRIN,25,25,200,1219,243800.00,2017-04-04 04:55:00.987400
10365,201704044559835,PRIN,5,34,100,1220,122000.00,2017-04-04 04:55:00.983500
10366,201704044559702,PRIN,37,34,375,1220,457500.00,2017-04-04 04:55:00.970200
10367,201704044559689,PRIN,56,34,150,1220,183000.00,2017-04-04 04:55:00.968900
10368,201704044559578,PRIN,29,10,100,1215,121500.00,2017-04-04 04:55:00.957800
10369,201704044559579,PRIN,29,53,70,1215,85050.00,2017-04-04 04:55:00.957900
10370,201704044559500,PRIN,44,26,208,1205,250640.00,2017-04-04 04:55:00.950000
10371,201704044559501,PRIN,44,5,117,1210,141570.00,2017-04-04 04:55:00.950100
10372,201704044559502,PRIN,44,42,500,1210,605000.00,2017-04-04 04:55:00.950200
10373,201704044559265,PRIN,53,35,150,1200,180000.00,2017-04-04 04:55:00.926500
10374,201704044559266,PRIN,53,10,100,1200,120000.00,2017-04-04 04:55:00.926600
10375,201704044559251,PRIN,26,16,30,1195,35850.00,2017-04-04 04:55:00.925100
10376,201704044559079,PRIN,20,35,200,1200,240000.00,2017-04-04 04:55:00.907900
10377,201704044559120,PRIN,37,19,150,1199,179850.00,2017-04-04 04:55:00.912000
10378,201704044559069,PRIN,52,35,100,1200,120000.00,2017-04-04 04:55:00.906900
10379,201704044558797,PRIN,33,56,146,1195,174470.00,2017-04-04 04:55:00.879700
10380,201704044558824,PRIN,53,28,100,1190,119000.00,2017-04-04 04:55:00.882400
10381,201704044558743,PRIN,45,56,100,1195,119500.00,2017-04-04 04:55:00.874300
10382,201704044558702,PRIN,36,45,1000,1190,1190000.00,2017-04-04 04:55:00.870200
10383,201704044558662,PRIN,53,45,200,1180,236000.00,2017-04-04 04:55:00.866200
10384,201704044558405,PRIN,47,45,24,1192,28608.00,2017-04-04 04:55:00.840500
10385,201704044558406,PRIN,51,45,30,1191,35730.00,2017-04-04 04:55:00.840600
10386,201704044558407,PRIN,59,45,200,1182,236400.00,2017-04-04 04:55:00.840700
10387,201704044558408,PRIN,26,45,100,1181,118100.00,2017-04-04 04:55:00.840800
10388,201704044558441,PRIN,20,45,46,1181,54326.00,2017-04-04 04:55:00.844100
10389,201704044558345,PRIN,47,52,126,1192,150192.00,2017-04-04 04:55:00.834500
10390,201704044558177,PRIN,56,8,35,1190,41650.00,2017-04-04 04:55:00.817700
10391,201704044557947,PRIN,16,34,350,1200,420000.00,2017-04-04 04:55:00.794700
10392,201704044557741,PRIN,14,36,100,1200,120000.00,2017-04-04 04:55:00.774100
10393,201704044557742,PRIN,14,54,44,1200,52800.00,2017-04-04 04:55:00.774200
10394,201704044557608,PRIN,35,54,24,1200,28800.00,2017-04-04 04:55:00.760800
10395,201704044557539,PRIN,35,36,153,1200,183600.00,2017-04-04 04:55:00.753900
10396,201704044557560,PRIN,35,35,23,1200,27600.00,2017-04-04 04:55:00.756000
10397,201704044557512,PRIN,44,36,22,1213,26686.00,2017-04-04 04:55:00.751200
10398,201704044557513,PRIN,42,36,40,1210,48400.00,2017-04-04 04:55:00.751300
10399,201704044557514,PRIN,26,36,35,1205,42175.00,2017-04-04 04:55:00.751400
10400,201704044557515,PRIN,13,36,150,1205,180750.00,2017-04-04 04:55:00.751500
10401,201704044557516,PRIN,48,36,100,1200,120000.00,2017-04-04 04:55:00.751600
10402,201704044557420,PRIN,35,19,122,1215,148230.00,2017-04-04 04:55:00.742000
10403,201704044557421,PRIN,44,19,78,1213,94614.00,2017-04-04 04:55:00.742100
10404,201704044557326,PRIN,41,44,260,1215,315900.00,2017-04-04 04:55:00.732600
10405,201704044557327,PRIN,35,44,78,1215,94770.00,2017-04-04 04:55:00.732700
10406,201704044557306,PRIN,41,57,40,1215,48600.00,2017-04-04 04:55:00.730600
10407,201704044556905,PRIN,18,52,100,1224,122400.00,2017-04-04 04:55:00.690500
10408,201704044556747,PRIN,56,8,100,1230,123000.00,2017-04-04 04:55:00.674700
10409,201704044556638,PRIN,11,44,100,1238,123800.00,2017-04-04 04:55:00.663800
10410,201704044556576,PRIN,56,54,100,1230,123000.00,2017-04-04 04:55:00.657600
10411,201704044556478,PRIN,59,47,200,1224,244800.00,2017-04-04 04:55:00.647800
10412,201704044556479,PRIN,59,44,200,1229,245800.00,2017-04-04 04:55:00.647900
10413,201704044556509,PRIN,53,44,150,1229,184350.00,2017-04-04 04:55:00.650900
10414,201704044556432,PRIN,59,59,300,1225,367500.00,2017-04-04 04:55:00.643200
10415,201704044556417,PRIN,57,44,50,1229,61450.00,2017-04-04 04:55:00.641700
10416,201704044556131,PRIN,33,57,70,1225,85750.00,2017-04-04 04:55:00.613100
10417,201704044556132,PRIN,33,40,100,1227,122700.00,2017-04-04 04:55:00.613200
10418,201704044556144,PRIN,25,44,100,1229,122900.00,2017-04-04 04:55:00.614400
10419,201704044555977,PRIN,29,13,60,1214,72840.00,2017-04-04 04:55:00.597700
10420,201704044555911,PRIN,26,20,25,1205,30125.00,2017-04-04 04:55:00.591100
10421,201704044555741,PRIN,33,33,150,1182,177300.00,2017-04-04 04:55:00.574100
10422,201704044555442,PRIN,37,45,50,1180,59000.00,2017-04-04 04:55:00.544200
10423,201704044555457,PRIN,53,41,100,1199,119900.00,2017-04-04 04:55:00.545700
10424,201704044555458,PRIN,53,20,130,1200,156000.00,2017-04-04 04:55:00.545800
10425,201704044555459,PRIN,53,35,367,1200,440400.00,2017-04-04 04:55:00.545900
10426,201704044555460,PRIN,53,34,150,1200,180000.00,2017-04-04 04:55:00.546000
10427,201704044555420,PRIN,22,38,200,1190,238000.00,2017-04-04 04:55:00.542000
10428,201704044555336,PRIN,37,34,100,1180,118000.00,2017-04-04 04:55:00.533600
10429,201704044555350,PRIN,37,14,33,1180,38940.00,2017-04-04 04:55:00.535000
10430,201704044555358,PRIN,53,49,100,1188,118800.00,2017-04-04 04:55:00.535800
10431,201704044555292,PRIN,39,11,100,1162,116200.00,2017-04-04 04:55:00.529200
10432,201704044555304,PRIN,43,54,50,1163,58150.00,2017-04-04 04:55:00.530400
10433,201704044555324,PRIN,39,54,100,1162,116200.00,2017-04-04 04:55:00.532400
10434,201704044555125,PRIN,49,17,300,1167,350100.00,2017-04-04 04:55:00.512500
10435,201704044555136,PRIN,49,29,200,1167,233400.00,2017-04-04 04:55:00.513600
10436,201704044554888,PRIN,42,33,10,1190,11900.00,2017-04-04 04:55:00.488800
10437,201704044554804,PRIN,42,14,30,1176,35280.00,2017-04-04 04:55:00.480400
10438,201704044554805,PRIN,42,55,10,1176,11760.00,2017-04-04 04:55:00.480500
10439,201704044554806,PRIN,42,42,50,1190,59500.00,2017-04-04 04:55:00.480600
10440,201704044554683,PRIN,14,34,50,1177,58850.00,2017-04-04 04:55:00.468300
10441,201704044554698,PRIN,14,22,43,1177,50611.00,2017-04-04 04:55:00.469800
10442,201704044554699,PRIN,43,22,57,1176,67032.00,2017-04-04 04:55:00.469900
10443,201704044554605,PRIN,14,57,167,1177,196559.00,2017-04-04 04:55:00.460500
10444,201704044554566,PRIN,14,52,240,1177,282480.00,2017-04-04 04:55:00.456600
10445,201704044554490,PRIN,13,52,60,1191,71460.00,2017-04-04 04:55:00.449000
10446,201704044554388,PRIN,43,53,60,1192,71520.00,2017-04-04 04:55:00.438800
10447,201704044554389,PRIN,13,53,40,1191,47640.00,2017-04-04 04:55:00.438900
10448,201704044554362,PRIN,14,44,50,1193,59650.00,2017-04-04 04:55:00.436200
10449,201704044554366,PRIN,41,20,20,1201,24020.00,2017-04-04 04:55:00.436600
10450,201704044554367,PRIN,14,20,450,1200,540000.00,2017-04-04 04:55:00.436700
10451,201704044554198,PRIN,5,45,117,1230,143910.00,2017-04-04 04:55:00.419800
10452,201704044554215,PRIN,20,57,200,1215,243000.00,2017-04-04 04:55:00.421500
10453,201704044554114,PRIN,20,55,100,1215,121500.00,2017-04-04 04:55:00.411400
10454,201704044554011,PRIN,5,8,20,1213,24260.00,2017-04-04 04:55:00.401100
10455,201704044554012,PRIN,5,8,25,1213,30325.00,2017-04-04 04:55:00.401200
10456,201704044553870,PRIN,53,22,100,1200,120000.00,2017-04-04 04:55:00.387000
10457,201704044553871,PRIN,53,39,100,1200,120000.00,2017-04-04 04:55:00.387100
10458,201704034553627,PRIN,33,47,100,1205,120500.00,2017-04-03 04:55:00.362700
10459,201704034553664,PRIN,34,36,70,1190,83300.00,2017-04-03 04:55:00.366400
10460,201704034553665,PRIN,56,36,200,1190,238000.00,2017-04-03 04:55:00.366500
10461,201704034553666,PRIN,32,36,200,1190,238000.00,2017-04-03 04:55:00.366600
10462,201704034553532,PRIN,3,21,100,1200,120000.00,2017-04-03 04:55:00.353200
10463,201704034553515,PRIN,33,17,100,1190,119000.00,2017-04-03 04:55:00.351500
10464,201704034553429,PRIN,26,5,100,1181,118100.00,2017-04-03 04:55:00.342900
10465,201704034553461,PRIN,56,47,100,1190,119000.00,2017-04-03 04:55:00.346100
10466,201704034553163,PRIN,37,55,28,1158,32424.00,2017-04-03 04:55:00.316300
10467,201704034553055,PRIN,16,37,90,1185,106650.00,2017-04-03 04:55:00.305500
10468,201704034553056,PRIN,38,37,100,1185,118500.00,2017-04-03 04:55:00.305600
10469,201704034553057,PRIN,6,37,12,1180,14160.00,2017-04-03 04:55:00.305700
10470,201704034553063,PRIN,56,37,100,1160,116000.00,2017-04-03 04:55:00.306300
10471,201704034553064,PRIN,37,37,98,1160,113680.00,2017-04-03 04:55:00.306400
10472,201704034552997,PRIN,38,37,100,1185,118500.00,2017-04-03 04:55:00.299700
10473,201704034552967,PRIN,16,29,30,1185,35550.00,2017-04-03 04:55:00.296700
10474,201704034552843,PRIN,6,45,50,1180,59000.00,2017-04-03 04:55:00.284300
10475,201704034552768,PRIN,36,35,62,1180,73160.00,2017-04-03 04:55:00.276800
10476,201704034552769,PRIN,17,35,500,1180,590000.00,2017-04-03 04:55:00.276900
10477,201704034552770,PRIN,6,35,438,1180,516840.00,2017-04-03 04:55:00.277000
10478,201704034552714,PRIN,26,35,100,1205,120500.00,2017-04-03 04:55:00.271400
10479,201704034552715,PRIN,48,35,112,1203,134736.00,2017-04-03 04:55:00.271500
10480,201704034552716,PRIN,57,35,200,1203,240600.00,2017-04-03 04:55:00.271600
10481,201704034552717,PRIN,25,35,100,1201,120100.00,2017-04-03 04:55:00.271700
10482,201704034552730,PRIN,19,35,80,1180,94400.00,2017-04-03 04:55:00.273000
10483,201704034552731,PRIN,32,35,100,1180,118000.00,2017-04-03 04:55:00.273100
10484,201704034552732,PRIN,41,35,100,1180,118000.00,2017-04-03 04:55:00.273200
10485,201704034552733,PRIN,36,35,38,1180,44840.00,2017-04-03 04:55:00.273300
10486,201704034552616,PRIN,6,35,10,1224,12240.00,2017-04-03 04:55:00.261600
10487,201704034552654,PRIN,26,26,100,1220,122000.00,2017-04-03 04:55:00.265400
10488,201704034552576,PRIN,34,36,112,1224,137088.00,2017-04-03 04:55:00.257600
10489,201704034552577,PRIN,37,36,675,1224,826200.00,2017-04-03 04:55:00.257700
10490,201704034552578,PRIN,37,36,100,1224,122400.00,2017-04-03 04:55:00.257800
10491,201704034552579,PRIN,29,36,75,1224,91800.00,2017-04-03 04:55:00.257900
10492,201704034552588,PRIN,8,35,35,1240,43400.00,2017-04-03 04:55:00.258800
10493,201704034552589,PRIN,29,35,125,1224,153000.00,2017-04-03 04:55:00.258900
10494,201704034552279,PRIN,11,36,11,1230,13530.00,2017-04-03 04:55:00.227900
10495,201704034552280,PRIN,26,36,20,1230,24600.00,2017-04-03 04:55:00.228000
10496,201704034552281,PRIN,42,36,181,1225,221725.00,2017-04-03 04:55:00.228100
10497,201704034552282,PRIN,34,36,888,1224,1086912.00,2017-04-03 04:55:00.228200
10498,201704034552296,PRIN,47,48,20,1231,24620.00,2017-04-03 04:55:00.229600
10499,201704034552297,PRIN,47,38,280,1248,349440.00,2017-04-03 04:55:00.229700
10500,201704034552219,PRIN,11,47,50,1230,61500.00,2017-04-03 04:55:00.221900
10501,201704034552154,PRIN,52,35,10,1248,12480.00,2017-04-03 04:55:00.215400
10502,201704034552155,PRIN,52,19,100,1248,124800.00,2017-04-03 04:55:00.215500
10503,201704034552156,PRIN,52,42,140,1248,174720.00,2017-04-03 04:55:00.215600
10504,201704034552164,PRIN,52,38,20,1248,24960.00,2017-04-03 04:55:00.216400
10505,201704034552168,PRIN,53,48,80,1231,98480.00,2017-04-03 04:55:00.216800
10506,201704034552190,PRIN,42,36,100,1225,122500.00,2017-04-03 04:55:00.219000
10507,201704034552120,PRIN,52,19,100,1235,123500.00,2017-04-03 04:55:00.212000
10508,201704034552132,PRIN,56,19,100,1233,123300.00,2017-04-03 04:55:00.213200
10509,201704034552138,PRIN,53,19,20,1231,24620.00,2017-04-03 04:55:00.213800
10510,201704034551991,PRIN,52,46,100,1235,123500.00,2017-04-03 04:55:00.199100
10511,201704034551970,PRIN,17,46,400,1236,494400.00,2017-04-03 04:55:00.197000
10512,201704034551910,PRIN,45,49,100,1240,124000.00,2017-04-03 04:55:00.191000
10513,201704034551776,PRIN,34,35,390,1248,486720.00,2017-04-03 04:55:00.177600
10514,201704034551777,PRIN,29,35,100,1248,124800.00,2017-04-03 04:55:00.177700
10515,201704034551778,PRIN,1,35,200,1248,249600.00,2017-04-03 04:55:00.177800
10516,201704034551779,PRIN,45,35,100,1248,124800.00,2017-04-03 04:55:00.177900
10517,201704034551780,PRIN,28,35,200,1248,249600.00,2017-04-03 04:55:00.178000
10518,201704034551654,PRIN,34,58,100,1248,124800.00,2017-04-03 04:55:00.165400
10519,201704034551287,PRIN,34,26,310,1248,386880.00,2017-04-03 04:55:00.128700
10520,201704034551288,PRIN,34,48,100,1248,124800.00,2017-04-03 04:55:00.128800
10521,201704034551289,PRIN,34,53,100,1248,124800.00,2017-04-03 04:55:00.128900
10522,201704034551042,PRIN,45,48,100,1248,124800.00,2017-04-03 04:55:00.104200
10523,201704034550965,PRIN,35,56,47,1248,58656.00,2017-04-03 04:55:00.096500
10524,201704034550977,PRIN,45,34,100,1248,124800.00,2017-04-03 04:55:00.097700
10525,201704034550715,PRIN,48,56,17,1239,21063.00,2017-04-03 04:55:00.071500
10526,201704034550716,PRIN,48,16,190,1240,235600.00,2017-04-03 04:55:00.071600
10527,201704034550717,PRIN,48,26,100,1245,124500.00,2017-04-03 04:55:00.071700
10528,201704034550718,PRIN,48,48,65,1248,81120.00,2017-04-03 04:55:00.071800
10529,201704034550719,PRIN,48,17,40,1248,49920.00,2017-04-03 04:55:00.071900
10530,201704034550720,PRIN,48,42,50,1248,62400.00,2017-04-03 04:55:00.072000
10531,201704034550721,PRIN,48,56,38,1248,47424.00,2017-04-03 04:55:00.072100
10532,201704034550750,PRIN,1,56,15,1248,18720.00,2017-04-03 04:55:00.075000
10533,201704034550555,PRIN,11,53,39,1230,47970.00,2017-04-03 04:55:00.055500
10534,201704034550515,PRIN,42,34,169,1225,207025.00,2017-04-03 04:55:00.051500
10535,201704034550425,PRIN,42,56,100,1239,123900.00,2017-04-03 04:55:00.042500
10536,201704034550438,PRIN,45,53,78,1230,95940.00,2017-04-03 04:55:00.043800
10537,201704034550242,PRIN,45,45,22,1244,27368.00,2017-04-03 04:55:00.024200
10538,201704034550243,PRIN,45,45,50,1244,62200.00,2017-04-03 04:55:00.024300
10539,201704034550281,PRIN,32,16,10,1245,12450.00,2017-04-03 04:55:00.028100
10540,201704034550060,PRIN,50,48,35,1248,43680.00,2017-04-03 04:55:00.006000
10541,201704034550007,PRIN,50,48,35,1248,43680.00,2017-04-03 04:55:00.000700
10542,201704034549905,PRIN,50,6,130,1248,162240.00,2017-04-03 04:54:00.990500
10543,201704034549868,PRIN,1,20,50,1245,62250.00,2017-04-03 04:54:00.986800
10544,201704034549869,PRIN,51,20,200,1230,246000.00,2017-04-03 04:54:00.986900
10545,201704034549870,PRIN,1,20,200,1225,245000.00,2017-04-03 04:54:00.987000
10546,201704034549871,PRIN,42,20,50,1225,61250.00,2017-04-03 04:54:00.987100
10547,201704034549637,PRIN,50,33,142,1248,177216.00,2017-04-03 04:54:00.963700
10548,201704034549638,PRIN,39,33,30,1248,37440.00,2017-04-03 04:54:00.963800
10549,201704034549552,PRIN,34,42,100,1248,124800.00,2017-04-03 04:54:00.955200
10550,201704034549571,PRIN,34,21,100,1248,124800.00,2017-04-03 04:54:00.957100
10551,201704034549579,PRIN,53,49,92,1248,114816.00,2017-04-03 04:54:00.957900
10552,201704034549580,PRIN,19,49,50,1248,62400.00,2017-04-03 04:54:00.958000
10553,201704034549581,PRIN,50,49,58,1248,72384.00,2017-04-03 04:54:00.958100
10554,201704034549480,PRIN,53,6,200,1248,249600.00,2017-04-03 04:54:00.948000
10555,201704034549417,PRIN,49,20,50,1248,62400.00,2017-04-03 04:54:00.941700
10556,201704034549418,PRIN,6,20,19,1248,23712.00,2017-04-03 04:54:00.941800
10557,201704034549419,PRIN,20,20,50,1248,62400.00,2017-04-03 04:54:00.941900
10558,201704034549420,PRIN,21,20,100,1248,124800.00,2017-04-03 04:54:00.942000
10559,201704034549421,PRIN,45,20,173,1248,215904.00,2017-04-03 04:54:00.942100
10560,201704034549422,PRIN,26,20,108,1248,134784.00,2017-04-03 04:54:00.942200
10561,201704034549449,PRIN,26,44,192,1248,239616.00,2017-04-03 04:54:00.944900
10562,201704034549450,PRIN,53,44,108,1248,134784.00,2017-04-03 04:54:00.945000
10563,201704034549330,PRIN,53,56,600,1248,748800.00,2017-04-03 04:54:00.933000
10564,201704034549358,PRIN,21,19,100,1248,124800.00,2017-04-03 04:54:00.935800
10565,201704034549216,PRIN,6,43,81,1248,101088.00,2017-04-03 04:54:00.921600
10566,201704034549103,PRIN,22,44,80,1248,99840.00,2017-04-03 04:54:00.910300
10567,201704034549104,PRIN,42,44,50,1248,62400.00,2017-04-03 04:54:00.910400
10568,201704034549105,PRIN,54,44,100,1248,124800.00,2017-04-03 04:54:00.910500
10569,201704034549106,PRIN,53,44,50,1248,62400.00,2017-04-03 04:54:00.910600
10570,201704034549107,PRIN,33,44,11,1248,13728.00,2017-04-03 04:54:00.910700
10571,201704034549108,PRIN,1,44,100,1248,124800.00,2017-04-03 04:54:00.910800
10572,201704034549109,PRIN,45,44,200,1248,249600.00,2017-04-03 04:54:00.910900
10573,201704034549149,PRIN,49,6,100,1248,124800.00,2017-04-03 04:54:00.914900
10574,201704034548739,PRIN,45,45,327,1248,408096.00,2017-04-03 04:54:00.873900
10575,201704034548577,PRIN,45,7,200,1248,249600.00,2017-04-03 04:54:00.857700
10576,201704034548607,PRIN,45,45,100,1248,124800.00,2017-04-03 04:54:00.860700
10577,201704034548175,PRIN,33,19,189,1248,235872.00,2017-04-03 04:54:00.817500
10578,201704034548076,PRIN,53,53,250,1248,312000.00,2017-04-03 04:54:00.807600
10579,201704034548123,PRIN,11,53,10,1248,12480.00,2017-04-03 04:54:00.812300
10580,201704034548124,PRIN,49,53,50,1248,62400.00,2017-04-03 04:54:00.812400
10581,201704034548125,PRIN,22,53,40,1248,49920.00,2017-04-03 04:54:00.812500
10582,201704034547877,PRIN,11,43,28,1248,34944.00,2017-04-03 04:54:00.787700
10583,201704034547611,PRIN,37,33,325,1248,405600.00,2017-04-03 04:54:00.761100
10584,201704034547632,PRIN,11,48,47,1248,58656.00,2017-04-03 04:54:00.763200
10585,201704034547391,PRIN,11,42,15,1248,18720.00,2017-04-03 04:54:00.739100
10586,201704034547257,PRIN,11,14,30,1248,37440.00,2017-04-03 04:54:00.725700
10587,201704034547184,PRIN,11,38,10,1248,12480.00,2017-04-03 04:54:00.718400
10588,201704034547152,PRIN,11,38,20,1248,24960.00,2017-04-03 04:54:00.715200
10589,201704034546969,PRIN,10,17,10,1248,12480.00,2017-04-03 04:54:00.696900
10590,201704034546970,PRIN,36,17,25,1248,31200.00,2017-04-03 04:54:00.697000
10591,201704034546971,PRIN,38,17,10,1248,12480.00,2017-04-03 04:54:00.697100
10592,201704034546972,PRIN,38,17,200,1248,249600.00,2017-04-03 04:54:00.697200
10593,201704034546973,PRIN,48,17,100,1248,124800.00,2017-04-03 04:54:00.697300
10594,201704034546974,PRIN,11,17,40,1248,49920.00,2017-04-03 04:54:00.697400
10595,201704034546786,PRIN,50,49,15,1248,18720.00,2017-04-03 04:54:00.678600
10596,201704034546787,PRIN,50,56,5,1248,6240.00,2017-04-03 04:54:00.678700
10597,201704034546581,PRIN,51,37,50,1248,62400.00,2017-04-03 04:54:00.658100
10598,201704034546538,PRIN,38,19,340,1248,424320.00,2017-04-03 04:54:00.653800
10599,201704034546556,PRIN,51,37,50,1248,62400.00,2017-04-03 04:54:00.655600
10600,201704034546488,PRIN,34,17,500,1248,624000.00,2017-04-03 04:54:00.648800
10601,201704034546436,PRIN,37,34,500,1248,624000.00,2017-04-03 04:54:00.643600
10602,201704034546439,PRIN,36,58,75,1248,93600.00,2017-04-03 04:54:00.643900
10603,201704034546275,PRIN,38,19,150,1248,187200.00,2017-04-03 04:54:00.627500
10604,201704034545932,PRIN,5,35,1000,1248,1248000.00,2017-04-03 04:54:00.593200
10605,201704034545874,PRIN,10,53,190,1248,237120.00,2017-04-03 04:54:00.587400
10606,201704034545802,PRIN,1,56,100,1248,124800.00,2017-04-03 04:54:00.580200
10607,201704034545836,PRIN,48,53,117,1247,145899.00,2017-04-03 04:54:00.583600
10608,201704034545837,PRIN,48,56,83,1248,103584.00,2017-04-03 04:54:00.583700
10609,201704034545856,PRIN,10,56,200,1248,249600.00,2017-04-03 04:54:00.585600
10610,201704034545861,PRIN,52,53,200,1248,249600.00,2017-04-03 04:54:00.586100
10611,201704034545774,PRIN,25,56,50,1248,62400.00,2017-04-03 04:54:00.577400
10612,201704034545775,PRIN,10,56,100,1248,124800.00,2017-04-03 04:54:00.577500
10613,201704034545705,PRIN,51,56,100,1248,124800.00,2017-04-03 04:54:00.570500
10614,201704034545601,PRIN,58,53,88,1245,109560.00,2017-04-03 04:54:00.560100
10615,201704034545613,PRIN,58,56,112,1245,139440.00,2017-04-03 04:54:00.561300
10616,201704034545614,PRIN,1,56,38,1245,47310.00,2017-04-03 04:54:00.561400
10617,201704034545638,PRIN,37,56,500,1248,624000.00,2017-04-03 04:54:00.563800
10618,201704034545575,PRIN,32,21,100,1240,124000.00,2017-04-03 04:54:00.557500
10619,201704034545435,PRIN,13,56,200,1248,249600.00,2017-04-03 04:54:00.543500
10620,201704034545366,PRIN,32,36,100,1240,124000.00,2017-04-03 04:54:00.536600
10621,201704034545378,PRIN,35,56,200,1248,249600.00,2017-04-03 04:54:00.537800
10622,201704034545358,PRIN,53,36,100,1240,124000.00,2017-04-03 04:54:00.535800
10623,201704034545240,PRIN,36,36,200,1240,248000.00,2017-04-03 04:54:00.524000
10624,201704034545161,PRIN,57,34,200,1227,245400.00,2017-04-03 04:54:00.516100
10625,201704034545162,PRIN,57,42,150,1228,184200.00,2017-04-03 04:54:00.516200
10626,201704034545163,PRIN,57,54,50,1230,61500.00,2017-04-03 04:54:00.516300
10627,201704034545164,PRIN,57,45,100,1240,124000.00,2017-04-03 04:54:00.516400
10628,201704034545165,PRIN,57,36,133,1248,165984.00,2017-04-03 04:54:00.516500
10629,201704034545166,PRIN,57,56,167,1248,208416.00,2017-04-03 04:54:00.516600
10630,201704034545076,PRIN,53,34,200,1227,245400.00,2017-04-03 04:54:00.507600
10631,201704034545107,PRIN,22,34,100,1227,122700.00,2017-04-03 04:54:00.510700
10632,201704034544958,PRIN,53,22,100,1219,121900.00,2017-04-03 04:54:00.495800
10633,201704034544960,PRIN,53,57,100,1219,121900.00,2017-04-03 04:54:00.496000
10634,201704034544961,PRIN,41,57,500,1219,609500.00,2017-04-03 04:54:00.496100
10635,201704034544962,PRIN,47,57,60,1205,72300.00,2017-04-03 04:54:00.496200
10636,201704034544963,PRIN,1,57,118,1205,142190.00,2017-04-03 04:54:00.496300
10637,201704034544971,PRIN,45,13,150,1220,183000.00,2017-04-03 04:54:00.497100
10638,201704034545021,PRIN,1,57,82,1205,98810.00,2017-04-03 04:54:00.502100
10639,201704034545022,PRIN,32,57,280,1203,336840.00,2017-04-03 04:54:00.502200
10640,201704034545023,PRIN,48,57,100,1203,120300.00,2017-04-03 04:54:00.502300
10641,201704034545024,PRIN,39,57,500,1203,601500.00,2017-04-03 04:54:00.502400
10642,201704034545025,PRIN,48,57,38,1203,45714.00,2017-04-03 04:54:00.502500
10643,201704034545033,PRIN,44,13,250,1220,305000.00,2017-04-03 04:54:00.503300
10644,201704034544905,PRIN,53,53,450,1206,542700.00,2017-04-03 04:54:00.490500
10645,201704034544947,PRIN,26,43,590,1219,719210.00,2017-04-03 04:54:00.494700
10646,201704034544948,PRIN,26,57,410,1220,500200.00,2017-04-03 04:54:00.494800
10647,201704034544624,PRIN,55,44,50,1230,61500.00,2017-04-03 04:54:00.462400
10648,201704034544646,PRIN,29,44,30,1230,36900.00,2017-04-03 04:54:00.464600
10649,201704034544691,PRIN,53,34,23,1227,28221.00,2017-04-03 04:54:00.469100
10650,201704034544692,PRIN,29,34,100,1225,122500.00,2017-04-03 04:54:00.469200
10651,201704034544693,PRIN,52,34,500,1221,610500.00,2017-04-03 04:54:00.469300
10652,201704034544694,PRIN,53,34,285,1220,347700.00,2017-04-03 04:54:00.469400
10653,201704034544487,PRIN,53,49,117,1227,143559.00,2017-04-03 04:54:00.448700
10654,201704034544323,PRIN,29,54,100,1225,122500.00,2017-04-03 04:54:00.432300
10655,201704034544360,PRIN,53,54,60,1225,73500.00,2017-04-03 04:54:00.436000
10656,201704034544361,PRIN,53,42,300,1227,368100.00,2017-04-03 04:54:00.436100
10657,201704034544371,PRIN,32,44,100,1230,123000.00,2017-04-03 04:54:00.437100
10658,201704034544377,PRIN,17,44,100,1230,123000.00,2017-04-03 04:54:00.437700
10659,201704034544271,PRIN,53,57,430,1218,523740.00,2017-04-03 04:54:00.427100
10660,201704034544272,PRIN,53,19,85,1220,103700.00,2017-04-03 04:54:00.427200
10661,201704034544273,PRIN,53,10,200,1220,244000.00,2017-04-03 04:54:00.427300
10662,201704034544205,PRIN,47,26,30,1205,36150.00,2017-04-03 04:54:00.420500
10663,201704034544224,PRIN,32,44,100,1219,121900.00,2017-04-03 04:54:00.422400
10664,201704034544112,PRIN,47,41,10,1205,12050.00,2017-04-03 04:54:00.411200
10665,201704034544023,PRIN,42,19,15,1227,18405.00,2017-04-03 04:54:00.402300
10666,201704034544024,PRIN,33,19,100,1225,122500.00,2017-04-03 04:54:00.402400
10667,201704034544025,PRIN,52,19,100,1210,121000.00,2017-04-03 04:54:00.402500
10668,201704034544047,PRIN,18,51,200,1205,241000.00,2017-04-03 04:54:00.404700
10669,201704034543747,PRIN,37,54,180,1203,216540.00,2017-04-03 04:54:00.374700
10670,201704034543748,PRIN,13,54,200,1203,240600.00,2017-04-03 04:54:00.374800
10671,201704034543749,PRIN,32,54,420,1203,505260.00,2017-04-03 04:54:00.374900
10672,201704034543707,PRIN,34,33,500,1210,605000.00,2017-04-03 04:54:00.370700
10673,201704034543716,PRIN,32,48,300,1203,360900.00,2017-04-03 04:54:00.371600
10674,201704034543558,PRIN,41,33,419,1225,513275.00,2017-04-03 04:54:00.355800
10675,201704034543429,PRIN,41,50,100,1225,122500.00,2017-04-03 04:54:00.342900
10676,201704034543472,PRIN,32,44,100,1230,123000.00,2017-04-03 04:54:00.347200
10677,201704034543500,PRIN,7,44,200,1230,246000.00,2017-04-03 04:54:00.350000
10678,201704034543355,PRIN,59,44,200,1230,246000.00,2017-04-03 04:54:00.335500
10679,201704034543236,PRIN,41,35,100,1220,122000.00,2017-04-03 04:54:00.323600
10680,201704034543237,PRIN,41,20,381,1220,464820.00,2017-04-03 04:54:00.323700
10681,201704034543130,PRIN,37,57,100,1220,122000.00,2017-04-03 04:54:00.313000
10682,201704034543142,PRIN,37,20,455,1220,555100.00,2017-04-03 04:54:00.314200
10683,201704034543197,PRIN,37,48,200,1220,244000.00,2017-04-03 04:54:00.319700
10684,201704034543233,PRIN,37,20,15,1220,18300.00,2017-04-03 04:54:00.323300
10685,201704034543096,PRIN,17,20,100,1225,122500.00,2017-04-03 04:54:00.309600
10686,201704034542978,PRIN,41,44,100,1245,124500.00,2017-04-03 04:54:00.297800
10687,201704034542982,PRIN,50,44,20,1230,24600.00,2017-04-03 04:54:00.298200
10688,201704034542983,PRIN,39,44,200,1230,246000.00,2017-04-03 04:54:00.298300
10689,201704034542814,PRIN,41,44,30,1245,37350.00,2017-04-03 04:54:00.281400
10690,201704034542718,PRIN,20,44,100,1245,124500.00,2017-04-03 04:54:00.271800
10691,201704034542672,PRIN,5,37,200,1244,248800.00,2017-04-03 04:54:00.267200
10692,201704034542276,PRIN,38,44,50,1245,62250.00,2017-04-03 04:54:00.227600
10693,201704034541773,PRIN,42,42,50,1244,62200.00,2017-04-03 04:54:00.177300
10694,201704034541549,PRIN,37,33,230,1220,280600.00,2017-04-03 04:54:00.154900
10695,201704034541644,PRIN,42,14,11,1244,13684.00,2017-04-03 04:54:00.164400
10696,201704034541449,PRIN,11,33,100,1220,122000.00,2017-04-03 04:54:00.144900
10697,201704034541450,PRIN,40,33,170,1220,207400.00,2017-04-03 04:54:00.145000
10698,201704034541451,PRIN,16,33,100,1220,122000.00,2017-04-03 04:54:00.145100
10699,201704034541452,PRIN,16,33,100,1220,122000.00,2017-04-03 04:54:00.145200
10700,201704034541453,PRIN,16,33,300,1220,366000.00,2017-04-03 04:54:00.145300
10701,201704034541411,PRIN,40,8,30,1227,36810.00,2017-04-03 04:54:00.141100
10702,201704034541307,PRIN,37,8,20,1203,24060.00,2017-04-03 04:54:00.130700
10703,201704034540582,PRIN,19,8,20,1180,23600.00,2017-04-03 04:54:00.058200
10704,201704034540484,PRIN,8,8,27,1157,31239.00,2017-04-03 04:54:00.048400
10705,201704034540485,PRIN,8,8,30,1157,34710.00,2017-04-03 04:54:00.048500
10706,201704034540486,PRIN,8,51,10,1157,11570.00,2017-04-03 04:54:00.048600
10707,201704024537729,PRIN,50,6,12,1135,13620.00,2017-04-02 04:53:00.772900
10708,201704024537132,PRIN,35,41,117,1135,132795.00,2017-04-02 04:53:00.713200
10709,201704024536570,PRIN,35,41,50,1135,56750.00,2017-04-02 04:53:00.657000
10710,201704024536567,PRIN,50,41,32,1135,36320.00,2017-04-02 04:53:00.656700
10711,201704024536500,PRIN,35,37,100,1135,113500.00,2017-04-02 04:53:00.650000
10712,201704024536441,PRIN,50,37,110,1135,124850.00,2017-04-02 04:53:00.644100
10713,201704024536447,PRIN,35,37,100,1135,113500.00,2017-04-02 04:53:00.644700
10714,201704024536405,PRIN,50,37,100,1135,113500.00,2017-04-02 04:53:00.640500
10715,201704024536128,PRIN,50,55,17,1135,19295.00,2017-04-02 04:53:00.612800
10716,201704024536036,PRIN,35,35,3000,1135,3405000.00,2017-04-02 04:53:00.603600
10717,201704024536011,PRIN,50,8,20,1135,22700.00,2017-04-02 04:53:00.601100
10718,201704024536020,PRIN,50,8,20,1135,22700.00,2017-04-02 04:53:00.602000
10719,201704024535994,PRIN,22,35,10,1094,10940.00,2017-04-02 04:53:00.599400
10720,201704024536001,PRIN,47,35,10,1115,11150.00,2017-04-02 04:53:00.600100
10721,201704024536004,PRIN,22,8,20,1135,22700.00,2017-04-02 04:53:00.600400
10722,201704024535990,PRIN,22,8,20,1094,21880.00,2017-04-02 04:53:00.599000
10723,201704024535964,PRIN,7,8,20,1073,21460.00,2017-04-02 04:53:00.596400
10724,201704024535970,PRIN,26,8,30,1073,32190.00,2017-04-02 04:53:00.597000
10725,201704024535939,PRIN,29,8,20,1052,21040.00,2017-04-02 04:53:00.593900
10726,201704024535948,PRIN,29,8,20,1052,21040.00,2017-04-02 04:53:00.594800
10727,201703304535912,PRIN,34,38,200,1032,206400.00,2017-03-30 04:53:00.591200
10728,201703304535747,PRIN,25,49,20,1035,20700.00,2017-03-30 04:53:00.574700
10729,201703304535748,PRIN,25,49,100,1033,103300.00,2017-03-30 04:53:00.574800
10730,201703304535749,PRIN,14,49,150,1032,154800.00,2017-03-30 04:53:00.574900
10731,201703304535750,PRIN,1,49,30,1032,30960.00,2017-03-30 04:53:00.575000
10732,201703304535757,PRIN,1,38,20,1032,20640.00,2017-03-30 04:53:00.575700
10733,201703304535758,PRIN,40,38,200,1032,206400.00,2017-03-30 04:53:00.575800
10734,201703304535793,PRIN,33,38,20,1032,20640.00,2017-03-30 04:53:00.579300
10735,201703304535577,PRIN,37,6,100,1035,103500.00,2017-03-30 04:53:00.557700
10736,201703304535007,PRIN,29,34,200,1040,208000.00,2017-03-30 04:53:00.500700
10737,201703304535078,PRIN,33,44,20,1035,20700.00,2017-03-30 04:53:00.507800
10738,201703304535079,PRIN,25,44,130,1035,134550.00,2017-03-30 04:53:00.507900
10739,201703304534967,PRIN,37,34,40,1044,41760.00,2017-03-30 04:53:00.496700
10740,201703304534777,PRIN,55,59,250,1044,261000.00,2017-03-30 04:53:00.477700
10741,201703304534724,PRIN,55,34,100,1044,104400.00,2017-03-30 04:53:00.472400
10742,201703304533898,PRIN,42,14,50,1040,52000.00,2017-03-30 04:53:00.389800
10743,201703304533899,PRIN,13,14,50,1040,52000.00,2017-03-30 04:53:00.389900
10744,201703304534427,PRIN,55,59,100,1040,104000.00,2017-03-30 04:53:00.442700
10745,201703304534516,PRIN,4,41,161,1045,168245.00,2017-03-30 04:53:00.451600
10746,201703304532524,PRIN,1,34,500,1045,522500.00,2017-03-30 04:53:00.252400
10747,201703304532695,PRIN,37,33,50,1050,52500.00,2017-03-30 04:53:00.269500
10748,201703304532898,PRIN,21,35,85,1049,89165.00,2017-03-30 04:53:00.289800
10749,201703304532899,PRIN,21,5,59,1050,61950.00,2017-03-30 04:53:00.289900
10750,201703304532900,PRIN,21,33,356,1050,373800.00,2017-03-30 04:53:00.290000
10751,201703304531976,PRIN,14,33,50,1055,52750.00,2017-03-30 04:53:00.197600
10752,201703304532128,PRIN,19,21,48,1050,50400.00,2017-03-30 04:53:00.212800
10753,201703304531487,PRIN,19,25,75,1045,78375.00,2017-03-30 04:53:00.148700
10754,201703304531497,PRIN,19,41,50,1048,52400.00,2017-03-30 04:53:00.149700
10755,201703304531507,PRIN,19,41,100,1050,105000.00,2017-03-30 04:53:00.150700
10756,201703304531508,PRIN,19,34,75,1050,78750.00,2017-03-30 04:53:00.150800
10757,201703304531525,PRIN,19,34,102,1050,107100.00,2017-03-30 04:53:00.152500
10758,201703304531349,PRIN,25,17,100,1044,104400.00,2017-03-30 04:53:00.134900
10759,201703304531367,PRIN,25,25,25,1045,26125.00,2017-03-30 04:53:00.136700
10760,201703304530826,PRIN,58,37,150,1040,156000.00,2017-03-30 04:53:00.082600
10761,201703304530747,PRIN,53,37,100,1040,104000.00,2017-03-30 04:53:00.074700
10762,201703304529808,PRIN,34,42,200,1030,206000.00,2017-03-30 04:52:00.980800
10763,201703304529743,PRIN,34,26,50,1030,51500.00,2017-03-30 04:52:00.974300
10764,201703304529507,PRIN,49,26,28,1031,28868.00,2017-03-30 04:52:00.950700
10765,201703304529248,PRIN,34,25,200,1035,207000.00,2017-03-30 04:52:00.924800
10766,201703304529137,PRIN,54,26,200,1050,210000.00,2017-03-30 04:52:00.913700
10767,201703304528848,PRIN,43,53,22,1040,22880.00,2017-03-30 04:52:00.884800
10768,201703304528849,PRIN,41,53,100,1035,103500.00,2017-03-30 04:52:00.884900
10769,201703304528850,PRIN,34,53,100,1031,103100.00,2017-03-30 04:52:00.885000
10770,201703304528851,PRIN,34,53,55,1030,56650.00,2017-03-30 04:52:00.885100
10771,201703304528731,PRIN,43,57,68,1040,70720.00,2017-03-30 04:52:00.873100
10772,201703304528668,PRIN,34,17,200,1041,208200.00,2017-03-30 04:52:00.866800
10773,201703304528532,PRIN,20,53,14,1049,14686.00,2017-03-30 04:52:00.853200
10774,201703304528292,PRIN,20,37,16,1049,16784.00,2017-03-30 04:52:00.829200
10775,201703304528193,PRIN,29,34,100,1052,105200.00,2017-03-30 04:52:00.819300
10776,201703304528228,PRIN,25,34,100,1050,105000.00,2017-03-30 04:52:00.822800
10777,201703304527918,PRIN,28,57,100,1073,107300.00,2017-03-30 04:52:00.791800
10778,201703304527880,PRIN,45,57,100,1073,107300.00,2017-03-30 04:52:00.788000
10779,201703304527620,PRIN,55,34,50,1074,53700.00,2017-03-30 04:52:00.762000
10780,201703304527584,PRIN,35,34,600,1060,636000.00,2017-03-30 04:52:00.758400
10781,201703304527523,PRIN,40,57,481,1071,515151.00,2017-03-30 04:52:00.752300
10782,201703304527547,PRIN,35,37,84,1070,89880.00,2017-03-30 04:52:00.754700
10783,201703304527414,PRIN,33,20,100,1075,107500.00,2017-03-30 04:52:00.741400
10784,201703304527432,PRIN,33,33,30,1075,32250.00,2017-03-30 04:52:00.743200
10785,201703304527433,PRIN,51,33,90,1072,96480.00,2017-03-30 04:52:00.743300
10786,201703304527434,PRIN,14,33,100,1071,107100.00,2017-03-30 04:52:00.743400
10787,201703304527435,PRIN,40,33,19,1071,20349.00,2017-03-30 04:52:00.743500
10788,201703304526615,PRIN,35,47,116,1070,124120.00,2017-03-30 04:52:00.661500
10789,201703304526581,PRIN,35,37,16,1070,17120.00,2017-03-30 04:52:00.658100
10790,201703304526582,PRIN,35,47,84,1070,89880.00,2017-03-30 04:52:00.658200
10791,201703304526485,PRIN,20,53,200,1049,209800.00,2017-03-30 04:52:00.648500
10792,201703304526500,PRIN,20,53,168,1049,176232.00,2017-03-30 04:52:00.650000
10793,201703304526501,PRIN,20,16,102,1049,106998.00,2017-03-30 04:52:00.650100
10794,201703304526502,PRIN,20,28,200,1049,209800.00,2017-03-30 04:52:00.650200
10795,201703304526519,PRIN,6,47,100,1050,105000.00,2017-03-30 04:52:00.651900
10796,201703304526520,PRIN,6,36,300,1060,318000.00,2017-03-30 04:52:00.652000
10797,201703304526521,PRIN,6,42,200,1060,212000.00,2017-03-30 04:52:00.652100
10798,201703304526467,PRIN,42,53,10,1049,10490.00,2017-03-30 04:52:00.646700
10799,201703304526426,PRIN,53,53,300,1049,314700.00,2017-03-30 04:52:00.642600
10800,201703304526368,PRIN,53,53,100,1049,104900.00,2017-03-30 04:52:00.636800
10801,201703304525213,PRIN,34,53,100,1049,104900.00,2017-03-30 04:52:00.521300
10802,201703304525320,PRIN,22,47,50,1040,52000.00,2017-03-30 04:52:00.532000
10803,201703304525321,PRIN,22,47,50,1040,52000.00,2017-03-30 04:52:00.532100
10804,201703304525517,PRIN,32,59,230,1035,238050.00,2017-03-30 04:52:00.551700
10805,201703304525672,PRIN,34,37,80,1030,82400.00,2017-03-30 04:52:00.567200
10806,201703304525762,PRIN,19,17,100,1040,104000.00,2017-03-30 04:52:00.576200
10807,201703304525855,PRIN,19,46,67,1040,69680.00,2017-03-30 04:52:00.585500
10808,201703304525952,PRIN,37,29,58,1045,60610.00,2017-03-30 04:52:00.595200
10809,201703304525953,PRIN,37,34,42,1047,43974.00,2017-03-30 04:52:00.595300
10810,201703304526071,PRIN,35,34,458,1047,479526.00,2017-03-30 04:52:00.607100
10811,201703304526112,PRIN,19,53,22,1049,23078.00,2017-03-30 04:52:00.611200
10812,201703304526180,PRIN,53,53,100,1049,104900.00,2017-03-30 04:52:00.618000
10813,201703304524871,PRIN,20,37,84,1070,89880.00,2017-03-30 04:52:00.487100
10814,201703304524824,PRIN,20,8,25,1064,26600.00,2017-03-30 04:52:00.482400
10815,201703304524828,PRIN,20,8,30,1065,31950.00,2017-03-30 04:52:00.482800
10816,201703294524590,PRIN,20,35,100,1045,104500.00,2017-03-29 04:52:00.459000
10817,201703294524716,PRIN,19,21,50,1035,51750.00,2017-03-29 04:52:00.471600
10818,201703294524759,PRIN,54,21,50,1040,52000.00,2017-03-29 04:52:00.475900
10819,201703294524404,PRIN,7,21,20,1040,20800.00,2017-03-29 04:52:00.440400
10820,201703294524078,PRIN,17,25,200,1060,212000.00,2017-03-29 04:52:00.407800
10821,201703294524144,PRIN,19,22,50,1046,52300.00,2017-03-29 04:52:00.414400
10822,201703294524145,PRIN,49,22,34,1045,35530.00,2017-03-29 04:52:00.414500
10823,201703294524264,PRIN,49,37,100,1045,104500.00,2017-03-29 04:52:00.426400
10824,201703294524267,PRIN,49,35,66,1045,68970.00,2017-03-29 04:52:00.426700
10825,201703294524304,PRIN,38,28,20,1044,20880.00,2017-03-29 04:52:00.430400
10826,201703294524305,PRIN,28,28,400,1040,416000.00,2017-03-29 04:52:00.430500
10827,201703294524306,PRIN,7,28,80,1040,83200.00,2017-03-29 04:52:00.430600
10828,201703294523580,PRIN,25,35,100,1050,105000.00,2017-03-29 04:52:00.358000
10829,201703294523789,PRIN,8,54,50,1047,52350.00,2017-03-29 04:52:00.378900
10830,201703294523016,PRIN,19,16,50,1046,52300.00,2017-03-29 04:52:00.301600
10831,201703294523244,PRIN,7,17,100,1047,104700.00,2017-03-29 04:52:00.324400
10832,201703294522538,PRIN,20,34,100,1065,106500.00,2017-03-29 04:52:00.253800
10833,201703294522539,PRIN,20,14,49,1068,52332.00,2017-03-29 04:52:00.253900
10834,201703294522540,PRIN,20,21,50,1070,53500.00,2017-03-29 04:52:00.254000
10835,201703294522541,PRIN,20,34,301,1071,322371.00,2017-03-29 04:52:00.254100
10836,201703294522579,PRIN,54,34,127,1071,136017.00,2017-03-29 04:52:00.257900
10837,201703294522664,PRIN,40,19,100,1055,105500.00,2017-03-29 04:52:00.266400
10838,201703294522665,PRIN,10,19,115,1050,120750.00,2017-03-29 04:52:00.266500
10839,201703294522666,PRIN,37,19,500,1050,525000.00,2017-03-29 04:52:00.266600
10840,201703294522271,PRIN,52,6,50,1053,52650.00,2017-03-29 04:52:00.227100
10841,201703294521792,PRIN,26,55,100,1075,107500.00,2017-03-29 04:52:00.179200
10842,201703294521847,PRIN,48,25,100,1075,107500.00,2017-03-29 04:52:00.184700
10843,201703294521936,PRIN,57,25,200,1061,212200.00,2017-03-29 04:52:00.193600
10844,201703294521937,PRIN,54,25,200,1060,212000.00,2017-03-29 04:52:00.193700
10845,201703294521965,PRIN,54,55,255,1060,270300.00,2017-03-29 04:52:00.196500
10846,201703294522209,PRIN,57,55,100,1056,105600.00,2017-03-29 04:52:00.220900
10847,201703294522210,PRIN,19,55,50,1050,52500.00,2017-03-29 04:52:00.221000
10848,201703294522211,PRIN,10,55,85,1050,89250.00,2017-03-29 04:52:00.221100
10849,201703294511777,PRIN,34,49,26,1065,27690.00,2017-03-29 04:51:00.177700
10850,201703294511778,PRIN,19,49,15,1064,15960.00,2017-03-29 04:51:00.177800
10851,201703294511779,PRIN,40,49,22,1064,23408.00,2017-03-29 04:51:00.177900
10852,201703294511780,PRIN,13,49,42,1061,44562.00,2017-03-29 04:51:00.178000
10853,201703294511781,PRIN,54,49,45,1060,47700.00,2017-03-29 04:51:00.178100
10854,201703294511364,PRIN,53,34,100,1065,106500.00,2017-03-29 04:51:00.136400
10855,201703294511136,PRIN,21,55,100,1070,107000.00,2017-03-29 04:51:00.113600
10856,201703294511137,PRIN,7,55,100,1070,107000.00,2017-03-29 04:51:00.113700
10857,201703294511105,PRIN,45,55,50,1075,53750.00,2017-03-29 04:51:00.110500
10858,201703294511106,PRIN,41,55,50,1075,53750.00,2017-03-29 04:51:00.110600
10859,201703294510826,PRIN,45,34,100,1089,108900.00,2017-03-29 04:51:00.082600
10860,201703294510524,PRIN,29,34,200,1089,217800.00,2017-03-29 04:51:00.052400
10861,201703294509844,PRIN,18,53,100,1094,109400.00,2017-03-29 04:50:00.984400
10862,201703294509976,PRIN,37,34,200,1075,215000.00,2017-03-29 04:50:00.997600
10863,201703294509977,PRIN,21,34,100,1075,107500.00,2017-03-29 04:50:00.997700
10864,201703294509989,PRIN,44,34,500,1072,536000.00,2017-03-29 04:50:00.998900
10865,201703294510063,PRIN,7,37,100,1071,107100.00,2017-03-29 04:51:00.006300
10866,201703294509133,PRIN,40,36,78,1064,82992.00,2017-03-29 04:50:00.913300
10867,201703294509140,PRIN,34,17,24,1065,25560.00,2017-03-29 04:50:00.914000
10868,201703294509510,PRIN,20,32,50,1080,54000.00,2017-03-29 04:50:00.951000
10869,201703294509511,PRIN,20,34,347,1086,376842.00,2017-03-29 04:50:00.951100
10870,201703294509512,PRIN,20,13,100,1086,108600.00,2017-03-29 04:50:00.951200
10871,201703294508744,PRIN,19,13,135,1064,143640.00,2017-03-29 04:50:00.874400
10872,201703294508620,PRIN,6,13,23,1085,24955.00,2017-03-29 04:50:00.862000
10873,201703294508580,PRIN,6,53,50,1075,53750.00,2017-03-29 04:50:00.858000
10874,201703294508373,PRIN,45,51,58,1082,62756.00,2017-03-29 04:50:00.837300
10875,201703294508442,PRIN,45,13,142,1082,153644.00,2017-03-29 04:50:00.844200
10876,201703294508053,PRIN,21,5,132,1061,140052.00,2017-03-29 04:50:00.805300
10877,201703294508054,PRIN,13,5,18,1061,19098.00,2017-03-29 04:50:00.805400
10878,201703294508025,PRIN,11,34,153,1075,164475.00,2017-03-29 04:50:00.802500
10879,201703294508026,PRIN,14,34,500,1065,532500.00,2017-03-29 04:50:00.802600
10880,201703294507811,PRIN,11,5,42,1075,45150.00,2017-03-29 04:50:00.781100
10881,201703294507846,PRIN,11,45,50,1075,53750.00,2017-03-29 04:50:00.784600
10882,201703294507638,PRIN,20,45,442,1078,476476.00,2017-03-29 04:50:00.763800
10883,201703294507675,PRIN,10,5,442,1078,476476.00,2017-03-29 04:50:00.767500
10884,201703294507676,PRIN,11,5,55,1075,59125.00,2017-03-29 04:50:00.767600
10885,201703294507386,PRIN,33,45,15,1080,16200.00,2017-03-29 04:50:00.738600
10886,201703294507387,PRIN,37,45,143,1079,154297.00,2017-03-29 04:50:00.738700
10887,201703294506993,PRIN,8,32,100,1095,109500.00,2017-03-29 04:50:00.699300
10888,201703294506566,PRIN,44,20,100,1101,110100.00,2017-03-29 04:50:00.656600
10889,201703294506701,PRIN,20,50,50,1102,55100.00,2017-03-29 04:50:00.670100
10890,201703294506826,PRIN,20,1,50,1102,55100.00,2017-03-29 04:50:00.682600
10891,201703294506843,PRIN,44,48,900,1101,990900.00,2017-03-29 04:50:00.684300
10892,201703294506844,PRIN,37,48,17,1100,18700.00,2017-03-29 04:50:00.684400
10893,201703294506845,PRIN,37,48,50,1100,55000.00,2017-03-29 04:50:00.684500
10894,201703294506846,PRIN,41,48,50,1100,55000.00,2017-03-29 04:50:00.684600
10895,201703294506847,PRIN,17,48,100,1100,110000.00,2017-03-29 04:50:00.684700
10896,201703294506225,PRIN,5,41,60,1110,66600.00,2017-03-29 04:50:00.622500
10897,201703294506330,PRIN,5,46,10,1110,11100.00,2017-03-29 04:50:00.633000
10898,201703294506422,PRIN,7,36,100,1100,110000.00,2017-03-29 04:50:00.642200
10899,201703294506178,PRIN,5,38,30,1110,33300.00,2017-03-29 04:50:00.617800
10900,201703294505946,PRIN,34,55,25,1110,27750.00,2017-03-29 04:50:00.594600
10901,201703294505947,PRIN,36,55,61,1106,67466.00,2017-03-29 04:50:00.594700
10902,201703294505948,PRIN,33,55,100,1105,110500.00,2017-03-29 04:50:00.594800
10903,201703294505949,PRIN,19,55,81,1100,89100.00,2017-03-29 04:50:00.594900
10904,201703294505950,PRIN,28,55,100,1100,110000.00,2017-03-29 04:50:00.595000
10905,201703294505951,PRIN,56,55,100,1100,110000.00,2017-03-29 04:50:00.595100
10906,201703294505952,PRIN,37,55,33,1100,36300.00,2017-03-29 04:50:00.595200
10907,201703294505585,PRIN,37,36,557,1100,612700.00,2017-03-29 04:50:00.558500
10908,201703294505646,PRIN,34,22,200,1110,222000.00,2017-03-29 04:50:00.564600
10909,201703294505062,PRIN,34,34,100,1105,110500.00,2017-03-29 04:50:00.506200
10910,201703294505116,PRIN,56,34,150,1105,165750.00,2017-03-29 04:50:00.511600
10911,201703294505154,PRIN,35,34,60,1105,66300.00,2017-03-29 04:50:00.515400
10912,201703294505173,PRIN,36,34,475,1105,524875.00,2017-03-29 04:50:00.517300
10913,201703294505174,PRIN,36,39,234,1106,258804.00,2017-03-29 04:50:00.517400
10914,201703294504867,PRIN,19,6,19,1100,20900.00,2017-03-29 04:50:00.486700
10915,201703294504485,PRIN,40,19,200,1094,218800.00,2017-03-29 04:50:00.448500
10916,201703294504517,PRIN,35,19,300,1094,328200.00,2017-03-29 04:50:00.451700
10917,201703294504620,PRIN,33,19,100,1094,109400.00,2017-03-29 04:50:00.462000
10918,201703294504732,PRIN,41,51,90,1100,99000.00,2017-03-29 04:50:00.473200
10919,201703294504791,PRIN,50,51,101,1100,111100.00,2017-03-29 04:50:00.479100
10920,201703294504792,PRIN,50,55,50,1100,55000.00,2017-03-29 04:50:00.479200
10921,201703294504793,PRIN,50,50,100,1100,110000.00,2017-03-29 04:50:00.479300
10922,201703294504794,PRIN,50,36,198,1100,217800.00,2017-03-29 04:50:00.479400
10923,201703294504795,PRIN,50,6,51,1100,56100.00,2017-03-29 04:50:00.479500
10924,201703294504272,PRIN,7,22,200,1090,218000.00,2017-03-29 04:50:00.427200
10925,201703294504201,PRIN,7,26,200,1090,218000.00,2017-03-29 04:50:00.420100
10926,201703294504202,PRIN,7,22,100,1090,109000.00,2017-03-29 04:50:00.420200
10927,201703294503929,PRIN,20,49,17,1076,18292.00,2017-03-29 04:50:00.392900
10928,201703294503930,PRIN,20,44,200,1077,215400.00,2017-03-29 04:50:00.393000
10929,201703294503951,PRIN,20,48,155,1078,167090.00,2017-03-29 04:50:00.395100
10930,201703294503952,PRIN,20,50,100,1081,108100.00,2017-03-29 04:50:00.395200
10931,201703294503855,PRIN,39,5,100,1075,107500.00,2017-03-29 04:50:00.385500
10932,201703294503857,PRIN,20,5,200,1075,215000.00,2017-03-29 04:50:00.385700
10933,201703294503891,PRIN,35,5,42,1075,45150.00,2017-03-29 04:50:00.389100
10934,201703294503894,PRIN,20,49,100,1076,107600.00,2017-03-29 04:50:00.389400
10935,201703294503819,PRIN,10,13,249,1074,267426.00,2017-03-29 04:50:00.381900
10936,201703294503827,PRIN,39,5,100,1075,107500.00,2017-03-29 04:50:00.382700
10937,201703294503738,PRIN,22,22,4,1060,4240.00,2017-03-29 04:50:00.373800
10938,201703294503703,PRIN,50,13,101,1074,108474.00,2017-03-29 04:50:00.370300
10939,201703294503643,PRIN,21,52,68,1061,72148.00,2017-03-29 04:50:00.364300
10940,201703294503559,PRIN,57,5,58,1075,62350.00,2017-03-29 04:50:00.355900
10941,201703294503182,PRIN,50,41,24,1060,25440.00,2017-03-29 04:50:00.318200
10942,201703294503183,PRIN,22,41,80,1060,84800.00,2017-03-29 04:50:00.318300
10943,201703294503184,PRIN,22,41,96,1060,101760.00,2017-03-29 04:50:00.318400
10944,201703294503135,PRIN,40,21,200,1070,214000.00,2017-03-29 04:50:00.313500
10945,201703294503136,PRIN,40,22,50,1070,53500.00,2017-03-29 04:50:00.313600
10946,201703294503046,PRIN,22,54,100,1065,106500.00,2017-03-29 04:50:00.304600
10947,201703294502691,PRIN,20,48,66,1081,71346.00,2017-03-29 04:50:00.269100
10948,201703294502692,PRIN,17,48,396,1080,427680.00,2017-03-29 04:50:00.269200
10949,201703294502693,PRIN,17,48,100,1080,108000.00,2017-03-29 04:50:00.269300
10950,201703294502694,PRIN,37,48,200,1078,215600.00,2017-03-29 04:50:00.269400
10951,201703294502695,PRIN,53,48,300,1078,323400.00,2017-03-29 04:50:00.269500
10952,201703294502416,PRIN,20,5,100,1081,108100.00,2017-03-29 04:50:00.241600
10953,201703294502433,PRIN,20,7,50,1081,54050.00,2017-03-29 04:50:00.243300
10954,201703294502487,PRIN,20,57,100,1081,108100.00,2017-03-29 04:50:00.248700
10955,201703294502269,PRIN,21,36,200,1085,217000.00,2017-03-29 04:50:00.226900
10956,201703294502270,PRIN,17,36,104,1080,112320.00,2017-03-29 04:50:00.227000
10957,201703294502325,PRIN,20,57,184,1081,198904.00,2017-03-29 04:50:00.232500
10958,201703294502247,PRIN,20,34,215,1090,234350.00,2017-03-29 04:50:00.224700
10959,201703294502248,PRIN,41,34,133,1090,144970.00,2017-03-29 04:50:00.224800
10960,201703294501843,PRIN,13,50,25,1086,27150.00,2017-03-29 04:50:00.184300
10961,201703294501844,PRIN,37,50,50,1086,54300.00,2017-03-29 04:50:00.184400
10962,201703294501845,PRIN,46,50,50,1085,54250.00,2017-03-29 04:50:00.184500
10963,201703294501846,PRIN,41,32,380,1080,410400.00,2017-03-29 04:50:00.184600
10964,201703294501847,PRIN,42,32,20,1080,21600.00,2017-03-29 04:50:00.184700
10965,201703294501854,PRIN,20,50,75,1085,81375.00,2017-03-29 04:50:00.185400
10966,201703294501868,PRIN,20,32,10,1090,10900.00,2017-03-29 04:50:00.186800
10967,201703294501887,PRIN,20,46,101,1100,111100.00,2017-03-29 04:50:00.188700
10968,201703294501888,PRIN,20,6,95,1100,104500.00,2017-03-29 04:50:00.188800
10969,201703294501889,PRIN,20,53,100,1100,110000.00,2017-03-29 04:50:00.188900
10970,201703294501913,PRIN,53,51,500,1100,550000.00,2017-03-29 04:50:00.191300
10971,201703294502029,PRIN,53,19,300,1100,330000.00,2017-03-29 04:50:00.202900
10972,201703294502108,PRIN,48,5,139,1100,152900.00,2017-03-29 04:50:00.210800
10973,201703294502110,PRIN,48,51,61,1100,67100.00,2017-03-29 04:50:00.211000
10974,201703294502111,PRIN,53,51,200,1100,220000.00,2017-03-29 04:50:00.211100
10975,201703294502162,PRIN,29,51,100,1100,110000.00,2017-03-29 04:50:00.216200
10976,201703294501399,PRIN,10,54,56,1100,61600.00,2017-03-29 04:50:00.139900
10977,201703294501405,PRIN,10,43,400,1100,440000.00,2017-03-29 04:50:00.140500
10978,201703294501429,PRIN,10,35,200,1100,220000.00,2017-03-29 04:50:00.142900
10979,201703294501441,PRIN,10,8,123,1100,135300.00,2017-03-29 04:50:00.144100
10980,201703294501536,PRIN,21,34,24,1106,26544.00,2017-03-29 04:50:00.153600
10981,201703294501552,PRIN,21,38,76,1106,84056.00,2017-03-29 04:50:00.155200
10982,201703294501553,PRIN,59,38,50,1106,55300.00,2017-03-29 04:50:00.155300
10983,201703294501554,PRIN,10,38,154,1100,169400.00,2017-03-29 04:50:00.155400
10984,201703294501577,PRIN,42,46,50,1106,55300.00,2017-03-29 04:50:00.157700
10985,201703294501578,PRIN,10,46,124,1100,136400.00,2017-03-29 04:50:00.157800
10986,201703294501288,PRIN,17,33,100,1100,110000.00,2017-03-29 04:50:00.128800
10987,201703294501317,PRIN,10,33,100,1100,110000.00,2017-03-29 04:50:00.131700
10988,201703294501323,PRIN,10,58,130,1100,143000.00,2017-03-29 04:50:00.132300
10989,201703294500824,PRIN,46,11,100,1085,108500.00,2017-03-29 04:50:00.082400
10990,201703294500835,PRIN,46,52,50,1085,54250.00,2017-03-29 04:50:00.083500
10991,201703294500661,PRIN,46,28,146,1090,159140.00,2017-03-29 04:50:00.066100
10992,201703294500577,PRIN,48,28,200,1095,219000.00,2017-03-29 04:50:00.057700
10993,201703294500578,PRIN,56,28,80,1091,87280.00,2017-03-29 04:50:00.057800
10994,201703294500579,PRIN,39,28,100,1090,109000.00,2017-03-29 04:50:00.057900
10995,201703294500480,PRIN,56,8,120,1090,130800.00,2017-03-29 04:50:00.048000
10996,201703294500515,PRIN,46,37,200,1101,220200.00,2017-03-29 04:50:00.051500
10997,201703294500516,PRIN,46,18,199,1101,219099.00,2017-03-29 04:50:00.051600
10998,201703294500281,PRIN,41,8,20,1080,21600.00,2017-03-29 04:50:00.028100
10999,201703294500300,PRIN,41,53,100,1080,108000.00,2017-03-29 04:50:00.030000
11000,201703294500138,PRIN,42,34,500,1079,539500.00,2017-03-29 04:50:00.013800
11001,201703294499879,PRIN,50,34,326,1060,345560.00,2017-03-29 04:49:00.987900
11002,201703294499920,PRIN,37,22,49,1060,51940.00,2017-03-29 04:49:00.992000
11003,201703294499829,PRIN,47,8,20,1060,21200.00,2017-03-29 04:49:00.982900
11004,201703294499830,PRIN,47,34,480,1060,508800.00,2017-03-29 04:49:00.983000
11005,201703294499835,PRIN,21,34,50,1060,53000.00,2017-03-29 04:49:00.983500
11006,201703294499836,PRIN,35,34,100,1060,106000.00,2017-03-29 04:49:00.983600
11007,201703294499865,PRIN,21,34,100,1060,106000.00,2017-03-29 04:49:00.986500
11008,201703294499766,PRIN,41,41,67,1045,70015.00,2017-03-29 04:49:00.976600
11009,201703284499501,PRIN,36,34,200,1040,208000.00,2017-03-28 04:49:00.950100
11010,201703284499582,PRIN,25,34,600,1040,624000.00,2017-03-28 04:49:00.958200
11011,201703284499414,PRIN,37,35,12,1030,12360.00,2017-03-28 04:49:00.941400
11012,201703284499415,PRIN,18,35,47,1030,48410.00,2017-03-28 04:49:00.941500
11013,201703284499313,PRIN,38,35,200,1035,207000.00,2017-03-28 04:49:00.931300
11014,201703284498829,PRIN,37,48,10,1042,10420.00,2017-03-28 04:49:00.882900
11015,201703284498830,PRIN,32,48,200,1042,208400.00,2017-03-28 04:49:00.883000
11016,201703284498276,PRIN,40,35,100,1040,104000.00,2017-03-28 04:49:00.827600
11017,201703284498303,PRIN,53,41,50,1040,52000.00,2017-03-28 04:49:00.830300
11018,201703284498327,PRIN,53,41,200,1042,208400.00,2017-03-28 04:49:00.832700
11019,201703284498052,PRIN,38,35,250,1031,257750.00,2017-03-28 04:49:00.805200
11020,201703284498053,PRIN,37,35,141,1030,145230.00,2017-03-28 04:49:00.805300
11021,201703284498080,PRIN,48,17,204,1039,211956.00,2017-03-28 04:49:00.808000
11022,201703284498178,PRIN,37,41,38,1030,39140.00,2017-03-28 04:49:00.817800
11023,201703284498249,PRIN,40,35,200,1038,207600.00,2017-03-28 04:49:00.824900
11024,201703284497812,PRIN,37,54,50,1030,51500.00,2017-03-28 04:49:00.781200
11025,201703284497745,PRIN,37,6,175,1030,180250.00,2017-03-28 04:49:00.774500
11026,201703284497576,PRIN,19,35,80,1033,82640.00,2017-03-28 04:49:00.757600
11027,201703284497577,PRIN,5,35,100,1032,103200.00,2017-03-28 04:49:00.757700
11028,201703284497578,PRIN,14,35,40,1030,41200.00,2017-03-28 04:49:00.757800
11029,201703284497579,PRIN,36,35,50,1030,51500.00,2017-03-28 04:49:00.757900
11030,201703284497580,PRIN,37,35,84,1030,86520.00,2017-03-28 04:49:00.758000
11031,201703284497332,PRIN,39,22,50,1040,52000.00,2017-03-28 04:49:00.733200
11032,201703284497380,PRIN,39,41,50,1040,52000.00,2017-03-28 04:49:00.738000
11033,201703284496977,PRIN,32,22,100,1040,104000.00,2017-03-28 04:49:00.697700
11034,201703284496935,PRIN,19,8,20,1033,20660.00,2017-03-28 04:49:00.693500
11035,201703284496714,PRIN,36,21,100,1030,103000.00,2017-03-28 04:49:00.671400
11036,201703284496715,PRIN,36,38,200,1030,206000.00,2017-03-28 04:49:00.671500
11037,201703284496716,PRIN,36,42,50,1030,51500.00,2017-03-28 04:49:00.671600
11038,201703284496547,PRIN,16,32,30,1025,30750.00,2017-03-28 04:49:00.654700
11039,201703284496585,PRIN,29,28,500,1025,512500.00,2017-03-28 04:49:00.658500
11040,201703284496523,PRIN,53,53,100,1025,102500.00,2017-03-28 04:49:00.652300
11041,201703284496433,PRIN,42,17,100,1020,102000.00,2017-03-28 04:49:00.643300
11042,201703284496168,PRIN,16,53,200,1025,205000.00,2017-03-28 04:49:00.616800
11043,201703284495928,PRIN,37,22,50,1020,51000.00,2017-03-28 04:49:00.592800
11044,201703284495987,PRIN,48,22,200,1020,204000.00,2017-03-28 04:49:00.598700
11045,201703284495839,PRIN,57,6,100,1008,100800.00,2017-03-28 04:49:00.583900
11046,201703284495888,PRIN,33,55,50,1009,50450.00,2017-03-28 04:49:00.588800
11047,201703284495889,PRIN,33,29,100,1010,101000.00,2017-03-28 04:49:00.588900
11048,201703284495890,PRIN,33,34,500,1013,506500.00,2017-03-28 04:49:00.589000
11049,201703284495891,PRIN,33,41,100,1013,101300.00,2017-03-28 04:49:00.589100
11050,201703284495892,PRIN,33,42,139,1014,140946.00,2017-03-28 04:49:00.589200
11051,201703284495893,PRIN,33,22,485,1015,492275.00,2017-03-28 04:49:00.589300
11052,201703284495579,PRIN,33,6,82,1000,82000.00,2017-03-28 04:49:00.557900
11053,201703284495578,PRIN,33,5,150,1000,150000.00,2017-03-28 04:49:00.557800
11054,201703284495489,PRIN,40,48,137,998,136726.00,2017-03-28 04:49:00.548900
11055,201703284495388,PRIN,22,48,100,998,99800.00,2017-03-28 04:49:00.538800
11056,201703284495352,PRIN,36,48,13,998,12974.00,2017-03-28 04:49:00.535200
11057,201703284495308,PRIN,36,54,87,998,86826.00,2017-03-28 04:49:00.530800
11058,201703284495169,PRIN,17,10,130,990,128700.00,2017-03-28 04:49:00.516900
11059,201703284495170,PRIN,45,10,50,990,49500.00,2017-03-28 04:49:00.517000
11060,201703284495171,PRIN,47,10,220,985,216700.00,2017-03-28 04:49:00.517100
11061,201703284494881,PRIN,22,48,30,992,29760.00,2017-03-28 04:49:00.488100
11062,201703284494882,PRIN,13,48,100,991,99100.00,2017-03-28 04:49:00.488200
11063,201703284494883,PRIN,17,48,70,990,69300.00,2017-03-28 04:49:00.488300
11064,201703284494228,PRIN,42,49,100,994,99400.00,2017-03-28 04:49:00.422800
11065,201703284494265,PRIN,37,49,100,994,99400.00,2017-03-28 04:49:00.426500
11066,201703284494190,PRIN,13,49,100,995,99500.00,2017-03-28 04:49:00.419000
11067,201703284494132,PRIN,32,49,50,996,49800.00,2017-03-28 04:49:00.413200
11068,201703284494133,PRIN,13,49,50,995,49750.00,2017-03-28 04:49:00.413300
11069,201703284493271,PRIN,47,48,134,1000,134000.00,2017-03-28 04:49:00.327100
11070,201703284493126,PRIN,1,48,100,1000,100000.00,2017-03-28 04:49:00.312600
11071,201703284493094,PRIN,21,48,50,1000,50000.00,2017-03-28 04:49:00.309400
11072,201703284493010,PRIN,20,22,100,1015,101500.00,2017-03-28 04:49:00.301000
11073,201703284491959,PRIN,42,38,130,1013,131690.00,2017-03-28 04:49:00.195900
11074,201703284491960,PRIN,34,59,200,1013,202600.00,2017-03-28 04:49:00.196000
11075,201703284491925,PRIN,42,8,20,1013,20260.00,2017-03-28 04:49:00.192500
11076,201703284491804,PRIN,25,35,50,995,49750.00,2017-03-28 04:49:00.180400
11077,201703284491805,PRIN,29,35,200,995,199000.00,2017-03-28 04:49:00.180500
11078,201703284491547,PRIN,19,8,20,994,19880.00,2017-03-28 04:49:00.154700
11079,201703284491548,PRIN,19,50,200,994,198800.00,2017-03-28 04:49:00.154800
11080,201703264491007,PRIN,32,21,200,966,193200.00,2017-03-26 04:49:00.100700
11081,201703264491021,PRIN,55,29,137,970,132890.00,2017-03-26 04:49:00.102100
11082,201703264491084,PRIN,38,34,200,975,195000.00,2017-03-26 04:49:00.108400
11083,201703264491086,PRIN,44,45,100,965,96500.00,2017-03-26 04:49:00.108600
11084,201703264491087,PRIN,19,45,100,961,96100.00,2017-03-26 04:49:00.108700
11085,201703264491165,PRIN,41,34,70,975,68250.00,2017-03-26 04:49:00.116500
11086,201703264490588,PRIN,3,49,20,960,19200.00,2017-03-26 04:49:00.058800
11087,201703264490589,PRIN,35,49,80,960,76800.00,2017-03-26 04:49:00.058900
11088,201703264490717,PRIN,42,29,40,970,38800.00,2017-03-26 04:49:00.071700
11089,201703264490367,PRIN,41,29,100,970,97000.00,2017-03-26 04:49:00.036700
11090,201703264490368,PRIN,6,29,100,970,97000.00,2017-03-26 04:49:00.036800
11091,201703264490399,PRIN,19,6,200,961,192200.00,2017-03-26 04:49:00.039900
11092,201703264490149,PRIN,55,20,59,971,57289.00,2017-03-26 04:49:00.014900
11093,201703264490150,PRIN,36,20,33,970,32010.00,2017-03-26 04:49:00.015000
11094,201703264490151,PRIN,36,20,28,970,27160.00,2017-03-26 04:49:00.015100
11095,201703264490152,PRIN,59,20,180,970,174600.00,2017-03-26 04:49:00.015200
11096,201703264490017,PRIN,41,45,200,970,194000.00,2017-03-26 04:49:00.001700
11097,201703264489881,PRIN,5,53,21,976,20496.00,2017-03-26 04:48:00.988100
11098,201703264489882,PRIN,55,53,10,974,9740.00,2017-03-26 04:48:00.988200
11099,201703264489883,PRIN,32,53,28,973,27244.00,2017-03-26 04:48:00.988300
11100,201703264489884,PRIN,43,53,200,972,194400.00,2017-03-26 04:48:00.988400
11101,201703264489885,PRIN,55,53,41,971,39811.00,2017-03-26 04:48:00.988500
11102,201703264489821,PRIN,55,26,100,977,97700.00,2017-03-26 04:48:00.982100
11103,201703264489714,PRIN,55,37,100,974,97400.00,2017-03-26 04:48:00.971400
11104,201703264489456,PRIN,5,10,29,976,28304.00,2017-03-26 04:48:00.945600
11105,201703264489502,PRIN,5,33,200,976,195200.00,2017-03-26 04:48:00.950200
11106,201703264489423,PRIN,53,55,30,980,29400.00,2017-03-26 04:48:00.942300
11107,201703264489424,PRIN,45,55,290,976,283040.00,2017-03-26 04:48:00.942400
11108,201703264489319,PRIN,29,59,10,982,9820.00,2017-03-26 04:48:00.931900
11109,201703264489372,PRIN,37,51,50,982,49100.00,2017-03-26 04:48:00.937200
11110,201703264489229,PRIN,53,44,50,980,49000.00,2017-03-26 04:48:00.922900
11111,201703264488808,PRIN,48,34,300,983,294900.00,2017-03-26 04:48:00.880800
11112,201703264488686,PRIN,29,34,50,983,49150.00,2017-03-26 04:48:00.868600
11113,201703264488708,PRIN,45,17,60,976,58560.00,2017-03-26 04:48:00.870800
11114,201703264488666,PRIN,29,14,40,982,39280.00,2017-03-26 04:48:00.866600
11115,201703264488576,PRIN,35,55,10,975,9750.00,2017-03-26 04:48:00.857600
11116,201703264488577,PRIN,37,55,100,975,97500.00,2017-03-26 04:48:00.857700
11117,201703264488578,PRIN,55,55,90,974,87660.00,2017-03-26 04:48:00.857800
11118,201703264488537,PRIN,37,22,10,975,9750.00,2017-03-26 04:48:00.853700
11119,201703264488491,PRIN,43,22,100,975,97500.00,2017-03-26 04:48:00.849100
11120,201703264488508,PRIN,25,22,50,975,48750.00,2017-03-26 04:48:00.850800
11121,201703264488361,PRIN,19,35,46,980,45080.00,2017-03-26 04:48:00.836100
11122,201703264488239,PRIN,37,34,100,983,98300.00,2017-03-26 04:48:00.823900
11123,201703264488182,PRIN,29,34,250,983,245750.00,2017-03-26 04:48:00.818200
11124,201703264488128,PRIN,34,35,100,982,98200.00,2017-03-26 04:48:00.812800
11125,201703264488056,PRIN,37,35,200,982,196400.00,2017-03-26 04:48:00.805600
11126,201703264487720,PRIN,19,35,300,980,294000.00,2017-03-26 04:48:00.772000
11127,201703264487758,PRIN,19,35,54,980,52920.00,2017-03-26 04:48:00.775800
11128,201703264487658,PRIN,7,35,639,980,626220.00,2017-03-26 04:48:00.765800
11129,201703264487612,PRIN,7,44,134,979,131186.00,2017-03-26 04:48:00.761200
11130,201703264487613,PRIN,7,44,510,980,499800.00,2017-03-26 04:48:00.761300
11131,201703264487614,PRIN,7,29,117,980,114660.00,2017-03-26 04:48:00.761400
11132,201703264487093,PRIN,7,57,1400,970,1358000.00,2017-03-26 04:48:00.709300
11133,201703264487047,PRIN,40,44,30,980,29400.00,2017-03-26 04:48:00.704700
11134,201703264486849,PRIN,36,43,100,979,97900.00,2017-03-26 04:48:00.684900
11135,201703264486663,PRIN,59,36,117,970,113490.00,2017-03-26 04:48:00.666300
11136,201703264486480,PRIN,36,51,37,970,35890.00,2017-03-26 04:48:00.648000
11137,201703264486439,PRIN,33,51,100,971,97100.00,2017-03-26 04:48:00.643900
11138,201703264486226,PRIN,40,57,115,970,111550.00,2017-03-26 04:48:00.622600
11139,201703264486171,PRIN,55,51,200,971,194200.00,2017-03-26 04:48:00.617100
11140,201703264486038,PRIN,36,8,50,970,48500.00,2017-03-26 04:48:00.603800
11141,201703264485924,PRIN,36,44,33,970,32010.00,2017-03-26 04:48:00.592400
11142,201703264485925,PRIN,37,44,100,970,97000.00,2017-03-26 04:48:00.592500
11143,201703264485926,PRIN,46,44,100,970,97000.00,2017-03-26 04:48:00.592600
11144,201703264485927,PRIN,36,44,167,970,161990.00,2017-03-26 04:48:00.592700
11145,201703264485943,PRIN,36,17,85,970,82450.00,2017-03-26 04:48:00.594300
11146,201703264485590,PRIN,36,56,17,970,16490.00,2017-03-26 04:48:00.559000
11147,201703264485514,PRIN,36,21,100,970,97000.00,2017-03-26 04:48:00.551400
11148,201703264485312,PRIN,51,57,100,970,97000.00,2017-03-26 04:48:00.531200
11149,201703264485314,PRIN,51,38,400,970,388000.00,2017-03-26 04:48:00.531400
11150,201703264484972,PRIN,36,51,50,960,48000.00,2017-03-26 04:48:00.497200
11151,201703264484973,PRIN,36,38,300,965,289500.00,2017-03-26 04:48:00.497300
11152,201703264484974,PRIN,36,44,200,968,193600.00,2017-03-26 04:48:00.497400
11153,201703264484975,PRIN,36,1,100,969,96900.00,2017-03-26 04:48:00.497500
11154,201703264484624,PRIN,55,56,50,959,47950.00,2017-03-26 04:48:00.462400
11155,201703264484625,PRIN,55,38,170,960,163200.00,2017-03-26 04:48:00.462500
11156,201703264484626,PRIN,55,42,34,960,32640.00,2017-03-26 04:48:00.462600
11157,201703264484627,PRIN,55,44,400,965,386000.00,2017-03-26 04:48:00.462700
11158,201703264484628,PRIN,55,57,205,965,197825.00,2017-03-26 04:48:00.462800
11159,201703264484292,PRIN,45,38,20,960,19200.00,2017-03-26 04:48:00.429200
11160,201703264484210,PRIN,59,21,10,954,9540.00,2017-03-26 04:48:00.421000
11161,201703264484211,PRIN,59,41,200,955,191000.00,2017-03-26 04:48:00.421100
11162,201703264484212,PRIN,59,38,10,960,9600.00,2017-03-26 04:48:00.421200
11163,201703264484165,PRIN,35,57,103,950,97850.00,2017-03-26 04:48:00.416500
11164,201703264483795,PRIN,45,57,50,950,47500.00,2017-03-26 04:48:00.379500
11165,201703264482983,PRIN,59,49,119,954,113526.00,2017-03-26 04:48:00.298300
11166,201703264482499,PRIN,45,13,150,951,142650.00,2017-03-26 04:48:00.249900
11167,201703264482370,PRIN,16,44,100,965,96500.00,2017-03-26 04:48:00.237000
11168,201703264481181,PRIN,59,13,100,970,97000.00,2017-03-26 04:48:00.118100
11169,201703264481097,PRIN,32,32,200,965,193000.00,2017-03-26 04:48:00.109700
11170,201703264480969,PRIN,59,44,10,965,9650.00,2017-03-26 04:48:00.096900
11171,201703264480964,PRIN,59,8,10,964,9640.00,2017-03-26 04:48:00.096400
11172,201703264480965,PRIN,59,44,190,965,183350.00,2017-03-26 04:48:00.096500
11173,201703264480912,PRIN,59,44,200,948,189600.00,2017-03-26 04:48:00.091200
11174,201703234480299,PRIN,21,57,50,930,46500.00,2017-03-23 04:48:00.029900
11175,201703234480277,PRIN,37,57,35,930,32550.00,2017-03-23 04:48:00.027700
11176,201703234480219,PRIN,49,21,100,930,93000.00,2017-03-23 04:48:00.021900
11177,201703234480060,PRIN,29,10,200,932,186400.00,2017-03-23 04:48:00.006000
11178,201703234480061,PRIN,29,34,15,932,13980.00,2017-03-23 04:48:00.006100
11179,201703234480018,PRIN,42,34,50,927,46350.00,2017-03-23 04:48:00.001800
11180,201703234480019,PRIN,41,34,200,926,185200.00,2017-03-23 04:48:00.001900
11181,201703234480020,PRIN,35,34,200,925,185000.00,2017-03-23 04:48:00.002000
11182,201703234480059,PRIN,29,45,35,930,32550.00,2017-03-23 04:48:00.005900
11183,201703234479841,PRIN,44,45,115,930,106950.00,2017-03-23 04:47:00.984100
11184,201703234479756,PRIN,44,1,85,930,79050.00,2017-03-23 04:47:00.975600
11185,201703234479214,PRIN,44,34,1000,933,933000.00,2017-03-23 04:47:00.921400
11186,201703234479148,PRIN,46,34,500,933,466500.00,2017-03-23 04:47:00.914800
11187,201703234478753,PRIN,35,49,251,928,232928.00,2017-03-23 04:47:00.875300
11188,201703234478703,PRIN,35,17,51,928,47328.00,2017-03-23 04:47:00.870300
11189,201703234478704,PRIN,35,49,49,928,45472.00,2017-03-23 04:47:00.870400
11190,201703234478341,PRIN,38,6,87,920,80040.00,2017-03-23 04:47:00.834100
11191,201703234478275,PRIN,41,17,136,928,126208.00,2017-03-23 04:47:00.827500
11192,201703234478276,PRIN,21,17,100,928,92800.00,2017-03-23 04:47:00.827600
11193,201703234478277,PRIN,37,17,100,928,92800.00,2017-03-23 04:47:00.827700
11194,201703234477858,PRIN,45,16,166,928,154048.00,2017-03-23 04:47:00.785800
11195,201703234477859,PRIN,6,16,200,928,185600.00,2017-03-23 04:47:00.785900
11196,201703234477860,PRIN,41,16,34,928,31552.00,2017-03-23 04:47:00.786000
11197,201703234477758,PRIN,1,59,10,929,9290.00,2017-03-23 04:47:00.775800
11198,201703234477759,PRIN,56,59,56,928,51968.00,2017-03-23 04:47:00.775900
11199,201703234477760,PRIN,45,59,134,928,124352.00,2017-03-23 04:47:00.776000
11200,201703234477632,PRIN,56,53,19,928,17632.00,2017-03-23 04:47:00.763200
11201,201703234477467,PRIN,38,1,100,930,93000.00,2017-03-23 04:47:00.746700
11202,201703234477476,PRIN,38,41,100,930,93000.00,2017-03-23 04:47:00.747600
11203,201703234477477,PRIN,37,41,25,929,23225.00,2017-03-23 04:47:00.747700
11204,201703234477478,PRIN,59,41,10,928,9280.00,2017-03-23 04:47:00.747800
11205,201703234477479,PRIN,20,41,170,928,157760.00,2017-03-23 04:47:00.747900
11206,201703234477480,PRIN,37,41,170,928,157760.00,2017-03-23 04:47:00.748000
11207,201703234477481,PRIN,49,41,300,928,278400.00,2017-03-23 04:47:00.748100
11208,201703234477482,PRIN,47,41,100,928,92800.00,2017-03-23 04:47:00.748200
11209,201703234477483,PRIN,56,41,125,928,116000.00,2017-03-23 04:47:00.748300
11210,201703234477182,PRIN,25,48,75,930,69750.00,2017-03-23 04:47:00.718200
11211,201703234477193,PRIN,25,22,25,930,23250.00,2017-03-23 04:47:00.719300
11212,201703234477194,PRIN,37,22,75,929,69675.00,2017-03-23 04:47:00.719400
11213,201703234477133,PRIN,29,35,21,936,19656.00,2017-03-23 04:47:00.713300
11214,201703234477134,PRIN,56,35,50,936,46800.00,2017-03-23 04:47:00.713400
11215,201703234477021,PRIN,46,49,40,938,37520.00,2017-03-23 04:47:00.702100
11216,201703234476973,PRIN,29,38,19,936,17784.00,2017-03-23 04:47:00.697300
11217,201703234476792,PRIN,29,47,100,936,93600.00,2017-03-23 04:47:00.679200
11218,201703234476762,PRIN,29,32,20,936,18720.00,2017-03-23 04:47:00.676200
11219,201703234476462,PRIN,14,42,60,940,56400.00,2017-03-23 04:47:00.646200
11220,201703234476463,PRIN,6,42,23,937,21551.00,2017-03-23 04:47:00.646300
11221,201703234476464,PRIN,29,42,140,936,131040.00,2017-03-23 04:47:00.646400
11222,201703234476343,PRIN,25,42,25,945,23625.00,2017-03-23 04:47:00.634300
11223,201703234476189,PRIN,45,22,100,944,94400.00,2017-03-23 04:47:00.618900
11224,201703234476190,PRIN,45,42,200,945,189000.00,2017-03-23 04:47:00.619000
11225,201703234476152,PRIN,45,13,100,940,94000.00,2017-03-23 04:47:00.615200
11226,201703234476153,PRIN,6,13,77,937,72149.00,2017-03-23 04:47:00.615300
11227,201703234475948,PRIN,26,22,100,944,94400.00,2017-03-23 04:47:00.594800
11228,201703234475511,PRIN,46,34,200,945,189000.00,2017-03-23 04:47:00.551100
11229,201703234475533,PRIN,47,34,17,945,16065.00,2017-03-23 04:47:00.553300
11230,201703234475534,PRIN,47,49,200,946,189200.00,2017-03-23 04:47:00.553400
11231,201703234475535,PRIN,47,13,200,946,189200.00,2017-03-23 04:47:00.553500
11232,201703234475487,PRIN,43,5,117,944,110448.00,2017-03-23 04:47:00.548700
11233,201703234475494,PRIN,43,34,283,945,267435.00,2017-03-23 04:47:00.549400
11234,201703234475442,PRIN,29,51,100,940,94000.00,2017-03-23 04:47:00.544200
11235,201703234475373,PRIN,59,10,10,928,9280.00,2017-03-23 04:47:00.537300
11236,201703234475375,PRIN,10,32,20,929,18580.00,2017-03-23 04:47:00.537500
11237,201703234475376,PRIN,10,38,150,930,139500.00,2017-03-23 04:47:00.537600
11238,201703234475377,PRIN,10,41,40,932,37280.00,2017-03-23 04:47:00.537700
11239,201703234474608,PRIN,33,34,200,910,182000.00,2017-03-23 04:47:00.460800
11240,201703234474616,PRIN,44,34,200,910,182000.00,2017-03-23 04:47:00.461600
11241,201703234474539,PRIN,59,34,100,910,91000.00,2017-03-23 04:47:00.453900
11242,201703234474471,PRIN,43,8,100,905,90500.00,2017-03-23 04:47:00.447100
11243,201703234474369,PRIN,44,38,456,900,410400.00,2017-03-23 04:47:00.436900
11244,201703234474357,PRIN,35,38,100,900,90000.00,2017-03-23 04:47:00.435700
11245,201703234474340,PRIN,59,38,200,900,180000.00,2017-03-23 04:47:00.434000
11246,201703234474308,PRIN,58,38,130,900,117000.00,2017-03-23 04:47:00.430800
11247,201703234473534,PRIN,44,36,50,893,44650.00,2017-03-23 04:47:00.353400
11248,201703234473425,PRIN,40,57,100,920,92000.00,2017-03-23 04:47:00.342500
11249,201703234473426,PRIN,58,57,50,912,45600.00,2017-03-23 04:47:00.342600
11250,201703234473427,PRIN,45,57,100,911,91100.00,2017-03-23 04:47:00.342700
11251,201703234473428,PRIN,44,57,592,911,539312.00,2017-03-23 04:47:00.342800
11252,201703234473206,PRIN,22,57,20,929,18580.00,2017-03-23 04:47:00.320600
11253,201703234473207,PRIN,44,57,138,925,127650.00,2017-03-23 04:47:00.320700
11254,201703234473094,PRIN,35,47,30,932,27960.00,2017-03-23 04:47:00.309400
11255,201703234473097,PRIN,35,47,10,932,9320.00,2017-03-23 04:47:00.309700
11256,201703234473098,PRIN,37,47,30,930,27900.00,2017-03-23 04:47:00.309800
11257,201703234473099,PRIN,22,47,60,929,55740.00,2017-03-23 04:47:00.309900
11258,201703234473100,PRIN,44,36,862,925,797350.00,2017-03-23 04:47:00.310000
11259,201703234472750,PRIN,59,26,100,940,94000.00,2017-03-23 04:47:00.275000
11260,201703234472751,PRIN,59,37,50,944,47200.00,2017-03-23 04:47:00.275100
11261,201703234472616,PRIN,35,41,60,932,55920.00,2017-03-23 04:47:00.261600
11262,201703234472288,PRIN,22,8,20,929,18580.00,2017-03-23 04:47:00.228800
11263,201703224472146,PRIN,44,13,540,911,491940.00,2017-03-22 04:47:00.214600
11264,201703224471963,PRIN,44,45,100,911,91100.00,2017-03-22 04:47:00.196300
11265,201703224471980,PRIN,14,13,50,911,45550.00,2017-03-22 04:47:00.198000
11266,201703224471995,PRIN,44,13,100,911,91100.00,2017-03-22 04:47:00.199500
11267,201703224472057,PRIN,55,13,10,911,9110.00,2017-03-22 04:47:00.205700
11268,201703224471857,PRIN,41,38,100,931,93100.00,2017-03-22 04:47:00.185700
11269,201703224471858,PRIN,54,38,50,930,46500.00,2017-03-22 04:47:00.185800
11270,201703224471859,PRIN,54,38,50,930,46500.00,2017-03-22 04:47:00.185900
11271,201703224471860,PRIN,48,38,100,930,93000.00,2017-03-22 04:47:00.186000
11272,201703224471861,PRIN,41,38,50,929,46450.00,2017-03-22 04:47:00.186100
11273,201703224471193,PRIN,44,38,997,928,925216.00,2017-03-22 04:47:00.119300
11274,201703224471340,PRIN,41,38,50,929,46450.00,2017-03-22 04:47:00.134000
11275,201703224471538,PRIN,54,33,50,930,46500.00,2017-03-22 04:47:00.153800
11276,201703224470170,PRIN,42,35,50,960,48000.00,2017-03-22 04:47:00.017000
11277,201703224470203,PRIN,42,35,50,960,48000.00,2017-03-22 04:47:00.020300
11278,201703224470247,PRIN,58,34,75,962,72150.00,2017-03-22 04:47:00.024700
11279,201703224470438,PRIN,26,42,100,951,95100.00,2017-03-22 04:47:00.043800
11280,201703224470439,PRIN,38,42,150,950,142500.00,2017-03-22 04:47:00.043900
11281,201703224470440,PRIN,59,42,160,950,152000.00,2017-03-22 04:47:00.044000
11282,201703224470511,PRIN,35,34,125,959,119875.00,2017-03-22 04:47:00.051100
11283,201703224470616,PRIN,14,34,50,959,47950.00,2017-03-22 04:47:00.061600
11284,201703224470864,PRIN,59,53,40,950,38000.00,2017-03-22 04:47:00.086400
11285,201703224470865,PRIN,53,53,75,946,70950.00,2017-03-22 04:47:00.086500
11286,201703224470899,PRIN,53,16,225,946,212850.00,2017-03-22 04:47:00.089900
11287,201703224470900,PRIN,34,16,275,946,260150.00,2017-03-22 04:47:00.090000
11288,201703224470972,PRIN,34,36,225,946,212850.00,2017-03-22 04:47:00.097200
11289,201703224469760,PRIN,38,35,220,960,211200.00,2017-03-22 04:46:00.976000
11290,201703224469680,PRIN,43,56,50,965,48250.00,2017-03-22 04:46:00.968000
11291,201703224469681,PRIN,53,56,550,963,529650.00,2017-03-22 04:46:00.968100
11292,201703224469682,PRIN,5,56,50,962,48100.00,2017-03-22 04:46:00.968200
11293,201703224469693,PRIN,14,52,102,965,98430.00,2017-03-22 04:46:00.969300
11294,201703224469706,PRIN,38,5,180,960,172800.00,2017-03-22 04:46:00.970600
11295,201703224469495,PRIN,10,36,50,965,48250.00,2017-03-22 04:46:00.949500
11296,201703224469496,PRIN,5,36,100,962,96200.00,2017-03-22 04:46:00.949600
11297,201703224469333,PRIN,6,55,20,969,19380.00,2017-03-22 04:46:00.933300
11298,201703224469223,PRIN,17,10,100,965,96500.00,2017-03-22 04:46:00.922300
11299,201703224469224,PRIN,10,10,200,965,193000.00,2017-03-22 04:46:00.922400
11300,201703224469175,PRIN,39,36,100,970,97000.00,2017-03-22 04:46:00.917500
11301,201703224469128,PRIN,53,38,53,975,51675.00,2017-03-22 04:46:00.912800
11302,201703224469129,PRIN,35,38,17,970,16490.00,2017-03-22 04:46:00.912900
11303,201703224468981,PRIN,41,38,100,976,97600.00,2017-03-22 04:46:00.898100
11304,201703224468745,PRIN,25,42,50,985,49250.00,2017-03-22 04:46:00.874500
11305,201703224468569,PRIN,38,17,100,988,98800.00,2017-03-22 04:46:00.856900
11306,201703224468526,PRIN,10,32,87,980,85260.00,2017-03-22 04:46:00.852600
11307,201703224468527,PRIN,10,17,13,988,12844.00,2017-03-22 04:46:00.852700
11308,201703224468481,PRIN,17,32,10,987,9870.00,2017-03-22 04:46:00.848100
11309,201703224468482,PRIN,48,32,20,986,19720.00,2017-03-22 04:46:00.848200
11310,201703224468483,PRIN,54,32,83,980,81340.00,2017-03-22 04:46:00.848300
11311,201703224468230,PRIN,48,48,80,986,78880.00,2017-03-22 04:46:00.823000
11312,201703224467999,PRIN,6,34,50,990,49500.00,2017-03-22 04:46:00.799900
11313,201703224467960,PRIN,22,34,18,990,17820.00,2017-03-22 04:46:00.796000
11314,201703224467691,PRIN,17,7,490,987,483630.00,2017-03-22 04:46:00.769100
11315,201703224467712,PRIN,22,7,13,990,12870.00,2017-03-22 04:46:00.771200
11316,201703224467594,PRIN,22,39,19,990,18810.00,2017-03-22 04:46:00.759400
11317,201703224467372,PRIN,22,19,51,990,50490.00,2017-03-22 04:46:00.737200
11318,201703224467228,PRIN,26,56,100,992,99200.00,2017-03-22 04:46:00.722800
11319,201703224467229,PRIN,17,56,51,991,50541.00,2017-03-22 04:46:00.722900
11320,201703224467230,PRIN,57,56,100,990,99000.00,2017-03-22 04:46:00.723000
11321,201703224467231,PRIN,22,56,49,990,48510.00,2017-03-22 04:46:00.723100
11322,201703224467067,PRIN,26,18,50,995,49750.00,2017-03-22 04:46:00.706700
11323,201703224467068,PRIN,17,18,49,991,48559.00,2017-03-22 04:46:00.706800
11324,201703224466892,PRIN,26,41,150,995,149250.00,2017-03-22 04:46:00.689200
11325,201703224466415,PRIN,51,17,20,995,19900.00,2017-03-22 04:46:00.641500
11326,201703224466292,PRIN,45,34,100,997,99700.00,2017-03-22 04:46:00.629200
11327,201703224466178,PRIN,22,34,29,997,28913.00,2017-03-22 04:46:00.617800
11328,201703224466105,PRIN,54,53,50,998,49900.00,2017-03-22 04:46:00.610500
11329,201703224466136,PRIN,36,53,450,998,449100.00,2017-03-22 04:46:00.613600
11330,201703224466072,PRIN,35,58,10,999,9990.00,2017-03-22 04:46:00.607200
11331,201703224466024,PRIN,56,37,25,999,24975.00,2017-03-22 04:46:00.602400
11332,201703224466025,PRIN,56,58,75,999,74925.00,2017-03-22 04:46:00.602500
11333,201703224465908,PRIN,1,29,50,999,49950.00,2017-03-22 04:46:00.590800
11334,201703224465935,PRIN,50,29,100,999,99900.00,2017-03-22 04:46:00.593500
11335,201703224465936,PRIN,50,29,150,999,149850.00,2017-03-22 04:46:00.593600
11336,201703224465743,PRIN,19,34,100,998,99800.00,2017-03-22 04:46:00.574300
11337,201703224465662,PRIN,22,29,471,997,469587.00,2017-03-22 04:46:00.566200
11338,201703224465428,PRIN,51,34,50,995,49750.00,2017-03-22 04:46:00.542800
11339,201703224465266,PRIN,42,34,200,995,199000.00,2017-03-22 04:46:00.526600
11340,201703224464940,PRIN,33,34,250,995,248750.00,2017-03-22 04:46:00.494000
11341,201703224464857,PRIN,13,46,60,991,59460.00,2017-03-22 04:46:00.485700
11342,201703224464858,PRIN,25,46,100,991,99100.00,2017-03-22 04:46:00.485800
11343,201703224464859,PRIN,22,46,80,990,79200.00,2017-03-22 04:46:00.485900
11344,201703224464487,PRIN,50,21,128,990,126720.00,2017-03-22 04:46:00.448700
11345,201703224464254,PRIN,54,17,40,980,39200.00,2017-03-22 04:46:00.425400
11346,201703224464262,PRIN,22,11,20,990,19800.00,2017-03-22 04:46:00.426200
11347,201703224463931,PRIN,20,17,16,979,15664.00,2017-03-22 04:46:00.393100
11348,201703224463932,PRIN,20,44,84,980,82320.00,2017-03-22 04:46:00.393200
11349,201703224463944,PRIN,54,44,627,980,614460.00,2017-03-22 04:46:00.394400
11350,201703224463945,PRIN,54,51,50,980,49000.00,2017-03-22 04:46:00.394500
11351,201703224463877,PRIN,53,58,30,975,29250.00,2017-03-22 04:46:00.387700
11352,201703224463878,PRIN,53,59,117,975,114075.00,2017-03-22 04:46:00.387800
11353,201703224463853,PRIN,53,19,100,974,97400.00,2017-03-22 04:46:00.385300
11354,201703224463854,PRIN,53,58,70,975,68250.00,2017-03-22 04:46:00.385400
11355,201703224463796,PRIN,49,58,100,975,97500.00,2017-03-22 04:46:00.379600
11356,201703224463652,PRIN,40,53,100,974,97400.00,2017-03-22 04:46:00.365200
11357,201703224463448,PRIN,22,34,500,975,487500.00,2017-03-22 04:46:00.344800
11358,201703224463218,PRIN,19,51,100,965,96500.00,2017-03-22 04:46:00.321800
11359,201703224463222,PRIN,19,17,100,965,96500.00,2017-03-22 04:46:00.322200
11360,201703224463157,PRIN,22,44,100,980,98000.00,2017-03-22 04:46:00.315700
11361,201703224463217,PRIN,37,51,100,966,96600.00,2017-03-22 04:46:00.321700
11362,201703224463090,PRIN,14,44,39,980,38220.00,2017-03-22 04:46:00.309000
11363,201703224463091,PRIN,55,44,50,980,49000.00,2017-03-22 04:46:00.309100
11364,201703224463036,PRIN,10,38,49,980,48020.00,2017-03-22 04:46:00.303600
11365,201703224463037,PRIN,14,38,61,980,59780.00,2017-03-22 04:46:00.303700
11366,201703224462941,PRIN,10,16,37,1000,37000.00,2017-03-22 04:46:00.294100
11367,201703224462930,PRIN,10,17,100,1000,100000.00,2017-03-22 04:46:00.293000
11368,201703224462865,PRIN,10,36,100,1000,100000.00,2017-03-22 04:46:00.286500
11369,201703224462818,PRIN,33,29,200,999,199800.00,2017-03-22 04:46:00.281800
11370,201703224462819,PRIN,33,53,100,999,99900.00,2017-03-22 04:46:00.281900
11371,201703224462828,PRIN,10,36,33,1000,33000.00,2017-03-22 04:46:00.282800
11372,201703224462834,PRIN,10,20,100,1000,100000.00,2017-03-22 04:46:00.283400
11373,201703224462654,PRIN,10,55,10,980,9800.00,2017-03-22 04:46:00.265400
11374,201703224462494,PRIN,6,37,50,980,49000.00,2017-03-22 04:46:00.249400
11375,201703224462412,PRIN,14,37,41,981,40221.00,2017-03-22 04:46:00.241200
11376,201703224462413,PRIN,39,37,100,980,98000.00,2017-03-22 04:46:00.241300
11377,201703224462341,PRIN,17,48,200,980,196000.00,2017-03-22 04:46:00.234100
11378,201703224462161,PRIN,26,34,75,985,73875.00,2017-03-22 04:46:00.216100
11379,201703224462162,PRIN,14,34,59,981,57879.00,2017-03-22 04:46:00.216200
11380,201703224461627,PRIN,46,8,20,984,19680.00,2017-03-22 04:46:00.162700
11381,201703214461067,PRIN,32,44,50,969,48450.00,2017-03-21 04:46:00.106700
11382,201703214461202,PRIN,57,38,65,965,62725.00,2017-03-21 04:46:00.120200
11383,201703214461203,PRIN,59,38,37,965,35705.00,2017-03-21 04:46:00.120300
11384,201703214461216,PRIN,38,48,100,965,96500.00,2017-03-21 04:46:00.121600
11385,201703214461389,PRIN,59,34,63,965,60795.00,2017-03-21 04:46:00.138900
11386,201703214461390,PRIN,42,34,70,965,67550.00,2017-03-21 04:46:00.139000
11387,201703214461431,PRIN,54,34,50,965,48250.00,2017-03-21 04:46:00.143100
11388,201703214461014,PRIN,41,47,50,956,47800.00,2017-03-21 04:46:00.101400
11389,201703214461017,PRIN,57,36,35,960,33600.00,2017-03-21 04:46:00.101700
11390,201703214460978,PRIN,7,14,25,965,24125.00,2017-03-21 04:46:00.097800
11391,201703214460983,PRIN,7,36,25,965,24125.00,2017-03-21 04:46:00.098300
11392,201703214460984,PRIN,41,36,440,960,422400.00,2017-03-21 04:46:00.098400
11393,201703214460850,PRIN,45,56,20,961,19220.00,2017-03-21 04:46:00.085000
11394,201703214460851,PRIN,41,56,60,960,57600.00,2017-03-21 04:46:00.085100
11395,201703214460792,PRIN,42,14,175,965,168875.00,2017-03-21 04:46:00.079200
11396,201703214460625,PRIN,42,22,40,965,38600.00,2017-03-21 04:46:00.062500
11397,201703214460521,PRIN,42,36,285,965,275025.00,2017-03-21 04:46:00.052100
11398,201703214460408,PRIN,45,14,80,961,76880.00,2017-03-21 04:46:00.040800
11399,201703214460380,PRIN,29,14,150,961,144150.00,2017-03-21 04:46:00.038000
11400,201703214460304,PRIN,47,56,200,955,191000.00,2017-03-21 04:46:00.030400
11401,201703214460229,PRIN,44,33,150,960,144000.00,2017-03-21 04:46:00.022900
11402,201703214459957,PRIN,35,33,50,960,48000.00,2017-03-21 04:45:00.995700
11403,201703214459845,PRIN,33,45,100,950,95000.00,2017-03-21 04:45:00.984500
11404,201703214459846,PRIN,33,57,400,955,382000.00,2017-03-21 04:45:00.984600
11405,201703214458983,PRIN,13,56,100,956,95600.00,2017-03-21 04:45:00.898300
11406,201703214458984,PRIN,49,56,500,955,477500.00,2017-03-21 04:45:00.898400
11407,201703214459008,PRIN,21,56,50,954,47700.00,2017-03-21 04:45:00.900800
11408,201703214459009,PRIN,49,56,200,953,190600.00,2017-03-21 04:45:00.900900
11409,201703214459010,PRIN,26,56,200,952,190400.00,2017-03-21 04:45:00.901000
11410,201703214459011,PRIN,45,56,40,950,38000.00,2017-03-21 04:45:00.901100
11411,201703214459022,PRIN,17,56,10,950,9500.00,2017-03-21 04:45:00.902200
11412,201703214458713,PRIN,19,56,300,960,288000.00,2017-03-21 04:45:00.871300
11413,201703214458476,PRIN,19,14,70,961,67270.00,2017-03-21 04:45:00.847600
11414,201703214458428,PRIN,19,6,30,961,28830.00,2017-03-21 04:45:00.842800
11415,201703214458449,PRIN,40,6,37,964,35668.00,2017-03-21 04:45:00.844900
11416,201703214458252,PRIN,35,56,40,960,38400.00,2017-03-21 04:45:00.825200
11417,201703214458253,PRIN,35,56,150,960,144000.00,2017-03-21 04:45:00.825300
11418,201703214458254,PRIN,16,56,50,960,48000.00,2017-03-21 04:45:00.825400
11419,201703214458180,PRIN,41,6,100,964,96400.00,2017-03-21 04:45:00.818000
11420,201703214458141,PRIN,41,32,37,963,35631.00,2017-03-21 04:45:00.814100
11421,201703214458142,PRIN,41,21,50,963,48150.00,2017-03-21 04:45:00.814200
11422,201703214458143,PRIN,41,6,13,964,12532.00,2017-03-21 04:45:00.814300
11423,201703214458009,PRIN,35,17,100,960,96000.00,2017-03-21 04:45:00.800900
11424,201703214457836,PRIN,35,11,110,960,105600.00,2017-03-21 04:45:00.783600
11425,201703214457837,PRIN,35,25,100,960,96000.00,2017-03-21 04:45:00.783700
11426,201703214457770,PRIN,35,11,200,960,192000.00,2017-03-21 04:45:00.777000
11427,201703214457763,PRIN,35,34,177,960,169920.00,2017-03-21 04:45:00.776300
11428,201703214457594,PRIN,19,53,166,954,158364.00,2017-03-21 04:45:00.759400
11429,201703214457603,PRIN,19,40,70,954,66780.00,2017-03-21 04:45:00.760300
11430,201703214457496,PRIN,34,37,50,955,47750.00,2017-03-21 04:45:00.749600
11431,201703214457416,PRIN,49,34,100,960,96000.00,2017-03-21 04:45:00.741600
11432,201703214457379,PRIN,34,56,100,955,95500.00,2017-03-21 04:45:00.737900
11433,201703214457402,PRIN,49,8,80,959,76720.00,2017-03-21 04:45:00.740200
11434,201703214457403,PRIN,49,34,20,960,19200.00,2017-03-21 04:45:00.740300
11435,201703214457308,PRIN,45,8,100,959,95900.00,2017-03-21 04:45:00.730800
11436,201703214457189,PRIN,34,42,58,955,55390.00,2017-03-21 04:45:00.718900
11437,201703214457190,PRIN,34,8,42,959,40278.00,2017-03-21 04:45:00.719000
11438,201703214457115,PRIN,40,34,50,960,48000.00,2017-03-21 04:45:00.711500
11439,201703214457087,PRIN,19,34,300,960,288000.00,2017-03-21 04:45:00.708700
11440,201703214457031,PRIN,19,6,40,954,38160.00,2017-03-21 04:45:00.703100
11441,201703214456829,PRIN,17,48,190,953,181070.00,2017-03-21 04:45:00.682900
11442,201703214456830,PRIN,17,34,35,953,33355.00,2017-03-21 04:45:00.683000
11443,201703214456842,PRIN,17,50,100,955,95500.00,2017-03-21 04:45:00.684200
11444,201703214456803,PRIN,19,43,360,952,342720.00,2017-03-21 04:45:00.680300
11445,201703214456813,PRIN,22,48,100,953,95300.00,2017-03-21 04:45:00.681300
11446,201703214456780,PRIN,45,48,10,953,9530.00,2017-03-21 04:45:00.678000
11447,201703214456793,PRIN,46,6,100,952,95200.00,2017-03-21 04:45:00.679300
11448,201703214456675,PRIN,45,53,100,950,95000.00,2017-03-21 04:45:00.667500
11449,201703214456641,PRIN,45,32,100,950,95000.00,2017-03-21 04:45:00.664100
11450,201703214456585,PRIN,13,16,200,945,189000.00,2017-03-21 04:45:00.658500
11451,201703214456586,PRIN,13,34,150,945,141750.00,2017-03-21 04:45:00.658600
11452,201703214456614,PRIN,45,33,60,950,57000.00,2017-03-21 04:45:00.661400
11453,201703214456570,PRIN,44,50,100,943,94300.00,2017-03-21 04:45:00.657000
11454,201703214456474,PRIN,19,36,170,945,160650.00,2017-03-21 04:45:00.647400
11455,201703214456479,PRIN,50,34,145,945,137025.00,2017-03-21 04:45:00.647900
11456,201703214456445,PRIN,19,37,172,944,162368.00,2017-03-21 04:45:00.644500
11457,201703214456463,PRIN,19,37,28,944,26432.00,2017-03-21 04:45:00.646300
11458,201703214456409,PRIN,54,37,100,944,94400.00,2017-03-21 04:45:00.640900
11459,201703214456365,PRIN,19,7,128,939,120192.00,2017-03-21 04:45:00.636500
11460,201703214456325,PRIN,19,45,189,935,176715.00,2017-03-21 04:45:00.632500
11461,201703214456334,PRIN,19,56,300,938,281400.00,2017-03-21 04:45:00.633400
11462,201703214456110,PRIN,13,1,100,930,93000.00,2017-03-21 04:45:00.611000
11463,201703214456113,PRIN,50,32,50,938,46900.00,2017-03-21 04:45:00.611300
11464,201703214456117,PRIN,36,45,65,930,60450.00,2017-03-21 04:45:00.611700
11465,201703214456118,PRIN,14,45,50,928,46400.00,2017-03-21 04:45:00.611800
11466,201703214456119,PRIN,22,45,20,928,18560.00,2017-03-21 04:45:00.611900
11467,201703214456120,PRIN,45,45,65,928,60320.00,2017-03-21 04:45:00.612000
11468,201703214456128,PRIN,45,26,35,928,32480.00,2017-03-21 04:45:00.612800
11469,201703214456129,PRIN,49,26,135,925,124875.00,2017-03-21 04:45:00.612900
11470,201703214455953,PRIN,45,53,26,931,24206.00,2017-03-21 04:45:00.595300
11471,201703214455954,PRIN,36,53,124,930,115320.00,2017-03-21 04:45:00.595400
11472,201703214455955,PRIN,36,47,300,930,279000.00,2017-03-21 04:45:00.595500
11473,201703214455887,PRIN,45,21,100,931,93100.00,2017-03-21 04:45:00.588700
11474,201703214455837,PRIN,44,11,20,935,18700.00,2017-03-21 04:45:00.583700
11475,201703214455859,PRIN,44,10,36,935,33660.00,2017-03-21 04:45:00.585900
11476,201703214455860,PRIN,6,10,80,932,74560.00,2017-03-21 04:45:00.586000
11477,201703214455861,PRIN,45,10,58,931,53998.00,2017-03-21 04:45:00.586100
11478,201703214455772,PRIN,44,37,100,935,93500.00,2017-03-21 04:45:00.577200
11479,201703214455797,PRIN,44,48,143,935,133705.00,2017-03-21 04:45:00.579700
11480,201703214455756,PRIN,44,26,100,935,93500.00,2017-03-21 04:45:00.575600
11481,201703214455687,PRIN,44,41,50,935,46750.00,2017-03-21 04:45:00.568700
11482,201703214455608,PRIN,36,37,150,938,140700.00,2017-03-21 04:45:00.560800
11483,201703214455552,PRIN,58,38,200,932,186400.00,2017-03-21 04:45:00.555200
11484,201703214455553,PRIN,55,38,18,931,16758.00,2017-03-21 04:45:00.555300
11485,201703214455554,PRIN,45,38,16,931,14896.00,2017-03-21 04:45:00.555400
11486,201703214455581,PRIN,44,14,51,935,47685.00,2017-03-21 04:45:00.558100
11487,201703214455467,PRIN,22,47,50,931,46550.00,2017-03-21 04:45:00.546700
11488,201703214455423,PRIN,22,42,100,931,93100.00,2017-03-21 04:45:00.542300
11489,201703214455344,PRIN,36,37,50,936,46800.00,2017-03-21 04:45:00.534400
11490,201703214455212,PRIN,21,37,200,938,187600.00,2017-03-21 04:45:00.521200
11491,201703214455213,PRIN,21,37,170,940,159800.00,2017-03-21 04:45:00.521300
11492,201703214455214,PRIN,21,36,130,945,122850.00,2017-03-21 04:45:00.521400
11493,201703214455134,PRIN,55,13,182,931,169442.00,2017-03-21 04:45:00.513400
11494,201703214455038,PRIN,21,37,50,940,47000.00,2017-03-21 04:45:00.503800
11495,201703214454992,PRIN,36,14,11,930,10230.00,2017-03-21 04:45:00.499200
11496,201703214454849,PRIN,13,34,30,947,28410.00,2017-03-21 04:45:00.484900
11497,201703214454850,PRIN,13,34,25,946,23650.00,2017-03-21 04:45:00.485000
11498,201703214454851,PRIN,53,34,200,945,189000.00,2017-03-21 04:45:00.485100
11499,201703214454852,PRIN,8,34,50,945,47250.00,2017-03-21 04:45:00.485200
11500,201703214454853,PRIN,8,34,50,945,47250.00,2017-03-21 04:45:00.485300
11501,201703214454873,PRIN,56,37,200,935,187000.00,2017-03-21 04:45:00.487300
11502,201703214454754,PRIN,54,34,50,965,48250.00,2017-03-21 04:45:00.475400
11503,201703214454755,PRIN,32,34,200,964,192800.00,2017-03-21 04:45:00.475500
11504,201703214454756,PRIN,22,34,81,963,78003.00,2017-03-21 04:45:00.475600
11505,201703214454757,PRIN,46,34,100,963,96300.00,2017-03-21 04:45:00.475700
11506,201703214454758,PRIN,41,34,50,963,48150.00,2017-03-21 04:45:00.475800
11507,201703214454677,PRIN,14,22,30,964,28920.00,2017-03-21 04:45:00.467700
11508,201703214454678,PRIN,22,22,70,963,67410.00,2017-03-21 04:45:00.467800
11509,201703214454613,PRIN,36,56,200,963,192600.00,2017-03-21 04:45:00.461300
11510,201703214454616,PRIN,20,49,34,963,32742.00,2017-03-21 04:45:00.461600
11511,201703214454628,PRIN,36,25,19,963,18297.00,2017-03-21 04:45:00.462800
11512,201703214454629,PRIN,20,25,66,963,63558.00,2017-03-21 04:45:00.462900
11513,201703214454630,PRIN,33,25,266,963,256158.00,2017-03-21 04:45:00.463000
11514,201703214454631,PRIN,22,25,149,963,143487.00,2017-03-21 04:45:00.463100
11515,201703214454634,PRIN,52,16,30,965,28950.00,2017-03-21 04:45:00.463400
11516,201703214454573,PRIN,33,56,234,963,225342.00,2017-03-21 04:45:00.457300
11517,201703214454567,PRIN,20,34,150,963,144450.00,2017-03-21 04:45:00.456700
11518,201703214454568,PRIN,36,34,81,963,78003.00,2017-03-21 04:45:00.456800
11519,201703214454185,PRIN,21,52,200,935,187000.00,2017-03-21 04:45:00.418500
11520,201703214454186,PRIN,53,43,100,945,94500.00,2017-03-21 04:45:00.418600
11521,201703214454068,PRIN,17,32,217,930,201810.00,2017-03-21 04:45:00.406800
11522,201703214454096,PRIN,22,44,50,940,47000.00,2017-03-21 04:45:00.409600
11523,201703214454041,PRIN,52,32,50,930,46500.00,2017-03-21 04:45:00.404100
11524,201703214453928,PRIN,10,47,200,918,183600.00,2017-03-21 04:45:00.392800
11525,201703214453977,PRIN,32,22,200,918,183600.00,2017-03-21 04:45:00.397700
11526,201703214453885,PRIN,33,49,142,915,129930.00,2017-03-21 04:45:00.388500
11527,201703214453886,PRIN,33,38,100,915,91500.00,2017-03-21 04:45:00.388600
11528,201703214453907,PRIN,20,58,200,917,183400.00,2017-03-21 04:45:00.390700
11529,201703214453908,PRIN,20,47,100,918,91800.00,2017-03-21 04:45:00.390800
11530,201703214453841,PRIN,36,57,100,902,90200.00,2017-03-21 04:45:00.384100
11531,201703214453842,PRIN,17,57,50,895,44750.00,2017-03-21 04:45:00.384200
11532,201703214453848,PRIN,44,43,20,903,18060.00,2017-03-21 04:45:00.384800
11533,201703214453849,PRIN,44,37,114,905,103170.00,2017-03-21 04:45:00.384900
11534,201703214453850,PRIN,44,32,80,912,72960.00,2017-03-21 04:45:00.385000
11535,201703214453864,PRIN,49,48,100,914,91400.00,2017-03-21 04:45:00.386400
11536,201703214453870,PRIN,44,48,900,914,822600.00,2017-03-21 04:45:00.387000
11537,201703214453815,PRIN,37,52,100,893,89300.00,2017-03-21 04:45:00.381500
11538,201703214453816,PRIN,13,52,100,885,88500.00,2017-03-21 04:45:00.381600
11539,201703214453764,PRIN,37,22,100,893,89300.00,2017-03-21 04:45:00.376400
11540,201703214453664,PRIN,13,21,50,876,43800.00,2017-03-21 04:45:00.366400
11541,201703214453538,PRIN,1,42,300,878,263400.00,2017-03-21 04:45:00.353800
11542,201703214453494,PRIN,53,32,170,895,152150.00,2017-03-21 04:45:00.349400
11543,201703214453523,PRIN,1,50,200,878,175600.00,2017-03-21 04:45:00.352300
11544,201703214453443,PRIN,35,16,20,903,18060.00,2017-03-21 04:45:00.344300
11545,201703214453444,PRIN,13,16,100,897,89700.00,2017-03-21 04:45:00.344400
11546,201703214453445,PRIN,41,16,50,895,44750.00,2017-03-21 04:45:00.344500
11547,201703214453465,PRIN,53,16,30,895,26850.00,2017-03-21 04:45:00.346500
11548,201703214453381,PRIN,29,39,50,905,45250.00,2017-03-21 04:45:00.338100
11549,201703214453295,PRIN,29,16,100,906,90600.00,2017-03-21 04:45:00.329500
11550,201703214453296,PRIN,29,16,75,905,67875.00,2017-03-21 04:45:00.329600
11551,201703214453310,PRIN,37,49,58,915,53070.00,2017-03-21 04:45:00.331000
11552,201703214453222,PRIN,1,53,50,905,45250.00,2017-03-21 04:45:00.322200
11553,201703214453223,PRIN,37,53,50,905,45250.00,2017-03-21 04:45:00.322300
11554,201703214453242,PRIN,29,53,54,905,48870.00,2017-03-21 04:45:00.324200
11555,201703214453246,PRIN,29,22,20,905,18100.00,2017-03-21 04:45:00.324600
11556,201703214453217,PRIN,41,38,134,906,121404.00,2017-03-21 04:45:00.321700
11557,201703214453219,PRIN,43,53,100,908,90800.00,2017-03-21 04:45:00.321900
11558,201703214453220,PRIN,22,53,80,907,72560.00,2017-03-21 04:45:00.322000
11559,201703214453221,PRIN,41,53,166,906,150396.00,2017-03-21 04:45:00.322100
11560,201703214453102,PRIN,29,47,100,918,91800.00,2017-03-21 04:45:00.310200
11561,201703214453077,PRIN,40,32,127,921,116967.00,2017-03-21 04:45:00.307700
11562,201703214453078,PRIN,42,32,100,921,92100.00,2017-03-21 04:45:00.307800
11563,201703214453079,PRIN,41,32,10,921,9210.00,2017-03-21 04:45:00.307900
11564,201703214453088,PRIN,26,47,200,918,183600.00,2017-03-21 04:45:00.308800
11565,201703214452987,PRIN,26,37,17,928,15776.00,2017-03-21 04:45:00.298700
11566,201703214452988,PRIN,40,37,200,926,185200.00,2017-03-21 04:45:00.298800
11567,201703214452989,PRIN,29,37,83,925,76775.00,2017-03-21 04:45:00.298900
11568,201703214453006,PRIN,36,50,123,927,114021.00,2017-03-21 04:45:00.300600
11569,201703214453009,PRIN,36,57,77,927,71379.00,2017-03-21 04:45:00.300900
11570,201703214453010,PRIN,22,57,100,927,92700.00,2017-03-21 04:45:00.301000
11571,201703214453011,PRIN,29,57,117,925,108225.00,2017-03-21 04:45:00.301100
11572,201703214453030,PRIN,32,38,100,925,92500.00,2017-03-21 04:45:00.303000
11573,201703214452922,PRIN,26,10,100,928,92800.00,2017-03-21 04:45:00.292200
11574,201703214452932,PRIN,29,26,100,930,93000.00,2017-03-21 04:45:00.293200
11575,201703214452935,PRIN,26,6,50,928,46400.00,2017-03-21 04:45:00.293500
11576,201703214452936,PRIN,1,58,100,944,94400.00,2017-03-21 04:45:00.293600
11577,201703214452943,PRIN,26,41,150,928,139200.00,2017-03-21 04:45:00.294300
11578,201703214452956,PRIN,19,56,100,928,92800.00,2017-03-21 04:45:00.295600
11579,201703214452961,PRIN,6,32,200,927,185400.00,2017-03-21 04:45:00.296100
11580,201703214452899,PRIN,45,7,50,935,46750.00,2017-03-21 04:45:00.289900
11581,201703214452900,PRIN,48,7,90,935,84150.00,2017-03-21 04:45:00.290000
11582,201703214452912,PRIN,48,37,10,935,9350.00,2017-03-21 04:45:00.291200
11583,201703214452913,PRIN,19,37,200,930,186000.00,2017-03-21 04:45:00.291300
11584,201703214452914,PRIN,34,37,100,930,93000.00,2017-03-21 04:45:00.291400
11585,201703214452915,PRIN,26,37,183,928,169824.00,2017-03-21 04:45:00.291500
11586,201703214452858,PRIN,39,7,50,945,47250.00,2017-03-21 04:45:00.285800
11587,201703214452859,PRIN,21,7,50,945,47250.00,2017-03-21 04:45:00.285900
11588,201703214452860,PRIN,29,36,98,945,92610.00,2017-03-21 04:45:00.286000
11589,201703214452814,PRIN,47,37,100,955,95500.00,2017-03-21 04:45:00.281400
11590,201703214452815,PRIN,32,37,400,954,381600.00,2017-03-21 04:45:00.281500
11591,201703214452834,PRIN,42,38,500,950,475000.00,2017-03-21 04:45:00.283400
11592,201703214452708,PRIN,11,56,200,973,194600.00,2017-03-21 04:45:00.270800
11593,201703214452687,PRIN,29,29,100,973,97300.00,2017-03-21 04:45:00.268700
11594,201703214452690,PRIN,29,52,100,973,97300.00,2017-03-21 04:45:00.269000
11595,201703214452598,PRIN,52,6,17,954,16218.00,2017-03-21 04:45:00.259800
11596,201703214452599,PRIN,52,8,20,954,19080.00,2017-03-21 04:45:00.259900
11597,201703214452555,PRIN,6,17,100,945,94500.00,2017-03-21 04:45:00.255500
11598,201703214452558,PRIN,43,25,50,945,47250.00,2017-03-21 04:45:00.255800
11599,201703214452559,PRIN,43,17,50,950,47500.00,2017-03-21 04:45:00.255900
11600,201703214452508,PRIN,6,4,28,950,26600.00,2017-03-21 04:45:00.250800
11601,201703214452509,PRIN,6,17,42,950,39900.00,2017-03-21 04:45:00.250900
11602,201703214452478,PRIN,40,45,200,936,187200.00,2017-03-21 04:45:00.247800
11603,201703214452396,PRIN,29,58,100,920,92000.00,2017-03-21 04:45:00.239600
11604,201703214452402,PRIN,40,10,53,921,48813.00,2017-03-21 04:45:00.240200
11605,201703214452403,PRIN,40,8,20,921,18420.00,2017-03-21 04:45:00.240300
11606,201703214452420,PRIN,11,33,200,936,187200.00,2017-03-21 04:45:00.242000
11607,201703214452421,PRIN,11,54,103,936,96408.00,2017-03-21 04:45:00.242100
11608,201703214452376,PRIN,44,47,100,918,91800.00,2017-03-21 04:45:00.237600
11609,201703214452389,PRIN,51,58,100,920,92000.00,2017-03-21 04:45:00.238900
11610,201703214452357,PRIN,29,47,200,918,183600.00,2017-03-21 04:45:00.235700
11611,201703214452321,PRIN,35,8,20,903,18060.00,2017-03-21 04:45:00.232100
11612,201703204451952,PRIN,22,14,17,886,15062.00,2017-03-20 04:45:00.195200
11613,201703204450076,PRIN,57,10,70,886,62020.00,2017-03-20 04:45:00.007600
11614,201703204449403,PRIN,57,46,100,886,88600.00,2017-03-20 04:44:00.940300
11615,201703204449214,PRIN,21,57,35,886,31010.00,2017-03-20 04:44:00.921400
11616,201703204449215,PRIN,29,57,200,886,177200.00,2017-03-20 04:44:00.921500
11617,201703204449216,PRIN,25,57,50,886,44300.00,2017-03-20 04:44:00.921600
11618,201703204449217,PRIN,22,57,415,886,367690.00,2017-03-20 04:44:00.921700
11619,201703204449108,PRIN,21,55,50,886,44300.00,2017-03-20 04:44:00.910800
11620,201703204448641,PRIN,29,39,200,886,177200.00,2017-03-20 04:44:00.864100
11621,201703204448586,PRIN,21,6,50,886,44300.00,2017-03-20 04:44:00.858600
11622,201703204448382,PRIN,21,47,50,886,44300.00,2017-03-20 04:44:00.838200
11623,201703204448206,PRIN,36,5,10,886,8860.00,2017-03-20 04:44:00.820600
11624,201703204448207,PRIN,20,5,400,886,354400.00,2017-03-20 04:44:00.820700
11625,201703204448208,PRIN,22,5,100,886,88600.00,2017-03-20 04:44:00.820800
11626,201703204448209,PRIN,22,5,60,886,53160.00,2017-03-20 04:44:00.820900
11627,201703204448210,PRIN,21,5,15,886,13290.00,2017-03-20 04:44:00.821000
11628,201703204447776,PRIN,17,17,200,886,177200.00,2017-03-20 04:44:00.777600
11629,201703204447777,PRIN,45,17,10,886,8860.00,2017-03-20 04:44:00.777700
11630,201703204447778,PRIN,47,17,200,886,177200.00,2017-03-20 04:44:00.777800
11631,201703204447779,PRIN,36,17,90,886,79740.00,2017-03-20 04:44:00.777900
11632,201703204447211,PRIN,22,56,50,881,44050.00,2017-03-20 04:44:00.721100
11633,201703204447092,PRIN,21,46,50,886,44300.00,2017-03-20 04:44:00.709200
11634,201703204446742,PRIN,36,6,76,880,66880.00,2017-03-20 04:44:00.674200
11635,201703204446753,PRIN,46,48,50,880,44000.00,2017-03-20 04:44:00.675300
11636,201703204446754,PRIN,36,48,886,880,779680.00,2017-03-20 04:44:00.675400
11637,201703204446712,PRIN,20,48,100,886,88600.00,2017-03-20 04:44:00.671200
11638,201703204446713,PRIN,22,48,50,886,44300.00,2017-03-20 04:44:00.671300
11639,201703204446714,PRIN,22,48,65,886,57590.00,2017-03-20 04:44:00.671400
11640,201703204446715,PRIN,35,48,100,886,88600.00,2017-03-20 04:44:00.671500
11641,201703204446651,PRIN,26,33,200,886,177200.00,2017-03-20 04:44:00.665100
11642,201703204446657,PRIN,35,35,1000,886,886000.00,2017-03-20 04:44:00.665700
11643,201703204446685,PRIN,35,35,1693,886,1499998.00,2017-03-20 04:44:00.668500
11644,201703204446588,PRIN,29,41,100,886,88600.00,2017-03-20 04:44:00.658800
11645,201703204446563,PRIN,46,37,177,886,156822.00,2017-03-20 04:44:00.656300
11646,201703204446485,PRIN,41,47,170,881,149770.00,2017-03-20 04:44:00.648500
11647,201703204446492,PRIN,41,22,117,886,103662.00,2017-03-20 04:44:00.649200
11648,201703204446493,PRIN,41,26,50,886,44300.00,2017-03-20 04:44:00.649300
11649,201703204446494,PRIN,41,37,163,886,144418.00,2017-03-20 04:44:00.649400
11650,201703204446432,PRIN,41,47,30,881,26430.00,2017-03-20 04:44:00.643200
11651,201703204446413,PRIN,57,47,200,881,176200.00,2017-03-20 04:44:00.641300
11652,201703204446426,PRIN,57,5,74,881,65194.00,2017-03-20 04:44:00.642600
11653,201703204446427,PRIN,57,8,20,881,17620.00,2017-03-20 04:44:00.642700
11654,201703204446374,PRIN,41,55,77,879,67683.00,2017-03-20 04:44:00.637400
11655,201703204446317,PRIN,28,47,100,881,88100.00,2017-03-20 04:44:00.631700
11656,201703204446289,PRIN,20,34,400,880,352000.00,2017-03-20 04:44:00.628900
11657,201703204446200,PRIN,45,56,67,880,58960.00,2017-03-20 04:44:00.620000
11658,201703204446217,PRIN,45,22,233,880,205040.00,2017-03-20 04:44:00.621700
11659,201703204446179,PRIN,41,56,50,879,43950.00,2017-03-20 04:44:00.617900
11660,201703204446190,PRIN,41,56,50,879,43950.00,2017-03-20 04:44:00.619000
11661,201703204446034,PRIN,22,52,20,879,17580.00,2017-03-20 04:44:00.603400
11662,201703204446074,PRIN,41,56,60,880,52800.00,2017-03-20 04:44:00.607400
11663,201703204446007,PRIN,22,56,100,879,87900.00,2017-03-20 04:44:00.600700
11664,201703204446018,PRIN,28,17,75,880,66000.00,2017-03-20 04:44:00.601800
11665,201703204446019,PRIN,28,56,25,880,22000.00,2017-03-20 04:44:00.601900
11666,201703204445972,PRIN,28,38,100,879,87900.00,2017-03-20 04:44:00.597200
11667,201703204445980,PRIN,51,17,200,880,176000.00,2017-03-20 04:44:00.598000
11668,201703204445960,PRIN,28,48,100,879,87900.00,2017-03-20 04:44:00.596000
11669,201703204445967,PRIN,51,17,200,880,176000.00,2017-03-20 04:44:00.596700
11670,201703204445895,PRIN,20,17,300,878,263400.00,2017-03-20 04:44:00.589500
11671,201703204445824,PRIN,25,50,100,870,87000.00,2017-03-20 04:44:00.582400
11672,201703204445810,PRIN,22,38,10,869,8690.00,2017-03-20 04:44:00.581000
11673,201703204445404,PRIN,57,8,20,864,17280.00,2017-03-20 04:44:00.540400
11674,201703204445324,PRIN,57,53,100,850,85000.00,2017-03-20 04:44:00.532400
11675,201703204445325,PRIN,57,25,50,854,42700.00,2017-03-20 04:44:00.532500
11676,201703204445336,PRIN,57,52,100,855,85500.00,2017-03-20 04:44:00.533600
11677,201703204445268,PRIN,37,32,100,850,85000.00,2017-03-20 04:44:00.526800
11678,201703204445275,PRIN,37,47,50,850,42500.00,2017-03-20 04:44:00.527500
11679,201703204445276,PRIN,37,47,50,850,42500.00,2017-03-20 04:44:00.527600
11680,201703204445277,PRIN,37,53,100,850,85000.00,2017-03-20 04:44:00.527700
11681,201703204445190,PRIN,13,50,416,845,351520.00,2017-03-20 04:44:00.519000
11682,201703204445125,PRIN,13,8,20,848,16960.00,2017-03-20 04:44:00.512500
11683,201703204445126,PRIN,13,20,25,848,21200.00,2017-03-20 04:44:00.512600
11684,201703204445127,PRIN,13,19,12,848,10176.00,2017-03-20 04:44:00.512700
11685,201703204445128,PRIN,13,38,250,848,212000.00,2017-03-20 04:44:00.512800
11686,201703204445089,PRIN,14,53,50,842,42100.00,2017-03-20 04:44:00.508900
11687,201703204445090,PRIN,22,53,150,842,126300.00,2017-03-20 04:44:00.509000
11688,201703204444943,PRIN,7,34,140,840,117600.00,2017-03-20 04:44:00.494300
11689,201703204444898,PRIN,8,19,90,847,76230.00,2017-03-20 04:44:00.489800
11690,201703204444907,PRIN,8,34,10,847,8470.00,2017-03-20 04:44:00.490700
11691,201703204444908,PRIN,16,34,100,842,84200.00,2017-03-20 04:44:00.490800
11692,201703204444909,PRIN,11,34,100,841,84100.00,2017-03-20 04:44:00.490900
11693,201703204444910,PRIN,43,34,50,841,42050.00,2017-03-20 04:44:00.491000
11694,201703204444911,PRIN,49,34,100,840,84000.00,2017-03-20 04:44:00.491100
11695,201703204444825,PRIN,8,5,23,840,19320.00,2017-03-20 04:44:00.482500
11696,201703204444754,PRIN,45,10,200,833,166600.00,2017-03-20 04:44:00.475400
11697,201703204444755,PRIN,28,10,100,832,83200.00,2017-03-20 04:44:00.475500
11698,201703204444790,PRIN,32,42,230,839,192970.00,2017-03-20 04:44:00.479000
11699,201703204444791,PRIN,32,20,97,840,81480.00,2017-03-20 04:44:00.479100
11700,201703204444535,PRIN,40,4,50,831,41550.00,2017-03-20 04:44:00.453500
11701,201703204444539,PRIN,40,5,20,831,16620.00,2017-03-20 04:44:00.453900
11702,201703204444550,PRIN,14,53,40,832,33280.00,2017-03-20 04:44:00.455000
11703,201703204444519,PRIN,51,53,40,832,33280.00,2017-03-20 04:44:00.451900
11704,201703204444520,PRIN,51,53,20,832,16640.00,2017-03-20 04:44:00.452000
11705,201703204444470,PRIN,48,8,20,838,16760.00,2017-03-20 04:44:00.447000
11706,201703204444197,PRIN,51,8,20,822,16440.00,2017-03-20 04:44:00.419700
11707,201703194443901,PRIN,26,32,50,806,40300.00,2017-03-19 04:44:00.390100
11708,201703194443795,PRIN,26,52,100,806,80600.00,2017-03-19 04:44:00.379500
11709,201703194443766,PRIN,26,49,50,806,40300.00,2017-03-19 04:44:00.376600
11710,201703194443767,PRIN,26,53,150,806,120900.00,2017-03-19 04:44:00.376700
11711,201703194443734,PRIN,26,6,23,806,18538.00,2017-03-19 04:44:00.373400
11712,201703194443735,PRIN,26,34,100,806,80600.00,2017-03-19 04:44:00.373500
11713,201703194443637,PRIN,22,25,84,805,67620.00,2017-03-19 04:44:00.363700
11714,201703194443652,PRIN,41,8,30,806,24180.00,2017-03-19 04:44:00.365200
11715,201703194443653,PRIN,41,6,20,806,16120.00,2017-03-19 04:44:00.365300
11716,201703194443658,PRIN,41,6,50,806,40300.00,2017-03-19 04:44:00.365800
11717,201703194443562,PRIN,45,32,50,804,40200.00,2017-03-19 04:44:00.356200
11718,201703194443563,PRIN,45,25,50,805,40250.00,2017-03-19 04:44:00.356300
11719,201703194443484,PRIN,33,10,234,800,187200.00,2017-03-19 04:44:00.348400
11720,201703194443389,PRIN,22,21,100,800,80000.00,2017-03-19 04:44:00.338900
11721,201703194443390,PRIN,22,43,50,800,40000.00,2017-03-19 04:44:00.339000
11722,201703194443191,PRIN,53,43,91,800,72800.00,2017-03-19 04:44:00.319100
11723,201703194443192,PRIN,53,57,100,800,80000.00,2017-03-19 04:44:00.319200
11724,201703194443207,PRIN,53,14,100,800,80000.00,2017-03-19 04:44:00.320700
11725,201703194443108,PRIN,46,49,240,795,190800.00,2017-03-19 04:44:00.310800
11726,201703194443051,PRIN,38,49,10,799,7990.00,2017-03-19 04:44:00.305100
11727,201703194443088,PRIN,25,49,50,795,39750.00,2017-03-19 04:44:00.308800
11728,201703194442505,PRIN,17,25,80,800,64000.00,2017-03-19 04:44:00.250500
11729,201703194442450,PRIN,42,53,281,800,224800.00,2017-03-19 04:44:00.245000
11730,201703194442451,PRIN,42,53,167,800,133600.00,2017-03-19 04:44:00.245100
11731,201703194442464,PRIN,17,8,20,800,16000.00,2017-03-19 04:44:00.246400
11732,201703194442407,PRIN,57,39,100,787,78700.00,2017-03-19 04:44:00.240700
11733,201703194442410,PRIN,38,53,50,788,39400.00,2017-03-19 04:44:00.241000
11734,201703194442411,PRIN,38,38,100,789,78900.00,2017-03-19 04:44:00.241100
11735,201703194442412,PRIN,38,17,40,790,31600.00,2017-03-19 04:44:00.241200
11736,201703194442413,PRIN,38,44,100,798,79800.00,2017-03-19 04:44:00.241300
11737,201703194442414,PRIN,38,43,200,799,159800.00,2017-03-19 04:44:00.241400
11738,201703194442390,PRIN,41,55,34,785,26690.00,2017-03-19 04:44:00.239000
11739,201703194442406,PRIN,57,29,105,786,82530.00,2017-03-19 04:44:00.240600
11740,201703194442330,PRIN,45,22,189,782,147798.00,2017-03-19 04:44:00.233000
11741,201703194442329,PRIN,43,22,11,782,8602.00,2017-03-19 04:44:00.232900
11742,201703194442293,PRIN,59,48,134,785,105190.00,2017-03-19 04:44:00.229300
11743,201703194442302,PRIN,59,55,16,785,12560.00,2017-03-19 04:44:00.230200
11744,201703194442143,PRIN,48,10,293,785,230005.00,2017-03-19 04:44:00.214300
11745,201703194442144,PRIN,48,32,150,785,117750.00,2017-03-19 04:44:00.214400
11746,201703194442124,PRIN,39,10,25,785,19625.00,2017-03-19 04:44:00.212400
11747,201703194442107,PRIN,43,11,39,782,30498.00,2017-03-19 04:44:00.210700
11748,201703194441986,PRIN,20,44,200,782,156400.00,2017-03-19 04:44:00.198600
11749,201703194441942,PRIN,36,34,304,783,238032.00,2017-03-19 04:44:00.194200
11750,201703194441909,PRIN,8,10,350,780,273000.00,2017-03-19 04:44:00.190900
11751,201703194441910,PRIN,8,5,50,780,39000.00,2017-03-19 04:44:00.191000
11752,201703194441911,PRIN,8,56,200,780,156000.00,2017-03-19 04:44:00.191100
11753,201703194441870,PRIN,50,37,70,779,54530.00,2017-03-19 04:44:00.187000
11754,201703194441814,PRIN,42,37,30,779,23370.00,2017-03-19 04:44:00.181400
11755,201703194441516,PRIN,53,37,50,779,38950.00,2017-03-19 04:44:00.151600
11756,201703194441262,PRIN,1,14,17,778,13226.00,2017-03-19 04:44:00.126200
11757,201703194441173,PRIN,49,37,50,779,38950.00,2017-03-19 04:44:00.117300
11758,201703194441017,PRIN,14,18,10,776,7760.00,2017-03-19 04:44:00.101700
11759,201703194441018,PRIN,21,18,10,776,7760.00,2017-03-19 04:44:00.101800
11760,201703194441019,PRIN,41,18,30,775,23250.00,2017-03-19 04:44:00.101900
11761,201703194441020,PRIN,6,18,50,775,38750.00,2017-03-19 04:44:00.102000
11762,201703194441021,PRIN,6,18,12,773,9276.00,2017-03-19 04:44:00.102100
11763,201703194441030,PRIN,40,10,50,780,39000.00,2017-03-19 04:44:00.103000
11764,201703194440971,PRIN,45,10,200,780,156000.00,2017-03-19 04:44:00.097100
11765,201703194440972,PRIN,22,10,100,779,77900.00,2017-03-19 04:44:00.097200
11766,201703194440973,PRIN,50,10,100,777,77700.00,2017-03-19 04:44:00.097300
11767,201703194440996,PRIN,50,56,50,777,38850.00,2017-03-19 04:44:00.099600
11768,201703194440997,PRIN,41,56,50,777,38850.00,2017-03-19 04:44:00.099700
11769,201703194440948,PRIN,22,32,100,779,77900.00,2017-03-19 04:44:00.094800
11770,201703194440970,PRIN,11,45,210,780,163800.00,2017-03-19 04:44:00.097000
11771,201703194440895,PRIN,7,45,40,780,31200.00,2017-03-19 04:44:00.089500
11772,201703194440800,PRIN,42,32,51,785,40035.00,2017-03-19 04:44:00.080000
11773,201703194440805,PRIN,42,10,182,785,142870.00,2017-03-19 04:44:00.080500
11774,201703194440764,PRIN,42,17,117,785,91845.00,2017-03-19 04:44:00.076400
11775,201703194440727,PRIN,22,18,100,780,78000.00,2017-03-19 04:44:00.072700
11776,201703194440728,PRIN,13,18,25,780,19500.00,2017-03-19 04:44:00.072800
11777,201703194440412,PRIN,1,18,30,785,23550.00,2017-03-19 04:44:00.041200
11778,201703194440413,PRIN,1,18,50,785,39250.00,2017-03-19 04:44:00.041300
11779,201703194440268,PRIN,43,14,100,785,78500.00,2017-03-19 04:44:00.026800
11780,201703194440251,PRIN,57,58,100,784,78400.00,2017-03-19 04:44:00.025100
11781,201703194440210,PRIN,21,48,100,780,78000.00,2017-03-19 04:44:00.021000
11782,201703194439886,PRIN,51,38,100,775,77500.00,2017-03-19 04:43:00.988600
11783,201703194439837,PRIN,51,56,77,774,59598.00,2017-03-19 04:43:00.983700
11784,201703194439839,PRIN,8,56,20,774,15480.00,2017-03-19 04:43:00.983900
11785,201703194439849,PRIN,8,47,100,775,77500.00,2017-03-19 04:43:00.984900
11786,201703194439851,PRIN,41,47,170,775,131750.00,2017-03-19 04:43:00.985100
11787,201703194439818,PRIN,42,35,50,773,38650.00,2017-03-19 04:43:00.981800
11788,201703194439824,PRIN,52,21,77,773,59521.00,2017-03-19 04:43:00.982400
11789,201703194439825,PRIN,52,56,23,774,17802.00,2017-03-19 04:43:00.982500
11790,201703194439600,PRIN,42,47,30,775,23250.00,2017-03-19 04:43:00.960000
11791,201703194439603,PRIN,42,53,100,774,77400.00,2017-03-19 04:43:00.960300
11792,201703194439604,PRIN,42,56,30,774,23220.00,2017-03-19 04:43:00.960400
11793,201703194439605,PRIN,45,53,100,770,77000.00,2017-03-19 04:43:00.960500
11794,201703194439577,PRIN,45,58,100,770,77000.00,2017-03-19 04:43:00.957700
11795,201703194439560,PRIN,53,47,200,775,155000.00,2017-03-19 04:43:00.956000
11796,201703194439499,PRIN,42,47,100,775,77500.00,2017-03-19 04:43:00.949900
11797,201703194439498,PRIN,42,6,130,775,100750.00,2017-03-19 04:43:00.949800
11798,201703194439430,PRIN,43,18,38,775,29450.00,2017-03-19 04:43:00.943000
11799,201703194439431,PRIN,45,18,50,774,38700.00,2017-03-19 04:43:00.943100
11800,201703194439432,PRIN,47,18,50,771,38550.00,2017-03-19 04:43:00.943200
11801,201703194439399,PRIN,10,20,178,775,137950.00,2017-03-19 04:43:00.939900
11802,201703194439400,PRIN,43,20,22,775,17050.00,2017-03-19 04:43:00.940000
11803,201703194439409,PRIN,43,48,40,775,31000.00,2017-03-19 04:43:00.940900
11804,201703194439393,PRIN,10,47,22,775,17050.00,2017-03-19 04:43:00.939300
11805,201703194439367,PRIN,22,7,100,775,77500.00,2017-03-19 04:43:00.936700
11806,201703194439372,PRIN,22,7,200,775,155000.00,2017-03-19 04:43:00.937200
11807,201703194439379,PRIN,10,10,100,775,77500.00,2017-03-19 04:43:00.937900
11808,201703194439357,PRIN,11,7,100,774,77400.00,2017-03-19 04:43:00.935700
11809,201703194439345,PRIN,52,21,200,775,155000.00,2017-03-19 04:43:00.934500
11810,201703194439346,PRIN,52,38,100,775,77500.00,2017-03-19 04:43:00.934600
11811,201703194439348,PRIN,34,10,100,774,77400.00,2017-03-19 04:43:00.934800
11812,201703194439334,PRIN,11,14,110,774,85140.00,2017-03-19 04:43:00.933400
11813,201703194439314,PRIN,11,48,40,774,30960.00,2017-03-19 04:43:00.931400
11814,201703194439288,PRIN,7,21,100,770,77000.00,2017-03-19 04:43:00.928800
11815,201703194439203,PRIN,11,48,10,761,7610.00,2017-03-19 04:43:00.920300
11816,201703194439188,PRIN,32,48,10,747,7470.00,2017-03-19 04:43:00.918800
11817,201703164438999,PRIN,34,41,549,1050,576450.00,2017-03-16 04:43:00.899900
11818,201703164438970,PRIN,50,28,100,1049,104900.00,2017-03-16 04:43:00.897000
11819,201703164438937,PRIN,50,13,100,1046,104600.00,2017-03-16 04:43:00.893700
11820,201703164438944,PRIN,34,41,62,1043,64666.00,2017-03-16 04:43:00.894400
11821,201703164438945,PRIN,38,41,50,1042,52100.00,2017-03-16 04:43:00.894500
11822,201703164438946,PRIN,29,41,27,1041,28107.00,2017-03-16 04:43:00.894600
11823,201703164438947,PRIN,42,41,30,1040,31200.00,2017-03-16 04:43:00.894700
11824,201703164438948,PRIN,45,41,200,1040,208000.00,2017-03-16 04:43:00.894800
11825,201703164438949,PRIN,54,41,56,1040,58240.00,2017-03-16 04:43:00.894900
11826,201703164438951,PRIN,52,13,100,1046,104600.00,2017-03-16 04:43:00.895100
11827,201703164438953,PRIN,50,13,50,1046,52300.00,2017-03-16 04:43:00.895300
11828,201703164438954,PRIN,34,13,255,1046,266730.00,2017-03-16 04:43:00.895400
11829,201703164438955,PRIN,34,21,100,1046,104600.00,2017-03-16 04:43:00.895500
11830,201703164438907,PRIN,38,28,50,1046,52300.00,2017-03-16 04:43:00.890700
11831,201703164438908,PRIN,38,10,385,1046,402710.00,2017-03-16 04:43:00.890800
11832,201703164438926,PRIN,38,13,65,1046,67990.00,2017-03-16 04:43:00.892600
11833,201703164438930,PRIN,42,13,100,1046,104600.00,2017-03-16 04:43:00.893000
11834,201703164438879,PRIN,34,11,238,1043,248234.00,2017-03-16 04:43:00.887900
11835,201703164438832,PRIN,41,11,13,1042,13546.00,2017-03-16 04:43:00.883200
11836,201703164438833,PRIN,37,11,50,1042,52100.00,2017-03-16 04:43:00.883300
11837,201703164438834,PRIN,52,11,50,1042,52100.00,2017-03-16 04:43:00.883400
11838,201703164438855,PRIN,38,17,27,1042,28134.00,2017-03-16 04:43:00.885500
11839,201703164438856,PRIN,38,21,23,1044,24012.00,2017-03-16 04:43:00.885600
11840,201703164438859,PRIN,34,21,17,1044,17748.00,2017-03-16 04:43:00.885900
11841,201703164438860,PRIN,34,56,305,1044,318420.00,2017-03-16 04:43:00.886000
11842,201703164438861,PRIN,34,40,151,1045,157795.00,2017-03-16 04:43:00.886100
11843,201703164438804,PRIN,35,21,50,1044,52200.00,2017-03-16 04:43:00.880400
11844,201703164438805,PRIN,8,21,100,1044,104400.00,2017-03-16 04:43:00.880500
11845,201703164438753,PRIN,47,33,50,1045,52250.00,2017-03-16 04:43:00.875300
11846,201703164438760,PRIN,42,33,50,1045,52250.00,2017-03-16 04:43:00.876000
11847,201703164438771,PRIN,58,22,100,1043,104300.00,2017-03-16 04:43:00.877100
11848,201703164438772,PRIN,41,22,17,1042,17714.00,2017-03-16 04:43:00.877200
11849,201703164438781,PRIN,32,33,100,1045,104500.00,2017-03-16 04:43:00.878100
11850,201703164438726,PRIN,10,17,65,1045,67925.00,2017-03-16 04:43:00.872600
11851,201703164438727,PRIN,47,17,100,1045,104500.00,2017-03-16 04:43:00.872700
11852,201703164438667,PRIN,10,48,100,1045,104500.00,2017-03-16 04:43:00.866700
11853,201703164438685,PRIN,38,16,100,1046,104600.00,2017-03-16 04:43:00.868500
11854,201703164438686,PRIN,54,16,100,1046,104600.00,2017-03-16 04:43:00.868600
11855,201703164438697,PRIN,40,13,200,1047,209400.00,2017-03-16 04:43:00.869700
11856,201703164438645,PRIN,45,13,50,1047,52350.00,2017-03-16 04:43:00.864500
11857,201703164438660,PRIN,55,13,60,1047,62820.00,2017-03-16 04:43:00.866000
11858,201703164438602,PRIN,36,13,20,1047,20940.00,2017-03-16 04:43:00.860200
11859,201703164438622,PRIN,55,42,50,1046,52300.00,2017-03-16 04:43:00.862200
11860,201703164438623,PRIN,10,42,535,1045,559075.00,2017-03-16 04:43:00.862300
11861,201703164438566,PRIN,50,11,4,1055,4220.00,2017-03-16 04:43:00.856600
11862,201703164438576,PRIN,55,34,200,1046,209200.00,2017-03-16 04:43:00.857600
11863,201703164438521,PRIN,52,26,100,1042,104200.00,2017-03-16 04:43:00.852100
11864,201703164438524,PRIN,55,26,50,1042,52100.00,2017-03-16 04:43:00.852400
11865,201703164438526,PRIN,55,40,40,1042,41680.00,2017-03-16 04:43:00.852600
11866,201703164438541,PRIN,34,13,231,1045,241395.00,2017-03-16 04:43:00.854100
11867,201703164438484,PRIN,29,21,133,1041,138453.00,2017-03-16 04:43:00.848400
11868,201703164438492,PRIN,36,13,50,1045,52250.00,2017-03-16 04:43:00.849200
11869,201703164438496,PRIN,7,13,89,1045,93005.00,2017-03-16 04:43:00.849600
11870,201703164438499,PRIN,53,21,100,1041,104100.00,2017-03-16 04:43:00.849900
11871,201703164438460,PRIN,37,21,100,1042,104200.00,2017-03-16 04:43:00.846000
11872,201703164438463,PRIN,55,48,190,1044,198360.00,2017-03-16 04:43:00.846300
11873,201703164438464,PRIN,55,13,310,1045,323950.00,2017-03-16 04:43:00.846400
11874,201703164438470,PRIN,16,13,100,1045,104500.00,2017-03-16 04:43:00.847000
11875,201703164438418,PRIN,55,21,10,1044,10440.00,2017-03-16 04:43:00.841800
11876,201703164438419,PRIN,38,21,50,1044,52200.00,2017-03-16 04:43:00.841900
11877,201703164438427,PRIN,29,21,40,1041,41640.00,2017-03-16 04:43:00.842700
11878,201703164438405,PRIN,38,42,50,1040,52000.00,2017-03-16 04:43:00.840500
11879,201703164438285,PRIN,55,47,100,1041,104100.00,2017-03-16 04:43:00.828500
11880,201703164438286,PRIN,49,47,30,1040,31200.00,2017-03-16 04:43:00.828600
11881,201703164438287,PRIN,41,47,70,1040,72800.00,2017-03-16 04:43:00.828700
11882,201703164438245,PRIN,37,21,50,1045,52250.00,2017-03-16 04:43:00.824500
11883,201703164438246,PRIN,10,21,50,1045,52250.00,2017-03-16 04:43:00.824600
11884,201703164438247,PRIN,1,21,20,1045,20900.00,2017-03-16 04:43:00.824700
11885,201703164438137,PRIN,28,22,45,1048,47160.00,2017-03-16 04:43:00.813700
11886,201703164438138,PRIN,28,22,31,1048,32488.00,2017-03-16 04:43:00.813800
11887,201703164438139,PRIN,51,21,100,1045,104500.00,2017-03-16 04:43:00.813900
11888,201703164438057,PRIN,57,10,100,1048,104800.00,2017-03-16 04:43:00.805700
11889,201703164438064,PRIN,32,22,20,1048,20960.00,2017-03-16 04:43:00.806400
11890,201703164438017,PRIN,11,22,11,1048,11528.00,2017-03-16 04:43:00.801700
11891,201703164437941,PRIN,20,16,26,1045,27170.00,2017-03-16 04:43:00.794100
11892,201703164437927,PRIN,53,22,19,1049,19931.00,2017-03-16 04:43:00.792700
11893,201703164437898,PRIN,39,22,19,1049,19931.00,2017-03-16 04:43:00.789800
11894,201703164437782,PRIN,6,48,100,1046,104600.00,2017-03-16 04:43:00.778200
11895,201703164437783,PRIN,20,48,56,1045,58520.00,2017-03-16 04:43:00.778300
11896,201703164437790,PRIN,20,4,15,1045,15675.00,2017-03-16 04:43:00.779000
11897,201703164437721,PRIN,48,22,50,1050,52500.00,2017-03-16 04:43:00.772100
11898,201703164437681,PRIN,53,22,17,1050,17850.00,2017-03-16 04:43:00.768100
11899,201703164437619,PRIN,41,17,392,1049,411208.00,2017-03-16 04:43:00.761900
11900,201703164437620,PRIN,41,22,12,1050,12600.00,2017-03-16 04:43:00.762000
11901,201703164437621,PRIN,41,21,68,1050,71400.00,2017-03-16 04:43:00.762100
11902,201703164437622,PRIN,41,22,28,1050,29400.00,2017-03-16 04:43:00.762200
11903,201703164437503,PRIN,34,22,52,1050,54600.00,2017-03-16 04:43:00.750300
11904,201703164437455,PRIN,38,22,70,1050,73500.00,2017-03-16 04:43:00.745500
11905,201703164437360,PRIN,14,56,20,1049,20980.00,2017-03-16 04:43:00.736000
11906,201703164437361,PRIN,14,17,14,1050,14700.00,2017-03-16 04:43:00.736100
11907,201703164437362,PRIN,14,22,66,1050,69300.00,2017-03-16 04:43:00.736200
11908,201703164437233,PRIN,13,17,266,1050,279300.00,2017-03-16 04:43:00.723300
11909,201703164437234,PRIN,14,17,50,1050,52500.00,2017-03-16 04:43:00.723400
11910,201703164437129,PRIN,13,4,23,1050,24150.00,2017-03-16 04:43:00.712900
11911,201703164437105,PRIN,17,26,20,1055,21100.00,2017-03-16 04:43:00.710500
11912,201703164437106,PRIN,17,26,80,1051,84080.00,2017-03-16 04:43:00.710600
11913,201703164437107,PRIN,25,26,100,1051,105100.00,2017-03-16 04:43:00.710700
11914,201703164437108,PRIN,16,26,100,1050,105000.00,2017-03-16 04:43:00.710800
11915,201703164437109,PRIN,49,26,100,1050,105000.00,2017-03-16 04:43:00.710900
11916,201703164437110,PRIN,17,26,50,1050,52500.00,2017-03-16 04:43:00.711000
11917,201703164437111,PRIN,13,26,11,1050,11550.00,2017-03-16 04:43:00.711100
11918,201703164437092,PRIN,1,48,50,1055,52750.00,2017-03-16 04:43:00.709200
11919,201703164436998,PRIN,17,22,30,1055,31650.00,2017-03-16 04:43:00.699800
11920,201703164436909,PRIN,55,26,200,1058,211600.00,2017-03-16 04:43:00.690900
11921,201703164436843,PRIN,50,56,34,1055,35870.00,2017-03-16 04:43:00.684300
11922,201703164436851,PRIN,41,26,30,1057,31710.00,2017-03-16 04:43:00.685100
11923,201703164436822,PRIN,50,6,62,1055,65410.00,2017-03-16 04:43:00.682200
11924,201703164436823,PRIN,50,6,200,1055,211000.00,2017-03-16 04:43:00.682300
11925,201703164436794,PRIN,37,6,38,1055,40090.00,2017-03-16 04:43:00.679400
11926,201703164436775,PRIN,55,17,100,1051,105100.00,2017-03-16 04:43:00.677500
11927,201703164436778,PRIN,53,21,100,1054,105400.00,2017-03-16 04:43:00.677800
11928,201703164436757,PRIN,1,17,200,1054,210800.00,2017-03-16 04:43:00.675700
11929,201703164436762,PRIN,52,17,100,1053,105300.00,2017-03-16 04:43:00.676200
11930,201703164436763,PRIN,52,17,100,1053,105300.00,2017-03-16 04:43:00.676300
11931,201703164436765,PRIN,55,17,172,1052,180944.00,2017-03-16 04:43:00.676500
11932,201703164436766,PRIN,41,17,50,1051,52550.00,2017-03-16 04:43:00.676600
11933,201703164436767,PRIN,37,17,63,1051,66213.00,2017-03-16 04:43:00.676700
11934,201703164436475,PRIN,21,28,91,1054,95914.00,2017-03-16 04:43:00.647500
11935,201703164436476,PRIN,55,28,17,1053,17901.00,2017-03-16 04:43:00.647600
11936,201703164436477,PRIN,55,28,128,1052,134656.00,2017-03-16 04:43:00.647700
11937,201703164436320,PRIN,48,56,11,1055,11605.00,2017-03-16 04:43:00.632000
11938,201703164436321,PRIN,48,56,50,1055,52750.00,2017-03-16 04:43:00.632100
11939,201703164436322,PRIN,17,56,30,1054,31620.00,2017-03-16 04:43:00.632200
11940,201703164436323,PRIN,21,56,109,1054,114886.00,2017-03-16 04:43:00.632300
11941,201703164436298,PRIN,55,21,200,1060,212000.00,2017-03-16 04:43:00.629800
11942,201703164436262,PRIN,56,49,20,1060,21200.00,2017-03-16 04:43:00.626200
11943,201703164436263,PRIN,56,49,20,1060,21200.00,2017-03-16 04:43:00.626300
11944,201703164436269,PRIN,55,11,50,1060,53000.00,2017-03-16 04:43:00.626900
11945,201703164436270,PRIN,55,21,50,1060,53000.00,2017-03-16 04:43:00.627000
11946,201703164436271,PRIN,55,54,117,1060,124020.00,2017-03-16 04:43:00.627100
11947,201703164436272,PRIN,55,49,44,1060,46640.00,2017-03-16 04:43:00.627200
11948,201703164436172,PRIN,29,37,200,1059,211800.00,2017-03-16 04:43:00.617200
11949,201703164436173,PRIN,29,45,50,1060,53000.00,2017-03-16 04:43:00.617300
11950,201703164436175,PRIN,38,45,886,1060,939160.00,2017-03-16 04:43:00.617500
11951,201703164436157,PRIN,40,36,100,1055,105500.00,2017-03-16 04:43:00.615700
11952,201703164436145,PRIN,55,48,200,1061,212200.00,2017-03-16 04:43:00.614500
11953,201703164436146,PRIN,55,28,200,1061,212200.00,2017-03-16 04:43:00.614600
11954,201703164436079,PRIN,18,21,100,1062,106200.00,2017-03-16 04:43:00.607900
11955,201703164436080,PRIN,18,40,49,1063,52087.00,2017-03-16 04:43:00.608000
11956,201703164436072,PRIN,55,28,215,1058,227470.00,2017-03-16 04:43:00.607200
11957,201703164436073,PRIN,55,25,218,1059,230862.00,2017-03-16 04:43:00.607300
11958,201703164436074,PRIN,55,17,300,1060,318000.00,2017-03-16 04:43:00.607400
11959,201703164435936,PRIN,55,28,100,1050,105000.00,2017-03-16 04:43:00.593600
11960,201703164435849,PRIN,40,28,40,1055,42200.00,2017-03-16 04:43:00.584900
11961,201703164435850,PRIN,37,28,50,1051,52550.00,2017-03-16 04:43:00.585000
11962,201703164435851,PRIN,8,28,50,1051,52550.00,2017-03-16 04:43:00.585100
11963,201703164435852,PRIN,16,28,100,1050,105000.00,2017-03-16 04:43:00.585200
11964,201703164435809,PRIN,57,26,150,1064,159600.00,2017-03-16 04:43:00.580900
11965,201703164435802,PRIN,55,48,300,1065,319500.00,2017-03-16 04:43:00.580200
11966,201703164435763,PRIN,48,28,35,1068,37380.00,2017-03-16 04:43:00.576300
11967,201703164435583,PRIN,22,22,50,1050,52500.00,2017-03-16 04:43:00.558300
11968,201703164435578,PRIN,48,22,20,1050,21000.00,2017-03-16 04:43:00.557800
11969,201703154435400,PRIN,19,47,200,1048,209600.00,2017-03-15 04:43:00.540000
11970,201703154435401,PRIN,50,47,71,1045,74195.00,2017-03-15 04:43:00.540100
11971,201703154435265,PRIN,50,13,50,1057,52850.00,2017-03-15 04:43:00.526500
11972,201703154435234,PRIN,33,41,100,1057,105700.00,2017-03-15 04:43:00.523400
11973,201703154435216,PRIN,50,13,123,1056,129888.00,2017-03-15 04:43:00.521600
11974,201703154435204,PRIN,41,13,40,1056,42240.00,2017-03-15 04:43:00.520400
11975,201703154435180,PRIN,22,13,37,1057,39109.00,2017-03-15 04:43:00.518000
11976,201703154435146,PRIN,45,20,17,1058,17986.00,2017-03-15 04:43:00.514600
11977,201703154435147,PRIN,22,20,13,1057,13741.00,2017-03-15 04:43:00.514700
11978,201703154435135,PRIN,45,33,90,1057,95130.00,2017-03-15 04:43:00.513500
11979,201703154435136,PRIN,45,6,93,1058,98394.00,2017-03-15 04:43:00.513600
11980,201703154434954,PRIN,32,6,62,1058,65596.00,2017-03-15 04:43:00.495400
11981,201703154434940,PRIN,5,25,50,1059,52950.00,2017-03-15 04:43:00.494000
11982,201703154434891,PRIN,36,25,50,1059,52950.00,2017-03-15 04:43:00.489100
11983,201703154434808,PRIN,32,42,34,1058,35972.00,2017-03-15 04:43:00.480800
11984,201703154434825,PRIN,16,25,200,1059,211800.00,2017-03-15 04:43:00.482500
11985,201703154434759,PRIN,32,1,50,1057,52850.00,2017-03-15 04:43:00.475900
11986,201703154434760,PRIN,32,48,354,1058,374532.00,2017-03-15 04:43:00.476000
11987,201703154434644,PRIN,7,4,20,1055,21100.00,2017-03-15 04:43:00.464400
11988,201703154434645,PRIN,7,48,108,1056,114048.00,2017-03-15 04:43:00.464500
11989,201703154434524,PRIN,50,19,46,1055,48530.00,2017-03-15 04:43:00.452400
11990,201703154434525,PRIN,50,46,100,1055,105500.00,2017-03-15 04:43:00.452500
11991,201703154434526,PRIN,50,37,270,1055,284850.00,2017-03-15 04:43:00.452600
11992,201703154434339,PRIN,32,47,20,1055,21100.00,2017-03-15 04:43:00.433900
11993,201703154434340,PRIN,32,56,88,1055,92840.00,2017-03-15 04:43:00.434000
11994,201703154434350,PRIN,32,48,92,1056,97152.00,2017-03-15 04:43:00.435000
11995,201703154434197,PRIN,29,49,300,1054,316200.00,2017-03-15 04:43:00.419700
11996,201703154434033,PRIN,20,48,64,1059,67776.00,2017-03-15 04:43:00.403300
11997,201703154434034,PRIN,20,25,68,1059,72012.00,2017-03-15 04:43:00.403400
11998,201703154434021,PRIN,45,25,10,1059,10590.00,2017-03-15 04:43:00.402100
11999,201703154434008,PRIN,20,5,68,1050,71400.00,2017-03-15 04:43:00.400800
12000,201703154433645,PRIN,29,56,77,1040,80080.00,2017-03-15 04:43:00.364500
12001,201703154433364,PRIN,55,52,93,1040,96720.00,2017-03-15 04:43:00.336400
12002,201703154433365,PRIN,55,54,337,1040,350480.00,2017-03-15 04:43:00.336500
12003,201703154433163,PRIN,48,45,184,1025,188600.00,2017-03-15 04:43:00.316300
12004,201703154433132,PRIN,56,45,50,1020,51000.00,2017-03-15 04:43:00.313200
12005,201703154433133,PRIN,56,45,187,1020,190740.00,2017-03-15 04:43:00.313300
12006,201703154433080,PRIN,47,21,30,1021,30630.00,2017-03-15 04:43:00.308000
12007,201703154433081,PRIN,47,21,20,1020,20400.00,2017-03-15 04:43:00.308100
12008,201703154433082,PRIN,56,21,50,1020,51000.00,2017-03-15 04:43:00.308200
12009,201703154432987,PRIN,34,22,100,1029,102900.00,2017-03-15 04:43:00.298700
12010,201703154432988,PRIN,33,22,60,1028,61680.00,2017-03-15 04:43:00.298800
12011,201703154432989,PRIN,5,22,10,1025,10250.00,2017-03-15 04:43:00.298900
12012,201703154432990,PRIN,46,22,100,1023,102300.00,2017-03-15 04:43:00.299000
12013,201703154432991,PRIN,48,22,50,1022,51100.00,2017-03-15 04:43:00.299100
12014,201703154432997,PRIN,55,22,200,1020,204000.00,2017-03-15 04:43:00.299700
12015,201703154432998,PRIN,47,22,480,1020,489600.00,2017-03-15 04:43:00.299800
12016,201703154432795,PRIN,41,34,20,1035,20700.00,2017-03-15 04:43:00.279500
12017,201703154432796,PRIN,19,34,30,1035,31050.00,2017-03-15 04:43:00.279600
12018,201703154432797,PRIN,36,34,100,1032,103200.00,2017-03-15 04:43:00.279700
12019,201703154432710,PRIN,7,7,111,1040,115440.00,2017-03-15 04:43:00.271000
12020,201703144432333,PRIN,58,14,800,1055,844000.00,2017-03-14 04:43:00.233300
12021,201703144432350,PRIN,47,35,100,1053,105300.00,2017-03-14 04:43:00.235000
12022,201703144432241,PRIN,22,41,100,1056,105600.00,2017-03-14 04:43:00.224100
12023,201703144432242,PRIN,32,41,200,1055,211000.00,2017-03-14 04:43:00.224200
12024,201703144432243,PRIN,58,41,700,1055,738500.00,2017-03-14 04:43:00.224300
12025,201703144432214,PRIN,47,48,300,1062,318600.00,2017-03-14 04:43:00.221400
12026,201703144432213,PRIN,45,48,100,1057,105700.00,2017-03-14 04:43:00.221300
12027,201703144432137,PRIN,58,48,500,1055,527500.00,2017-03-14 04:43:00.213700
12028,201703144431588,PRIN,42,5,54,1060,57240.00,2017-03-14 04:43:00.158800
12029,201703144431558,PRIN,39,56,112,1061,118832.00,2017-03-14 04:43:00.155800
12030,201703144431559,PRIN,51,56,20,1060,21200.00,2017-03-14 04:43:00.155900
12031,201703144431560,PRIN,42,56,46,1060,48760.00,2017-03-14 04:43:00.156000
12032,201703144431419,PRIN,39,56,190,1062,201780.00,2017-03-14 04:43:00.141900
12033,201703144431223,PRIN,6,37,20,1064,21280.00,2017-03-14 04:43:00.122300
12034,201703144431177,PRIN,47,25,200,1063,212600.00,2017-03-14 04:43:00.117700
12035,201703144430927,PRIN,51,16,30,1060,31800.00,2017-03-14 04:43:00.092700
12036,201703144430828,PRIN,48,16,50,1062,53100.00,2017-03-14 04:43:00.082800
12037,201703144430829,PRIN,19,16,20,1060,21200.00,2017-03-14 04:43:00.082900
12038,201703144430830,PRIN,57,16,50,1060,53000.00,2017-03-14 04:43:00.083000
12039,201703144430831,PRIN,33,16,50,1060,53000.00,2017-03-14 04:43:00.083100
12040,201703144430793,PRIN,5,37,10,1064,10640.00,2017-03-14 04:43:00.079300
12041,201703144430679,PRIN,39,48,200,1063,212600.00,2017-03-14 04:43:00.067900
12042,201703144430642,PRIN,39,57,200,1063,212600.00,2017-03-14 04:43:00.064200
12043,201703144430643,PRIN,37,57,100,1063,106300.00,2017-03-14 04:43:00.064300
12044,201703144430453,PRIN,39,6,139,1063,147757.00,2017-03-14 04:43:00.045300
12045,201703144430455,PRIN,39,6,59,1063,62717.00,2017-03-14 04:43:00.045500
12046,201703144430232,PRIN,45,56,10,1068,10680.00,2017-03-14 04:43:00.023200
12047,201703144430156,PRIN,39,14,100,1065,106500.00,2017-03-14 04:43:00.015600
12048,201703144429945,PRIN,57,43,50,1060,53000.00,2017-03-14 04:42:00.994500
12049,201703144429636,PRIN,37,14,100,1055,105500.00,2017-03-14 04:42:00.963600
12050,201703144429627,PRIN,33,14,100,1055,105500.00,2017-03-14 04:42:00.962700
12051,201703144429580,PRIN,33,40,50,1055,52750.00,2017-03-14 04:42:00.958000
12052,201703144429483,PRIN,5,53,10,1060,10600.00,2017-03-14 04:42:00.948300
12053,201703144429484,PRIN,39,53,93,1060,98580.00,2017-03-14 04:42:00.948400
12054,201703144429467,PRIN,36,36,37,1065,39405.00,2017-03-14 04:42:00.946700
12055,201703144429321,PRIN,36,6,310,1065,330150.00,2017-03-14 04:42:00.932100
12056,201703144429307,PRIN,58,48,50,1069,53450.00,2017-03-14 04:42:00.930700
12057,201703144429300,PRIN,36,47,40,1065,42600.00,2017-03-14 04:42:00.930000
12058,201703144429280,PRIN,36,51,150,1065,159750.00,2017-03-14 04:42:00.928000
12059,201703144429103,PRIN,45,17,100,1070,107000.00,2017-03-14 04:42:00.910300
12060,201703144429104,PRIN,1,17,81,1065,86265.00,2017-03-14 04:42:00.910400
12061,201703144429096,PRIN,1,34,17,1065,18105.00,2017-03-14 04:42:00.909600
12062,201703144429059,PRIN,41,58,40,1072,42880.00,2017-03-14 04:42:00.905900
12063,201703144429032,PRIN,41,58,30,1072,32160.00,2017-03-14 04:42:00.903200
12064,201703144429017,PRIN,17,10,30,1073,32190.00,2017-03-14 04:42:00.901700
12065,201703134428814,PRIN,38,17,147,1065,156555.00,2017-03-13 04:42:00.881400
12066,201703134428723,PRIN,54,17,100,1065,106500.00,2017-03-13 04:42:00.872300
12067,201703134428724,PRIN,14,17,43,1065,45795.00,2017-03-13 04:42:00.872400
12068,201703134428576,PRIN,38,21,90,1062,95580.00,2017-03-13 04:42:00.857600
12069,201703134428577,PRIN,38,21,110,1061,116710.00,2017-03-13 04:42:00.857700
12070,201703134428498,PRIN,38,16,110,1062,116820.00,2017-03-13 04:42:00.849800
12071,201703134428496,PRIN,26,16,50,1065,53250.00,2017-03-13 04:42:00.849600
12072,201703134428497,PRIN,40,16,40,1063,42520.00,2017-03-13 04:42:00.849700
12073,201703134428428,PRIN,28,28,876,1065,932940.00,2017-03-13 04:42:00.842800
12074,201703134428364,PRIN,42,17,30,1070,32100.00,2017-03-13 04:42:00.836400
12075,201703134428309,PRIN,51,26,100,1067,106700.00,2017-03-13 04:42:00.830900
12076,201703134428310,PRIN,22,26,100,1062,106200.00,2017-03-13 04:42:00.831000
12077,201703134428311,PRIN,47,26,300,1062,318600.00,2017-03-13 04:42:00.831100
12078,201703134428269,PRIN,58,17,150,1066,159900.00,2017-03-13 04:42:00.826900
12079,201703134428270,PRIN,47,17,100,1065,106500.00,2017-03-13 04:42:00.827000
12080,201703134428271,PRIN,17,17,500,1065,532500.00,2017-03-13 04:42:00.827100
12081,201703134428178,PRIN,58,8,100,1069,106900.00,2017-03-13 04:42:00.817800
12082,201703134428125,PRIN,1,56,18,1068,19224.00,2017-03-13 04:42:00.812500
12083,201703134428126,PRIN,52,56,102,1066,108732.00,2017-03-13 04:42:00.812600
12084,201703134428064,PRIN,1,40,82,1068,87576.00,2017-03-13 04:42:00.806400
12085,201703134427877,PRIN,21,17,100,1070,107000.00,2017-03-13 04:42:00.787700
12086,201703134427760,PRIN,45,17,30,1070,32100.00,2017-03-13 04:42:00.776000
12087,201703134427755,PRIN,10,17,200,1070,214000.00,2017-03-13 04:42:00.775500
12088,201703134427673,PRIN,45,17,20,1070,21400.00,2017-03-13 04:42:00.767300
12089,201703134427609,PRIN,42,17,30,1070,32100.00,2017-03-13 04:42:00.760900
12090,201703134427449,PRIN,45,10,50,1070,53500.00,2017-03-13 04:42:00.744900
12091,201703134427448,PRIN,45,42,50,1070,53500.00,2017-03-13 04:42:00.744800
12092,201703134427361,PRIN,29,53,100,1070,107000.00,2017-03-13 04:42:00.736100
12093,201703134427365,PRIN,37,53,100,1070,107000.00,2017-03-13 04:42:00.736500
12094,201703134427255,PRIN,36,42,100,1075,107500.00,2017-03-13 04:42:00.725500
12095,201703134427256,PRIN,37,42,100,1071,107100.00,2017-03-13 04:42:00.725600
12096,201703134427257,PRIN,19,42,20,1070,21400.00,2017-03-13 04:42:00.725700
12097,201703134427258,PRIN,41,42,500,1070,535000.00,2017-03-13 04:42:00.725800
12098,201703134427259,PRIN,37,42,140,1070,149800.00,2017-03-13 04:42:00.725900
12099,201703134427260,PRIN,55,42,210,1070,224700.00,2017-03-13 04:42:00.726000
12100,201703134427261,PRIN,42,42,50,1070,53500.00,2017-03-13 04:42:00.726100
12101,201703134427219,PRIN,36,47,50,1075,53750.00,2017-03-13 04:42:00.721900
12102,201703134427192,PRIN,26,6,50,1076,53800.00,2017-03-13 04:42:00.719200
12103,201703134427193,PRIN,51,6,100,1076,107600.00,2017-03-13 04:42:00.719300
12104,201703134427194,PRIN,49,6,300,1075,322500.00,2017-03-13 04:42:00.719400
12105,201703134426994,PRIN,55,6,120,1081,129720.00,2017-03-13 04:42:00.699400
12106,201703134426995,PRIN,10,6,50,1080,54000.00,2017-03-13 04:42:00.699500
12107,201703134426996,PRIN,11,6,50,1080,54000.00,2017-03-13 04:42:00.699600
12108,201703134426997,PRIN,50,6,400,1080,432000.00,2017-03-13 04:42:00.699700
12109,201703134426879,PRIN,55,10,109,1082,117938.00,2017-03-13 04:42:00.687900
12110,201703134426880,PRIN,55,6,100,1085,108500.00,2017-03-13 04:42:00.688000
12111,201703134426785,PRIN,28,28,100,1086,108600.00,2017-03-13 04:42:00.678500
12112,201703134426743,PRIN,51,6,70,1085,75950.00,2017-03-13 04:42:00.674300
12113,201703134426698,PRIN,57,34,50,1086,54300.00,2017-03-13 04:42:00.669800
12114,201703134426467,PRIN,36,6,250,1080,270000.00,2017-03-13 04:42:00.646700
12115,201703134426421,PRIN,37,17,60,1090,65400.00,2017-03-13 04:42:00.642100
12116,201703134426405,PRIN,7,6,100,1094,109400.00,2017-03-13 04:42:00.640500
12117,201703134426407,PRIN,7,17,400,1094,437600.00,2017-03-13 04:42:00.640700
12118,201703134426408,PRIN,41,17,20,1090,21800.00,2017-03-13 04:42:00.640800
12119,201703134426392,PRIN,38,48,30,1094,32820.00,2017-03-13 04:42:00.639200
12120,201703134426368,PRIN,11,6,80,1094,87520.00,2017-03-13 04:42:00.636800
12121,201703134426369,PRIN,11,17,20,1095,21900.00,2017-03-13 04:42:00.636900
12122,201703134426350,PRIN,7,6,20,1094,21880.00,2017-03-13 04:42:00.635000
12123,201703134426303,PRIN,57,6,100,1098,109800.00,2017-03-13 04:42:00.630300
12124,201703134426224,PRIN,38,10,250,1091,272750.00,2017-03-13 04:42:00.622400
12125,201703134426202,PRIN,33,56,20,1073,21460.00,2017-03-13 04:42:00.620200
12126,201703134426203,PRIN,35,56,100,1071,107100.00,2017-03-13 04:42:00.620300
12127,201703134426204,PRIN,47,56,100,1071,107100.00,2017-03-13 04:42:00.620400
12128,201703134426205,PRIN,43,56,200,1070,214000.00,2017-03-13 04:42:00.620500
12129,201703134426206,PRIN,41,56,500,1070,535000.00,2017-03-13 04:42:00.620600
12130,201703134426207,PRIN,19,56,80,1070,85600.00,2017-03-13 04:42:00.620700
12131,201703134426157,PRIN,21,10,100,1075,107500.00,2017-03-13 04:42:00.615700
12132,201703134426158,PRIN,52,10,170,1070,181900.00,2017-03-13 04:42:00.615800
12133,201703134426153,PRIN,47,10,10,1071,10710.00,2017-03-13 04:42:00.615300
12134,201703134426154,PRIN,4,10,50,1070,53500.00,2017-03-13 04:42:00.615400
12135,201703134426155,PRIN,22,10,100,1070,107000.00,2017-03-13 04:42:00.615500
12136,201703134426156,PRIN,52,10,330,1070,353100.00,2017-03-13 04:42:00.615600
12137,201703134426110,PRIN,53,10,166,1091,181106.00,2017-03-13 04:42:00.611000
12138,201703134426104,PRIN,39,10,34,1091,37094.00,2017-03-13 04:42:00.610400
12139,201703094425774,PRIN,21,21,200,1070,214000.00,2017-03-09 04:42:00.577400
12140,201703094425605,PRIN,1,33,150,1072,160800.00,2017-03-09 04:42:00.560500
12141,201703094425606,PRIN,1,10,65,1072,69680.00,2017-03-09 04:42:00.560600
12142,201703094425504,PRIN,55,47,48,1070,51360.00,2017-03-09 04:42:00.550400
12143,201703094425447,PRIN,16,48,50,1064,53200.00,2017-03-09 04:42:00.544700
12144,201703094425388,PRIN,28,10,500,1065,532500.00,2017-03-09 04:42:00.538800
12145,201703094425343,PRIN,58,26,50,1070,53500.00,2017-03-09 04:42:00.534300
12146,201703094425344,PRIN,58,48,20,1070,21400.00,2017-03-09 04:42:00.534400
12147,201703094425345,PRIN,58,45,100,1070,107000.00,2017-03-09 04:42:00.534500
12148,201703094425063,PRIN,17,34,330,1065,351450.00,2017-03-09 04:42:00.506300
12149,201703094425047,PRIN,19,34,100,1065,106500.00,2017-03-09 04:42:00.504700
12150,201703094425048,PRIN,45,34,20,1065,21300.00,2017-03-09 04:42:00.504800
12151,201703094425049,PRIN,4,34,50,1065,53250.00,2017-03-09 04:42:00.504900
12152,201703094425017,PRIN,48,10,100,1065,106500.00,2017-03-09 04:42:00.501700
12153,201703094425018,PRIN,48,10,100,1065,106500.00,2017-03-09 04:42:00.501800
12154,201703094425003,PRIN,34,10,200,1068,213600.00,2017-03-09 04:42:00.500300
12155,201703094425008,PRIN,56,37,135,1067,144045.00,2017-03-09 04:42:00.500800
12156,201703094425009,PRIN,52,37,65,1066,69290.00,2017-03-09 04:42:00.500900
12157,201703094425013,PRIN,52,10,135,1066,143910.00,2017-03-09 04:42:00.501300
12158,201703094424988,PRIN,22,48,35,1068,37380.00,2017-03-09 04:42:00.498800
12159,201703094424989,PRIN,22,48,100,1068,106800.00,2017-03-09 04:42:00.498900
12160,201703094424990,PRIN,56,48,65,1067,69355.00,2017-03-09 04:42:00.499000
12161,201703094424826,PRIN,16,10,100,1072,107200.00,2017-03-09 04:42:00.482600
12162,201703094424580,PRIN,16,38,200,1070,214000.00,2017-03-09 04:42:00.458000
12163,201703094424581,PRIN,16,10,300,1070,321000.00,2017-03-09 04:42:00.458100
12164,201703094424562,PRIN,22,44,65,1068,69420.00,2017-03-09 04:42:00.456200
12165,201703094424555,PRIN,56,44,200,1070,214000.00,2017-03-09 04:42:00.455500
12166,201703094424542,PRIN,22,10,100,1072,107200.00,2017-03-09 04:42:00.454200
12167,201703094424498,PRIN,39,10,19,1075,20425.00,2017-03-09 04:42:00.449800
12168,201703094424440,PRIN,47,10,500,1075,537500.00,2017-03-09 04:42:00.444000
12169,201703094424305,PRIN,21,10,77,1084,83468.00,2017-03-09 04:42:00.430500
12170,201703094424273,PRIN,57,29,234,1081,252954.00,2017-03-09 04:42:00.427300
12171,201703094424254,PRIN,45,10,134,1084,145256.00,2017-03-09 04:42:00.425400
12172,201703094424231,PRIN,45,44,116,1080,125280.00,2017-03-09 04:42:00.423100
12173,201703094424244,PRIN,45,22,100,1080,108000.00,2017-03-09 04:42:00.424400
12174,201703094424216,PRIN,48,44,284,1080,306720.00,2017-03-09 04:42:00.421600
12175,201703094424170,PRIN,21,10,70,1081,75670.00,2017-03-09 04:42:00.417000
12176,201703094424150,PRIN,21,43,30,1081,32430.00,2017-03-09 04:42:00.415000
12177,201703094424123,PRIN,37,48,100,1075,107500.00,2017-03-09 04:42:00.412300
12178,201703094424124,PRIN,37,53,100,1075,107500.00,2017-03-09 04:42:00.412400
12179,201703094424140,PRIN,21,34,50,1080,54000.00,2017-03-09 04:42:00.414000
12180,201703094424109,PRIN,37,40,140,1070,149800.00,2017-03-09 04:42:00.410900
12181,201703094424110,PRIN,37,21,200,1070,214000.00,2017-03-09 04:42:00.411000
12182,201703094424091,PRIN,56,40,100,1070,107000.00,2017-03-09 04:42:00.409100
12183,201703094424072,PRIN,56,40,100,1070,107000.00,2017-03-09 04:42:00.407200
12184,201703094424056,PRIN,57,52,100,1070,107000.00,2017-03-09 04:42:00.405600
12185,201703094424057,PRIN,57,19,40,1070,42800.00,2017-03-09 04:42:00.405700
12186,201703094424058,PRIN,57,40,160,1070,171200.00,2017-03-09 04:42:00.405800
12187,201703094423994,PRIN,53,18,100,1061,106100.00,2017-03-09 04:42:00.399400
12188,201703094423995,PRIN,53,10,81,1062,86022.00,2017-03-09 04:42:00.399500
12189,201703094423996,PRIN,53,20,100,1063,106300.00,2017-03-09 04:42:00.399600
12190,201703094424006,PRIN,48,7,100,1069,106900.00,2017-03-09 04:42:00.400600
12191,201703094424008,PRIN,28,28,676,1060,716560.00,2017-03-09 04:42:00.400800
12192,201703094423986,PRIN,28,28,200,1060,212000.00,2017-03-09 04:42:00.398600
12193,201703094423881,PRIN,44,18,100,1056,105600.00,2017-03-09 04:42:00.388100
12194,201703094423172,PRIN,36,28,100,1060,106000.00,2017-03-09 04:42:00.317200
12195,201703094423165,PRIN,36,28,50,1055,52750.00,2017-03-09 04:42:00.316500
12196,201703094423166,PRIN,36,59,100,1058,105800.00,2017-03-09 04:42:00.316600
12197,201703094422690,PRIN,10,34,227,1043,236761.00,2017-03-09 04:42:00.269000
12198,201703094422691,PRIN,10,56,170,1044,177480.00,2017-03-09 04:42:00.269100
12199,201703094422692,PRIN,10,33,100,1045,104500.00,2017-03-09 04:42:00.269200
12200,201703074422222,PRIN,10,37,10,1034,10340.00,2017-03-07 04:42:00.222200
12201,201703074422223,PRIN,10,20,171,1038,177498.00,2017-03-07 04:42:00.222300
12202,201703074421990,PRIN,43,20,29,1040,30160.00,2017-03-07 04:42:00.199000
12203,201703074421894,PRIN,48,17,59,1042,61478.00,2017-03-07 04:42:00.189400
12204,201703074421895,PRIN,45,17,200,1040,208000.00,2017-03-07 04:42:00.189500
12205,201703074421896,PRIN,43,17,21,1040,21840.00,2017-03-07 04:42:00.189600
12206,201703074421818,PRIN,48,49,50,1043,52150.00,2017-03-07 04:42:00.181800
12207,201703074421827,PRIN,6,17,10,1045,10450.00,2017-03-07 04:42:00.182700
12208,201703074421373,PRIN,48,46,100,1042,104200.00,2017-03-07 04:42:00.137300
12209,201703074421389,PRIN,48,41,120,1042,125040.00,2017-03-07 04:42:00.138900
12210,201703074421273,PRIN,57,48,400,1046,418400.00,2017-03-07 04:42:00.127300
12211,201703074421274,PRIN,10,48,200,1045,209000.00,2017-03-07 04:42:00.127400
12212,201703074421224,PRIN,6,41,100,1050,105000.00,2017-03-07 04:42:00.122400
12213,201703074421198,PRIN,6,41,10,1050,10500.00,2017-03-07 04:42:00.119800
12214,201703074421180,PRIN,45,17,10,1053,10530.00,2017-03-07 04:42:00.118000
12215,201703074421185,PRIN,34,41,225,1050,236250.00,2017-03-07 04:42:00.118500
12216,201703074421118,PRIN,6,55,100,1050,105000.00,2017-03-07 04:42:00.111800
12217,201703074421088,PRIN,6,17,40,1050,42000.00,2017-03-07 04:42:00.108800
12218,201703074421057,PRIN,11,21,150,1047,157050.00,2017-03-07 04:42:00.105700
12219,201703074421058,PRIN,11,47,50,1048,52400.00,2017-03-07 04:42:00.105800
12220,201703074420858,PRIN,34,34,280,1043,292040.00,2017-03-07 04:42:00.085800
12221,201703074420680,PRIN,59,33,17,1050,17850.00,2017-03-07 04:42:00.068000
12222,201703074420681,PRIN,50,33,50,1045,52250.00,2017-03-07 04:42:00.068100
12223,201703074420682,PRIN,6,33,50,1045,52250.00,2017-03-07 04:42:00.068200
12224,201703074420683,PRIN,52,33,100,1044,104400.00,2017-03-07 04:42:00.068300
12225,201703074420684,PRIN,10,33,200,1043,208600.00,2017-03-07 04:42:00.068400
12226,201703074420685,PRIN,48,33,221,1042,230282.00,2017-03-07 04:42:00.068500
12227,201703074419955,PRIN,59,11,33,1050,34650.00,2017-03-07 04:41:00.995500
12228,201703074419523,PRIN,44,48,150,1033,154950.00,2017-03-07 04:41:00.952300
12229,201703074419478,PRIN,44,34,50,1045,52250.00,2017-03-07 04:41:00.947800
12230,201703074419479,PRIN,44,25,100,1045,104500.00,2017-03-07 04:41:00.947900
12231,201703074419127,PRIN,20,34,50,1045,52250.00,2017-03-07 04:41:00.912700
12232,201703074418960,PRIN,35,7,10,1044,10440.00,2017-03-07 04:41:00.896000
12233,201703074418953,PRIN,16,48,50,1045,52250.00,2017-03-07 04:41:00.895300
12234,201703074418922,PRIN,56,7,187,1043,195041.00,2017-03-07 04:41:00.892200
12235,201703074418764,PRIN,57,21,100,1050,105000.00,2017-03-07 04:41:00.876400
12236,201703074418504,PRIN,16,7,150,1045,156750.00,2017-03-07 04:41:00.850400
12237,201703074418422,PRIN,35,45,190,1044,198360.00,2017-03-07 04:41:00.842200
12238,201703074418429,PRIN,56,45,13,1043,13559.00,2017-03-07 04:41:00.842900
12239,201703074418394,PRIN,34,34,117,1045,122265.00,2017-03-07 04:41:00.839400
12240,201703074418295,PRIN,56,37,105,1064,111720.00,2017-03-07 04:41:00.829500
12241,201703074418228,PRIN,47,5,54,1044,56376.00,2017-03-07 04:41:00.822800
12242,201703074418208,PRIN,44,10,10,1030,10300.00,2017-03-07 04:41:00.820800
12243,201703074418213,PRIN,10,34,150,1040,156000.00,2017-03-07 04:41:00.821300
12244,201703074418050,PRIN,16,41,200,1011,202200.00,2017-03-07 04:41:00.805000
12245,201703074418051,PRIN,17,41,100,1010,101000.00,2017-03-07 04:41:00.805100
12246,201703074418023,PRIN,18,5,200,1024,204800.00,2017-03-07 04:41:00.802300
12247,201703074418030,PRIN,56,41,53,1007,53371.00,2017-03-07 04:41:00.803000
12248,201703074418031,PRIN,56,41,77,1006,77462.00,2017-03-07 04:41:00.803100
12249,201703074418012,PRIN,58,41,300,1010,303000.00,2017-03-07 04:41:00.801200
12250,201703074418021,PRIN,56,41,64,1007,64448.00,2017-03-07 04:41:00.802100
12251,201703074417992,PRIN,7,26,200,1005,201000.00,2017-03-07 04:41:00.799200
12252,201703074417993,PRIN,44,26,65,1004,65260.00,2017-03-07 04:41:00.799300
12253,201703074417931,PRIN,44,21,200,1024,204800.00,2017-03-07 04:41:00.793100
12254,201703074417900,PRIN,44,37,100,1044,104400.00,2017-03-07 04:41:00.790000
12255,201703064417761,PRIN,10,17,30,1065,31950.00,2017-03-06 04:41:00.776100
12256,201703064417598,PRIN,26,17,200,1065,213000.00,2017-03-06 04:41:00.759800
12257,201703064417604,PRIN,7,55,100,1058,105800.00,2017-03-06 04:41:00.760400
12258,201703064417615,PRIN,48,41,217,1064,230888.00,2017-03-06 04:41:00.761500
12259,201703064417328,PRIN,10,52,50,1060,53000.00,2017-03-06 04:41:00.732800
12260,201703064417329,PRIN,52,52,100,1060,106000.00,2017-03-06 04:41:00.732900
12261,201703064417330,PRIN,10,52,50,1057,52850.00,2017-03-06 04:41:00.733000
12262,201703064417033,PRIN,48,17,15,1065,15975.00,2017-03-06 04:41:00.703300
12263,201703064416993,PRIN,48,47,100,1065,106500.00,2017-03-06 04:41:00.699300
12264,201703064416973,PRIN,48,26,100,1065,106500.00,2017-03-06 04:41:00.697300
12265,201703064416945,PRIN,48,7,200,1065,213000.00,2017-03-06 04:41:00.694500
12266,201703064416915,PRIN,48,10,200,1065,213000.00,2017-03-06 04:41:00.691500
12267,201703064416895,PRIN,48,54,100,1065,106500.00,2017-03-06 04:41:00.689500
12268,201703064416867,PRIN,48,54,100,1065,106500.00,2017-03-06 04:41:00.686700
12269,201703064416513,PRIN,45,17,20,1076,21520.00,2017-03-06 04:41:00.651300
12270,201703064416178,PRIN,19,55,15,1062,15930.00,2017-03-06 04:41:00.617800
12271,201703064416179,PRIN,48,55,185,1061,196285.00,2017-03-06 04:41:00.617900
12272,201703064416166,PRIN,10,26,50,1070,53500.00,2017-03-06 04:41:00.616600
12273,201703064416167,PRIN,10,34,200,1074,214800.00,2017-03-06 04:41:00.616700
12274,201703064416168,PRIN,10,36,30,1074,32220.00,2017-03-06 04:41:00.616800
12275,201703064416169,PRIN,10,33,150,1075,161250.00,2017-03-06 04:41:00.616900
12276,201703064415969,PRIN,51,45,65,1065,69225.00,2017-03-06 04:41:00.596900
12277,201703064415970,PRIN,19,45,200,1065,213000.00,2017-03-06 04:41:00.597000
12278,201703064415971,PRIN,56,45,150,1062,159300.00,2017-03-06 04:41:00.597100
12279,201703064415972,PRIN,19,45,185,1062,196470.00,2017-03-06 04:41:00.597200
12280,201703064415967,PRIN,42,33,50,1075,53750.00,2017-03-06 04:41:00.596700
12281,201703064415773,PRIN,45,53,50,1074,53700.00,2017-03-06 04:41:00.577300
12282,201703064415521,PRIN,51,7,35,1065,37275.00,2017-03-06 04:41:00.552100
12283,201703064415517,PRIN,51,7,50,1067,53350.00,2017-03-06 04:41:00.551700
12284,201703064415518,PRIN,34,7,200,1066,213200.00,2017-03-06 04:41:00.551800
12285,201703064415310,PRIN,34,44,100,1071,107100.00,2017-03-06 04:41:00.531000
12286,201703064415311,PRIN,34,17,200,1072,214400.00,2017-03-06 04:41:00.531100
12287,201703064415059,PRIN,10,48,100,1068,106800.00,2017-03-06 04:41:00.505900
12288,201703064415039,PRIN,21,48,100,1068,106800.00,2017-03-06 04:41:00.503900
12289,201703064414996,PRIN,10,48,50,1068,53400.00,2017-03-06 04:41:00.499600
12290,201703064414893,PRIN,10,59,125,1065,133125.00,2017-03-06 04:41:00.489300
12291,201703064414894,PRIN,10,56,631,1068,673908.00,2017-03-06 04:41:00.489400
12292,201703064414776,PRIN,5,10,13,1050,13650.00,2017-03-06 04:41:00.477600
12293,201703064414781,PRIN,7,10,117,1050,122850.00,2017-03-06 04:41:00.478100
12294,201703064414762,PRIN,11,10,90,1050,94500.00,2017-03-06 04:41:00.476200
12295,201703064414746,PRIN,11,26,100,1050,105000.00,2017-03-06 04:41:00.474600
12296,201703064414668,PRIN,11,41,30,1050,31500.00,2017-03-06 04:41:00.466800
12297,201703064414461,PRIN,21,45,36,1048,37728.00,2017-03-06 04:41:00.446100
12298,201703064413955,PRIN,10,10,300,1051,315300.00,2017-03-06 04:41:00.395500
12299,201703064413956,PRIN,48,56,50,1050,52500.00,2017-03-06 04:41:00.395600
12300,201703064413957,PRIN,41,56,100,1050,105000.00,2017-03-06 04:41:00.395700
12301,201703064413958,PRIN,48,56,100,1050,105000.00,2017-03-06 04:41:00.395800
12302,201703064413959,PRIN,4,56,50,1050,52500.00,2017-03-06 04:41:00.395900
12303,201703064413520,PRIN,48,19,50,1060,53000.00,2017-03-06 04:41:00.352000
12304,201703064413521,PRIN,16,19,84,1055,88620.00,2017-03-06 04:41:00.352100
12305,201703064413459,PRIN,21,56,50,1060,53000.00,2017-03-06 04:41:00.345900
12306,201703064413460,PRIN,57,56,300,1056,316800.00,2017-03-06 04:41:00.346000
12307,201703064413461,PRIN,16,56,200,1055,211000.00,2017-03-06 04:41:00.346100
12308,201703064413436,PRIN,34,36,500,1065,532500.00,2017-03-06 04:41:00.343600
12309,201703064413195,PRIN,37,10,100,1060,106000.00,2017-03-06 04:41:00.319500
12310,201703064413103,PRIN,56,36,22,1067,23474.00,2017-03-06 04:41:00.310300
12311,201703064413035,PRIN,10,10,80,1080,86400.00,2017-03-06 04:41:00.303500
12312,201703064412896,PRIN,49,4,200,1082,216400.00,2017-03-06 04:41:00.289600
12313,201703054412116,PRIN,10,34,50,1067,53350.00,2017-03-05 04:41:00.211600
12314,201703054411871,PRIN,57,26,16,1065,17040.00,2017-03-05 04:41:00.187100
12315,201703054411872,PRIN,32,26,20,1059,21180.00,2017-03-05 04:41:00.187200
12316,201703054411873,PRIN,53,26,14,1057,14798.00,2017-03-05 04:41:00.187300
12317,201703054411821,PRIN,41,33,50,1068,53400.00,2017-03-05 04:41:00.182100
12318,201703054411824,PRIN,47,56,50,1068,53400.00,2017-03-05 04:41:00.182400
12319,201703054411788,PRIN,41,34,100,1068,106800.00,2017-03-05 04:41:00.178800
12320,201703054411657,PRIN,57,53,17,1065,18105.00,2017-03-05 04:41:00.165700
12321,201703054411471,PRIN,57,25,141,1065,150165.00,2017-03-05 04:41:00.147100
12322,201703054411175,PRIN,18,35,255,1070,272850.00,2017-03-05 04:41:00.117500
12323,201703054411156,PRIN,57,49,26,1060,27560.00,2017-03-05 04:41:00.115600
12324,201703054411127,PRIN,10,49,76,1061,80636.00,2017-03-05 04:41:00.112700
12325,201703054411143,PRIN,10,49,24,1061,25464.00,2017-03-05 04:41:00.114300
12326,201703054411144,PRIN,47,49,50,1060,53000.00,2017-03-05 04:41:00.114400
12327,201703054411000,PRIN,56,49,50,1062,53100.00,2017-03-05 04:41:00.100000
12328,201703054411001,PRIN,39,49,41,1060,43460.00,2017-03-05 04:41:00.100100
12329,201703054410968,PRIN,37,35,245,1070,262150.00,2017-03-05 04:41:00.096800
12330,201703054410800,PRIN,53,26,100,1078,107800.00,2017-03-05 04:41:00.080000
12331,201703054410660,PRIN,18,8,100,1078,107800.00,2017-03-05 04:41:00.066000
12332,201703054410661,PRIN,18,58,100,1080,108000.00,2017-03-05 04:41:00.066100
12333,201703054410651,PRIN,37,45,20,1075,21500.00,2017-03-05 04:41:00.065100
12334,201703054410520,PRIN,37,46,185,1075,198875.00,2017-03-05 04:41:00.052000
12335,201703054410518,PRIN,37,32,50,1074,53700.00,2017-03-05 04:41:00.051800
12336,201703054410466,PRIN,39,10,34,1069,36346.00,2017-03-05 04:41:00.046600
12337,201703054410467,PRIN,39,47,50,1070,53500.00,2017-03-05 04:41:00.046700
12338,201703054410468,PRIN,39,47,100,1070,107000.00,2017-03-05 04:41:00.046800
12339,201703054410469,PRIN,39,46,200,1070,214000.00,2017-03-05 04:41:00.046900
12340,201703054410470,PRIN,39,45,75,1070,80250.00,2017-03-05 04:41:00.047000
12341,201703054410376,PRIN,45,53,50,1059,52950.00,2017-03-05 04:41:00.037600
12342,201703054410363,PRIN,20,45,25,1070,26750.00,2017-03-05 04:41:00.036300
12343,201703054410340,PRIN,49,1,84,1068,89712.00,2017-03-05 04:41:00.034000
12344,201703054409619,PRIN,35,34,300,1068,320400.00,2017-03-05 04:40:00.961900
12345,201703054409564,PRIN,10,48,80,1067,85360.00,2017-03-05 04:40:00.956400
12346,201703054409506,PRIN,21,22,85,1066,90610.00,2017-03-05 04:40:00.950600
12347,201703054409279,PRIN,35,44,200,1065,213000.00,2017-03-05 04:40:00.927900
12348,201703054409236,PRIN,55,46,50,1060,53000.00,2017-03-05 04:40:00.923600
12349,201703054409237,PRIN,55,21,50,1060,53000.00,2017-03-05 04:40:00.923700
12350,201703054409176,PRIN,45,45,50,1059,52950.00,2017-03-05 04:40:00.917600
12351,201703054409122,PRIN,53,58,50,1057,52850.00,2017-03-05 04:40:00.912200
12352,201703054409135,PRIN,17,45,50,1059,52950.00,2017-03-05 04:40:00.913500
12353,201703054409055,PRIN,35,19,150,1055,158250.00,2017-03-05 04:40:00.905500
12354,201703054409034,PRIN,1,19,50,1050,52500.00,2017-03-05 04:40:00.903400
12355,201703054408880,PRIN,11,5,209,1050,219450.00,2017-03-05 04:40:00.888000
12356,201703054408881,PRIN,11,56,133,1051,139783.00,2017-03-05 04:40:00.888100
12357,201703054408882,PRIN,11,1,44,1052,46288.00,2017-03-05 04:40:00.888200
12358,201703054408883,PRIN,11,1,12,1052,12624.00,2017-03-05 04:40:00.888300
12359,201703054408884,PRIN,11,43,50,1054,52700.00,2017-03-05 04:40:00.888400
12360,201703054408885,PRIN,11,54,100,1055,105500.00,2017-03-05 04:40:00.888500
12361,201703054408886,PRIN,11,48,50,1055,52750.00,2017-03-05 04:40:00.888600
12362,201703054408674,PRIN,7,33,200,1050,210000.00,2017-03-05 04:40:00.867400
12363,201703054408675,PRIN,7,46,50,1050,52500.00,2017-03-05 04:40:00.867500
12364,201703054408149,PRIN,14,52,100,1050,105000.00,2017-03-05 04:40:00.814900
12365,201703054408095,PRIN,41,52,200,1050,210000.00,2017-03-05 04:40:00.809500
12366,201703054408109,PRIN,34,20,55,1042,57310.00,2017-03-05 04:40:00.810900
12367,201703054408074,PRIN,13,58,100,1052,105200.00,2017-03-05 04:40:00.807400
12368,201703054408076,PRIN,38,46,200,1051,210200.00,2017-03-05 04:40:00.807600
12369,201703054408083,PRIN,41,46,100,1050,105000.00,2017-03-05 04:40:00.808300
12370,201703054408048,PRIN,22,58,100,1055,105500.00,2017-03-05 04:40:00.804800
12371,201703054408049,PRIN,13,58,100,1055,105500.00,2017-03-05 04:40:00.804900
12372,201703054408029,PRIN,41,20,18,1067,19206.00,2017-03-05 04:40:00.802900
12373,201703054407765,PRIN,43,20,50,1075,53750.00,2017-03-05 04:40:00.776500
12374,201703054407677,PRIN,56,48,10,1061,10610.00,2017-03-05 04:40:00.767700
12375,201703054407678,PRIN,56,8,20,1069,21380.00,2017-03-05 04:40:00.767800
12376,201703054407679,PRIN,56,8,50,1070,53500.00,2017-03-05 04:40:00.767900
12377,201703054407585,PRIN,17,44,300,1053,315900.00,2017-03-05 04:40:00.758500
12378,201703054407531,PRIN,56,56,410,1051,430910.00,2017-03-05 04:40:00.753100
12379,201703054407418,PRIN,57,34,100,1050,105000.00,2017-03-05 04:40:00.741800
12380,201703054407349,PRIN,42,58,100,1050,105000.00,2017-03-05 04:40:00.734900
12381,201703024407296,PRIN,10,59,83,1040,86320.00,2017-03-02 04:40:00.729600
12382,201703024407297,PRIN,10,56,117,1041,121797.00,2017-03-02 04:40:00.729700
12383,201703024407298,PRIN,10,34,50,1041,52050.00,2017-03-02 04:40:00.729800
12384,201703024407299,PRIN,10,34,50,1041,52050.00,2017-03-02 04:40:00.729900
12385,201703024407226,PRIN,49,7,50,1036,51800.00,2017-03-02 04:40:00.722600
12386,201703024407242,PRIN,10,46,100,1039,103900.00,2017-03-02 04:40:00.724200
12387,201703024407243,PRIN,10,59,20,1040,20800.00,2017-03-02 04:40:00.724300
12388,201703024407166,PRIN,49,34,100,1039,103900.00,2017-03-02 04:40:00.716600
12389,201703024407167,PRIN,49,59,50,1040,52000.00,2017-03-02 04:40:00.716700
12390,201703024407173,PRIN,49,7,73,1040,75920.00,2017-03-02 04:40:00.717300
12391,201703024407174,PRIN,49,59,27,1040,28080.00,2017-03-02 04:40:00.717400
12392,201703024407129,PRIN,10,59,20,1040,20800.00,2017-03-02 04:40:00.712900
12393,201703024407084,PRIN,49,7,50,1036,51800.00,2017-03-02 04:40:00.708400
12394,201703024407039,PRIN,34,46,150,1035,155250.00,2017-03-02 04:40:00.703900
12395,201703024407063,PRIN,10,41,100,1036,103600.00,2017-03-02 04:40:00.706300
12396,201703024406951,PRIN,10,51,200,1033,206600.00,2017-03-02 04:40:00.695100
12397,201703024406952,PRIN,17,51,261,1032,269352.00,2017-03-02 04:40:00.695200
12398,201703024406901,PRIN,42,46,50,1035,51750.00,2017-03-02 04:40:00.690100
12399,201703024405833,PRIN,10,38,100,1033,103300.00,2017-03-02 04:40:00.583300
12400,201703024405834,PRIN,10,38,100,1032,103200.00,2017-03-02 04:40:00.583400
12401,201703024405835,PRIN,10,38,100,1031,103100.00,2017-03-02 04:40:00.583500
12402,201703024405487,PRIN,53,45,20,1030,20600.00,2017-03-02 04:40:00.548700
12403,201703024405459,PRIN,10,8,25,1044,26100.00,2017-03-02 04:40:00.545900
12404,201703024405446,PRIN,6,42,500,1040,520000.00,2017-03-02 04:40:00.544600
12405,201703024405447,PRIN,6,34,50,1040,52000.00,2017-03-02 04:40:00.544700
12406,201703024405448,PRIN,6,38,100,1041,104100.00,2017-03-02 04:40:00.544800
12407,201703024405449,PRIN,6,21,200,1042,208400.00,2017-03-02 04:40:00.544900
12408,201703024405422,PRIN,10,35,200,1038,207600.00,2017-03-02 04:40:00.542200
12409,201703024405423,PRIN,10,52,100,1039,103900.00,2017-03-02 04:40:00.542300
12410,201703024405424,PRIN,10,47,100,1039,103900.00,2017-03-02 04:40:00.542400
12411,201703024405425,PRIN,10,34,100,1039,103900.00,2017-03-02 04:40:00.542500
12412,201703024404515,PRIN,10,1,20,1039,20780.00,2017-03-02 04:40:00.451500
12413,201703024404502,PRIN,53,57,63,1035,65205.00,2017-03-02 04:40:00.450200
12414,201703024404503,PRIN,53,53,40,1035,41400.00,2017-03-02 04:40:00.450300
12415,201703024404375,PRIN,53,39,10,1030,10300.00,2017-03-02 04:40:00.437500
12416,201703024404376,PRIN,7,39,100,1030,103000.00,2017-03-02 04:40:00.437600
12417,201703024404354,PRIN,10,39,18,1031,18558.00,2017-03-02 04:40:00.435400
12418,201703024404370,PRIN,10,7,53,1034,54802.00,2017-03-02 04:40:00.437000
12419,201703024404312,PRIN,7,21,100,1030,103000.00,2017-03-02 04:40:00.431200
12420,201703024404286,PRIN,53,56,40,1029,41160.00,2017-03-02 04:40:00.428600
12421,201703024404287,PRIN,53,26,150,1030,154500.00,2017-03-02 04:40:00.428700
12422,201703024404237,PRIN,47,48,100,1029,102900.00,2017-03-02 04:40:00.423700
12423,201703024404172,PRIN,10,34,40,1022,40880.00,2017-03-02 04:40:00.417200
12424,201703024404173,PRIN,10,16,50,1025,51250.00,2017-03-02 04:40:00.417300
12425,201703024404083,PRIN,11,39,100,1022,102200.00,2017-03-02 04:40:00.408300
12426,201703024403742,PRIN,56,32,34,1010,34340.00,2017-03-02 04:40:00.374200
12427,201703024403168,PRIN,46,47,10,1025,10250.00,2017-03-02 04:40:00.316800
12428,201703024403169,PRIN,8,47,10,1025,10250.00,2017-03-02 04:40:00.316900
12429,201703024403170,PRIN,25,47,100,1022,102200.00,2017-03-02 04:40:00.317000
12430,201703024403171,PRIN,35,47,100,1020,102000.00,2017-03-02 04:40:00.317100
12431,201703024403172,PRIN,1,47,100,1020,102000.00,2017-03-02 04:40:00.317200
12432,201703024403120,PRIN,6,26,50,1030,51500.00,2017-03-02 04:40:00.312000
12433,201703024403105,PRIN,41,53,10,1035,10350.00,2017-03-02 04:40:00.310500
12434,201703024402725,PRIN,11,58,200,1042,208400.00,2017-03-02 04:40:00.272500
12435,201703024402709,PRIN,53,59,100,1025,102500.00,2017-03-02 04:40:00.270900
12436,201703014402535,PRIN,14,10,100,1025,102500.00,2017-03-01 04:40:00.253500
12437,201703014402538,PRIN,58,10,150,1025,153750.00,2017-03-01 04:40:00.253800
12438,201703014402515,PRIN,20,37,50,1023,51150.00,2017-03-01 04:40:00.251500
12439,201703014402518,PRIN,7,25,200,1024,204800.00,2017-03-01 04:40:00.251800
12440,201703014402524,PRIN,58,50,50,1025,51250.00,2017-03-01 04:40:00.252400
12441,201703014402525,PRIN,58,10,450,1025,461250.00,2017-03-01 04:40:00.252500
12442,201703014402460,PRIN,55,14,50,1020,51000.00,2017-03-01 04:40:00.246000
12443,201703014402486,PRIN,34,14,519,1020,529380.00,2017-03-01 04:40:00.248600
12444,201703014402412,PRIN,28,14,16,1023,16368.00,2017-03-01 04:40:00.241200
12445,201703014402293,PRIN,28,28,34,1023,34782.00,2017-03-01 04:40:00.229300
12446,201703014402148,PRIN,52,38,200,1020,204000.00,2017-03-01 04:40:00.214800
12447,201703014402104,PRIN,52,38,100,1020,102000.00,2017-03-01 04:40:00.210400
12448,201703014402095,PRIN,36,38,100,1018,101800.00,2017-03-01 04:40:00.209500
12449,201703014402062,PRIN,20,40,23,1015,23345.00,2017-03-01 04:40:00.206200
12450,201703014402063,PRIN,20,48,100,1020,102000.00,2017-03-01 04:40:00.206300
12451,201703014402026,PRIN,34,39,100,1016,101600.00,2017-03-01 04:40:00.202600
12452,201703014401824,PRIN,52,34,100,1010,101000.00,2017-03-01 04:40:00.182400
12453,201703014401770,PRIN,51,16,161,1009,162449.00,2017-03-01 04:40:00.177000
12454,201703014401771,PRIN,51,25,200,1009,201800.00,2017-03-01 04:40:00.177100
12455,201703014401772,PRIN,51,21,100,1010,101000.00,2017-03-01 04:40:00.177200
12456,201703014401176,PRIN,34,22,280,1000,280000.00,2017-03-01 04:40:00.117600
12457,201703014401135,PRIN,56,22,60,1001,60060.00,2017-03-01 04:40:00.113500
12458,201703014401136,PRIN,34,22,10,1000,10000.00,2017-03-01 04:40:00.113600
12459,201703014401137,PRIN,34,22,50,1000,50000.00,2017-03-01 04:40:00.113700
12460,201703014401138,PRIN,22,22,100,1000,100000.00,2017-03-01 04:40:00.113800
12461,201703014400822,PRIN,34,41,227,1007,228589.00,2017-03-01 04:40:00.082200
12462,201703014400805,PRIN,36,16,20,1009,20180.00,2017-03-01 04:40:00.080500
12463,201703014400687,PRIN,10,16,51,1009,51459.00,2017-03-01 04:40:00.068700
12464,201703014400593,PRIN,56,56,40,1001,40040.00,2017-03-01 04:40:00.059300
12465,201703014400590,PRIN,56,40,100,1001,100100.00,2017-03-01 04:40:00.059000
12466,201703014400357,PRIN,7,17,10,1000,10000.00,2017-03-01 04:40:00.035700
12467,201703014400358,PRIN,20,17,50,1000,50000.00,2017-03-01 04:40:00.035800
12468,201703014400359,PRIN,34,17,40,1000,40000.00,2017-03-01 04:40:00.035900
12469,201703014400293,PRIN,40,16,100,1000,100000.00,2017-03-01 04:40:00.029300
12470,201703014400205,PRIN,20,52,50,1000,50000.00,2017-03-01 04:40:00.020500
12471,201703014400195,PRIN,34,7,500,1001,500500.00,2017-03-01 04:40:00.019500
12472,201703014400158,PRIN,32,13,150,1002,150300.00,2017-03-01 04:40:00.015800
12473,201703014399664,PRIN,29,56,30,1020,30600.00,2017-03-01 04:39:00.966400
12474,201703014399594,PRIN,48,48,200,1016,203200.00,2017-03-01 04:39:00.959400
12475,201703014399595,PRIN,49,48,100,1015,101500.00,2017-03-01 04:39:00.959500
12476,201703014399446,PRIN,1,13,10,1018,10180.00,2017-03-01 04:39:00.944600
12477,201703014399447,PRIN,57,13,100,1018,101800.00,2017-03-01 04:39:00.944700
12478,201703014399180,PRIN,43,56,30,1038,31140.00,2017-03-01 04:39:00.918000
12479,201703014399063,PRIN,56,47,30,1017,30510.00,2017-03-01 04:39:00.906300
12480,201703014399064,PRIN,56,49,58,1018,59044.00,2017-03-01 04:39:00.906400
12481,201702284398550,PRIN,48,16,200,990,198000.00,2017-02-28 04:39:00.855000
12482,201702284398551,PRIN,48,20,50,995,49750.00,2017-02-28 04:39:00.855100
12483,201702284398566,PRIN,16,25,50,999,49950.00,2017-02-28 04:39:00.856600
12484,201702284398364,PRIN,11,32,400,990,396000.00,2017-02-28 04:39:00.836400
12485,201702284398233,PRIN,48,49,200,993,198600.00,2017-02-28 04:39:00.823300
12486,201702284398072,PRIN,46,16,23,980,22540.00,2017-02-28 04:39:00.807200
12487,201702284398061,PRIN,56,16,100,982,98200.00,2017-02-28 04:39:00.806100
12488,201702284396776,PRIN,57,17,50,981,49050.00,2017-02-28 04:39:00.677600
12489,201702284396777,PRIN,46,17,21,980,20580.00,2017-02-28 04:39:00.677700
12490,201702284396544,PRIN,28,17,168,976,163968.00,2017-02-28 04:39:00.654400
12491,201702284396551,PRIN,36,17,57,975,55575.00,2017-02-28 04:39:00.655100
12492,201702284396556,PRIN,1,17,12,975,11700.00,2017-02-28 04:39:00.655600
12493,201702284396517,PRIN,52,17,48,988,47424.00,2017-02-28 04:39:00.651700
12494,201702284396518,PRIN,48,17,50,981,49050.00,2017-02-28 04:39:00.651800
12495,201702284396519,PRIN,42,17,30,980,29400.00,2017-02-28 04:39:00.651900
12496,201702284396520,PRIN,21,17,100,980,98000.00,2017-02-28 04:39:00.652000
12497,201702284396521,PRIN,52,17,50,980,49000.00,2017-02-28 04:39:00.652100
12498,201702284396522,PRIN,28,17,32,976,31232.00,2017-02-28 04:39:00.652200
12499,201702284396506,PRIN,8,17,50,990,49500.00,2017-02-28 04:39:00.650600
12500,201702284396507,PRIN,52,17,152,988,150176.00,2017-02-28 04:39:00.650700
12501,201702284396464,PRIN,48,17,35,995,34825.00,2017-02-28 04:39:00.646400
12502,201702284396465,PRIN,8,17,50,990,49500.00,2017-02-28 04:39:00.646500
12503,201702284396406,PRIN,57,34,300,997,299100.00,2017-02-28 04:39:00.640600
12504,201702284396417,PRIN,6,5,150,996,149400.00,2017-02-28 04:39:00.641700
12505,201702284396418,PRIN,48,5,15,995,14925.00,2017-02-28 04:39:00.641800
12506,201702284396267,PRIN,57,13,500,1000,500000.00,2017-02-28 04:39:00.626700
12507,201702284395551,PRIN,19,47,134,980,131320.00,2017-02-28 04:39:00.555100
12508,201702284395557,PRIN,47,10,50,994,49700.00,2017-02-28 04:39:00.555700
12509,201702284395147,PRIN,36,36,190,975,185250.00,2017-02-28 04:39:00.514700
12510,201702284395127,PRIN,7,29,100,992,99200.00,2017-02-28 04:39:00.512700
12511,201702284395092,PRIN,36,59,250,985,246250.00,2017-02-28 04:39:00.509200
12512,201702284394833,PRIN,44,17,50,975,48750.00,2017-02-28 04:39:00.483300
12513,201702284394769,PRIN,44,34,50,990,49500.00,2017-02-28 04:39:00.476900
12514,201702264394580,PRIN,21,34,100,1010,101000.00,2017-02-26 04:39:00.458000
12515,201702264394549,PRIN,21,41,100,1010,101000.00,2017-02-26 04:39:00.454900
12516,201702264394463,PRIN,21,43,100,1005,100500.00,2017-02-26 04:39:00.446300
12517,201702264394484,PRIN,21,45,100,1005,100500.00,2017-02-26 04:39:00.448400
12518,201702264394392,PRIN,13,13,50,1014,50700.00,2017-02-26 04:39:00.439200
12519,201702264394336,PRIN,44,45,200,1010,202000.00,2017-02-26 04:39:00.433600
12520,201702264394193,PRIN,40,21,184,1014,186576.00,2017-02-26 04:39:00.419300
12521,201702264394127,PRIN,21,7,200,1014,202800.00,2017-02-26 04:39:00.412700
12522,201702264393857,PRIN,34,7,100,1005,100500.00,2017-02-26 04:39:00.385700
12523,201702264393809,PRIN,53,21,100,1001,100100.00,2017-02-26 04:39:00.380900
12524,201702264393676,PRIN,17,14,19,1010,19190.00,2017-02-26 04:39:00.367600
12525,201702264393677,PRIN,42,14,87,1003,87261.00,2017-02-26 04:39:00.367700
12526,201702264393678,PRIN,56,14,50,1002,50100.00,2017-02-26 04:39:00.367800
12527,201702264393679,PRIN,38,14,300,1001,300300.00,2017-02-26 04:39:00.367900
12528,201702264393680,PRIN,41,14,100,1001,100100.00,2017-02-26 04:39:00.368000
12529,201702264393681,PRIN,17,14,157,1000,157000.00,2017-02-26 04:39:00.368100
12530,201702264393370,PRIN,42,57,51,1003,51153.00,2017-02-26 04:39:00.337000
12531,201702264393373,PRIN,56,57,85,1015,86275.00,2017-02-26 04:39:00.337300
12532,201702264393374,PRIN,56,25,34,1018,34612.00,2017-02-26 04:39:00.337400
12533,201702264393375,PRIN,56,20,51,1019,51969.00,2017-02-26 04:39:00.337500
12534,201702264393357,PRIN,17,20,11,1010,11110.00,2017-02-26 04:39:00.335700
12535,201702264393242,PRIN,37,45,100,1008,100800.00,2017-02-26 04:39:00.324200
12536,201702264393246,PRIN,17,50,100,1010,101000.00,2017-02-26 04:39:00.324600
12537,201702264393247,PRIN,17,32,70,1010,70700.00,2017-02-26 04:39:00.324700
12538,201702264393210,PRIN,42,11,100,1003,100300.00,2017-02-26 04:39:00.321000
12539,201702264393217,PRIN,51,48,32,1004,32128.00,2017-02-26 04:39:00.321700
12540,201702264393218,PRIN,6,48,56,1004,56224.00,2017-02-26 04:39:00.321800
12541,201702264393219,PRIN,51,48,50,1003,50150.00,2017-02-26 04:39:00.321900
12542,201702264393220,PRIN,42,48,62,1003,62186.00,2017-02-26 04:39:00.322000
12543,201702264393121,PRIN,16,50,30,1010,30300.00,2017-02-26 04:39:00.312100
12544,201702264392931,PRIN,42,50,50,1005,50250.00,2017-02-26 04:39:00.293100
12545,201702264392932,PRIN,46,50,20,1005,20100.00,2017-02-26 04:39:00.293200
12546,201702264392828,PRIN,6,26,94,1004,94376.00,2017-02-26 04:39:00.282800
12547,201702264392735,PRIN,26,48,50,1005,50250.00,2017-02-26 04:39:00.273500
12548,201702264392686,PRIN,51,57,18,1004,18072.00,2017-02-26 04:39:00.268600
12549,201702264392215,PRIN,41,32,50,1017,50850.00,2017-02-26 04:39:00.221500
12550,201702264391984,PRIN,38,59,200,1001,200200.00,2017-02-26 04:39:00.198400
12551,201702264391677,PRIN,37,57,55,1000,55000.00,2017-02-26 04:39:00.167700
12552,201702264391652,PRIN,20,57,150,1010,151500.00,2017-02-26 04:39:00.165200
12553,201702264391653,PRIN,56,57,100,1005,100500.00,2017-02-26 04:39:00.165300
12554,201702264391654,PRIN,28,57,200,1005,201000.00,2017-02-26 04:39:00.165400
12555,201702264391655,PRIN,59,57,200,1000,200000.00,2017-02-26 04:39:00.165500
12556,201702264391656,PRIN,10,57,20,1000,20000.00,2017-02-26 04:39:00.165600
12557,201702264391617,PRIN,19,16,20,1005,20100.00,2017-02-26 04:39:00.161700
12558,201702264391618,PRIN,10,16,80,1005,80400.00,2017-02-26 04:39:00.161800
12559,201702264391585,PRIN,45,18,100,1011,101100.00,2017-02-26 04:39:00.158500
12560,201702264391586,PRIN,21,18,100,1010,101000.00,2017-02-26 04:39:00.158600
12561,201702234391416,PRIN,45,1,200,1025,205000.00,2017-02-23 04:39:00.141600
12562,201702234391344,PRIN,48,46,190,1020,193800.00,2017-02-23 04:39:00.134400
12563,201702234391240,PRIN,46,46,50,1023,51150.00,2017-02-23 04:39:00.124000
12564,201702234391241,PRIN,14,46,200,1022,204400.00,2017-02-23 04:39:00.124100
12565,201702234391242,PRIN,26,46,100,1020,102000.00,2017-02-23 04:39:00.124200
12566,201702234391020,PRIN,48,28,200,1023,204600.00,2017-02-23 04:39:00.102000
12567,201702234390992,PRIN,34,13,50,1030,51500.00,2017-02-23 04:39:00.099200
12568,201702234391002,PRIN,34,13,100,1030,103000.00,2017-02-23 04:39:00.100200
12569,201702234390814,PRIN,34,47,100,1030,103000.00,2017-02-23 04:39:00.081400
12570,201702234390780,PRIN,5,13,50,1025,51250.00,2017-02-23 04:39:00.078000
12571,201702234390781,PRIN,56,5,200,1021,204200.00,2017-02-23 04:39:00.078100
12572,201702234390782,PRIN,26,5,100,1020,102000.00,2017-02-23 04:39:00.078200
12573,201702234390704,PRIN,56,34,800,1021,816800.00,2017-02-23 04:39:00.070400
12574,201702234390268,PRIN,48,34,354,1034,366036.00,2017-02-23 04:39:00.026800
12575,201702234390206,PRIN,21,21,50,1040,52000.00,2017-02-23 04:39:00.020600
12576,201702234390179,PRIN,10,50,200,1035,207000.00,2017-02-23 04:39:00.017900
12577,201702234390167,PRIN,10,48,100,1034,103400.00,2017-02-23 04:39:00.016700
12578,201702234390152,PRIN,10,34,10,1030,10300.00,2017-02-23 04:39:00.015200
12579,201702234390153,PRIN,10,21,100,1032,103200.00,2017-02-23 04:39:00.015300
12580,201702234390131,PRIN,16,16,51,1030,52530.00,2017-02-23 04:39:00.013100
12581,201702234390132,PRIN,16,59,175,1030,180250.00,2017-02-23 04:39:00.013200
12582,201702234390123,PRIN,16,41,23,1020,23460.00,2017-02-23 04:39:00.012300
12583,201702234390124,PRIN,16,34,200,1027,205400.00,2017-02-23 04:39:00.012400
12584,201702234389930,PRIN,44,37,50,1012,50600.00,2017-02-23 04:38:00.993000
12585,201702234389931,PRIN,56,37,230,1011,232530.00,2017-02-23 04:38:00.993100
12586,201702234389874,PRIN,21,41,100,1017,101700.00,2017-02-23 04:38:00.987400
12587,201702234389875,PRIN,10,41,100,1016,101600.00,2017-02-23 04:38:00.987500
12588,201702234389898,PRIN,19,34,200,1015,203000.00,2017-02-23 04:38:00.989800
12589,201702234389867,PRIN,32,41,100,1020,102000.00,2017-02-23 04:38:00.986700
12590,201702234389868,PRIN,21,41,10,1020,10200.00,2017-02-23 04:38:00.986800
12591,201702234389349,PRIN,37,34,300,1030,309000.00,2017-02-23 04:38:00.934900
12592,201702234388954,PRIN,37,47,114,1020,116280.00,2017-02-23 04:38:00.895400
12593,201702234388560,PRIN,44,49,100,1000,100000.00,2017-02-23 04:38:00.856000
12594,201702234388442,PRIN,6,37,17,999,16983.00,2017-02-23 04:38:00.844200
12595,201702234388176,PRIN,44,42,100,980,98000.00,2017-02-23 04:38:00.817600
12596,201702234388141,PRIN,21,40,100,1000,100000.00,2017-02-23 04:38:00.814100
12597,201702224387980,PRIN,38,34,200,1020,204000.00,2017-02-22 04:38:00.798000
12598,201702224387902,PRIN,34,38,98,1014,99372.00,2017-02-22 04:38:00.790200
12599,201702224387910,PRIN,56,41,80,1011,80880.00,2017-02-22 04:38:00.791000
12600,201702224387921,PRIN,56,38,133,1015,134995.00,2017-02-22 04:38:00.792100
12601,201702224387865,PRIN,56,54,51,1015,51765.00,2017-02-22 04:38:00.786500
12602,201702224387815,PRIN,17,38,40,1010,40400.00,2017-02-22 04:38:00.781500
12603,201702224387816,PRIN,17,38,150,1014,152100.00,2017-02-22 04:38:00.781600
12604,201702224387758,PRIN,44,38,100,1010,101000.00,2017-02-22 04:38:00.775800
12605,201702224387659,PRIN,21,1,100,1007,100700.00,2017-02-22 04:38:00.765900
12606,201702224387528,PRIN,22,38,60,1010,60600.00,2017-02-22 04:38:00.752800
12607,201702224387505,PRIN,44,41,200,1010,202000.00,2017-02-22 04:38:00.750500
12608,201702224387357,PRIN,5,38,50,1014,50700.00,2017-02-22 04:38:00.735700
12609,201702224387287,PRIN,22,43,100,1010,101000.00,2017-02-22 04:38:00.728700
12610,201702224387235,PRIN,46,22,17,1014,17238.00,2017-02-22 04:38:00.723500
12611,201702224387113,PRIN,13,22,18,1015,18270.00,2017-02-22 04:38:00.711300
12612,201702224387114,PRIN,28,22,12,1014,12168.00,2017-02-22 04:38:00.711400
12613,201702224387115,PRIN,7,22,53,1014,53742.00,2017-02-22 04:38:00.711500
12614,201702224387116,PRIN,21,22,200,1014,202800.00,2017-02-22 04:38:00.711600
12615,201702224386861,PRIN,13,29,182,1015,184730.00,2017-02-22 04:38:00.686100
12616,201702224386777,PRIN,37,56,12,1016,12192.00,2017-02-22 04:38:00.677700
12617,201702224386617,PRIN,56,22,100,1020,102000.00,2017-02-22 04:38:00.661700
12618,201702224386541,PRIN,17,44,15,1016,15240.00,2017-02-22 04:38:00.654100
12619,201702224386542,PRIN,37,44,285,1016,289560.00,2017-02-22 04:38:00.654200
12620,201702224386504,PRIN,17,50,185,1016,187960.00,2017-02-22 04:38:00.650400
12621,201702224386505,PRIN,17,21,100,1016,101600.00,2017-02-22 04:38:00.650500
12622,201702224386373,PRIN,10,50,15,1020,15300.00,2017-02-22 04:38:00.637300
12623,201702224386354,PRIN,37,48,15,1020,15300.00,2017-02-22 04:38:00.635400
12624,201702224386294,PRIN,17,48,85,1020,86700.00,2017-02-22 04:38:00.629400
12625,201702224386038,PRIN,17,22,115,1020,117300.00,2017-02-22 04:38:00.603800
12626,201702224386042,PRIN,17,48,300,1020,306000.00,2017-02-22 04:38:00.604200
12627,201702224385975,PRIN,37,47,25,1025,25625.00,2017-02-22 04:38:00.597500
12628,201702224385945,PRIN,10,42,100,1026,102600.00,2017-02-22 04:38:00.594500
12629,201702224385946,PRIN,34,42,64,1026,65664.00,2017-02-22 04:38:00.594600
12630,201702224385947,PRIN,49,42,24,1025,24600.00,2017-02-22 04:38:00.594700
12631,201702224385948,PRIN,37,42,162,1025,166050.00,2017-02-22 04:38:00.594800
12632,201702224385715,PRIN,34,28,200,1040,208000.00,2017-02-22 04:38:00.571500
12633,201702224385688,PRIN,49,50,176,1025,180400.00,2017-02-22 04:38:00.568800
12634,201702224385689,PRIN,6,46,100,1039,103900.00,2017-02-22 04:38:00.568900
12635,201702224385694,PRIN,6,14,200,1040,208000.00,2017-02-22 04:38:00.569400
12636,201702224385670,PRIN,5,5,100,1034,103400.00,2017-02-22 04:38:00.567000
12637,201702224385599,PRIN,10,29,25,1035,25875.00,2017-02-22 04:38:00.559900
12638,201702224385523,PRIN,48,48,100,1039,103900.00,2017-02-22 04:38:00.552300
12639,201702224385366,PRIN,50,59,25,1044,26100.00,2017-02-22 04:38:00.536600
12640,201702224385340,PRIN,10,34,500,1043,521500.00,2017-02-22 04:38:00.534000
12641,201702224385341,PRIN,10,1,100,1043,104300.00,2017-02-22 04:38:00.534100
12642,201702224385176,PRIN,5,17,50,1035,51750.00,2017-02-22 04:38:00.517600
12643,201702224385140,PRIN,17,46,100,1030,103000.00,2017-02-22 04:38:00.514000
12644,201702224385141,PRIN,17,38,200,1030,206000.00,2017-02-22 04:38:00.514100
12645,201702224385056,PRIN,10,11,53,1014,53742.00,2017-02-22 04:38:00.505600
12646,201702224385038,PRIN,28,7,88,1013,89144.00,2017-02-22 04:38:00.503800
12647,201702224385035,PRIN,28,59,50,1010,50500.00,2017-02-22 04:38:00.503500
12648,201702224384957,PRIN,17,22,217,1000,217000.00,2017-02-22 04:38:00.495700
12649,201702224384921,PRIN,6,22,20,1000,20000.00,2017-02-22 04:38:00.492100
12650,201702224384925,PRIN,10,32,50,999,49950.00,2017-02-22 04:38:00.492500
12651,201702224384926,PRIN,45,32,20,998,19960.00,2017-02-22 04:38:00.492600
12652,201702224384927,PRIN,10,32,30,997,29910.00,2017-02-22 04:38:00.492700
12653,201702224384896,PRIN,45,35,50,998,49900.00,2017-02-22 04:38:00.489600
12654,201702224384791,PRIN,6,59,17,996,16932.00,2017-02-22 04:38:00.479100
12655,201702224384633,PRIN,17,59,33,995,32835.00,2017-02-22 04:38:00.463300
12656,201702224384583,PRIN,17,49,33,1000,33000.00,2017-02-22 04:38:00.458300
12657,201702224384584,PRIN,17,49,267,995,265665.00,2017-02-22 04:38:00.458400
12658,201702224384503,PRIN,17,10,17,1000,17000.00,2017-02-22 04:38:00.450300
12659,201702224384466,PRIN,17,36,250,1000,250000.00,2017-02-22 04:38:00.446600
12660,201702224384406,PRIN,44,5,200,1010,202000.00,2017-02-22 04:38:00.440600
12661,201702224384375,PRIN,55,14,17,1024,17408.00,2017-02-22 04:38:00.437500
12662,201702224384382,PRIN,55,35,30,1024,30720.00,2017-02-22 04:38:00.438200
12663,201702224384371,PRIN,42,5,100,1030,103000.00,2017-02-22 04:38:00.437100
12664,201702224384369,PRIN,41,37,100,1040,104000.00,2017-02-22 04:38:00.436900
12665,201702224384339,PRIN,56,48,100,1050,105000.00,2017-02-22 04:38:00.433900
12666,201702224384326,PRIN,56,44,200,1040,208000.00,2017-02-22 04:38:00.432600
12667,201702224384327,PRIN,56,42,330,1044,344520.00,2017-02-22 04:38:00.432700
12668,201702214384237,PRIN,48,20,100,1024,102400.00,2017-02-21 04:38:00.423700
12669,201702214384081,PRIN,41,35,100,1010,101000.00,2017-02-21 04:38:00.408100
12670,201702214384082,PRIN,4,35,200,1008,201600.00,2017-02-21 04:38:00.408200
12671,201702214384085,PRIN,10,35,70,1008,70560.00,2017-02-21 04:38:00.408500
12672,201702214384086,PRIN,10,36,20,1015,20300.00,2017-02-21 04:38:00.408600
12673,201702214384051,PRIN,10,10,125,1025,128125.00,2017-02-21 04:38:00.405100
12674,201702214384052,PRIN,10,10,100,1030,103000.00,2017-02-21 04:38:00.405200
12675,201702214384053,PRIN,10,59,75,1035,77625.00,2017-02-21 04:38:00.405300
12676,201702214384058,PRIN,45,36,100,1015,101500.00,2017-02-21 04:38:00.405800
12677,201702214384042,PRIN,37,10,100,1020,102000.00,2017-02-21 04:38:00.404200
12678,201702214383967,PRIN,37,48,10,1029,10290.00,2017-02-21 04:38:00.396700
12679,201702214383968,PRIN,37,41,200,1030,206000.00,2017-02-21 04:38:00.396800
12680,201702214383720,PRIN,58,25,100,1022,102200.00,2017-02-21 04:38:00.372000
12681,201702214383630,PRIN,48,48,100,1002,100200.00,2017-02-21 04:38:00.363000
12682,201702214383573,PRIN,48,42,100,1010,101000.00,2017-02-21 04:38:00.357300
12683,201702214383468,PRIN,17,7,100,1009,100900.00,2017-02-21 04:38:00.346800
12684,201702214383438,PRIN,10,43,200,1000,200000.00,2017-02-21 04:38:00.343800
12685,201702214383367,PRIN,5,13,50,995,49750.00,2017-02-21 04:38:00.336700
12686,201702214383368,PRIN,48,13,50,991,49550.00,2017-02-21 04:38:00.336800
12687,201702214383369,PRIN,37,13,100,991,99100.00,2017-02-21 04:38:00.336900
12688,201702214383370,PRIN,44,13,500,990,495000.00,2017-02-21 04:38:00.337000
12689,201702214383371,PRIN,6,13,20,990,19800.00,2017-02-21 04:38:00.337100
12690,201702214383129,PRIN,56,17,30,1001,30030.00,2017-02-21 04:38:00.312900
12691,201702214383130,PRIN,28,17,270,1000,270000.00,2017-02-21 04:38:00.313000
12692,201702214383135,PRIN,28,17,230,1000,230000.00,2017-02-21 04:38:00.313500
12693,201702214383093,PRIN,56,37,70,1001,70070.00,2017-02-21 04:38:00.309300
12694,201702214382961,PRIN,37,36,100,1002,100200.00,2017-02-21 04:38:00.296100
12695,201702214382839,PRIN,56,46,100,1001,100100.00,2017-02-21 04:38:00.283900
12696,201702214382415,PRIN,11,14,100,1010,101000.00,2017-02-21 04:38:00.241500
12697,201702214382284,PRIN,13,35,32,1020,32640.00,2017-02-21 04:38:00.228400
12698,201702214382203,PRIN,56,35,100,1023,102300.00,2017-02-21 04:38:00.220300
12699,201702214382204,PRIN,38,35,25,1022,25550.00,2017-02-21 04:38:00.220400
12700,201702214382205,PRIN,32,35,33,1021,33693.00,2017-02-21 04:38:00.220500
12701,201702214382206,PRIN,43,35,100,1020,102000.00,2017-02-21 04:38:00.220600
12702,201702214381777,PRIN,56,46,25,1025,25625.00,2017-02-21 04:38:00.177700
12703,201702214381778,PRIN,38,46,200,1024,204800.00,2017-02-21 04:38:00.177800
12704,201702214381779,PRIN,6,46,200,1023,204600.00,2017-02-21 04:38:00.177900
12705,201702214381780,PRIN,38,46,475,1022,485450.00,2017-02-21 04:38:00.178000
12706,201702214381790,PRIN,56,56,50,1040,52000.00,2017-02-21 04:38:00.179000
12707,201702214381666,PRIN,6,35,200,1039,207800.00,2017-02-21 04:38:00.166600
12708,201702214381515,PRIN,13,41,50,1030,51500.00,2017-02-21 04:38:00.151500
12709,201702214381516,PRIN,56,41,175,1025,179375.00,2017-02-21 04:38:00.151600
12710,201702214381518,PRIN,6,48,50,1040,52000.00,2017-02-21 04:38:00.151800
12711,201702214381519,PRIN,6,42,20,1040,20800.00,2017-02-21 04:38:00.151900
12712,201702214381521,PRIN,6,26,100,1047,104700.00,2017-02-21 04:38:00.152100
12713,201702214381522,PRIN,6,13,50,1050,52500.00,2017-02-21 04:38:00.152200
12714,201702214381523,PRIN,6,47,50,1050,52500.00,2017-02-21 04:38:00.152300
12715,201702214381524,PRIN,6,32,125,1060,132500.00,2017-02-21 04:38:00.152400
12716,201702214381457,PRIN,28,46,100,1040,104000.00,2017-02-21 04:38:00.145700
12717,201702214381416,PRIN,43,43,7,1035,7245.00,2017-02-21 04:38:00.141600
12718,201702214381086,PRIN,32,51,17,1021,17357.00,2017-02-21 04:38:00.108600
12719,201702214381054,PRIN,46,7,100,1021,102100.00,2017-02-21 04:38:00.105400
12720,201702214381055,PRIN,47,7,30,1020,30600.00,2017-02-21 04:38:00.105500
12721,201702214381056,PRIN,19,7,100,1020,102000.00,2017-02-21 04:38:00.105600
12722,201702214381057,PRIN,28,7,157,1020,160140.00,2017-02-21 04:38:00.105700
12723,201702214381018,PRIN,56,46,200,1026,205200.00,2017-02-21 04:38:00.101800
12724,201702214381019,PRIN,55,46,100,1025,102500.00,2017-02-21 04:38:00.101900
12725,201702214380827,PRIN,26,37,200,1041,208200.00,2017-02-21 04:38:00.082700
12726,201702214380831,PRIN,53,37,100,1040,104000.00,2017-02-21 04:38:00.083100
12727,201702214380749,PRIN,48,48,100,1042,104200.00,2017-02-21 04:38:00.074900
12728,201702214380750,PRIN,22,48,24,1041,24984.00,2017-02-21 04:38:00.075000
12729,201702214380751,PRIN,45,48,43,1041,44763.00,2017-02-21 04:38:00.075100
12730,201702214380752,PRIN,26,48,100,1041,104100.00,2017-02-21 04:38:00.075200
12731,201702214380753,PRIN,26,48,200,1041,208200.00,2017-02-21 04:38:00.075300
12732,201702214380754,PRIN,28,48,33,1040,34320.00,2017-02-21 04:38:00.075400
12733,201702214380723,PRIN,35,13,100,1050,105000.00,2017-02-21 04:38:00.072300
12734,201702214380724,PRIN,21,13,50,1050,52500.00,2017-02-21 04:38:00.072400
12735,201702214380706,PRIN,29,47,100,1056,105600.00,2017-02-21 04:38:00.070600
12736,201702214380707,PRIN,42,47,120,1055,126600.00,2017-02-21 04:38:00.070700
12737,201702214380708,PRIN,22,47,30,1055,31650.00,2017-02-21 04:38:00.070800
12738,201702214380711,PRIN,49,13,50,1067,53350.00,2017-02-21 04:38:00.071100
12739,201702214380712,PRIN,22,13,40,1055,42200.00,2017-02-21 04:38:00.071200
12740,201702214380658,PRIN,37,47,250,1057,264250.00,2017-02-21 04:38:00.065800
12741,201702214380159,PRIN,10,45,28,1060,29680.00,2017-02-21 04:38:00.015900
12742,201702214380160,PRIN,10,17,100,1062,106200.00,2017-02-21 04:38:00.016000
12743,201702214380021,PRIN,55,45,100,1060,106000.00,2017-02-21 04:38:00.002100
12744,201702214379984,PRIN,52,45,100,1060,106000.00,2017-02-21 04:37:00.998400
12745,201702214379972,PRIN,33,44,48,1060,50880.00,2017-02-21 04:37:00.997200
12746,201702214379973,PRIN,33,47,30,1060,31800.00,2017-02-21 04:37:00.997300
12747,201702214379974,PRIN,33,45,172,1060,182320.00,2017-02-21 04:37:00.997400
12748,201702214379895,PRIN,48,7,250,1057,264250.00,2017-02-21 04:37:00.989500
12749,201702214379896,PRIN,48,26,200,1058,211600.00,2017-02-21 04:37:00.989600
12750,201702214379897,PRIN,48,34,185,1059,195915.00,2017-02-21 04:37:00.989700
12751,201702214379898,PRIN,48,44,365,1060,386900.00,2017-02-21 04:37:00.989800
12752,201702214379820,PRIN,32,7,50,1055,52750.00,2017-02-21 04:37:00.982000
12753,201702214379625,PRIN,13,21,100,1055,105500.00,2017-02-21 04:37:00.962500
12754,201702214379509,PRIN,32,40,50,1055,52750.00,2017-02-21 04:37:00.950900
12755,201702214379339,PRIN,29,34,200,1054,210800.00,2017-02-21 04:37:00.933900
12756,201702214379250,PRIN,45,43,27,1041,28107.00,2017-02-21 04:37:00.925000
12757,201702214379069,PRIN,17,42,92,1050,96600.00,2017-02-21 04:37:00.906900
12758,201702214379070,PRIN,17,17,65,1050,68250.00,2017-02-21 04:37:00.907000
12759,201702214378946,PRIN,53,16,83,1050,87150.00,2017-02-21 04:37:00.894600
12760,201702214378922,PRIN,22,11,26,1041,27066.00,2017-02-21 04:37:00.892200
12761,201702214378925,PRIN,53,52,17,1049,17833.00,2017-02-21 04:37:00.892500
12762,201702214378812,PRIN,19,53,90,1041,93690.00,2017-02-21 04:37:00.881200
12763,201702214378813,PRIN,28,53,10,1040,10400.00,2017-02-21 04:37:00.881300
12764,201702214378789,PRIN,55,56,90,1042,93780.00,2017-02-21 04:37:00.878900
12765,201702214378790,PRIN,19,56,10,1041,10410.00,2017-02-21 04:37:00.879000
12766,201702214378701,PRIN,55,48,10,1042,10420.00,2017-02-21 04:37:00.870100
12767,201702214378672,PRIN,55,44,60,1050,63000.00,2017-02-21 04:37:00.867200
12768,201702214378679,PRIN,19,56,50,1041,52050.00,2017-02-21 04:37:00.867900
12769,201702214378615,PRIN,41,44,90,1050,94500.00,2017-02-21 04:37:00.861500
12770,201702214378616,PRIN,36,44,100,1050,105000.00,2017-02-21 04:37:00.861600
12771,201702214378548,PRIN,47,53,22,1070,23540.00,2017-02-21 04:37:00.854800
12772,201702214378577,PRIN,40,48,100,1062,106200.00,2017-02-21 04:37:00.857700
12773,201702214378578,PRIN,48,48,167,1060,177020.00,2017-02-21 04:37:00.857800
12774,201702214378579,PRIN,41,48,33,1060,34980.00,2017-02-21 04:37:00.857900
12775,201702214378589,PRIN,41,44,17,1060,18020.00,2017-02-21 04:37:00.858900
12776,201702214378590,PRIN,26,44,150,1060,159000.00,2017-02-21 04:37:00.859000
12777,201702214378508,PRIN,45,20,100,1071,107100.00,2017-02-21 04:37:00.850800
12778,201702214378546,PRIN,45,53,62,1071,66402.00,2017-02-21 04:37:00.854600
12779,201702214378547,PRIN,28,53,100,1070,107000.00,2017-02-21 04:37:00.854700
12780,201702214378462,PRIN,45,52,100,1071,107100.00,2017-02-21 04:37:00.846200
12781,201702214378476,PRIN,45,22,188,1071,201348.00,2017-02-21 04:37:00.847600
12782,201702214378420,PRIN,28,58,100,1070,107000.00,2017-02-21 04:37:00.842000
12783,201702214378456,PRIN,45,46,50,1071,53550.00,2017-02-21 04:37:00.845600
12784,201702214378385,PRIN,51,53,27,1061,28647.00,2017-02-21 04:37:00.838500
12785,201702214378386,PRIN,46,53,100,1060,106000.00,2017-02-21 04:37:00.838600
12786,201702214378387,PRIN,19,53,40,1060,42400.00,2017-02-21 04:37:00.838700
12787,201702214378388,PRIN,48,53,33,1060,34980.00,2017-02-21 04:37:00.838800
12788,201702214378207,PRIN,6,51,10,1062,10620.00,2017-02-21 04:37:00.820700
12789,201702214378226,PRIN,6,49,78,1062,82836.00,2017-02-21 04:37:00.822600
12790,201702214378227,PRIN,51,49,53,1061,56233.00,2017-02-21 04:37:00.822700
12791,201702214378178,PRIN,6,42,12,1062,12744.00,2017-02-21 04:37:00.817800
12792,201702214378141,PRIN,34,44,50,1080,54000.00,2017-02-21 04:37:00.814100
12793,201702214378135,PRIN,21,42,50,1081,54050.00,2017-02-21 04:37:00.813500
12794,201702214378099,PRIN,41,8,10,1060,10600.00,2017-02-21 04:37:00.809900
12795,201702214378036,PRIN,35,44,30,1040,31200.00,2017-02-21 04:37:00.803600
12796,201702214378042,PRIN,35,44,170,1040,176800.00,2017-02-21 04:37:00.804200
12797,201702204378019,PRIN,26,53,100,1020,102000.00,2017-02-20 04:37:00.801900
12798,201702204377996,PRIN,35,38,190,1019,193610.00,2017-02-20 04:37:00.799600
12799,201702204377997,PRIN,35,44,100,1020,102000.00,2017-02-20 04:37:00.799700
12800,201702204377998,PRIN,35,42,200,1020,204000.00,2017-02-20 04:37:00.799800
12801,201702204377951,PRIN,34,25,360,1015,365400.00,2017-02-20 04:37:00.795100
12802,201702204377935,PRIN,21,56,60,1013,60780.00,2017-02-20 04:37:00.793500
12803,201702204377942,PRIN,21,25,40,1013,40520.00,2017-02-20 04:37:00.794200
12804,201702204377862,PRIN,14,56,20,1013,20260.00,2017-02-20 04:37:00.786200
12805,201702204377865,PRIN,47,56,50,1013,50650.00,2017-02-20 04:37:00.786500
12806,201702204377816,PRIN,6,37,350,1015,355250.00,2017-02-20 04:37:00.781600
12807,201702204377822,PRIN,22,11,20,1001,20020.00,2017-02-20 04:37:00.782200
12808,201702204377640,PRIN,11,32,100,999,99900.00,2017-02-20 04:37:00.764000
12809,201702204377643,PRIN,39,38,10,1014,10140.00,2017-02-20 04:37:00.764300
12810,201702204377613,PRIN,21,41,10,1000,10000.00,2017-02-20 04:37:00.761300
12811,201702204377614,PRIN,43,41,10,1000,10000.00,2017-02-20 04:37:00.761400
12812,201702204377536,PRIN,11,26,60,1001,60060.00,2017-02-20 04:37:00.753600
12813,201702204377537,PRIN,21,26,40,1000,40000.00,2017-02-20 04:37:00.753700
12814,201702204377460,PRIN,38,45,135,1010,136350.00,2017-02-20 04:37:00.746000
12815,201702204377461,PRIN,38,45,25,1010,25250.00,2017-02-20 04:37:00.746100
12816,201702204377462,PRIN,11,45,140,1001,140140.00,2017-02-20 04:37:00.746200
12817,201702204377430,PRIN,38,41,171,1010,172710.00,2017-02-20 04:37:00.743000
12818,201702204377397,PRIN,38,48,125,1010,126250.00,2017-02-20 04:37:00.739700
12819,201702204377297,PRIN,28,56,100,1019,101900.00,2017-02-20 04:37:00.729700
12820,201702204377298,PRIN,28,49,131,1020,133620.00,2017-02-20 04:37:00.729800
12821,201702204377275,PRIN,26,49,50,1021,51050.00,2017-02-20 04:37:00.727500
12822,201702204377276,PRIN,28,49,100,1020,102000.00,2017-02-20 04:37:00.727600
12823,201702204377229,PRIN,28,44,80,1020,81600.00,2017-02-20 04:37:00.722900
12824,201702204377191,PRIN,41,21,30,1017,30510.00,2017-02-20 04:37:00.719100
12825,201702204377192,PRIN,37,21,70,1011,70770.00,2017-02-20 04:37:00.719200
12826,201702204377209,PRIN,37,48,30,1011,30330.00,2017-02-20 04:37:00.720900
12827,201702204377210,PRIN,26,48,100,1010,101000.00,2017-02-20 04:37:00.721000
12828,201702204377211,PRIN,38,48,20,1010,20200.00,2017-02-20 04:37:00.721100
12829,201702204377096,PRIN,46,59,101,1025,103525.00,2017-02-20 04:37:00.709600
12830,201702204377105,PRIN,57,44,120,1020,122400.00,2017-02-20 04:37:00.710500
12831,201702204377106,PRIN,44,44,100,1020,102000.00,2017-02-20 04:37:00.710600
12832,201702204376830,PRIN,57,1,80,1020,81600.00,2017-02-20 04:37:00.683000
12833,201702204376810,PRIN,5,1,50,1025,51250.00,2017-02-20 04:37:00.681000
12834,201702204376632,PRIN,6,57,30,1025,30750.00,2017-02-20 04:37:00.663200
12835,201702204376633,PRIN,36,57,100,1020,102000.00,2017-02-20 04:37:00.663300
12836,201702204376634,PRIN,40,57,100,1020,102000.00,2017-02-20 04:37:00.663400
12837,201702204376642,PRIN,14,57,70,1020,71400.00,2017-02-20 04:37:00.664200
12838,201702204376653,PRIN,14,35,30,1020,30600.00,2017-02-20 04:37:00.665300
12839,201702204376654,PRIN,14,35,100,1019,101900.00,2017-02-20 04:37:00.665400
12840,201702204376551,PRIN,32,41,200,1032,206400.00,2017-02-20 04:37:00.655100
12841,201702204376571,PRIN,32,34,300,1032,309600.00,2017-02-20 04:37:00.657100
12842,201702204376536,PRIN,45,34,84,1048,88032.00,2017-02-20 04:37:00.653600
12843,201702204376469,PRIN,41,34,267,1040,277680.00,2017-02-20 04:37:00.646900
12844,201702204376427,PRIN,49,29,100,1045,104500.00,2017-02-20 04:37:00.642700
12845,201702204376453,PRIN,41,48,50,1040,52000.00,2017-02-20 04:37:00.645300
12846,201702204376368,PRIN,49,25,50,1050,52500.00,2017-02-20 04:37:00.636800
12847,201702204375991,PRIN,49,47,50,1050,52500.00,2017-02-20 04:37:00.599100
12848,201702204375805,PRIN,6,41,20,1025,20500.00,2017-02-20 04:37:00.580500
12849,201702204375811,PRIN,41,28,43,1030,44290.00,2017-02-20 04:37:00.581100
12850,201702204375812,PRIN,41,53,10,1040,10400.00,2017-02-20 04:37:00.581200
12851,201702204375813,PRIN,41,17,200,1040,208000.00,2017-02-20 04:37:00.581300
12852,201702204375814,PRIN,41,41,400,1040,416000.00,2017-02-20 04:37:00.581400
12853,201702204375820,PRIN,41,6,30,1040,31200.00,2017-02-20 04:37:00.582000
12854,201702204375732,PRIN,49,47,100,1020,102000.00,2017-02-20 04:37:00.573200
12855,201702204375724,PRIN,32,28,500,1030,515000.00,2017-02-20 04:37:00.572400
12856,201702204375709,PRIN,57,14,17,1025,17425.00,2017-02-20 04:37:00.570900
12857,201702204375710,PRIN,57,16,50,1030,51500.00,2017-02-20 04:37:00.571000
12858,201702204375560,PRIN,32,16,50,1031,51550.00,2017-02-20 04:37:00.556000
12859,201702204375561,PRIN,59,16,100,1030,103000.00,2017-02-20 04:37:00.556100
12860,201702204375562,PRIN,59,16,100,1030,103000.00,2017-02-20 04:37:00.556200
12861,201702204375508,PRIN,14,53,20,1040,20800.00,2017-02-20 04:37:00.550800
12862,201702204375509,PRIN,14,53,20,1040,20800.00,2017-02-20 04:37:00.550900
12863,201702204375352,PRIN,59,56,66,1041,68706.00,2017-02-20 04:37:00.535200
12864,201702204375353,PRIN,36,56,135,1040,140400.00,2017-02-20 04:37:00.535300
12865,201702204375354,PRIN,14,56,200,1040,208000.00,2017-02-20 04:37:00.535400
12866,201702204375355,PRIN,38,56,759,1040,789360.00,2017-02-20 04:37:00.535500
12867,201702204375359,PRIN,38,56,14,1040,14560.00,2017-02-20 04:37:00.535900
12868,201702204375363,PRIN,38,17,31,1040,32240.00,2017-02-20 04:37:00.536300
12869,201702204375247,PRIN,19,35,50,1041,52050.00,2017-02-20 04:37:00.524700
12870,201702204375248,PRIN,59,35,184,1041,191544.00,2017-02-20 04:37:00.524800
12871,201702204375070,PRIN,52,35,25,1045,26125.00,2017-02-20 04:37:00.507000
12872,201702204375071,PRIN,52,35,100,1042,104200.00,2017-02-20 04:37:00.507100
12873,201702204375020,PRIN,52,44,10,1045,10450.00,2017-02-20 04:37:00.502000
12874,201702204374937,PRIN,47,19,100,1052,105200.00,2017-02-20 04:37:00.493700
12875,201702204374938,PRIN,34,19,470,1050,493500.00,2017-02-20 04:37:00.493800
12876,201702204374865,PRIN,50,34,40,1068,42720.00,2017-02-20 04:37:00.486500
12877,201702204374866,PRIN,50,21,30,1070,32100.00,2017-02-20 04:37:00.486600
12878,201702204374867,PRIN,50,53,30,1070,32100.00,2017-02-20 04:37:00.486700
12879,201702204374761,PRIN,56,52,20,1051,21020.00,2017-02-20 04:37:00.476100
12880,201702204374762,PRIN,34,52,30,1050,31500.00,2017-02-20 04:37:00.476200
12881,201702204374677,PRIN,38,33,200,1050,210000.00,2017-02-20 04:37:00.467700
12882,201702204374694,PRIN,38,56,50,1050,52500.00,2017-02-20 04:37:00.469400
12883,201702204374558,PRIN,40,41,100,1052,105200.00,2017-02-20 04:37:00.455800
12884,201702204374559,PRIN,38,41,77,1050,80850.00,2017-02-20 04:37:00.455900
12885,201702204374450,PRIN,42,20,100,1060,106000.00,2017-02-20 04:37:00.445000
12886,201702204374391,PRIN,40,41,100,1052,105200.00,2017-02-20 04:37:00.439100
12887,201702204374286,PRIN,38,45,100,1050,105000.00,2017-02-20 04:37:00.428600
12888,201702204374144,PRIN,17,33,10,1055,10550.00,2017-02-20 04:37:00.414400
12889,201702204374145,PRIN,41,33,200,1055,211000.00,2017-02-20 04:37:00.414500
12890,201702204374146,PRIN,45,33,97,1055,102335.00,2017-02-20 04:37:00.414600
12891,201702204374147,PRIN,39,33,100,1055,105500.00,2017-02-20 04:37:00.414700
12892,201702204374148,PRIN,35,33,300,1050,315000.00,2017-02-20 04:37:00.414800
12893,201702204374149,PRIN,38,33,293,1050,307650.00,2017-02-20 04:37:00.414900
12894,201702204373953,PRIN,32,5,80,1069,85520.00,2017-02-20 04:37:00.395300
12895,201702204373964,PRIN,14,16,100,1061,106100.00,2017-02-20 04:37:00.396400
12896,201702204373864,PRIN,22,29,30,1069,32070.00,2017-02-20 04:37:00.386400
12897,201702204373871,PRIN,32,29,170,1069,181730.00,2017-02-20 04:37:00.387100
12898,201702204373795,PRIN,22,21,70,1069,74830.00,2017-02-20 04:37:00.379500
12899,201702204373710,PRIN,25,44,150,1065,159750.00,2017-02-20 04:37:00.371000
12900,201702204373527,PRIN,32,53,104,1060,110240.00,2017-02-20 04:37:00.352700
12901,201702204373402,PRIN,32,34,150,1060,159000.00,2017-02-20 04:37:00.340200
12902,201702204372949,PRIN,45,33,403,1055,425165.00,2017-02-20 04:37:00.294900
12903,201702204372958,PRIN,11,34,50,1060,53000.00,2017-02-20 04:37:00.295800
12904,201702204372717,PRIN,28,53,45,1049,47205.00,2017-02-20 04:37:00.271700
12905,201702204372718,PRIN,28,53,85,1049,89165.00,2017-02-20 04:37:00.271800
12906,201702204372719,PRIN,28,53,285,1050,299250.00,2017-02-20 04:37:00.271900
12907,201702204372619,PRIN,52,53,15,1045,15675.00,2017-02-20 04:37:00.261900
12908,201702204372498,PRIN,49,53,200,1045,209000.00,2017-02-20 04:37:00.249800
12909,201702204372499,PRIN,7,53,285,1045,297825.00,2017-02-20 04:37:00.249900
12910,201702204372468,PRIN,43,53,50,1045,52250.00,2017-02-20 04:37:00.246800
12911,201702204372472,PRIN,17,6,50,1044,52200.00,2017-02-20 04:37:00.247200
12912,201702204372473,PRIN,17,53,50,1045,52250.00,2017-02-20 04:37:00.247300
12913,201702204372447,PRIN,25,53,165,1050,173250.00,2017-02-20 04:37:00.244700
12914,201702204372455,PRIN,57,53,50,1050,52500.00,2017-02-20 04:37:00.245500
12915,201702204372351,PRIN,34,52,100,1051,105100.00,2017-02-20 04:37:00.235100
12916,201702204372352,PRIN,17,52,100,1050,105000.00,2017-02-20 04:37:00.235200
12917,201702204372353,PRIN,17,52,100,1050,105000.00,2017-02-20 04:37:00.235300
12918,201702204372354,PRIN,14,52,50,1050,52500.00,2017-02-20 04:37:00.235400
12919,201702204372355,PRIN,25,52,35,1050,36750.00,2017-02-20 04:37:00.235500
12920,201702204372191,PRIN,26,33,100,1055,105500.00,2017-02-20 04:37:00.219100
12921,201702204372192,PRIN,34,33,400,1051,420400.00,2017-02-20 04:37:00.219200
12922,201702204372147,PRIN,48,44,150,1065,159750.00,2017-02-20 04:37:00.214700
12923,201702204372061,PRIN,25,33,34,1060,36040.00,2017-02-20 04:37:00.206100
12924,201702204371899,PRIN,29,19,100,1060,106000.00,2017-02-20 04:37:00.189900
12925,201702204371699,PRIN,42,44,100,1069,106900.00,2017-02-20 04:37:00.169900
12926,201702204371682,PRIN,57,44,100,1065,106500.00,2017-02-20 04:37:00.168200
12927,201702204371652,PRIN,47,52,200,1050,210000.00,2017-02-20 04:37:00.165200
12928,201702204371653,PRIN,47,44,200,1065,213000.00,2017-02-20 04:37:00.165300
12929,201702204371600,PRIN,50,6,200,1050,210000.00,2017-02-20 04:37:00.160000
12930,201702204371587,PRIN,47,40,20,1032,20640.00,2017-02-20 04:37:00.158700
12931,201702204371590,PRIN,36,40,65,1040,67600.00,2017-02-20 04:37:00.159000
12932,201702204371567,PRIN,57,53,100,1045,104500.00,2017-02-20 04:37:00.156700
12933,201702204371446,PRIN,14,32,50,1032,51600.00,2017-02-20 04:37:00.144600
12934,201702204371409,PRIN,20,13,35,1031,36085.00,2017-02-20 04:37:00.140900
12935,201702204371410,PRIN,39,13,65,1030,66950.00,2017-02-20 04:37:00.141000
12936,201702204371320,PRIN,20,45,15,1031,15465.00,2017-02-20 04:37:00.132000
12937,201702204371094,PRIN,42,53,100,1045,104500.00,2017-02-20 04:37:00.109400
12938,201702204371111,PRIN,39,6,115,1030,118450.00,2017-02-20 04:37:00.111100
12939,201702204370994,PRIN,28,16,100,1021,102100.00,2017-02-20 04:37:00.099400
12940,201702204370995,PRIN,49,16,100,1020,102000.00,2017-02-20 04:37:00.099500
12941,201702204371005,PRIN,28,40,50,1030,51500.00,2017-02-20 04:37:00.100500
12942,201702204370895,PRIN,45,40,50,1025,51250.00,2017-02-20 04:37:00.089500
12943,201702204370908,PRIN,28,50,100,1021,102100.00,2017-02-20 04:37:00.090800
12944,201702204370858,PRIN,59,41,50,1030,51500.00,2017-02-20 04:37:00.085800
12945,201702204370859,PRIN,45,41,200,1025,205000.00,2017-02-20 04:37:00.085900
12946,201702204370814,PRIN,59,32,50,1030,51500.00,2017-02-20 04:37:00.081400
12947,201702204370838,PRIN,35,39,50,1040,52000.00,2017-02-20 04:37:00.083800
12948,201702204370703,PRIN,57,8,33,1040,34320.00,2017-02-20 04:37:00.070300
12949,201702204370704,PRIN,41,8,170,1037,176290.00,2017-02-20 04:37:00.070400
12950,201702204370705,PRIN,57,8,150,1037,155550.00,2017-02-20 04:37:00.070500
12951,201702204370706,PRIN,42,8,191,1037,198067.00,2017-02-20 04:37:00.070600
12952,201702204370732,PRIN,57,17,100,1037,103700.00,2017-02-20 04:37:00.073200
12953,201702204370661,PRIN,34,26,11,1045,11495.00,2017-02-20 04:37:00.066100
12954,201702204370618,PRIN,39,34,96,1040,99840.00,2017-02-20 04:37:00.061800
12955,201702204370625,PRIN,57,19,17,1040,17680.00,2017-02-20 04:37:00.062500
12956,201702204370516,PRIN,25,26,100,1055,105500.00,2017-02-20 04:37:00.051600
12957,201702204370539,PRIN,41,33,100,1054,105400.00,2017-02-20 04:37:00.053900
12958,201702204370540,PRIN,38,33,333,1045,347985.00,2017-02-20 04:37:00.054000
12959,201702204370544,PRIN,38,26,667,1045,697015.00,2017-02-20 04:37:00.054400
12960,201702204370501,PRIN,25,29,300,1055,316500.00,2017-02-20 04:37:00.050100
12961,201702204370513,PRIN,25,50,100,1055,105500.00,2017-02-20 04:37:00.051300
12962,201702204370432,PRIN,42,41,10,1065,10650.00,2017-02-20 04:37:00.043200
12963,201702204370434,PRIN,22,21,100,1065,106500.00,2017-02-20 04:37:00.043400
12964,201702204370318,PRIN,42,17,183,1075,196725.00,2017-02-20 04:37:00.031800
12965,201702204370324,PRIN,45,44,100,1075,107500.00,2017-02-20 04:37:00.032400
12966,201702204370292,PRIN,48,17,300,1075,322500.00,2017-02-20 04:37:00.029200
12967,201702204370269,PRIN,17,33,435,1076,468060.00,2017-02-20 04:37:00.026900
12968,201702204370270,PRIN,17,34,30,1076,32280.00,2017-02-20 04:37:00.027000
12969,201702204370271,PRIN,17,40,100,1076,107600.00,2017-02-20 04:37:00.027100
12970,201702204370272,PRIN,17,47,20,1076,21520.00,2017-02-20 04:37:00.027200
12971,201702204370224,PRIN,35,52,50,1076,53800.00,2017-02-20 04:37:00.022400
12972,201702204370228,PRIN,35,35,60,1076,64560.00,2017-02-20 04:37:00.022800
12973,201702204370229,PRIN,7,10,100,1076,107600.00,2017-02-20 04:37:00.022900
12974,201702204370230,PRIN,35,49,90,1076,96840.00,2017-02-20 04:37:00.023000
12975,201702204370231,PRIN,7,49,285,1076,306660.00,2017-02-20 04:37:00.023100
12976,201702204370246,PRIN,7,33,115,1076,123740.00,2017-02-20 04:37:00.024600
12977,201702204370247,PRIN,34,33,50,1076,53800.00,2017-02-20 04:37:00.024700
12978,201702204370258,PRIN,32,33,200,1076,215200.00,2017-02-20 04:37:00.025800
12979,201702204370261,PRIN,48,33,200,1076,215200.00,2017-02-20 04:37:00.026100
12980,201702204370191,PRIN,35,37,100,1076,107600.00,2017-02-20 04:37:00.019100
12981,201702204370192,PRIN,35,11,100,1076,107600.00,2017-02-20 04:37:00.019200
12982,201702204370215,PRIN,35,21,100,1076,107600.00,2017-02-20 04:37:00.021500
12983,201702204370179,PRIN,48,37,100,1076,107600.00,2017-02-20 04:37:00.017900
12984,201702204370180,PRIN,48,44,200,1076,215200.00,2017-02-20 04:37:00.018000
12985,201702204370181,PRIN,48,14,40,1076,43040.00,2017-02-20 04:37:00.018100
12986,201702204370182,PRIN,48,8,10,1076,10760.00,2017-02-20 04:37:00.018200
12987,201702204370183,PRIN,48,37,100,1076,107600.00,2017-02-20 04:37:00.018300
12988,201702204370184,PRIN,48,43,12,1076,12912.00,2017-02-20 04:37:00.018400
12989,201702204370144,PRIN,20,33,500,1057,528500.00,2017-02-20 04:37:00.014400
12990,201702204370114,PRIN,41,8,30,1037,31110.00,2017-02-20 04:37:00.011400
12991,201702204370091,PRIN,25,8,30,1017,30510.00,2017-02-20 04:37:00.009100
12992,201702204370069,PRIN,4,8,25,998,24950.00,2017-02-20 04:37:00.006900
12993,201702194370029,PRIN,17,49,40,986,39440.00,2017-02-19 04:37:00.002900
12994,201702194370038,PRIN,42,34,20,987,19740.00,2017-02-19 04:37:00.003800
12995,201702194370039,PRIN,42,8,25,990,24750.00,2017-02-19 04:37:00.003900
12996,201702194370040,PRIN,42,8,40,990,39600.00,2017-02-19 04:37:00.004000
12997,201702194370043,PRIN,42,49,15,990,14850.00,2017-02-19 04:37:00.004300
12998,201702194370044,PRIN,48,49,89,979,87131.00,2017-02-19 04:37:00.004400
12999,201702194369908,PRIN,7,34,50,977,48850.00,2017-02-19 04:36:00.990800
13000,201702194369923,PRIN,7,36,34,977,33218.00,2017-02-19 04:36:00.992300
13001,201702194369945,PRIN,48,57,261,978,255258.00,2017-02-19 04:36:00.994500
13002,201702194369946,PRIN,48,35,50,979,48950.00,2017-02-19 04:36:00.994600
13003,201702194369873,PRIN,7,16,74,977,72298.00,2017-02-19 04:36:00.987300
13004,201702194369899,PRIN,7,42,30,977,29310.00,2017-02-19 04:36:00.989900
13005,201702194369675,PRIN,45,33,150,974,146100.00,2017-02-19 04:36:00.967500
13006,201702194369691,PRIN,16,33,232,974,225968.00,2017-02-19 04:36:00.969100
13007,201702194369704,PRIN,41,39,59,975,57525.00,2017-02-19 04:36:00.970400
13008,201702194369662,PRIN,41,56,364,973,354172.00,2017-02-19 04:36:00.966200
13009,201702194369625,PRIN,29,26,17,973,16541.00,2017-02-19 04:36:00.962500
13010,201702194369626,PRIN,29,56,83,973,80759.00,2017-02-19 04:36:00.962600
13011,201702194369107,PRIN,52,33,59,974,57466.00,2017-02-19 04:36:00.910700
13012,201702194368922,PRIN,47,11,50,977,48850.00,2017-02-19 04:36:00.892200
13013,201702194368889,PRIN,52,53,50,977,48850.00,2017-02-19 04:36:00.888900
13014,201702194368720,PRIN,48,46,150,979,146850.00,2017-02-19 04:36:00.872000
13015,201702194368574,PRIN,42,56,10,974,9740.00,2017-02-19 04:36:00.857400
13016,201702194368604,PRIN,50,56,41,974,39934.00,2017-02-19 04:36:00.860400
13017,201702194368605,PRIN,50,33,59,980,57820.00,2017-02-19 04:36:00.860500
13018,201702194368406,PRIN,52,56,49,970,47530.00,2017-02-19 04:36:00.840600
13019,201702194368407,PRIN,26,56,100,969,96900.00,2017-02-19 04:36:00.840700
13020,201702194368408,PRIN,26,56,200,967,193400.00,2017-02-19 04:36:00.840800
13021,201702194368409,PRIN,34,56,300,966,289800.00,2017-02-19 04:36:00.840900
13022,201702194368410,PRIN,42,56,100,960,96000.00,2017-02-19 04:36:00.841000
13023,201702194368422,PRIN,35,56,200,955,191000.00,2017-02-19 04:36:00.842200
13024,201702194368367,PRIN,52,53,34,970,32980.00,2017-02-19 04:36:00.836700
13025,201702194368353,PRIN,52,53,17,970,16490.00,2017-02-19 04:36:00.835300
13026,201702194368200,PRIN,50,16,147,987,145089.00,2017-02-19 04:36:00.820000
13027,201702194368201,PRIN,50,56,53,987,52311.00,2017-02-19 04:36:00.820100
13028,201702194368176,PRIN,50,43,90,987,88830.00,2017-02-19 04:36:00.817600
13029,201702194368177,PRIN,50,16,110,987,108570.00,2017-02-19 04:36:00.817700
13030,201702194368189,PRIN,50,16,20,987,19740.00,2017-02-19 04:36:00.818900
13031,201702194368132,PRIN,50,57,50,985,49250.00,2017-02-19 04:36:00.813200
13032,201702194368151,PRIN,50,22,180,986,177480.00,2017-02-19 04:36:00.815100
13033,201702194367987,PRIN,58,45,80,980,78400.00,2017-02-19 04:36:00.798700
13034,201702194367988,PRIN,58,34,100,985,98500.00,2017-02-19 04:36:00.798800
13035,201702194367989,PRIN,58,22,120,986,118320.00,2017-02-19 04:36:00.798900
13036,201702194367969,PRIN,11,45,70,980,68600.00,2017-02-19 04:36:00.796900
13037,201702194367854,PRIN,52,48,100,985,98500.00,2017-02-19 04:36:00.785400
13038,201702194367658,PRIN,41,8,30,986,29580.00,2017-02-19 04:36:00.765800
13039,201702194367659,PRIN,41,49,100,986,98600.00,2017-02-19 04:36:00.765900
13040,201702194367605,PRIN,34,34,174,964,167736.00,2017-02-19 04:36:00.760500
13041,201702194367614,PRIN,41,53,50,969,48450.00,2017-02-19 04:36:00.761400
13042,201702194367615,PRIN,41,8,30,969,29070.00,2017-02-19 04:36:00.761500
13043,201702194367616,PRIN,41,34,100,970,97000.00,2017-02-19 04:36:00.761600
13044,201702194367584,PRIN,16,45,100,965,96500.00,2017-02-19 04:36:00.758400
13045,201702194367585,PRIN,16,44,130,966,125580.00,2017-02-19 04:36:00.758500
13046,201702194367586,PRIN,16,43,100,967,96700.00,2017-02-19 04:36:00.758600
13047,201702194367428,PRIN,22,17,30,965,28950.00,2017-02-19 04:36:00.742800
13048,201702194367429,PRIN,22,44,70,966,67620.00,2017-02-19 04:36:00.742900
13049,201702194367017,PRIN,48,17,100,965,96500.00,2017-02-19 04:36:00.701700
13050,201702194367018,PRIN,48,44,200,968,193600.00,2017-02-19 04:36:00.701800
13051,201702194366906,PRIN,48,56,25,949,23725.00,2017-02-19 04:36:00.690600
13052,201702194366907,PRIN,48,34,100,950,95000.00,2017-02-19 04:36:00.690700
13053,201702194366882,PRIN,7,43,10,952,9520.00,2017-02-19 04:36:00.688200
13054,201702194366883,PRIN,7,33,500,952,476000.00,2017-02-19 04:36:00.688300
13055,201702194366884,PRIN,7,53,100,952,95200.00,2017-02-19 04:36:00.688400
13056,201702194366885,PRIN,7,34,50,952,47600.00,2017-02-19 04:36:00.688500
13057,201702194366753,PRIN,26,19,165,930,153450.00,2017-02-19 04:36:00.675300
13058,201702194366754,PRIN,26,44,100,934,93400.00,2017-02-19 04:36:00.675400
13059,201702194366720,PRIN,36,22,10,928,9280.00,2017-02-19 04:36:00.672000
13060,201702194366721,PRIN,36,53,80,930,74400.00,2017-02-19 04:36:00.672100
13061,201702194366539,PRIN,57,22,80,928,74240.00,2017-02-19 04:36:00.653900
13062,201702194366540,PRIN,57,22,120,928,111360.00,2017-02-19 04:36:00.654000
13063,201702194366497,PRIN,20,53,100,920,92000.00,2017-02-19 04:36:00.649700
13064,201702194366451,PRIN,7,46,100,908,90800.00,2017-02-19 04:36:00.645100
13065,201702194366452,PRIN,7,40,500,908,454000.00,2017-02-19 04:36:00.645200
13066,201702194365886,PRIN,46,41,100,905,90500.00,2017-02-19 04:36:00.588600
13067,201702194365809,PRIN,40,26,100,907,90700.00,2017-02-19 04:36:00.580900
13068,201702194365708,PRIN,48,21,100,920,92000.00,2017-02-19 04:36:00.570800
13069,201702194365589,PRIN,58,19,83,915,75945.00,2017-02-19 04:36:00.558900
13070,201702194365590,PRIN,47,19,66,910,60060.00,2017-02-19 04:36:00.559000
13071,201702194365591,PRIN,40,19,50,910,45500.00,2017-02-19 04:36:00.559100
13072,201702194365396,PRIN,58,39,17,915,15555.00,2017-02-19 04:36:00.539600
13073,201702194365334,PRIN,55,21,100,925,92500.00,2017-02-19 04:36:00.533400
13074,201702194365101,PRIN,47,26,34,910,30940.00,2017-02-19 04:36:00.510100
13075,201702194365077,PRIN,32,53,100,920,92000.00,2017-02-19 04:36:00.507700
13076,201702194365012,PRIN,43,19,100,930,93000.00,2017-02-19 04:36:00.501200
13077,201702194364912,PRIN,20,44,100,934,93400.00,2017-02-19 04:36:00.491200
13078,201702194364673,PRIN,1,57,102,935,95370.00,2017-02-19 04:36:00.467300
13079,201702194364457,PRIN,46,56,100,939,93900.00,2017-02-19 04:36:00.445700
13080,201702194364313,PRIN,13,21,100,925,92500.00,2017-02-19 04:36:00.431300
13081,201702194364211,PRIN,36,49,100,923,92300.00,2017-02-19 04:36:00.421100
13082,201702194364054,PRIN,35,22,60,910,54600.00,2017-02-19 04:36:00.405400
13083,201702194364036,PRIN,53,16,160,910,145600.00,2017-02-19 04:36:00.403600
13084,201702194364037,PRIN,53,22,40,910,36400.00,2017-02-19 04:36:00.403700
13085,201702194364042,PRIN,46,22,100,910,91000.00,2017-02-19 04:36:00.404200
13086,201702194364044,PRIN,21,22,70,905,63350.00,2017-02-19 04:36:00.404400
13087,201702194364003,PRIN,32,16,100,910,91000.00,2017-02-19 04:36:00.400300
13088,201702194363970,PRIN,39,16,40,910,36400.00,2017-02-19 04:36:00.397000
13089,201702194363941,PRIN,21,29,36,884,31824.00,2017-02-19 04:36:00.394100
13090,201702194363942,PRIN,21,29,200,885,177000.00,2017-02-19 04:36:00.394200
13091,201702194363950,PRIN,41,14,15,899,13485.00,2017-02-19 04:36:00.395000
13092,201702194363956,PRIN,41,34,200,909,181800.00,2017-02-19 04:36:00.395600
13093,201702194363865,PRIN,10,26,150,879,131850.00,2017-02-19 04:36:00.386500
13094,201702194363866,PRIN,10,21,100,880,88000.00,2017-02-19 04:36:00.386600
13095,201702194363396,PRIN,21,33,100,870,87000.00,2017-02-19 04:36:00.339600
13096,201702194363311,PRIN,37,53,50,885,44250.00,2017-02-19 04:36:00.331100
13097,201702194363314,PRIN,37,13,50,885,44250.00,2017-02-19 04:36:00.331400
13098,201702194363315,PRIN,49,13,300,882,264600.00,2017-02-19 04:36:00.331500
13099,201702194363316,PRIN,43,13,50,882,44100.00,2017-02-19 04:36:00.331600
13100,201702194363218,PRIN,35,33,100,900,90000.00,2017-02-19 04:36:00.321800
13101,201702164363131,PRIN,16,16,26,900,23400.00,2017-02-16 04:36:00.313100
13102,201702164363132,PRIN,37,16,200,900,180000.00,2017-02-16 04:36:00.313200
13103,201702164363093,PRIN,49,33,226,900,203400.00,2017-02-16 04:36:00.309300
13104,201702164363094,PRIN,16,33,274,900,246600.00,2017-02-16 04:36:00.309400
13105,201702164362756,PRIN,17,44,100,899,89900.00,2017-02-16 04:36:00.275600
13106,201702164362757,PRIN,46,44,200,899,179800.00,2017-02-16 04:36:00.275700
13107,201702164362781,PRIN,49,25,11,900,9900.00,2017-02-16 04:36:00.278100
13108,201702164362782,PRIN,49,1,20,900,18000.00,2017-02-16 04:36:00.278200
13109,201702164362783,PRIN,49,40,13,900,11700.00,2017-02-16 04:36:00.278300
13110,201702164362784,PRIN,49,39,30,900,27000.00,2017-02-16 04:36:00.278400
13111,201702164362697,PRIN,17,7,200,895,179000.00,2017-02-16 04:36:00.269700
13112,201702164362698,PRIN,17,26,100,897,89700.00,2017-02-16 04:36:00.269800
13113,201702164362732,PRIN,17,44,200,899,179800.00,2017-02-16 04:36:00.273200
13114,201702164362671,PRIN,17,51,40,894,35760.00,2017-02-16 04:36:00.267100
13115,201702164362672,PRIN,17,3,25,895,22375.00,2017-02-16 04:36:00.267200
13116,201702164362597,PRIN,21,26,100,894,89400.00,2017-02-16 04:36:00.259700
13117,201702164362505,PRIN,21,56,25,890,22250.00,2017-02-16 04:36:00.250500
13118,201702164362506,PRIN,21,51,20,890,17800.00,2017-02-16 04:36:00.250600
13119,201702164362504,PRIN,21,42,58,890,51620.00,2017-02-16 04:36:00.250400
13120,201702164362449,PRIN,46,33,100,885,88500.00,2017-02-16 04:36:00.244900
13121,201702164362450,PRIN,46,43,50,885,44250.00,2017-02-16 04:36:00.245000
13122,201702164362404,PRIN,34,19,150,881,132150.00,2017-02-16 04:36:00.240400
13123,201702164362423,PRIN,21,19,50,881,44050.00,2017-02-16 04:36:00.242300
13124,201702164362331,PRIN,21,19,50,881,44050.00,2017-02-16 04:36:00.233100
13125,201702164362332,PRIN,21,19,50,881,44050.00,2017-02-16 04:36:00.233200
13126,201702164362185,PRIN,56,26,100,880,88000.00,2017-02-16 04:36:00.218500
13127,201702164362201,PRIN,19,33,100,885,88500.00,2017-02-16 04:36:00.220100
13128,201702164362118,PRIN,47,33,300,885,265500.00,2017-02-16 04:36:00.211800
13129,201702164362079,PRIN,11,51,50,887,44350.00,2017-02-16 04:36:00.207900
13130,201702164362080,PRIN,11,25,10,888,8880.00,2017-02-16 04:36:00.208000
13131,201702164362081,PRIN,11,49,50,889,44450.00,2017-02-16 04:36:00.208100
13132,201702164361211,PRIN,48,33,200,880,176000.00,2017-02-16 04:36:00.121100
13133,201702164361212,PRIN,48,43,50,880,44000.00,2017-02-16 04:36:00.121200
13134,201702164361018,PRIN,1,33,100,875,87500.00,2017-02-16 04:36:00.101800
13135,201702164361019,PRIN,1,33,100,874,87400.00,2017-02-16 04:36:00.101900
13136,201702164361020,PRIN,36,33,100,874,87400.00,2017-02-16 04:36:00.102000
13137,201702164360979,PRIN,42,41,220,880,193600.00,2017-02-16 04:36:00.097900
13138,201702164360980,PRIN,45,41,100,880,88000.00,2017-02-16 04:36:00.098000
13139,201702164360951,PRIN,42,41,100,880,88000.00,2017-02-16 04:36:00.095100
13140,201702164360972,PRIN,42,56,30,880,26400.00,2017-02-16 04:36:00.097200
13141,201702164360800,PRIN,59,33,100,880,88000.00,2017-02-16 04:36:00.080000
13142,201702164360652,PRIN,48,16,100,885,88500.00,2017-02-16 04:36:00.065200
13143,201702164360466,PRIN,59,49,50,889,44450.00,2017-02-16 04:36:00.046600
13144,201702164360255,PRIN,22,51,50,890,44500.00,2017-02-16 04:36:00.025500
13145,201702164360018,PRIN,26,21,17,895,15215.00,2017-02-16 04:36:00.001800
13146,201702164359704,PRIN,16,7,100,885,88500.00,2017-02-16 04:35:00.970400
13147,201702164359705,PRIN,16,21,100,886,88600.00,2017-02-16 04:35:00.970500
13148,201702164359660,PRIN,56,21,100,880,88000.00,2017-02-16 04:35:00.966000
13149,201702164359503,PRIN,55,43,50,875,43750.00,2017-02-16 04:35:00.950300
13150,201702164359469,PRIN,28,5,50,875,43750.00,2017-02-16 04:35:00.946900
13151,201702164359470,PRIN,55,5,50,871,43550.00,2017-02-16 04:35:00.947000
13152,201702164358764,PRIN,48,33,80,869,69520.00,2017-02-16 04:35:00.876400
13153,201702164358765,PRIN,10,33,20,869,17380.00,2017-02-16 04:35:00.876500
13154,201702164358766,PRIN,52,33,48,869,41712.00,2017-02-16 04:35:00.876600
13155,201702164358687,PRIN,17,33,30,885,26550.00,2017-02-16 04:35:00.868700
13156,201702164358688,PRIN,56,33,200,882,176400.00,2017-02-16 04:35:00.868800
13157,201702164358689,PRIN,14,33,100,880,88000.00,2017-02-16 04:35:00.868900
13158,201702164358607,PRIN,53,33,200,882,176400.00,2017-02-16 04:35:00.860700
13159,201702164358526,PRIN,8,32,100,895,89500.00,2017-02-16 04:35:00.852600
13160,201702164358481,PRIN,8,44,200,895,179000.00,2017-02-16 04:35:00.848100
13161,201702164358489,PRIN,56,44,300,895,268500.00,2017-02-16 04:35:00.848900
13162,201702164358490,PRIN,56,53,100,899,89900.00,2017-02-16 04:35:00.849000
13163,201702164358491,PRIN,56,33,500,899,449500.00,2017-02-16 04:35:00.849100
13164,201702164358492,PRIN,56,58,100,899,89900.00,2017-02-16 04:35:00.849200
13165,201702164358493,PRIN,56,26,100,900,90000.00,2017-02-16 04:35:00.849300
13166,201702164358494,PRIN,56,45,100,900,90000.00,2017-02-16 04:35:00.849400
13167,201702164358440,PRIN,21,34,50,886,44300.00,2017-02-16 04:35:00.844000
13168,201702164358213,PRIN,10,14,20,878,17560.00,2017-02-16 04:35:00.821300
13169,201702164358216,PRIN,10,41,100,882,88200.00,2017-02-16 04:35:00.821600
13170,201702164358196,PRIN,48,44,20,869,17380.00,2017-02-16 04:35:00.819600
13171,201702164358040,PRIN,56,44,20,852,17040.00,2017-02-16 04:35:00.804000
13172,201702164357757,PRIN,7,22,50,832,41600.00,2017-02-16 04:35:00.775700
13173,201702164357758,PRIN,7,49,116,836,96976.00,2017-02-16 04:35:00.775800
13174,201702164357735,PRIN,32,26,100,830,83000.00,2017-02-16 04:35:00.773500
13175,201702164357686,PRIN,47,22,50,832,41600.00,2017-02-16 04:35:00.768600
13176,201702164357173,PRIN,47,49,12,825,9900.00,2017-02-16 04:35:00.717300
13177,201702164357174,PRIN,25,49,100,820,82000.00,2017-02-16 04:35:00.717400
13178,201702164357110,PRIN,36,47,60,840,50400.00,2017-02-16 04:35:00.711000
13179,201702164357125,PRIN,22,49,100,840,84000.00,2017-02-16 04:35:00.712500
13180,201702164357134,PRIN,10,49,125,835,104375.00,2017-02-16 04:35:00.713400
13181,201702164357135,PRIN,26,49,100,830,83000.00,2017-02-16 04:35:00.713500
13182,201702164356918,PRIN,47,26,38,840,31920.00,2017-02-16 04:35:00.691800
13183,201702164356734,PRIN,17,44,200,861,172200.00,2017-02-16 04:35:00.673400
13184,201702164356735,PRIN,42,44,20,860,17200.00,2017-02-16 04:35:00.673500
13185,201702164356768,PRIN,16,33,300,855,256500.00,2017-02-16 04:35:00.676800
13186,201702164356595,PRIN,17,33,100,861,86100.00,2017-02-16 04:35:00.659500
13187,201702164356526,PRIN,59,33,100,866,86600.00,2017-02-16 04:35:00.652600
13188,201702164356533,PRIN,59,33,100,866,86600.00,2017-02-16 04:35:00.653300
13189,201702164356367,PRIN,42,44,200,890,178000.00,2017-02-16 04:35:00.636700
13190,201702164356388,PRIN,21,34,72,885,63720.00,2017-02-16 04:35:00.638800
13191,201702164356392,PRIN,21,33,28,885,24780.00,2017-02-16 04:35:00.639200
13192,201702164356393,PRIN,14,33,100,883,88300.00,2017-02-16 04:35:00.639300
13193,201702164356357,PRIN,42,34,50,900,45000.00,2017-02-16 04:35:00.635700
13194,201702164356358,PRIN,42,41,50,900,45000.00,2017-02-16 04:35:00.635800
13195,201702164356309,PRIN,34,33,300,885,265500.00,2017-02-16 04:35:00.630900
13196,201702164356331,PRIN,34,33,200,885,177000.00,2017-02-16 04:35:00.633100
13197,201702164356234,PRIN,21,34,50,885,44250.00,2017-02-16 04:35:00.623400
13198,201702164356128,PRIN,21,44,100,868,86800.00,2017-02-16 04:35:00.612800
13199,201702164356102,PRIN,47,44,100,851,85100.00,2017-02-16 04:35:00.610200
13200,201702164356010,PRIN,36,44,100,835,83500.00,2017-02-16 04:35:00.601000
13201,201702164356011,PRIN,36,55,25,835,20875.00,2017-02-16 04:35:00.601100
13202,201702154355304,PRIN,21,33,150,819,122850.00,2017-02-15 04:35:00.530400
13203,201702154355280,PRIN,45,33,50,819,40950.00,2017-02-15 04:35:00.528000
13204,201702154355078,PRIN,21,29,135,819,110565.00,2017-02-15 04:35:00.507800
13205,201702154355055,PRIN,21,33,100,815,81500.00,2017-02-15 04:35:00.505500
13206,201702154355056,PRIN,11,33,100,815,81500.00,2017-02-15 04:35:00.505600
13207,201702154354793,PRIN,56,29,30,819,24570.00,2017-02-15 04:35:00.479300
13208,201702154354768,PRIN,5,33,100,816,81600.00,2017-02-15 04:35:00.476800
13209,201702154354771,PRIN,41,33,450,817,367650.00,2017-02-15 04:35:00.477100
13210,201702154354772,PRIN,41,40,50,818,40900.00,2017-02-15 04:35:00.477200
13211,201702154354742,PRIN,5,33,100,816,81600.00,2017-02-15 04:35:00.474200
13212,201702154354595,PRIN,48,33,50,817,40850.00,2017-02-15 04:35:00.459500
13213,201702154354246,PRIN,22,29,35,819,28665.00,2017-02-15 04:35:00.424600
13214,201702154354185,PRIN,41,47,40,819,32760.00,2017-02-15 04:35:00.418500
13215,201702154354180,PRIN,41,46,100,819,81900.00,2017-02-15 04:35:00.418000
13216,201702154354152,PRIN,22,55,40,817,32680.00,2017-02-15 04:35:00.415200
13217,201702154354153,PRIN,22,55,25,819,20475.00,2017-02-15 04:35:00.415300
13218,201702154354157,PRIN,28,56,205,819,167895.00,2017-02-15 04:35:00.415700
13219,201702154354143,PRIN,28,33,338,816,275808.00,2017-02-15 04:35:00.414300
13220,201702154354085,PRIN,48,33,200,814,162800.00,2017-02-15 04:35:00.408500
13221,201702154354089,PRIN,48,25,100,815,81500.00,2017-02-15 04:35:00.408900
13222,201702154354112,PRIN,48,33,200,816,163200.00,2017-02-15 04:35:00.411200
13223,201702154353877,PRIN,43,33,200,799,159800.00,2017-02-15 04:35:00.387700
13224,201702154353564,PRIN,45,33,200,805,161000.00,2017-02-15 04:35:00.356400
13225,201702154353478,PRIN,56,55,30,803,24090.00,2017-02-15 04:35:00.347800
13226,201702154353479,PRIN,56,41,50,804,40200.00,2017-02-15 04:35:00.347900
13227,201702154353393,PRIN,26,33,100,800,80000.00,2017-02-15 04:35:00.339300
13228,201702154353237,PRIN,41,21,201,801,161001.00,2017-02-15 04:35:00.323700
13229,201702154353214,PRIN,56,35,20,789,15780.00,2017-02-15 04:35:00.321400
13230,201702154352702,PRIN,33,33,100,785,78500.00,2017-02-15 04:35:00.270200
13231,201702154352622,PRIN,19,35,30,789,23670.00,2017-02-15 04:35:00.262200
13232,201702154352420,PRIN,29,56,31,774,23994.00,2017-02-15 04:35:00.242000
13233,201702154352355,PRIN,17,49,63,785,49455.00,2017-02-15 04:35:00.235500
13234,201702154352356,PRIN,17,34,200,789,157800.00,2017-02-15 04:35:00.235600
13235,201702154352276,PRIN,29,47,30,774,23220.00,2017-02-15 04:35:00.227600
13236,201702154352242,PRIN,38,59,20,774,15480.00,2017-02-15 04:35:00.224200
13237,201702154352243,PRIN,29,59,410,774,317340.00,2017-02-15 04:35:00.224300
13238,201702154352220,PRIN,22,57,50,775,38750.00,2017-02-15 04:35:00.222000
13239,201702154352221,PRIN,46,57,20,775,15500.00,2017-02-15 04:35:00.222100
13240,201702154352222,PRIN,38,57,30,774,23220.00,2017-02-15 04:35:00.222200
13241,201702154352036,PRIN,22,43,10,775,7750.00,2017-02-15 04:35:00.203600
13242,201702154351412,PRIN,33,33,200,780,156000.00,2017-02-15 04:35:00.141200
13243,201702154351007,PRIN,25,55,30,789,23670.00,2017-02-15 04:35:00.100700
13244,201702154351008,PRIN,25,14,20,789,15780.00,2017-02-15 04:35:00.100800
13245,201702154350952,PRIN,17,43,71,774,54954.00,2017-02-15 04:35:00.095200
13246,201702154350911,PRIN,22,43,71,759,53889.00,2017-02-15 04:35:00.091100
13247,201702144350729,PRIN,39,34,100,747,74700.00,2017-02-14 04:35:00.072900
13248,201702144350730,PRIN,22,34,100,746,74600.00,2017-02-14 04:35:00.073000
13249,201702144350731,PRIN,1,34,35,745,26075.00,2017-02-14 04:35:00.073100
13250,201702144350670,PRIN,41,34,20,765,15300.00,2017-02-14 04:35:00.067000
13251,201702144350671,PRIN,34,34,20,765,15300.00,2017-02-14 04:35:00.067100
13252,201702144350683,PRIN,34,34,50,755,37750.00,2017-02-14 04:35:00.068300
13253,201702144350684,PRIN,56,34,25,755,18875.00,2017-02-14 04:35:00.068400
13254,201702144350685,PRIN,51,34,50,755,37750.00,2017-02-14 04:35:00.068500
13255,201702144350686,PRIN,40,34,200,750,150000.00,2017-02-14 04:35:00.068600
13256,201702144349184,PRIN,56,33,50,770,38500.00,2017-02-14 04:34:00.918400
13257,201702144348398,PRIN,16,44,200,760,152000.00,2017-02-14 04:34:00.839800
13258,201702144348399,PRIN,22,44,500,755,377500.00,2017-02-14 04:34:00.839900
13259,201702144347857,PRIN,49,21,100,769,76900.00,2017-02-14 04:34:00.785700
13260,201702144347858,PRIN,52,21,50,769,38450.00,2017-02-14 04:34:00.785800
13261,201702144347558,PRIN,38,22,83,775,64325.00,2017-02-14 04:34:00.755800
13262,201702144347559,PRIN,16,22,77,775,59675.00,2017-02-14 04:34:00.755900
13263,201702144347494,PRIN,38,55,67,775,51925.00,2017-02-14 04:34:00.749400
13264,201702144347515,PRIN,38,33,150,775,116250.00,2017-02-14 04:34:00.751500
13265,201702144347411,PRIN,38,33,150,776,116400.00,2017-02-14 04:34:00.741100
13266,201702144347377,PRIN,55,48,278,776,215728.00,2017-02-14 04:34:00.737700
13267,201702144347186,PRIN,38,44,200,790,158000.00,2017-02-14 04:34:00.718600
13268,201702144346459,PRIN,21,44,100,790,79000.00,2017-02-14 04:34:00.645900
13269,201702144346462,PRIN,21,44,100,790,79000.00,2017-02-14 04:34:00.646200
13270,201702144346386,PRIN,56,33,75,780,58500.00,2017-02-14 04:34:00.638600
13271,201702144346387,PRIN,56,56,130,784,101920.00,2017-02-14 04:34:00.638700
13272,201702144346368,PRIN,34,33,25,780,19500.00,2017-02-14 04:34:00.636800
13273,201702144346216,PRIN,42,34,50,769,38450.00,2017-02-14 04:34:00.621600
13274,201702144345793,PRIN,48,44,100,755,75500.00,2017-02-14 04:34:00.579300
13275,201702144345794,PRIN,26,44,100,754,75400.00,2017-02-14 04:34:00.579400
13276,201702144345781,PRIN,48,33,100,755,75500.00,2017-02-14 04:34:00.578100
13277,201702134345540,PRIN,10,33,100,769,76900.00,2017-02-13 04:34:00.554000
13278,201702134345375,PRIN,44,21,10,749,7490.00,2017-02-13 04:34:00.537500
13279,201702134345379,PRIN,21,46,100,754,75400.00,2017-02-13 04:34:00.537900
13280,201702134345041,PRIN,21,59,221,735,162435.00,2017-02-13 04:34:00.504100
13281,201702134345010,PRIN,41,33,100,718,71800.00,2017-02-13 04:34:00.501000
13282,201702134345033,PRIN,41,34,30,732,21960.00,2017-02-13 04:34:00.503300
13283,201702134344987,PRIN,41,33,20,704,14080.00,2017-02-13 04:34:00.498700
13284,201702134344426,PRIN,33,33,150,691,103650.00,2017-02-13 04:34:00.442600
13285,201702134344299,PRIN,45,28,100,687,68700.00,2017-02-13 04:34:00.429900
13286,201702134344052,PRIN,44,7,100,699,69900.00,2017-02-13 04:34:00.405200
13287,201702134344017,PRIN,22,34,100,697,69700.00,2017-02-13 04:34:00.401700
13288,201702134344018,PRIN,22,4,59,697,41123.00,2017-02-13 04:34:00.401800
13289,201702134343805,PRIN,26,45,100,684,68400.00,2017-02-13 04:34:00.380500
13290,201702134343692,PRIN,53,5,30,697,20910.00,2017-02-13 04:34:00.369200
13291,201702134343693,PRIN,21,5,62,697,43214.00,2017-02-13 04:34:00.369300
13292,201702134343694,PRIN,44,5,200,696,139200.00,2017-02-13 04:34:00.369400
13293,201702134343695,PRIN,47,5,100,690,69000.00,2017-02-13 04:34:00.369500
13294,201702134343696,PRIN,13,5,400,686,274400.00,2017-02-13 04:34:00.369600
13295,201702134343163,PRIN,21,7,38,697,26486.00,2017-02-13 04:34:00.316300
13296,201702134343074,PRIN,41,56,56,699,39144.00,2017-02-13 04:34:00.307400
13297,201702134343065,PRIN,33,33,200,698,139600.00,2017-02-13 04:34:00.306500
13298,201702134343008,PRIN,45,33,400,698,279200.00,2017-02-13 04:34:00.300800
13299,201702134342858,PRIN,17,33,200,700,140000.00,2017-02-13 04:34:00.285800
13300,201702134342551,PRIN,3,7,25,697,17425.00,2017-02-13 04:34:00.255100
13301,201702134342530,PRIN,33,7,183,698,127734.00,2017-02-13 04:34:00.253000
13302,201702134342536,PRIN,21,7,30,697,20910.00,2017-02-13 04:34:00.253600
13303,201702134342514,PRIN,33,26,17,698,11866.00,2017-02-13 04:34:00.251400
13304,201702134342168,PRIN,44,5,81,710,57510.00,2017-02-13 04:34:00.216800
13305,201702134342094,PRIN,44,26,100,710,71000.00,2017-02-13 04:34:00.209400
13306,201702134342095,PRIN,44,37,85,710,60350.00,2017-02-13 04:34:00.209500
13307,201702134342124,PRIN,44,34,234,710,166140.00,2017-02-13 04:34:00.212400
13308,201702134342083,PRIN,56,5,100,720,72000.00,2017-02-13 04:34:00.208300
13309,201702134342084,PRIN,8,5,50,716,35800.00,2017-02-13 04:34:00.208400
13310,201702134341508,PRIN,55,28,25,730,18250.00,2017-02-13 04:34:00.150800
13311,201702134340794,PRIN,33,19,30,740,22200.00,2017-02-13 04:34:00.079400
13312,201702134340795,PRIN,50,19,40,730,29200.00,2017-02-13 04:34:00.079500
13313,201702134340796,PRIN,55,19,75,730,54750.00,2017-02-13 04:34:00.079600
13314,201702134340112,PRIN,33,1,50,740,37000.00,2017-02-13 04:34:00.011200
13315,201702134340036,PRIN,33,36,140,738,103320.00,2017-02-13 04:34:00.003600
13316,201702134339964,PRIN,8,36,100,724,72400.00,2017-02-13 04:33:00.996400
13317,201702134339965,PRIN,49,36,10,724,7240.00,2017-02-13 04:33:00.996500
13318,201702134339966,PRIN,44,36,200,724,144800.00,2017-02-13 04:33:00.996600
13319,201702124339409,PRIN,35,32,50,738,36900.00,2017-02-12 04:33:00.940900
13320,201702124338965,PRIN,36,32,30,738,22140.00,2017-02-12 04:33:00.896500
13321,201702124338920,PRIN,37,32,10,738,7380.00,2017-02-12 04:33:00.892000
13322,201702124338770,PRIN,43,32,50,738,36900.00,2017-02-12 04:33:00.877000
13323,201702124338662,PRIN,19,19,20,738,14760.00,2017-02-12 04:33:00.866200
13324,201702124338663,PRIN,56,19,130,738,95940.00,2017-02-12 04:33:00.866300
13325,201702124338596,PRIN,33,21,200,739,147800.00,2017-02-12 04:33:00.859600
13326,201702124338320,PRIN,34,19,50,739,36950.00,2017-02-12 04:33:00.832000
13327,201702124338321,PRIN,7,19,20,739,14780.00,2017-02-12 04:33:00.832100
13328,201702124338322,PRIN,26,19,100,738,73800.00,2017-02-12 04:33:00.832200
13329,201702124338323,PRIN,42,19,20,738,14760.00,2017-02-12 04:33:00.832300
13330,201702124338324,PRIN,51,19,10,738,7380.00,2017-02-12 04:33:00.832400
13331,201702124337947,PRIN,25,34,100,740,74000.00,2017-02-12 04:33:00.794700
13332,201702124337951,PRIN,41,34,50,740,37000.00,2017-02-12 04:33:00.795100
13333,201702124337934,PRIN,44,25,370,740,273800.00,2017-02-12 04:33:00.793400
13334,201702124337936,PRIN,44,34,130,740,96200.00,2017-02-12 04:33:00.793600
13335,201702124337937,PRIN,14,34,20,740,14800.00,2017-02-12 04:33:00.793700
13336,201702124337898,PRIN,34,25,500,741,370500.00,2017-02-12 04:33:00.789800
13337,201702124337880,PRIN,41,25,25,750,18750.00,2017-02-12 04:33:00.788000
13338,201702124337881,PRIN,34,25,25,750,18750.00,2017-02-12 04:33:00.788100
13339,201702124337882,PRIN,20,25,30,746,22380.00,2017-02-12 04:33:00.788200
13340,201702124337883,PRIN,51,25,10,745,7450.00,2017-02-12 04:33:00.788300
13341,201702124337884,PRIN,19,25,50,745,37250.00,2017-02-12 04:33:00.788400
13342,201702124337885,PRIN,39,25,10,745,7450.00,2017-02-12 04:33:00.788500
13343,201702124337886,PRIN,42,25,100,744,74400.00,2017-02-12 04:33:00.788600
13344,201702124337887,PRIN,25,25,50,744,37200.00,2017-02-12 04:33:00.788700
13345,201702124337821,PRIN,17,19,20,759,15180.00,2017-02-12 04:33:00.782100
13346,201702124337583,PRIN,17,17,100,760,76000.00,2017-02-12 04:33:00.758300
13347,201702124337593,PRIN,17,17,30,760,22800.00,2017-02-12 04:33:00.759300
13348,201702124337300,PRIN,34,17,25,760,19000.00,2017-02-12 04:33:00.730000
13349,201702124336957,PRIN,54,17,10,760,7600.00,2017-02-12 04:33:00.695700
13350,201702124336668,PRIN,41,5,50,750,37500.00,2017-02-12 04:33:00.666800
13351,201702124336510,PRIN,41,34,25,750,18750.00,2017-02-12 04:33:00.651000
13352,201702124336480,PRIN,41,22,19,754,14326.00,2017-02-12 04:33:00.648000
13353,201702124336322,PRIN,44,21,400,740,296000.00,2017-02-12 04:33:00.632200
13354,201702124336165,PRIN,33,5,200,744,148800.00,2017-02-12 04:33:00.616500
13355,201702124336160,PRIN,47,19,100,755,75500.00,2017-02-12 04:33:00.616000
13356,201702124336077,PRIN,22,7,100,767,76700.00,2017-02-12 04:33:00.607700
13357,201702124336078,PRIN,48,7,100,766,76600.00,2017-02-12 04:33:00.607800
13358,201702124336080,PRIN,39,34,20,765,15300.00,2017-02-12 04:33:00.608000
13359,201702124336081,PRIN,26,34,100,761,76100.00,2017-02-12 04:33:00.608100
13360,201702124336082,PRIN,43,34,200,759,151800.00,2017-02-12 04:33:00.608200
13361,201702124335826,PRIN,47,7,20,770,15400.00,2017-02-12 04:33:00.582600
13362,201702124335827,PRIN,34,7,500,770,385000.00,2017-02-12 04:33:00.582700
13363,201702124335575,PRIN,41,34,100,790,79000.00,2017-02-12 04:33:00.557500
13364,201702124335576,PRIN,34,34,90,785,70650.00,2017-02-12 04:33:00.557600
13365,201702124335577,PRIN,47,34,100,785,78500.00,2017-02-12 04:33:00.557700
13366,201702124335578,PRIN,49,34,100,785,78500.00,2017-02-12 04:33:00.557800
13367,201702124335579,PRIN,54,34,100,785,78500.00,2017-02-12 04:33:00.557900
13368,201702124335580,PRIN,51,34,50,785,39250.00,2017-02-12 04:33:00.558000
13369,201702124335581,PRIN,43,34,60,785,47100.00,2017-02-12 04:33:00.558100
13370,201702124335139,PRIN,34,34,10,785,7850.00,2017-02-12 04:33:00.513900
13371,201702124334554,PRIN,46,16,100,770,77000.00,2017-02-12 04:33:00.455400
13372,201702124334220,PRIN,44,19,100,774,77400.00,2017-02-12 04:33:00.422000
13373,201702124334134,PRIN,44,19,100,789,78900.00,2017-02-12 04:33:00.413400
13374,201702124333674,PRIN,51,34,50,805,40250.00,2017-02-12 04:33:00.367400
13375,201702094333456,PRIN,33,34,147,820,120540.00,2017-02-09 04:33:00.345600
13376,201702094333306,PRIN,47,49,20,821,16420.00,2017-02-09 04:33:00.330600
13377,201702094333307,PRIN,33,49,53,820,43460.00,2017-02-09 04:33:00.330700
13378,201702094332964,PRIN,22,49,127,828,105156.00,2017-02-09 04:33:00.296400
13379,201702094332965,PRIN,21,49,100,825,82500.00,2017-02-09 04:33:00.296500
13380,201702094332793,PRIN,6,8,100,827,82700.00,2017-02-09 04:33:00.279300
13381,201702094332794,PRIN,22,8,63,826,52038.00,2017-02-09 04:33:00.279400
13382,201702094332671,PRIN,22,41,21,826,17346.00,2017-02-09 04:33:00.267100
13383,201702094332508,PRIN,22,43,71,826,58646.00,2017-02-09 04:33:00.250800
13384,201702094332448,PRIN,22,53,118,826,97468.00,2017-02-09 04:33:00.244800
13385,201702094332399,PRIN,50,48,50,836,41800.00,2017-02-09 04:33:00.239900
13386,201702094332212,PRIN,40,34,361,838,302518.00,2017-02-09 04:33:00.221200
13387,201702094332213,PRIN,19,34,50,838,41900.00,2017-02-09 04:33:00.221300
13388,201702094332214,PRIN,34,34,20,838,16760.00,2017-02-09 04:33:00.221400
13389,201702094332215,PRIN,26,34,200,837,167400.00,2017-02-09 04:33:00.221500
13390,201702094332031,PRIN,46,34,100,840,84000.00,2017-02-09 04:33:00.203100
13391,201702094331894,PRIN,22,6,50,850,42500.00,2017-02-09 04:33:00.189400
13392,201702094331908,PRIN,22,59,95,850,80750.00,2017-02-09 04:33:00.190800
13393,201702094331909,PRIN,25,59,50,850,42500.00,2017-02-09 04:33:00.190900
13394,201702094331910,PRIN,47,59,50,838,41900.00,2017-02-09 04:33:00.191000
13395,201702094331911,PRIN,32,59,100,838,83800.00,2017-02-09 04:33:00.191100
13396,201702094331912,PRIN,40,59,105,838,87990.00,2017-02-09 04:33:00.191200
13397,201702094331936,PRIN,40,59,34,838,28492.00,2017-02-09 04:33:00.193600
13398,201702094331302,PRIN,22,13,155,850,131750.00,2017-02-09 04:33:00.130200
13399,201702094331220,PRIN,34,13,100,852,85200.00,2017-02-09 04:33:00.122000
13400,201702094331221,PRIN,19,13,100,851,85100.00,2017-02-09 04:33:00.122100
13401,201702094331222,PRIN,51,13,50,851,42550.00,2017-02-09 04:33:00.122200
13402,201702094330285,PRIN,33,46,140,860,120400.00,2017-02-09 04:33:00.028500
13403,201702094330164,PRIN,26,46,300,855,256500.00,2017-02-09 04:33:00.016400
13404,201702094330165,PRIN,11,46,20,855,17100.00,2017-02-09 04:33:00.016500
13405,201702094329914,PRIN,58,50,118,850,100300.00,2017-02-09 04:32:00.991400
13406,201702094329903,PRIN,33,50,100,850,85000.00,2017-02-09 04:32:00.990300
13407,201702094329511,PRIN,25,50,100,850,85000.00,2017-02-09 04:32:00.951100
13408,201702094328996,PRIN,50,7,50,853,42650.00,2017-02-09 04:32:00.899600
13409,201702084327931,PRIN,59,41,200,870,174000.00,2017-02-08 04:32:00.793100
13410,201702084327867,PRIN,59,42,230,870,200100.00,2017-02-08 04:32:00.786700
13411,201702084327849,PRIN,26,59,47,855,40185.00,2017-02-08 04:32:00.784900
13412,201702084327695,PRIN,6,37,90,869,78210.00,2017-02-08 04:32:00.769500
13413,201702084327607,PRIN,45,1,100,858,85800.00,2017-02-08 04:32:00.760700
13414,201702084327608,PRIN,46,1,55,857,47135.00,2017-02-08 04:32:00.760800
13415,201702084327609,PRIN,56,1,130,856,111280.00,2017-02-08 04:32:00.760900
13416,201702084327610,PRIN,26,1,27,855,23085.00,2017-02-08 04:32:00.761000
13417,201702084327621,PRIN,45,37,10,869,8690.00,2017-02-08 04:32:00.762100
13418,201702084327592,PRIN,46,50,45,857,38565.00,2017-02-08 04:32:00.759200
13419,201702084327482,PRIN,6,42,50,871,43550.00,2017-02-08 04:32:00.748200
13420,201702084327483,PRIN,35,42,50,870,43500.00,2017-02-08 04:32:00.748300
13421,201702084327484,PRIN,6,42,100,858,85800.00,2017-02-08 04:32:00.748400
13422,201702084327485,PRIN,44,42,500,857,428500.00,2017-02-08 04:32:00.748500
13423,201702084326643,PRIN,35,11,45,870,39150.00,2017-02-08 04:32:00.664300
13424,201702084325753,PRIN,3,17,25,870,21750.00,2017-02-08 04:32:00.575300
13425,201702084325177,PRIN,59,48,100,870,87000.00,2017-02-08 04:32:00.517700
13426,201702084325178,PRIN,56,48,50,869,43450.00,2017-02-08 04:32:00.517800
13427,201702084324621,PRIN,17,13,95,880,83600.00,2017-02-08 04:32:00.462100
13428,201702084324464,PRIN,17,42,55,880,48400.00,2017-02-08 04:32:00.446400
13429,201702074323303,PRIN,19,48,15,890,13350.00,2017-02-07 04:32:00.330300
13430,201702074323304,PRIN,34,48,100,887,88700.00,2017-02-07 04:32:00.330400
13431,201702074323305,PRIN,34,48,20,886,17720.00,2017-02-07 04:32:00.330500
13432,201702074323306,PRIN,34,48,29,885,25665.00,2017-02-07 04:32:00.330600
13433,201702074323307,PRIN,43,48,100,885,88500.00,2017-02-07 04:32:00.330700
13434,201702074323308,PRIN,19,48,174,885,153990.00,2017-02-07 04:32:00.330800
13435,201702074323153,PRIN,22,45,100,898,89800.00,2017-02-07 04:32:00.315300
13436,201702074323146,PRIN,22,45,150,898,134700.00,2017-02-07 04:32:00.314600
13437,201702074323052,PRIN,5,57,200,890,178000.00,2017-02-07 04:32:00.305200
13438,201702074322707,PRIN,29,57,500,890,445000.00,2017-02-07 04:32:00.270700
13439,201702074322221,PRIN,26,32,50,892,44600.00,2017-02-07 04:32:00.222100
13440,201702074322230,PRIN,40,32,100,891,89100.00,2017-02-07 04:32:00.223000
13441,201702074322231,PRIN,11,32,10,890,8900.00,2017-02-07 04:32:00.223100
13442,201702074322232,PRIN,7,32,50,886,44300.00,2017-02-07 04:32:00.223200
13443,201702074322233,PRIN,22,32,100,886,88600.00,2017-02-07 04:32:00.223300
13444,201702074322234,PRIN,34,32,12,885,10620.00,2017-02-07 04:32:00.223400
13445,201702074322235,PRIN,34,32,71,885,62835.00,2017-02-07 04:32:00.223500
13446,201702074321553,PRIN,45,41,20,900,18000.00,2017-02-07 04:32:00.155300
13447,201702074320905,PRIN,22,50,40,892,35680.00,2017-02-07 04:32:00.090500
13448,201702074320813,PRIN,22,50,100,892,89200.00,2017-02-07 04:32:00.081300
13449,201702074320715,PRIN,32,50,10,892,8920.00,2017-02-07 04:32:00.071500
13450,201702074320697,PRIN,34,7,88,885,77880.00,2017-02-07 04:32:00.069700
13451,201702074320649,PRIN,41,50,50,890,44500.00,2017-02-07 04:32:00.064900
13452,201702074320367,PRIN,17,5,100,890,89000.00,2017-02-07 04:32:00.036700
13453,201702064316733,PRIN,57,35,100,920,92000.00,2017-02-06 04:31:00.673300
13454,201702064317578,PRIN,53,45,100,905,90500.00,2017-02-06 04:31:00.757800
13455,201702064317579,PRIN,34,45,100,903,90300.00,2017-02-06 04:31:00.757900
13456,201702064317580,PRIN,55,45,50,903,45150.00,2017-02-06 04:31:00.758000
13457,201702064317581,PRIN,29,45,100,902,90200.00,2017-02-06 04:31:00.758100
13458,201702064317582,PRIN,21,45,50,902,45100.00,2017-02-06 04:31:00.758200
13459,201702064317583,PRIN,45,45,100,902,90200.00,2017-02-06 04:31:00.758300
13460,201702064317916,PRIN,56,45,25,905,22625.00,2017-02-06 04:31:00.791600
13461,201702064317920,PRIN,17,45,100,900,90000.00,2017-02-06 04:31:00.792000
13462,201702064317921,PRIN,34,45,300,900,270000.00,2017-02-06 04:31:00.792100
13463,201702064318435,PRIN,56,45,50,906,45300.00,2017-02-06 04:31:00.843500
13464,201702064318436,PRIN,47,45,50,905,45250.00,2017-02-06 04:31:00.843600
13465,201702064318437,PRIN,34,45,50,901,45050.00,2017-02-06 04:31:00.843700
13466,201702064318438,PRIN,44,45,1000,901,901000.00,2017-02-06 04:31:00.843800
13467,201702064318439,PRIN,19,45,100,900,90000.00,2017-02-06 04:31:00.843900
13468,201702064318440,PRIN,41,45,80,900,72000.00,2017-02-06 04:31:00.844000
13469,201702064318441,PRIN,33,45,500,900,450000.00,2017-02-06 04:31:00.844100
13470,201702064318442,PRIN,16,45,100,900,90000.00,2017-02-06 04:31:00.844200
13471,201702064318443,PRIN,53,45,100,900,90000.00,2017-02-06 04:31:00.844300
13472,201702064318732,PRIN,57,45,100,902,90200.00,2017-02-06 04:31:00.873200
13473,201702064319008,PRIN,41,46,20,900,18000.00,2017-02-06 04:31:00.900800
13474,201702064319009,PRIN,16,46,50,900,45000.00,2017-02-06 04:31:00.900900
13475,201702064319144,PRIN,22,46,50,893,44650.00,2017-02-06 04:31:00.914400
13476,201702064319186,PRIN,38,46,300,893,267900.00,2017-02-06 04:31:00.918600
13477,201702064319194,PRIN,44,5,500,892,446000.00,2017-02-06 04:31:00.919400
13478,201702064319241,PRIN,46,46,100,900,90000.00,2017-02-06 04:31:00.924100
13479,201702064319493,PRIN,59,46,101,900,90900.00,2017-02-06 04:31:00.949300
13480,201702064319559,PRIN,17,46,100,900,90000.00,2017-02-06 04:31:00.955900
13481,201702064319600,PRIN,25,44,10,904,9040.00,2017-02-06 04:31:00.960000
13482,201702064319603,PRIN,25,46,200,900,180000.00,2017-02-06 04:31:00.960300
13483,201702054315904,PRIN,21,28,100,935,93500.00,2017-02-05 04:31:00.590400
13484,201702054315670,PRIN,38,48,10,946,9460.00,2017-02-05 04:31:00.567000
13485,201702054315671,PRIN,39,48,83,945,78435.00,2017-02-05 04:31:00.567100
13486,201702054315672,PRIN,32,48,100,941,94100.00,2017-02-05 04:31:00.567200
13487,201702054315673,PRIN,53,48,67,940,62980.00,2017-02-05 04:31:00.567300
13488,201702054315684,PRIN,53,41,45,940,42300.00,2017-02-05 04:31:00.568400
13489,201702054315589,PRIN,38,20,90,946,85140.00,2017-02-05 04:31:00.558900
13490,201702054315593,PRIN,39,20,17,945,16065.00,2017-02-05 04:31:00.559300
13491,201702054314944,PRIN,45,14,17,955,16235.00,2017-02-05 04:31:00.494400
13492,201702054314630,PRIN,53,13,34,949,32266.00,2017-02-05 04:31:00.463000
13493,201702054314613,PRIN,53,13,100,949,94900.00,2017-02-05 04:31:00.461300
13494,201702054314594,PRIN,28,22,30,948,28440.00,2017-02-05 04:31:00.459400
13495,201702054314595,PRIN,28,13,66,949,62634.00,2017-02-05 04:31:00.459500
13496,201702054314224,PRIN,28,40,24,931,22344.00,2017-02-05 04:31:00.422400
13497,201702054314138,PRIN,28,41,30,925,27750.00,2017-02-05 04:31:00.413800
13498,201702054313868,PRIN,22,22,217,930,201810.00,2017-02-05 04:31:00.386800
13499,201702054313832,PRIN,59,40,16,931,14896.00,2017-02-05 04:31:00.383200
13500,201702054313687,PRIN,59,34,50,950,47500.00,2017-02-05 04:31:00.368700
13501,201702054313663,PRIN,59,59,34,950,32300.00,2017-02-05 04:31:00.366300
13502,201702024312302,PRIN,33,34,17,969,16473.00,2017-02-02 04:31:00.230200
13503,201702024311858,PRIN,17,36,83,950,78850.00,2017-02-02 04:31:00.185800
13504,201702024311829,PRIN,48,36,30,965,28950.00,2017-02-02 04:31:00.182900
13505,201702024311830,PRIN,47,36,40,955,38200.00,2017-02-02 04:31:00.183000
13506,201702024311850,PRIN,26,36,11,952,10472.00,2017-02-02 04:31:00.185000
13507,201702024311050,PRIN,45,7,20,971,19420.00,2017-02-02 04:31:00.105000
13508,201702024310989,PRIN,45,7,20,975,19500.00,2017-02-02 04:31:00.098900
13509,201702024310990,PRIN,5,7,100,971,97100.00,2017-02-02 04:31:00.099000
13510,201702024310991,PRIN,26,7,50,971,48550.00,2017-02-02 04:31:00.099100
13511,201702024310992,PRIN,22,7,50,971,48550.00,2017-02-02 04:31:00.099200
13512,201702024310993,PRIN,45,7,80,971,77680.00,2017-02-02 04:31:00.099300
13513,201702024310943,PRIN,22,17,85,972,82620.00,2017-02-02 04:31:00.094300
13514,201702024310904,PRIN,33,7,90,984,88560.00,2017-02-02 04:31:00.090400
13515,201702024310877,PRIN,22,17,152,984,149568.00,2017-02-02 04:31:00.087700
13516,201702024310757,PRIN,57,20,18,985,17730.00,2017-02-02 04:31:00.075700
13517,201702024310224,PRIN,26,22,85,988,83980.00,2017-02-02 04:31:00.022400
13518,201702024310162,PRIN,26,48,11,984,10824.00,2017-02-02 04:31:00.016200
13519,201702024309739,PRIN,55,48,600,965,579000.00,2017-02-02 04:30:00.973900
13520,201702024309182,PRIN,37,17,93,952,88536.00,2017-02-02 04:30:00.918200
13521,201702024308996,PRIN,38,16,121,952,115192.00,2017-02-02 04:30:00.899600
13522,201702024308601,PRIN,53,16,100,971,97100.00,2017-02-02 04:30:00.860100
13523,201702024308308,PRIN,49,53,200,990,198000.00,2017-02-02 04:30:00.830800
13524,201702024308204,PRIN,38,53,30,1007,30210.00,2017-02-02 04:30:00.820400
13525,201702024307852,PRIN,26,34,200,1027,205400.00,2017-02-02 04:30:00.785200
13526,201702024307786,PRIN,38,25,11,1007,11077.00,2017-02-02 04:30:00.778600
13527,201702014307614,PRIN,43,22,12,988,11856.00,2017-02-01 04:30:00.761400
13528,201702014306846,PRIN,45,53,85,970,82450.00,2017-02-01 04:30:00.684600
13529,201702014306847,PRIN,45,44,100,971,97100.00,2017-02-01 04:30:00.684700
13530,201702014306493,PRIN,22,14,12,969,11628.00,2017-02-01 04:30:00.649300
13531,201702014305075,PRIN,21,58,189,952,179928.00,2017-02-01 04:30:00.507500
13532,201702014304997,PRIN,41,45,100,950,95000.00,2017-02-01 04:30:00.499700
13533,201702014304987,PRIN,41,44,163,950,154850.00,2017-02-01 04:30:00.498700
13534,201702014304975,PRIN,7,44,50,949,47450.00,2017-02-01 04:30:00.497500
13535,201702014304942,PRIN,21,44,200,949,189800.00,2017-02-01 04:30:00.494200
13536,201702014304884,PRIN,38,44,250,949,237250.00,2017-02-01 04:30:00.488400
13537,201702014304805,PRIN,6,44,330,949,313170.00,2017-02-01 04:30:00.480500
13538,201702014304633,PRIN,7,44,170,949,161330.00,2017-02-01 04:30:00.463300
13539,201702014304202,PRIN,26,53,21,933,19593.00,2017-02-01 04:30:00.420200
13540,201702014304206,PRIN,26,16,170,934,158780.00,2017-02-01 04:30:00.420600
13541,201702014304164,PRIN,36,58,200,925,185000.00,2017-02-01 04:30:00.416400
13542,201702014304165,PRIN,36,33,250,930,232500.00,2017-02-01 04:30:00.416500
13543,201702014303797,PRIN,13,58,300,915,274500.00,2017-02-01 04:30:00.379700
13544,201702014303116,PRIN,34,53,50,898,44900.00,2017-02-01 04:30:00.311600
13545,201702014303109,PRIN,46,49,100,900,90000.00,2017-02-01 04:30:00.310900
13546,201702014303110,PRIN,46,29,100,900,90000.00,2017-02-01 04:30:00.311000
13547,201702014302878,PRIN,20,10,18,916,16488.00,2017-02-01 04:30:00.287800
13548,201701314302455,PRIN,59,53,200,899,179800.00,2017-01-31 04:30:00.245500
13549,201701314302420,PRIN,32,21,20,895,17900.00,2017-01-31 04:30:00.242000
13550,201701314302397,PRIN,17,39,17,890,15130.00,2017-01-31 04:30:00.239700
13551,201701314302403,PRIN,54,58,50,893,44650.00,2017-01-31 04:30:00.240300
13552,201701314302404,PRIN,54,21,150,895,134250.00,2017-01-31 04:30:00.240400
13553,201701314302352,PRIN,5,38,200,880,176000.00,2017-01-31 04:30:00.235200
13554,201701314302035,PRIN,42,38,34,881,29954.00,2017-01-31 04:30:00.203500
13555,201701314302038,PRIN,22,58,150,893,133950.00,2017-01-31 04:30:00.203800
13556,201701314301444,PRIN,20,21,100,895,89500.00,2017-01-31 04:30:00.144400
13557,201701314301378,PRIN,17,10,100,894,89400.00,2017-01-31 04:30:00.137800
13558,201701314301379,PRIN,17,21,100,895,89500.00,2017-01-31 04:30:00.137900
13559,201701314301024,PRIN,33,50,100,890,89000.00,2017-01-31 04:30:00.102400
13560,201701314300917,PRIN,33,34,68,889,60452.00,2017-01-31 04:30:00.091700
13561,201701314300756,PRIN,41,50,180,880,158400.00,2017-01-31 04:30:00.075600
13562,201701314300545,PRIN,41,50,20,880,17600.00,2017-01-31 04:30:00.054500
13563,201701314300383,PRIN,48,32,64,878,56192.00,2017-01-31 04:30:00.038300
13564,201701314300334,PRIN,53,13,34,865,29410.00,2017-01-31 04:30:00.033400
13565,201701314300339,PRIN,53,13,51,865,44115.00,2017-01-31 04:30:00.033900
13566,201701314300254,PRIN,53,50,200,852,170400.00,2017-01-31 04:30:00.025400
13567,201701314300255,PRIN,28,50,300,851,255300.00,2017-01-31 04:30:00.025500
13568,201701314300256,PRIN,45,13,300,864,259200.00,2017-01-31 04:30:00.025600
13569,201701314300221,PRIN,28,13,200,851,170200.00,2017-01-31 04:30:00.022100
13570,201701314299778,PRIN,34,49,56,863,48328.00,2017-01-31 04:29:00.977800
13571,201701314299702,PRIN,53,45,50,878,43900.00,2017-01-31 04:29:00.970200
13572,201701314299709,PRIN,33,45,200,865,173000.00,2017-01-31 04:29:00.970900
13573,201701314299710,PRIN,22,45,50,865,43250.00,2017-01-31 04:29:00.971000
13574,201701314299502,PRIN,41,45,51,890,45390.00,2017-01-31 04:29:00.950200
13575,201701314299506,PRIN,29,21,30,895,26850.00,2017-01-31 04:29:00.950600
13576,201701314299377,PRIN,11,49,26,902,23452.00,2017-01-31 04:29:00.937700
13577,201701314299384,PRIN,36,5,250,890,222500.00,2017-01-31 04:29:00.938400
13578,201701314299385,PRIN,37,5,100,890,89000.00,2017-01-31 04:29:00.938500
13579,201701314299386,PRIN,41,5,30,890,26700.00,2017-01-31 04:29:00.938600
13580,201701314299387,PRIN,41,5,120,890,106800.00,2017-01-31 04:29:00.938700
13581,201701314299189,PRIN,5,28,79,915,72285.00,2017-01-31 04:29:00.918900
13582,201701314299065,PRIN,59,29,50,920,46000.00,2017-01-31 04:29:00.906500
13583,201701314299005,PRIN,5,14,50,920,46000.00,2017-01-31 04:29:00.900500
13584,201701314298996,PRIN,17,14,42,915,38430.00,2017-01-31 04:29:00.899600
13585,201701314299002,PRIN,17,14,51,915,46665.00,2017-01-31 04:29:00.900200
13586,201701314298812,PRIN,34,34,17,902,15334.00,2017-01-31 04:29:00.881200
13587,201701314298776,PRIN,5,49,50,920,46000.00,2017-01-31 04:29:00.877600
13588,201701314298777,PRIN,5,49,18,920,16560.00,2017-01-31 04:29:00.877700
13589,201701314298753,PRIN,33,41,41,902,36982.00,2017-01-31 04:29:00.875300
13590,201701314298758,PRIN,53,17,11,910,10010.00,2017-01-31 04:29:00.875800
13591,201701314298732,PRIN,53,20,10,890,8900.00,2017-01-31 04:29:00.873200
13592,201701314298749,PRIN,17,20,50,900,45000.00,2017-01-31 04:29:00.874900
13593,201701314298750,PRIN,17,19,175,901,157675.00,2017-01-31 04:29:00.875000
13594,201701314298361,PRIN,33,42,17,873,14841.00,2017-01-31 04:29:00.836100
13595,201701314298276,PRIN,33,29,50,880,44000.00,2017-01-31 04:29:00.827600
13596,201701314298250,PRIN,33,43,50,880,44000.00,2017-01-31 04:29:00.825000
13597,201701314298245,PRIN,33,40,50,873,43650.00,2017-01-31 04:29:00.824500
13598,201701314298110,PRIN,17,43,50,890,44500.00,2017-01-31 04:29:00.811000
13599,201701304297823,PRIN,48,5,10,902,9020.00,2017-01-30 04:29:00.782300
13600,201701304297824,PRIN,47,5,100,902,90200.00,2017-01-30 04:29:00.782400
13601,201701304297751,PRIN,33,55,73,902,65846.00,2017-01-30 04:29:00.775100
13602,201701304297660,PRIN,33,14,80,902,72160.00,2017-01-30 04:29:00.766000
13603,201701304297653,PRIN,33,47,200,902,180400.00,2017-01-30 04:29:00.765300
13604,201701304297605,PRIN,17,37,10,902,9020.00,2017-01-30 04:29:00.760500
13605,201701304297620,PRIN,48,37,290,902,261580.00,2017-01-30 04:29:00.762000
13606,201701304297581,PRIN,33,22,40,902,36080.00,2017-01-30 04:29:00.758100
13607,201701304297563,PRIN,45,22,20,902,18040.00,2017-01-30 04:29:00.756300
13608,201701304297565,PRIN,33,41,242,902,218284.00,2017-01-30 04:29:00.756500
13609,201701304297570,PRIN,33,37,95,902,85690.00,2017-01-30 04:29:00.757000
13610,201701304297533,PRIN,33,37,290,902,261580.00,2017-01-30 04:29:00.753300
13611,201701304297534,PRIN,33,25,100,902,90200.00,2017-01-30 04:29:00.753400
13612,201701304297535,PRIN,33,17,40,902,36080.00,2017-01-30 04:29:00.753500
13613,201701304297536,PRIN,33,22,70,902,63140.00,2017-01-30 04:29:00.753600
13614,201701304297036,PRIN,54,37,10,902,9020.00,2017-01-30 04:29:00.703600
13615,201701304296947,PRIN,34,37,100,902,90200.00,2017-01-30 04:29:00.694700
13616,201701304296688,PRIN,33,16,50,902,45100.00,2017-01-30 04:29:00.668800
13617,201701304296044,PRIN,25,16,80,902,72160.00,2017-01-30 04:29:00.604400
13618,201701304296045,PRIN,39,16,100,902,90200.00,2017-01-30 04:29:00.604500
13619,201701304296082,PRIN,33,16,200,902,180400.00,2017-01-30 04:29:00.608200
13620,201701304296043,PRIN,25,21,100,902,90200.00,2017-01-30 04:29:00.604300
13621,201701304295968,PRIN,59,35,30,909,27270.00,2017-01-30 04:29:00.596800
13622,201701304295969,PRIN,53,35,50,908,45400.00,2017-01-30 04:29:00.596900
13623,201701304295970,PRIN,11,35,100,908,90800.00,2017-01-30 04:29:00.597000
13624,201701304295971,PRIN,48,35,50,905,45250.00,2017-01-30 04:29:00.597100
13625,201701304295972,PRIN,48,35,50,905,45250.00,2017-01-30 04:29:00.597200
13626,201701304295973,PRIN,48,35,50,905,45250.00,2017-01-30 04:29:00.597300
13627,201701304295974,PRIN,34,35,100,905,90500.00,2017-01-30 04:29:00.597400
13628,201701304295975,PRIN,33,35,300,903,270900.00,2017-01-30 04:29:00.597500
13629,201701304295976,PRIN,35,35,50,903,45150.00,2017-01-30 04:29:00.597600
13630,201701304295977,PRIN,8,35,100,902,90200.00,2017-01-30 04:29:00.597700
13631,201701304295978,PRIN,47,35,100,902,90200.00,2017-01-30 04:29:00.597800
13632,201701304295979,PRIN,5,35,100,902,90200.00,2017-01-30 04:29:00.597900
13633,201701304295980,PRIN,44,35,920,902,829840.00,2017-01-30 04:29:00.598000
13634,201701304296011,PRIN,44,49,80,902,72160.00,2017-01-30 04:29:00.601100
13635,201701304296012,PRIN,37,49,100,902,90200.00,2017-01-30 04:29:00.601200
13636,201701304296013,PRIN,25,49,20,902,18040.00,2017-01-30 04:29:00.601300
13637,201701304295830,PRIN,41,41,20,910,18200.00,2017-01-30 04:29:00.583000
13638,201701304295805,PRIN,37,50,280,910,254800.00,2017-01-30 04:29:00.580500
13639,201701304295785,PRIN,41,50,50,910,45500.00,2017-01-30 04:29:00.578500
13640,201701304295658,PRIN,47,50,30,910,27300.00,2017-01-30 04:29:00.565800
13641,201701304295618,PRIN,44,41,129,910,117390.00,2017-01-30 04:29:00.561800
13642,201701304295511,PRIN,44,32,34,910,30940.00,2017-01-30 04:29:00.551100
13643,201701304295278,PRIN,41,47,30,910,27300.00,2017-01-30 04:29:00.527800
13644,201701304295279,PRIN,59,47,70,909,63630.00,2017-01-30 04:29:00.527900
13645,201701304295161,PRIN,40,37,30,911,27330.00,2017-01-30 04:29:00.516100
13646,201701304295162,PRIN,42,37,200,910,182000.00,2017-01-30 04:29:00.516200
13647,201701304295163,PRIN,35,37,50,910,45500.00,2017-01-30 04:29:00.516300
13648,201701304295164,PRIN,41,37,70,910,63700.00,2017-01-30 04:29:00.516400
13649,201701304295145,PRIN,48,50,51,915,46665.00,2017-01-30 04:29:00.514500
13650,201701304295148,PRIN,48,16,400,919,367600.00,2017-01-30 04:29:00.514800
13651,201701304294878,PRIN,58,50,300,919,275700.00,2017-01-30 04:29:00.487800
13652,201701304294799,PRIN,41,41,50,920,46000.00,2017-01-30 04:29:00.479900
13653,201701304294774,PRIN,11,41,50,920,46000.00,2017-01-30 04:29:00.477400
13654,201701304294748,PRIN,58,50,90,915,82350.00,2017-01-30 04:29:00.474800
13655,201701304294734,PRIN,58,55,400,915,366000.00,2017-01-30 04:29:00.473400
13656,201701304294651,PRIN,49,50,50,916,45800.00,2017-01-30 04:29:00.465100
13657,201701304294582,PRIN,58,50,10,915,9150.00,2017-01-30 04:29:00.458200
13658,201701304294545,PRIN,53,51,30,914,27420.00,2017-01-30 04:29:00.454500
13659,201701304294546,PRIN,53,50,70,915,64050.00,2017-01-30 04:29:00.454600
13660,201701304294486,PRIN,17,51,20,912,18240.00,2017-01-30 04:29:00.448600
13661,201701304294487,PRIN,7,50,20,915,18300.00,2017-01-30 04:29:00.448700
13662,201701304294430,PRIN,40,22,71,911,64681.00,2017-01-30 04:29:00.443000
13663,201701304294162,PRIN,6,51,100,912,91200.00,2017-01-30 04:29:00.416200
13664,201701304294033,PRIN,16,50,121,920,111320.00,2017-01-30 04:29:00.403300
13665,201701304294045,PRIN,16,41,100,920,92000.00,2017-01-30 04:29:00.404500
13666,201701304293820,PRIN,43,50,100,921,92100.00,2017-01-30 04:29:00.382000
13667,201701304293821,PRIN,36,50,100,920,92000.00,2017-01-30 04:29:00.382100
13668,201701304293822,PRIN,44,50,500,912,456000.00,2017-01-30 04:29:00.382200
13669,201701304293827,PRIN,39,50,100,911,91100.00,2017-01-30 04:29:00.382700
13670,201701304293828,PRIN,34,50,50,910,45500.00,2017-01-30 04:29:00.382800
13671,201701304293829,PRIN,34,50,50,910,45500.00,2017-01-30 04:29:00.382900
13672,201701304293830,PRIN,22,50,100,910,91000.00,2017-01-30 04:29:00.383000
13673,201701304293570,PRIN,44,17,70,926,64820.00,2017-01-30 04:29:00.357000
13674,201701304293571,PRIN,44,17,30,926,27780.00,2017-01-30 04:29:00.357100
13675,201701304293572,PRIN,44,17,70,926,64820.00,2017-01-30 04:29:00.357200
13676,201701304293573,PRIN,44,17,36,926,33336.00,2017-01-30 04:29:00.357300
13677,201701304293574,PRIN,44,17,34,926,31484.00,2017-01-30 04:29:00.357400
13678,201701304293584,PRIN,34,17,107,926,99082.00,2017-01-30 04:29:00.358400
13679,201701304293549,PRIN,37,45,20,920,18400.00,2017-01-30 04:29:00.354900
13680,201701304293554,PRIN,34,45,60,920,55200.00,2017-01-30 04:29:00.355400
13681,201701304293478,PRIN,7,11,84,909,76356.00,2017-01-30 04:29:00.347800
13682,201701304293257,PRIN,25,17,30,931,27930.00,2017-01-30 04:29:00.325700
13683,201701304293258,PRIN,26,17,200,926,185200.00,2017-01-30 04:29:00.325800
13684,201701304293180,PRIN,28,37,100,944,94400.00,2017-01-30 04:29:00.318000
13685,201701304293163,PRIN,17,41,100,950,95000.00,2017-01-30 04:29:00.316300
13686,201701304293069,PRIN,28,50,100,963,96300.00,2017-01-30 04:29:00.306900
13687,201701304293041,PRIN,28,17,100,982,98200.00,2017-01-30 04:29:00.304100
13688,201701264292067,PRIN,29,43,130,1002,130260.00,2017-01-26 04:29:00.206700
13689,201701264291660,PRIN,25,34,100,1005,100500.00,2017-01-26 04:29:00.166000
13690,201701264291661,PRIN,41,34,300,1005,301500.00,2017-01-26 04:29:00.166100
13691,201701264290892,PRIN,21,56,130,1024,133120.00,2017-01-26 04:29:00.089200
13692,201701264290807,PRIN,29,1,17,1010,17170.00,2017-01-26 04:29:00.080700
13693,201701264290740,PRIN,29,38,35,1010,35350.00,2017-01-26 04:29:00.074000
13694,201701264290297,PRIN,43,38,50,1004,50200.00,2017-01-26 04:29:00.029700
13695,201701264290302,PRIN,48,38,400,1004,401600.00,2017-01-26 04:29:00.030200
13696,201701264290234,PRIN,34,38,50,1004,50200.00,2017-01-26 04:29:00.023400
13697,201701264290237,PRIN,48,38,50,1004,50200.00,2017-01-26 04:29:00.023700
13698,201701264290239,PRIN,34,38,50,1004,50200.00,2017-01-26 04:29:00.023900
13699,201701264290205,PRIN,34,38,100,1004,100400.00,2017-01-26 04:29:00.020500
13700,201701264290174,PRIN,34,42,30,996,29880.00,2017-01-26 04:29:00.017400
13701,201701264290184,PRIN,19,47,426,1000,426000.00,2017-01-26 04:29:00.018400
13702,201701264289235,PRIN,19,21,202,977,197354.00,2017-01-26 04:28:00.923500
13703,201701264288944,PRIN,44,25,50,977,48850.00,2017-01-26 04:28:00.894400
13704,201701264288951,PRIN,41,21,100,976,97600.00,2017-01-26 04:28:00.895100
13705,201701264288594,PRIN,51,5,17,985,16745.00,2017-01-26 04:28:00.859400
13706,201701264288604,PRIN,44,35,50,977,48850.00,2017-01-26 04:28:00.860400
13707,201701264288331,PRIN,44,49,100,970,97000.00,2017-01-26 04:28:00.833100
13708,201701264288332,PRIN,41,49,100,970,97000.00,2017-01-26 04:28:00.833200
13709,201701264288005,PRIN,59,14,20,970,19400.00,2017-01-26 04:28:00.800500
13710,201701264288006,PRIN,41,14,150,966,144900.00,2017-01-26 04:28:00.800600
13711,201701264287717,PRIN,19,7,13,984,12792.00,2017-01-26 04:28:00.771700
13712,201701264287712,PRIN,56,7,130,985,128050.00,2017-01-26 04:28:00.771200
13713,201701254286374,PRIN,21,5,100,1005,100500.00,2017-01-25 04:28:00.637400
13714,201701254286375,PRIN,21,5,100,1005,100500.00,2017-01-25 04:28:00.637500
13715,201701254286376,PRIN,17,5,100,1004,100400.00,2017-01-25 04:28:00.637600
13716,201701254286398,PRIN,17,40,100,1004,100400.00,2017-01-25 04:28:00.639800
13717,201701254286192,PRIN,48,56,100,1013,101300.00,2017-01-25 04:28:00.619200
13718,201701254286193,PRIN,55,56,100,1013,101300.00,2017-01-25 04:28:00.619300
13719,201701254286194,PRIN,38,56,20,1012,20240.00,2017-01-25 04:28:00.619400
13720,201701254286195,PRIN,38,56,100,1012,101200.00,2017-01-25 04:28:00.619500
13721,201701254286196,PRIN,17,56,200,1011,202200.00,2017-01-25 04:28:00.619600
13722,201701254286170,PRIN,41,57,103,1020,105060.00,2017-01-25 04:28:00.617000
13723,201701254285688,PRIN,33,56,50,1025,51250.00,2017-01-25 04:28:00.568800
13724,201701254285689,PRIN,41,56,100,1021,102100.00,2017-01-25 04:28:00.568900
13725,201701254285690,PRIN,19,56,30,1020,30600.00,2017-01-25 04:28:00.569000
13726,201701254285691,PRIN,41,56,100,1020,102000.00,2017-01-25 04:28:00.569100
13727,201701254285181,PRIN,17,55,100,1022,102200.00,2017-01-25 04:28:00.518100
13728,201701254284569,PRIN,38,25,20,1031,20620.00,2017-01-25 04:28:00.456900
13729,201701254284571,PRIN,37,25,50,1020,51000.00,2017-01-25 04:28:00.457100
13730,201701254284572,PRIN,25,25,100,1020,102000.00,2017-01-25 04:28:00.457200
13731,201701254284573,PRIN,19,25,20,1020,20400.00,2017-01-25 04:28:00.457300
13732,201701254284289,PRIN,38,6,64,1044,66816.00,2017-01-25 04:28:00.428900
13733,201701254284210,PRIN,38,6,35,1037,36295.00,2017-01-25 04:28:00.421000
13734,201701254284236,PRIN,38,16,100,1038,103800.00,2017-01-25 04:28:00.423600
13735,201701254284237,PRIN,38,50,150,1040,156000.00,2017-01-25 04:28:00.423700
13736,201701254283401,PRIN,21,50,100,1040,104000.00,2017-01-25 04:28:00.340100
13737,201701254283244,PRIN,41,17,90,1040,93600.00,2017-01-25 04:28:00.324400
13738,201701254283193,PRIN,22,17,10,1040,10400.00,2017-01-25 04:28:00.319300
13739,201701254283059,PRIN,47,17,50,1040,52000.00,2017-01-25 04:28:00.305900
13740,201701254283064,PRIN,22,17,20,1040,20800.00,2017-01-25 04:28:00.306400
13741,201701254282917,PRIN,26,17,30,1040,31200.00,2017-01-25 04:28:00.291700
13742,201701254282875,PRIN,48,17,50,1020,51000.00,2017-01-25 04:28:00.287500
13743,201701254282880,PRIN,48,17,20,1020,20400.00,2017-01-25 04:28:00.288000
13744,201701254282869,PRIN,48,17,100,1020,102000.00,2017-01-25 04:28:00.286900
13745,201701254282749,PRIN,50,33,500,1000,500000.00,2017-01-25 04:28:00.274900
13746,201701254282715,PRIN,41,45,71,1000,71000.00,2017-01-25 04:28:00.271500
13747,201701254282621,PRIN,5,17,100,1009,100900.00,2017-01-25 04:28:00.262100
13748,201701254282624,PRIN,41,17,45,1009,45405.00,2017-01-25 04:28:00.262400
13749,201701254282494,PRIN,22,25,100,1030,103000.00,2017-01-25 04:28:00.249400
13750,201701254282495,PRIN,53,25,100,1029,102900.00,2017-01-25 04:28:00.249500
13751,201701244281724,PRIN,58,14,10,1050,10500.00,2017-01-24 04:28:00.172400
13752,201701244281725,PRIN,59,14,30,1050,31500.00,2017-01-24 04:28:00.172500
13753,201701244281726,PRIN,22,14,50,1050,52500.00,2017-01-24 04:28:00.172600
13754,201701244281727,PRIN,47,14,20,1050,21000.00,2017-01-24 04:28:00.172700
13755,201701244281613,PRIN,48,14,100,1054,105400.00,2017-01-24 04:28:00.161300
13756,201701244281614,PRIN,22,14,100,1053,105300.00,2017-01-24 04:28:00.161400
13757,201701244281309,PRIN,47,55,60,1060,63600.00,2017-01-24 04:28:00.130900
13758,201701244281324,PRIN,29,55,25,1053,26325.00,2017-01-24 04:28:00.132400
13759,201701244281172,PRIN,47,59,40,1060,42400.00,2017-01-24 04:28:00.117200
13760,201701244280877,PRIN,37,14,50,1060,53000.00,2017-01-24 04:28:00.087700
13761,201701244280882,PRIN,35,14,50,1060,53000.00,2017-01-24 04:28:00.088200
13762,201701244280844,PRIN,53,14,100,1058,105800.00,2017-01-24 04:28:00.084400
13763,201701244280856,PRIN,53,14,100,1060,106000.00,2017-01-24 04:28:00.085600
13764,201701244280559,PRIN,22,21,17,1050,17850.00,2017-01-24 04:28:00.055900
13765,201701244280509,PRIN,22,14,100,1056,105600.00,2017-01-24 04:28:00.050900
13766,201701244280472,PRIN,58,56,20,1050,21000.00,2017-01-24 04:28:00.047200
13767,201701244280477,PRIN,48,35,85,1055,89675.00,2017-01-24 04:28:00.047700
13768,201701244280160,PRIN,11,14,100,1060,106000.00,2017-01-24 04:28:00.016000
13769,201701244280161,PRIN,41,14,100,1060,106000.00,2017-01-24 04:28:00.016100
13770,201701244280162,PRIN,22,14,70,1060,74200.00,2017-01-24 04:28:00.016200
13771,201701244280163,PRIN,21,14,100,1055,105500.00,2017-01-24 04:28:00.016300
13772,201701244280164,PRIN,46,14,20,1055,21100.00,2017-01-24 04:28:00.016400
13773,201701244280165,PRIN,41,14,50,1050,52500.00,2017-01-24 04:28:00.016500
13774,201701244280166,PRIN,50,14,250,1050,262500.00,2017-01-24 04:28:00.016600
13775,201701244280167,PRIN,53,14,100,1049,104900.00,2017-01-24 04:28:00.016700
13776,201701244280168,PRIN,26,14,100,1049,104900.00,2017-01-24 04:28:00.016800
13777,201701244280169,PRIN,41,14,100,1049,104900.00,2017-01-24 04:28:00.016900
13778,201701244280116,PRIN,22,26,22,1060,23320.00,2017-01-24 04:28:00.011600
13779,201701244279852,PRIN,1,35,57,1055,60135.00,2017-01-24 04:27:00.985200
13780,201701244279832,PRIN,17,35,70,1065,74550.00,2017-01-24 04:27:00.983200
13781,201701244279118,PRIN,17,38,17,1070,18190.00,2017-01-24 04:27:00.911800
13782,201701244279022,PRIN,17,47,22,1080,23760.00,2017-01-24 04:27:00.902200
13783,201701234278444,PRIN,28,22,30,1100,33000.00,2017-01-23 04:27:00.844400
13784,201701234278445,PRIN,28,13,50,1100,55000.00,2017-01-23 04:27:00.844500
13785,201701234278440,PRIN,28,6,27,1085,29295.00,2017-01-23 04:27:00.844000
13786,201701234278347,PRIN,33,40,253,1080,273240.00,2017-01-23 04:27:00.834700
13787,201701234278277,PRIN,34,14,200,1075,215000.00,2017-01-23 04:27:00.827700
13788,201701234278278,PRIN,43,14,50,1072,53600.00,2017-01-23 04:27:00.827800
13789,201701234278279,PRIN,21,14,100,1071,107100.00,2017-01-23 04:27:00.827900
13790,201701234278280,PRIN,41,14,100,1070,107000.00,2017-01-23 04:27:00.828000
13791,201701234278281,PRIN,40,14,50,1070,53500.00,2017-01-23 04:27:00.828100
13792,201701234278037,PRIN,38,14,20,1085,21700.00,2017-01-23 04:27:00.803700
13793,201701234277949,PRIN,21,28,51,1070,54570.00,2017-01-23 04:27:00.794900
13794,201701234277826,PRIN,47,14,10,1078,10780.00,2017-01-23 04:27:00.782600
13795,201701234277827,PRIN,55,14,50,1076,53800.00,2017-01-23 04:27:00.782700
13796,201701234277828,PRIN,26,14,50,1075,53750.00,2017-01-23 04:27:00.782800
13797,201701234277829,PRIN,41,14,200,1075,215000.00,2017-01-23 04:27:00.782900
13798,201701234277830,PRIN,53,14,300,1072,321600.00,2017-01-23 04:27:00.783000
13799,201701234277831,PRIN,52,14,300,1072,321600.00,2017-01-23 04:27:00.783100
13800,201701234277832,PRIN,1,14,200,1072,214400.00,2017-01-23 04:27:00.783200
13801,201701234277833,PRIN,38,14,100,1071,107100.00,2017-01-23 04:27:00.783300
13802,201701234277834,PRIN,36,14,50,1071,53550.00,2017-01-23 04:27:00.783400
13803,201701234277592,PRIN,22,38,75,1075,80625.00,2017-01-23 04:27:00.759200
13804,201701234277532,PRIN,52,40,200,1085,217000.00,2017-01-23 04:27:00.753200
13805,201701234277369,PRIN,52,49,85,1080,91800.00,2017-01-23 04:27:00.736900
13806,201701234277157,PRIN,53,29,234,1080,252720.00,2017-01-23 04:27:00.715700
13807,201701234277025,PRIN,41,40,10,1075,10750.00,2017-01-23 04:27:00.702500
13808,201701234277026,PRIN,18,40,100,1071,107100.00,2017-01-23 04:27:00.702600
13809,201701234277027,PRIN,35,40,100,1071,107100.00,2017-01-23 04:27:00.702700
13810,201701234277028,PRIN,48,40,200,1071,214200.00,2017-01-23 04:27:00.702800
13811,201701234277029,PRIN,57,40,100,1070,107000.00,2017-01-23 04:27:00.702900
13812,201701234276432,PRIN,46,14,50,1095,54750.00,2017-01-23 04:27:00.643200
13813,201701234276433,PRIN,53,14,100,1091,109100.00,2017-01-23 04:27:00.643300
13814,201701234276434,PRIN,17,14,200,1090,218000.00,2017-01-23 04:27:00.643400
13815,201701234276308,PRIN,44,48,102,1095,111690.00,2017-01-23 04:27:00.630800
13816,201701224275590,PRIN,17,36,25,1100,27500.00,2017-01-22 04:27:00.559000
13817,201701224275407,PRIN,38,25,40,1103,44120.00,2017-01-22 04:27:00.540700
13818,201701224275290,PRIN,42,25,30,1103,33090.00,2017-01-22 04:27:00.529000
13819,201701224275292,PRIN,22,18,16,1096,17536.00,2017-01-22 04:27:00.529200
13820,201701224275032,PRIN,56,44,130,1100,143000.00,2017-01-22 04:27:00.503200
13821,201701224274899,PRIN,44,44,200,1100,220000.00,2017-01-22 04:27:00.489900
13822,201701224274900,PRIN,41,44,60,1100,66000.00,2017-01-22 04:27:00.490000
13823,201701224274901,PRIN,29,44,100,1100,110000.00,2017-01-22 04:27:00.490100
13824,201701224274914,PRIN,14,44,10,1100,11000.00,2017-01-22 04:27:00.491400
13825,201701224274736,PRIN,26,18,50,1105,55250.00,2017-01-22 04:27:00.473600
13826,201701224274578,PRIN,36,7,100,1100,110000.00,2017-01-22 04:27:00.457800
13827,201701224274466,PRIN,56,56,152,1095,166440.00,2017-01-22 04:27:00.446600
13828,201701224274419,PRIN,46,56,50,1100,55000.00,2017-01-22 04:27:00.441900
13829,201701224274420,PRIN,29,56,120,1100,132000.00,2017-01-22 04:27:00.442000
13830,201701224274403,PRIN,22,35,20,1101,22020.00,2017-01-22 04:27:00.440300
13831,201701224274409,PRIN,41,35,61,1100,67100.00,2017-01-22 04:27:00.440900
13832,201701224274388,PRIN,41,35,20,1105,22100.00,2017-01-22 04:27:00.438800
13833,201701224274389,PRIN,11,35,70,1101,77070.00,2017-01-22 04:27:00.438900
13834,201701224274390,PRIN,22,35,80,1101,88080.00,2017-01-22 04:27:00.439000
13835,201701224274342,PRIN,41,19,15,1104,16560.00,2017-01-22 04:27:00.434200
13836,201701224274330,PRIN,33,19,50,1105,55250.00,2017-01-22 04:27:00.433000
13837,201701224274331,PRIN,41,19,20,1104,22080.00,2017-01-22 04:27:00.433100
13838,201701224274271,PRIN,36,25,51,1105,56355.00,2017-01-22 04:27:00.427100
13839,201701224274031,PRIN,29,21,85,1100,93500.00,2017-01-22 04:27:00.403100
13840,201701224274001,PRIN,11,50,34,1110,37740.00,2017-01-22 04:27:00.400100
13841,201701224273894,PRIN,44,21,300,1111,333300.00,2017-01-22 04:27:00.389400
13842,201701224273863,PRIN,21,50,85,1112,94520.00,2017-01-22 04:27:00.386300
13843,201701224273830,PRIN,17,18,130,1115,144950.00,2017-01-22 04:27:00.383000
13844,201701224273814,PRIN,17,54,70,1120,78400.00,2017-01-22 04:27:00.381400
13845,201701224273702,PRIN,44,54,100,1120,112000.00,2017-01-22 04:27:00.370200
13846,201701224273703,PRIN,45,54,30,1120,33600.00,2017-01-22 04:27:00.370300
13847,201701194272652,PRIN,51,34,200,1128,225600.00,2017-01-19 04:27:00.265200
13848,201701194272638,PRIN,51,51,18,1128,20304.00,2017-01-19 04:27:00.263800
13849,201701194272577,PRIN,51,37,100,1124,112400.00,2017-01-19 04:27:00.257700
13850,201701194272578,PRIN,51,38,200,1125,225000.00,2017-01-19 04:27:00.257800
13851,201701194272547,PRIN,35,28,100,1118,111800.00,2017-01-19 04:27:00.254700
13852,201701194272552,PRIN,21,38,100,1120,112000.00,2017-01-19 04:27:00.255200
13853,201701194272298,PRIN,10,38,200,1119,223800.00,2017-01-19 04:27:00.229800
13854,201701194272299,PRIN,10,26,100,1120,112000.00,2017-01-19 04:27:00.229900
13855,201701194272192,PRIN,47,7,100,1120,112000.00,2017-01-19 04:27:00.219200
13856,201701194272193,PRIN,7,7,40,1116,44640.00,2017-01-19 04:27:00.219300
13857,201701194272194,PRIN,57,7,50,1115,55750.00,2017-01-19 04:27:00.219400
13858,201701194272200,PRIN,42,7,36,1111,39996.00,2017-01-19 04:27:00.220000
13859,201701194271173,PRIN,41,17,12,1116,13392.00,2017-01-19 04:27:00.117300
13860,201701194271110,PRIN,42,47,90,1130,101700.00,2017-01-19 04:27:00.111000
13861,201701194271111,PRIN,42,34,10,1130,11300.00,2017-01-19 04:27:00.111100
13862,201701194271060,PRIN,41,4,50,1127,56350.00,2017-01-19 04:27:00.106000
13863,201701194271061,PRIN,16,14,60,1129,67740.00,2017-01-19 04:27:00.106100
13864,201701194271062,PRIN,16,47,10,1130,11300.00,2017-01-19 04:27:00.106200
13865,201701194270619,PRIN,16,45,85,1125,95625.00,2017-01-19 04:27:00.061900
13866,201701194270543,PRIN,16,43,40,1125,45000.00,2017-01-19 04:27:00.054300
13867,201701194270527,PRIN,22,35,85,1110,94350.00,2017-01-19 04:27:00.052700
13868,201701194270529,PRIN,16,53,10,1115,11150.00,2017-01-19 04:27:00.052900
13869,201701194270323,PRIN,14,53,85,1115,94775.00,2017-01-19 04:27:00.032300
13870,201701194270326,PRIN,17,53,100,1115,111500.00,2017-01-19 04:27:00.032600
13871,201701194269974,PRIN,47,17,18,1137,20466.00,2017-01-19 04:26:00.997400
13872,201701194269973,PRIN,47,34,34,1130,38420.00,2017-01-19 04:26:00.997300
13873,201701194269695,PRIN,6,51,150,1115,167250.00,2017-01-19 04:26:00.969500
13874,201701184269633,PRIN,38,37,32,1095,35040.00,2017-01-18 04:26:00.963300
13875,201701184269414,PRIN,38,45,450,1095,492750.00,2017-01-18 04:26:00.941400
13876,201701184269374,PRIN,22,45,100,1100,110000.00,2017-01-18 04:26:00.937400
13877,201701184269188,PRIN,42,45,50,1115,55750.00,2017-01-18 04:26:00.918800
13878,201701184269147,PRIN,43,59,50,1100,55000.00,2017-01-18 04:26:00.914700
13879,201701184268645,PRIN,40,53,90,1110,99900.00,2017-01-18 04:26:00.864500
13880,201701184268408,PRIN,40,8,10,1110,11100.00,2017-01-18 04:26:00.840800
13881,201701184267380,PRIN,29,56,100,1114,111400.00,2017-01-18 04:26:00.738000
13882,201701184267381,PRIN,29,54,100,1115,111500.00,2017-01-18 04:26:00.738100
13883,201701184267344,PRIN,48,56,500,1109,554500.00,2017-01-18 04:26:00.734400
13884,201701184267345,PRIN,48,29,200,1110,222000.00,2017-01-18 04:26:00.734500
13885,201701184267346,PRIN,48,13,200,1110,222000.00,2017-01-18 04:26:00.734600
13886,201701184267157,PRIN,54,43,60,1100,66000.00,2017-01-18 04:26:00.715700
13887,201701184266998,PRIN,54,53,50,1100,55000.00,2017-01-18 04:26:00.699800
13888,201701184266972,PRIN,54,14,50,1100,55000.00,2017-01-18 04:26:00.697200
13889,201701184266881,PRIN,41,53,100,1100,110000.00,2017-01-18 04:26:00.688100
13890,201701184266882,PRIN,41,53,100,1100,110000.00,2017-01-18 04:26:00.688200
13891,201701184266687,PRIN,32,47,100,1100,110000.00,2017-01-18 04:26:00.668700
13892,201701184266689,PRIN,22,47,33,1095,36135.00,2017-01-18 04:26:00.668900
13893,201701184266586,PRIN,32,21,100,1115,111500.00,2017-01-18 04:26:00.658600
13894,201701174266249,PRIN,32,53,30,1100,33000.00,2017-01-17 04:26:00.624900
13895,201701174266250,PRIN,32,52,50,1100,55000.00,2017-01-17 04:26:00.625000
13896,201701174266126,PRIN,56,28,100,1100,110000.00,2017-01-17 04:26:00.612600
13897,201701174265964,PRIN,44,34,300,1101,330300.00,2017-01-17 04:26:00.596400
13898,201701174265965,PRIN,21,34,100,1100,110000.00,2017-01-17 04:26:00.596500
13899,201701174265822,PRIN,56,51,40,1120,44800.00,2017-01-17 04:26:00.582200
13900,201701174265787,PRIN,56,47,60,1119,67140.00,2017-01-17 04:26:00.578700
13901,201701174265788,PRIN,56,7,100,1120,112000.00,2017-01-17 04:26:00.578800
13902,201701174265743,PRIN,41,8,50,1120,56000.00,2017-01-17 04:26:00.574300
13903,201701174265642,PRIN,56,21,100,1121,112100.00,2017-01-17 04:26:00.564200
13904,201701174265650,PRIN,56,34,50,1122,56100.00,2017-01-17 04:26:00.565000
13905,201701174265636,PRIN,56,22,50,1120,56000.00,2017-01-17 04:26:00.563600
13906,201701174265447,PRIN,43,21,50,1121,56050.00,2017-01-17 04:26:00.544700
13907,201701174265438,PRIN,43,21,100,1121,112100.00,2017-01-17 04:26:00.543800
13908,201701174265367,PRIN,56,53,100,1099,109900.00,2017-01-17 04:26:00.536700
13909,201701174265368,PRIN,56,22,20,1100,22000.00,2017-01-17 04:26:00.536800
13910,201701174264897,PRIN,56,57,600,1085,651000.00,2017-01-17 04:26:00.489700
13911,201701174264873,PRIN,42,26,50,1075,53750.00,2017-01-17 04:26:00.487300
13912,201701174264874,PRIN,42,26,50,1080,54000.00,2017-01-17 04:26:00.487400
13913,201701174264538,PRIN,4,21,15,1070,16050.00,2017-01-17 04:26:00.453800
13914,201701164262880,PRIN,17,56,20,1073,21460.00,2017-01-16 04:26:00.288000
13915,201701164262818,PRIN,26,49,100,1053,105300.00,2017-01-16 04:26:00.281800
13916,201701164262819,PRIN,6,49,20,1052,21040.00,2017-01-16 04:26:00.281900
13917,201701164262570,PRIN,6,56,10,1052,10520.00,2017-01-16 04:26:00.257000
13918,201701164261003,PRIN,4,45,50,1040,52000.00,2017-01-16 04:26:00.100300
13919,201701164261004,PRIN,53,45,100,1040,104000.00,2017-01-16 04:26:00.100400
13920,201701164261005,PRIN,34,45,200,1040,208000.00,2017-01-16 04:26:00.100500
13921,201701164261006,PRIN,10,45,250,1039,259750.00,2017-01-16 04:26:00.100600
13922,201701164261007,PRIN,48,45,100,1039,103900.00,2017-01-16 04:26:00.100700
13923,201701164260921,PRIN,46,33,50,1060,53000.00,2017-01-16 04:26:00.092100
13924,201701164260922,PRIN,56,33,100,1051,105100.00,2017-01-16 04:26:00.092200
13925,201701164260923,PRIN,41,33,100,1050,105000.00,2017-01-16 04:26:00.092300
13926,201701164260924,PRIN,53,33,100,1045,104500.00,2017-01-16 04:26:00.092400
13927,201701164260925,PRIN,22,33,100,1040,104000.00,2017-01-16 04:26:00.092500
13928,201701164260926,PRIN,33,33,390,1040,405600.00,2017-01-16 04:26:00.092600
13929,201701164260931,PRIN,33,33,13,1040,13520.00,2017-01-16 04:26:00.093100
13930,201701164260697,PRIN,53,45,100,1060,106000.00,2017-01-16 04:26:00.069700
13931,201701164260699,PRIN,53,45,30,1060,31800.00,2017-01-16 04:26:00.069900
13932,201701164260682,PRIN,53,45,50,1060,53000.00,2017-01-16 04:26:00.068200
13933,201701164260647,PRIN,22,45,100,1060,106000.00,2017-01-16 04:26:00.064700
13934,201701164260648,PRIN,48,45,100,1060,106000.00,2017-01-16 04:26:00.064800
13935,201701154260193,PRIN,56,26,146,1081,157826.00,2017-01-15 04:26:00.019300
13936,201701154259889,PRIN,22,6,20,1100,22000.00,2017-01-15 04:25:00.988900
13937,201701124257885,PRIN,57,7,153,1090,166770.00,2017-01-12 04:25:00.788500
13938,201701124257730,PRIN,56,7,200,1092,218400.00,2017-01-12 04:25:00.773000
13939,201701124257731,PRIN,57,7,190,1091,207290.00,2017-01-12 04:25:00.773100
13940,201701124257732,PRIN,48,7,100,1090,109000.00,2017-01-12 04:25:00.773200
13941,201701124257263,PRIN,32,32,55,1091,60005.00,2017-01-12 04:25:00.726300
13942,201701124256918,PRIN,56,54,120,1100,132000.00,2017-01-12 04:25:00.691800
13943,201701124256687,PRIN,5,54,100,1100,110000.00,2017-01-12 04:25:00.668700
13944,201701124256382,PRIN,56,1,100,1100,110000.00,2017-01-12 04:25:00.638200
13945,201701124256383,PRIN,56,44,100,1112,111200.00,2017-01-12 04:25:00.638300
13946,201701114255369,PRIN,34,56,100,1091,109100.00,2017-01-11 04:25:00.536900
13947,201701114255008,PRIN,34,36,100,1070,107000.00,2017-01-11 04:25:00.500800
13948,201701114254915,PRIN,36,6,100,1085,108500.00,2017-01-11 04:25:00.491500
13949,201701114254916,PRIN,19,6,200,1080,216000.00,2017-01-11 04:25:00.491600
13950,201701114254435,PRIN,19,6,200,1085,217000.00,2017-01-11 04:25:00.443500
13951,201701114253945,PRIN,51,6,150,1078,161700.00,2017-01-11 04:25:00.394500
13952,201701114253878,PRIN,22,28,229,1080,247320.00,2017-01-11 04:25:00.387800
13953,201701114253846,PRIN,19,6,50,1090,54500.00,2017-01-11 04:25:00.384600
13954,201701114253847,PRIN,41,6,100,1090,109000.00,2017-01-11 04:25:00.384700
13955,201701114253780,PRIN,49,7,100,1095,109500.00,2017-01-11 04:25:00.378000
13956,201701114253770,PRIN,49,54,50,1095,54750.00,2017-01-11 04:25:00.377000
13957,201701104252962,PRIN,6,25,90,1100,99000.00,2017-01-10 04:25:00.296200
13958,201701104252930,PRIN,34,53,50,1100,55000.00,2017-01-10 04:25:00.293000
13959,201701104252921,PRIN,5,43,30,1102,33060.00,2017-01-10 04:25:00.292100
13960,201701104252870,PRIN,34,25,450,1100,495000.00,2017-01-10 04:25:00.287000
13961,201701104252878,PRIN,5,43,20,1102,22040.00,2017-01-10 04:25:00.287800
13962,201701104252827,PRIN,5,25,50,1100,55000.00,2017-01-10 04:25:00.282700
13963,201701104252809,PRIN,5,13,56,1100,61600.00,2017-01-10 04:25:00.280900
13964,201701104252601,PRIN,39,20,350,1100,385000.00,2017-01-10 04:25:00.260100
13965,201701104252592,PRIN,39,13,100,1099,109900.00,2017-01-10 04:25:00.259200
13966,201701104252455,PRIN,33,6,400,1095,438000.00,2017-01-10 04:25:00.245500
13967,201701104252456,PRIN,33,47,70,1100,77000.00,2017-01-10 04:25:00.245600
13968,201701104252457,PRIN,33,29,700,1101,770700.00,2017-01-10 04:25:00.245700
13969,201701104251979,PRIN,34,6,300,1083,324900.00,2017-01-10 04:25:00.197900
13970,201701104251980,PRIN,22,6,100,1080,108000.00,2017-01-10 04:25:00.198000
13971,201701104251967,PRIN,6,47,30,1100,33000.00,2017-01-10 04:25:00.196700
13972,201701104251872,PRIN,5,53,100,1100,110000.00,2017-01-10 04:25:00.187200
13973,201701104251873,PRIN,5,5,100,1100,110000.00,2017-01-10 04:25:00.187300
13974,201701104251874,PRIN,5,44,300,1100,330000.00,2017-01-10 04:25:00.187400
13975,201701104251288,PRIN,33,26,100,1095,109500.00,2017-01-10 04:25:00.128800
13976,201701104250979,PRIN,40,43,100,1095,109500.00,2017-01-10 04:25:00.097900
13977,201701104250458,PRIN,52,47,20,1080,21600.00,2017-01-10 04:25:00.045800
13978,201701094250243,PRIN,33,13,600,1070,642000.00,2017-01-09 04:25:00.024300
13979,201701094249951,PRIN,4,6,30,1072,32160.00,2017-01-09 04:24:00.995100
13980,201701094249965,PRIN,5,6,70,1072,75040.00,2017-01-09 04:24:00.996500
13981,201701094249968,PRIN,57,6,400,1065,426000.00,2017-01-09 04:24:00.996800
13982,201701094249880,PRIN,21,29,50,1075,53750.00,2017-01-09 04:24:00.988000
13983,201701094248835,PRIN,29,29,40,1084,43360.00,2017-01-09 04:24:00.883500
13984,201701094248659,PRIN,48,25,200,1090,218000.00,2017-01-09 04:24:00.865900
13985,201701094248640,PRIN,28,25,300,1090,327000.00,2017-01-09 04:24:00.864000
13986,201701094248625,PRIN,54,29,220,1080,237600.00,2017-01-09 04:24:00.862500
13987,201701094248406,PRIN,45,6,90,1070,96300.00,2017-01-09 04:24:00.840600
13988,201701094248396,PRIN,45,6,10,1070,10700.00,2017-01-09 04:24:00.839600
13989,201701084247184,PRIN,53,34,191,1069,204179.00,2017-01-08 04:24:00.718400
13990,201701084247149,PRIN,6,33,15,1065,15975.00,2017-01-08 04:24:00.714900
13991,201701084246923,PRIN,11,11,20,1052,21040.00,2017-01-08 04:24:00.692300
13992,201701084246014,PRIN,5,34,50,1070,53500.00,2017-01-08 04:24:00.601400
13993,201701054244684,PRIN,47,56,100,1065,106500.00,2017-01-05 04:24:00.468400
13994,201701044241580,PRIN,21,28,100,1051,105100.00,2017-01-04 04:24:00.158000
13995,201701044241581,PRIN,6,28,100,1051,105100.00,2017-01-04 04:24:00.158100
13996,201701044241582,PRIN,34,28,300,1051,315300.00,2017-01-04 04:24:00.158200
13997,201701044241478,PRIN,33,33,500,1050,525000.00,2017-01-04 04:24:00.147800
13998,201701044241419,PRIN,21,6,100,1066,106600.00,2017-01-04 04:24:00.141900
13999,201701044241420,PRIN,42,6,50,1065,53250.00,2017-01-04 04:24:00.142000
14000,201701044241421,PRIN,5,6,50,1060,53000.00,2017-01-04 04:24:00.142100
14001,201701044241422,PRIN,43,6,100,1055,105500.00,2017-01-04 04:24:00.142200
14002,201701044241423,PRIN,33,6,200,1055,211000.00,2017-01-04 04:24:00.142300
14003,201701044241424,PRIN,51,6,50,1055,52750.00,2017-01-04 04:24:00.142400
14004,201701044241425,PRIN,34,6,500,1052,526000.00,2017-01-04 04:24:00.142500
14005,201701044241336,PRIN,33,6,170,1070,181900.00,2017-01-04 04:24:00.133600
14006,201701044241281,PRIN,48,41,50,1088,54400.00,2017-01-04 04:24:00.128100
14007,201701044241141,PRIN,11,40,100,1080,108000.00,2017-01-04 04:24:00.114100
14008,201701044241077,PRIN,33,39,30,1070,32100.00,2017-01-04 04:24:00.107700
14009,201701044241026,PRIN,21,39,100,1066,106600.00,2017-01-04 04:24:00.102600
14010,201701044240179,PRIN,53,5,100,1070,107000.00,2017-01-04 04:24:00.017900
14011,201701044240152,PRIN,6,59,30,1065,31950.00,2017-01-04 04:24:00.015200
14012,201701044239865,PRIN,22,21,150,1050,157500.00,2017-01-04 04:23:00.986500
14013,201701034238291,PRIN,6,40,50,1070,53500.00,2017-01-03 04:23:00.829100
14014,201701034238292,PRIN,48,40,50,1067,53350.00,2017-01-03 04:23:00.829200
14015,201701034238090,PRIN,35,6,20,1080,21600.00,2017-01-03 04:23:00.809000
14016,201701034238095,PRIN,38,6,100,1079,107900.00,2017-01-03 04:23:00.809500
14017,201701034238096,PRIN,6,6,100,1079,107900.00,2017-01-03 04:23:00.809600
14018,201701034237832,PRIN,56,8,50,1086,54300.00,2017-01-03 04:23:00.783200
14019,201701034237833,PRIN,39,8,20,1085,21700.00,2017-01-03 04:23:00.783300
14020,201701034236659,PRIN,38,8,50,1100,55000.00,2017-01-03 04:23:00.665900
14021,201701034236311,PRIN,53,8,150,1100,165000.00,2017-01-03 04:23:00.631100
14022,201701034236149,PRIN,6,32,78,1099,85722.00,2017-01-03 04:23:00.614900
14023,201701034235929,PRIN,47,8,50,1100,55000.00,2017-01-03 04:23:00.592900
14024,201701034235770,PRIN,6,54,100,1090,109000.00,2017-01-03 04:23:00.577000
14025,201701034235757,PRIN,6,29,100,1090,109000.00,2017-01-03 04:23:00.575700
14026,201701034235687,PRIN,25,17,20,1088,21760.00,2017-01-03 04:23:00.568700
14027,201701034235272,PRIN,25,45,50,1088,54400.00,2017-01-03 04:23:00.527200
14028,201701034235278,PRIN,25,54,330,1088,359040.00,2017-01-03 04:23:00.527800
14029,201701034235281,PRIN,25,21,100,1088,108800.00,2017-01-03 04:23:00.528100
14030,201701034235156,PRIN,22,54,50,1095,54750.00,2017-01-03 04:23:00.515600
14031,201701024234809,PRIN,20,49,100,1111,111100.00,2017-01-02 04:23:00.480900
14032,201701024234810,PRIN,42,49,400,1110,444000.00,2017-01-02 04:23:00.481000
14033,201701024234567,PRIN,6,56,100,1124,112400.00,2017-01-02 04:23:00.456700
14034,201701024234031,PRIN,32,38,100,1112,111200.00,2017-01-02 04:23:00.403100
14035,201701024234032,PRIN,53,38,200,1111,222200.00,2017-01-02 04:23:00.403200
14036,201701024234033,PRIN,41,38,30,1110,33300.00,2017-01-02 04:23:00.403300
14037,201701024234034,PRIN,33,38,70,1107,77490.00,2017-01-02 04:23:00.403400
14038,201701024233409,PRIN,48,48,100,1120,112000.00,2017-01-02 04:23:00.340900
14039,201701024233184,PRIN,48,57,200,1120,224000.00,2017-01-02 04:23:00.318400
14040,201701024233161,PRIN,48,44,200,1115,223000.00,2017-01-02 04:23:00.316100
14041,201701024232750,PRIN,57,57,100,1110,111000.00,2017-01-02 04:23:00.275000
14042,201701024232729,PRIN,40,57,100,1110,111000.00,2017-01-02 04:23:00.272900
14043,201701024232696,PRIN,47,14,10,1109,11090.00,2017-01-02 04:23:00.269600
14044,201701024232650,PRIN,6,7,200,1105,221000.00,2017-01-02 04:23:00.265000
14045,201701024232485,PRIN,33,34,80,1088,87040.00,2017-01-02 04:23:00.248500
14046,201701024232117,PRIN,33,47,15,1077,16155.00,2017-01-02 04:23:00.211700
14047,201701024231697,PRIN,22,56,100,1072,107200.00,2017-01-02 04:23:00.169700
14048,201701024231683,PRIN,22,34,150,1088,163200.00,2017-01-02 04:23:00.168300
14049,201701024231684,PRIN,55,34,70,1088,76160.00,2017-01-02 04:23:00.168400
14050,201701024231649,PRIN,29,33,20,1090,21800.00,2017-01-02 04:23:00.164900
14051,201701024231650,PRIN,36,33,80,1090,87200.00,2017-01-02 04:23:00.165000
14052,201701024231654,PRIN,36,54,20,1090,21800.00,2017-01-02 04:23:00.165400
14053,201701024231656,PRIN,46,54,80,1090,87200.00,2017-01-02 04:23:00.165600
14054,201701024231626,PRIN,56,34,100,1091,109100.00,2017-01-02 04:23:00.162600
14055,201701024231627,PRIN,22,34,70,1090,76300.00,2017-01-02 04:23:00.162700
14056,201701024231628,PRIN,29,34,30,1090,32700.00,2017-01-02 04:23:00.162800
14057,201701024231552,PRIN,22,53,10,1090,10900.00,2017-01-02 04:23:00.155200
14058,201701024231495,PRIN,52,40,80,1095,87600.00,2017-01-02 04:23:00.149500
14059,201701024231496,PRIN,41,40,200,1091,218200.00,2017-01-02 04:23:00.149600
14060,201701024231497,PRIN,22,40,20,1090,21800.00,2017-01-02 04:23:00.149700
14061,201701024231285,PRIN,21,54,100,1110,111000.00,2017-01-02 04:23:00.128500
14062,201701024231247,PRIN,43,26,45,1092,49140.00,2017-01-02 04:23:00.124700
14063,201701024231187,PRIN,40,44,200,1110,222000.00,2017-01-02 04:23:00.118700
14064,201701024230997,PRIN,45,44,50,1105,55250.00,2017-01-02 04:23:00.099700
14065,201701024230998,PRIN,45,43,100,1110,111000.00,2017-01-02 04:23:00.099800
14066,201701024230764,PRIN,47,43,50,1100,55000.00,2017-01-02 04:23:00.076400
14067,201701024230737,PRIN,22,6,50,1102,55100.00,2017-01-02 04:23:00.073700
14068,201701014230560,PRIN,6,33,700,1081,756700.00,2017-01-01 04:23:00.056000
14069,201701014230422,PRIN,21,33,50,1080,54000.00,2017-01-01 04:23:00.042200
14070,201701014230395,PRIN,36,21,50,1078,53900.00,2017-01-01 04:23:00.039500
14071,201701014230396,PRIN,36,33,450,1080,486000.00,2017-01-01 04:23:00.039600
14072,201701014229878,PRIN,45,14,50,1080,54000.00,2017-01-01 04:22:00.987800
14073,201701014229760,PRIN,17,14,50,1080,54000.00,2017-01-01 04:22:00.976000
14074,201701014229292,PRIN,17,34,50,1084,54200.00,2017-01-01 04:22:00.929200
14075,201701014229282,PRIN,45,56,50,1080,54000.00,2017-01-01 04:22:00.928200
14076,201701014229283,PRIN,45,56,100,1080,108000.00,2017-01-01 04:22:00.928300
14077,201701014229033,PRIN,45,28,50,1080,54000.00,2017-01-01 04:22:00.903300
14078,201701014228783,PRIN,25,59,100,1077,107700.00,2017-01-01 04:22:00.878300
14079,201701014228784,PRIN,22,59,100,1077,107700.00,2017-01-01 04:22:00.878400
14080,201701014228785,PRIN,42,59,100,1072,107200.00,2017-01-01 04:22:00.878500
14081,201701014228709,PRIN,37,28,40,1080,43200.00,2017-01-01 04:22:00.870900
14082,201701014228710,PRIN,51,28,50,1080,54000.00,2017-01-01 04:22:00.871000
14083,201701014228711,PRIN,1,28,50,1080,54000.00,2017-01-01 04:22:00.871100
14084,201701014228712,PRIN,22,28,100,1080,108000.00,2017-01-01 04:22:00.871200
14085,201701014228684,PRIN,22,40,100,1080,108000.00,2017-01-01 04:22:00.868400
14086,201701014228609,PRIN,6,56,140,1082,151480.00,2017-01-01 04:22:00.860900
14087,201701014228588,PRIN,6,56,150,1082,162300.00,2017-01-01 04:22:00.858800
14088,201701014228300,PRIN,6,33,100,1090,109000.00,2017-01-01 04:22:00.830000
14089,201701014228307,PRIN,51,14,57,1080,61560.00,2017-01-01 04:22:00.830700
14090,201701014228210,PRIN,26,29,100,1085,108500.00,2017-01-01 04:22:00.821000
14091,201701014228025,PRIN,57,34,100,1085,108500.00,2017-01-01 04:22:00.802500
14092,201701014227822,PRIN,26,56,60,1084,65040.00,2017-01-01 04:22:00.782200
14093,201701014227583,PRIN,57,33,200,1085,217000.00,2017-01-01 04:22:00.758300
14094,201701014227254,PRIN,6,44,100,1090,109000.00,2017-01-01 04:22:00.725400
14095,201701014227255,PRIN,6,47,100,1090,109000.00,2017-01-01 04:22:00.725500
14096,201701014227256,PRIN,6,32,190,1093,207670.00,2017-01-01 04:22:00.725600
14097,201701014227257,PRIN,6,14,20,1093,21860.00,2017-01-01 04:22:00.725700
14098,201701014227259,PRIN,6,54,100,1100,110000.00,2017-01-01 04:22:00.725900
14099,201701014227261,PRIN,11,38,100,1089,108900.00,2017-01-01 04:22:00.726100
14100,201701014227262,PRIN,38,38,100,1089,108900.00,2017-01-01 04:22:00.726200
14101,201701014227250,PRIN,38,38,400,1089,435600.00,2017-01-01 04:22:00.725000
14102,201701014226546,PRIN,20,6,100,1080,108000.00,2017-01-01 04:22:00.654600
14103,201701014226548,PRIN,16,6,200,1072,214400.00,2017-01-01 04:22:00.654800
14104,201701014226527,PRIN,42,7,100,1099,109900.00,2017-01-01 04:22:00.652700
14105,201701014226517,PRIN,16,6,250,1085,271250.00,2017-01-01 04:22:00.651700
14106,201701014226445,PRIN,16,43,50,1085,54250.00,2017-01-01 04:22:00.644500
14107,201701014226331,PRIN,29,6,50,1086,54300.00,2017-01-01 04:22:00.633100
14108,201701014226317,PRIN,52,6,50,1086,54300.00,2017-01-01 04:22:00.631700
14109,201701014226320,PRIN,7,43,100,1065,106500.00,2017-01-01 04:22:00.632000
1,2018123101005099,PRIN,4,41,20,465,9300.00,2018-12-31 01:00:00.509900
2,2018123101004991,PRIN,28,25,301,461,138761.00,2018-12-31 01:00:00.499100
3,2018123101004655,PRIN,22,4,354,460,162840.00,2018-12-31 01:00:00.465500
4,2018123101004654,PRIN,50,4,200,460,92000.00,2018-12-31 01:00:00.465400
5,2018123101004653,PRIN,58,4,100,460,46000.00,2018-12-31 01:00:00.465300
6,2018123101004652,PRIN,56,4,200,461,92200.00,2018-12-31 01:00:00.465200
7,2018123101004651,PRIN,40,4,300,461,138300.00,2018-12-31 01:00:00.465100
8,2018123101004650,PRIN,28,4,200,462,92400.00,2018-12-31 01:00:00.465000
9,2018123101004649,PRIN,53,4,46,462,21252.00,2018-12-31 01:00:00.464900
10,2018123101004648,PRIN,14,4,100,463,46300.00,2018-12-31 01:00:00.464800
11,2018123101004576,PRIN,22,25,100,463,46300.00,2018-12-31 01:00:00.457600
12,2018123101004557,PRIN,22,41,200,465,93000.00,2018-12-31 01:00:00.455700
13,2018123101004538,PRIN,25,41,200,465,93000.00,2018-12-31 01:00:00.453800
14,2018123101004438,PRIN,53,49,54,462,24948.00,2018-12-31 01:00:00.443800
15,2018123101004437,PRIN,22,49,46,463,21298.00,2018-12-31 01:00:00.443700
16,2018123101004323,PRIN,22,26,40,463,18520.00,2018-12-31 01:00:00.432300
17,2018123101004292,PRIN,22,39,100,463,46300.00,2018-12-31 01:00:00.429200
18,2018123101004287,PRIN,42,41,50,465,23250.00,2018-12-31 01:00:00.428700
19,2018123101004096,PRIN,22,26,14,463,6482.00,2018-12-31 01:00:00.409600
20,2018123101004095,PRIN,34,26,106,463,49078.00,2018-12-31 01:00:00.409500
21,2018123101004045,PRIN,22,41,100,465,46500.00,2018-12-31 01:00:00.404500
22,2018123101003923,PRIN,28,41,90,465,41850.00,2018-12-31 01:00:00.392300
23,2018123101003784,PRIN,34,36,94,463,43522.00,2018-12-31 01:00:00.378400
24,2018123101003783,PRIN,6,36,200,464,92800.00,2018-12-31 01:00:00.378300
25,2018123101003782,PRIN,45,36,1000,464,464000.00,2018-12-31 01:00:00.378200
26,2018123101003781,PRIN,28,36,355,466,165430.00,2018-12-31 01:00:00.378100
27,2018123101003780,PRIN,22,36,100,466,46600.00,2018-12-31 01:00:00.378000
28,2018123101003779,PRIN,32,36,100,468,46800.00,2018-12-31 01:00:00.377900
29,2018123101003778,PRIN,25,36,151,468,70668.00,2018-12-31 01:00:00.377800
30,2018123101003726,PRIN,25,39,50,468,23400.00,2018-12-31 01:00:00.372600
31,2018123101003474,PRIN,25,45,99,468,46332.00,2018-12-31 01:00:00.347400
32,2018123101003361,PRIN,59,28,425,469,199325.00,2018-12-31 01:00:00.336100
33,2018123101003353,PRIN,22,41,100,470,47000.00,2018-12-31 01:00:00.335300
34,2018123101003352,PRIN,29,41,100,470,47000.00,2018-12-31 01:00:00.335200
35,2018123101003349,PRIN,19,28,182,471,85722.00,2018-12-31 01:00:00.334900
36,2018123101003328,PRIN,19,51,318,471,149778.00,2018-12-31 01:00:00.332800
37,2018123101003327,PRIN,32,51,100,472,47200.00,2018-12-31 01:00:00.332700
38,2018123101003326,PRIN,33,51,60,472,28320.00,2018-12-31 01:00:00.332600
39,2018123101002943,PRIN,51,51,3,479,1437.00,2018-12-31 01:00:00.294300
40,2018123101002556,PRIN,36,35,753,474,356922.00,2018-12-31 01:00:00.255600
41,2018123101002547,PRIN,33,14,300,472,141600.00,2018-12-31 01:00:00.254700
42,2018123101002525,PRIN,35,6,100,473,47300.00,2018-12-31 01:00:00.252500
43,2018123101002524,PRIN,22,6,22,473,10406.00,2018-12-31 01:00:00.252400
44,2018123101002399,PRIN,22,36,50,473,23650.00,2018-12-31 01:00:00.239900
45,2018123101002368,PRIN,22,50,28,473,13244.00,2018-12-31 01:00:00.236800
46,2018123101002220,PRIN,16,16,1,475,475.00,2018-12-31 01:00:00.222000
47,2018123101001969,PRIN,45,28,33,479,15807.00,2018-12-31 01:00:00.196900
48,2018123101001955,PRIN,41,45,200,475,95000.00,2018-12-31 01:00:00.195500
49,2018123101001926,PRIN,45,58,200,476,95200.00,2018-12-31 01:00:00.192600
50,2018123101001878,PRIN,45,42,100,476,47600.00,2018-12-31 01:00:00.187800
51,2018123101001790,PRIN,49,28,11,479,5269.00,2018-12-31 01:00:00.179000
52,2018123101001672,PRIN,33,38,140,472,66080.00,2018-12-31 01:00:00.167200
53,2018123101001567,PRIN,58,6,100,475,47500.00,2018-12-31 01:00:00.156700
54,2018123101001566,PRIN,58,49,200,475,95000.00,2018-12-31 01:00:00.156600
55,2018123101001563,PRIN,36,49,100,475,47500.00,2018-12-31 01:00:00.156300
56,2018123101001544,PRIN,16,34,1370,472,646640.00,2018-12-31 01:00:00.154400
57,2018123101001476,PRIN,45,42,530,470,249100.00,2018-12-31 01:00:00.147600
58,2018123101001422,PRIN,10,42,100,470,47000.00,2018-12-31 01:00:00.142200
59,2018123101001417,PRIN,22,42,200,470,94000.00,2018-12-31 01:00:00.141700
60,2018123101001371,PRIN,16,34,150,470,70500.00,2018-12-31 01:00:00.137100
61,2018123101001147,PRIN,47,22,180,468,84240.00,2018-12-31 01:00:00.114700
62,2018123101001140,PRIN,11,22,20,468,9360.00,2018-12-31 01:00:00.114000
63,2018123101001121,PRIN,22,22,200,468,93600.00,2018-12-31 01:00:00.112100
64,2018123101001120,PRIN,40,22,100,468,46800.00,2018-12-31 01:00:00.112000
65,2018123101001008,PRIN,40,25,100,468,46800.00,2018-12-31 01:00:00.100800
66,2018123101000971,PRIN,50,34,50,470,23500.00,2018-12-31 01:00:00.097100
67,2018123101000930,PRIN,10,17,500,471,235500.00,2018-12-31 01:00:00.093000
68,2018123101000349,PRIN,42,41,10,480,4800.00,2018-12-31 01:00:00.034900
69,2018123001005381,PRIN,22,42,100,477,47700.00,2018-12-30 01:00:00.538100
70,2018123001005314,PRIN,22,58,100,476,47600.00,2018-12-30 01:00:00.531400
71,2018123001005277,PRIN,22,58,200,476,95200.00,2018-12-30 01:00:00.527700
72,2018123001005217,PRIN,51,28,33,475,15675.00,2018-12-30 01:00:00.521700
73,2018123001005216,PRIN,33,28,167,475,79325.00,2018-12-30 01:00:00.521600
74,2018123001005015,PRIN,40,58,100,477,47700.00,2018-12-30 01:00:00.501500
75,2018123001004985,PRIN,33,35,33,475,15675.00,2018-12-30 01:00:00.498500
76,2018123001004984,PRIN,40,35,13,475,6175.00,2018-12-30 01:00:00.498400
77,2018123001004983,PRIN,22,35,200,476,95200.00,2018-12-30 01:00:00.498300
78,2018123001004820,PRIN,22,28,200,477,95400.00,2018-12-30 01:00:00.482000
79,2018123001004789,PRIN,40,28,87,475,41325.00,2018-12-30 01:00:00.478900
80,2018123001004788,PRIN,41,28,113,475,53675.00,2018-12-30 01:00:00.478800
81,2018123001004723,PRIN,41,20,204,475,96900.00,2018-12-30 01:00:00.472300
82,2018123001004417,PRIN,41,19,100,475,47500.00,2018-12-30 01:00:00.441700
83,2018123001004405,PRIN,10,42,13,476,6188.00,2018-12-30 01:00:00.440500
84,2018123001004341,PRIN,41,28,83,475,39425.00,2018-12-30 01:00:00.434100
85,2018123001004340,PRIN,41,28,393,475,186675.00,2018-12-30 01:00:00.434000
86,2018123001004306,PRIN,41,21,29,475,13775.00,2018-12-30 01:00:00.430600
87,2018123001004305,PRIN,22,21,100,476,47600.00,2018-12-30 01:00:00.430500
88,2018123001004304,PRIN,41,21,119,476,56644.00,2018-12-30 01:00:00.430400
89,2018123001004162,PRIN,41,36,200,476,95200.00,2018-12-30 01:00:00.416200
90,2018123001004036,PRIN,41,14,149,476,70924.00,2018-12-30 01:00:00.403600
91,2018123001004035,PRIN,41,43,32,476,15232.00,2018-12-30 01:00:00.403500
92,2018123001004034,PRIN,49,43,18,477,8586.00,2018-12-30 01:00:00.403400
93,2018123001003949,PRIN,49,7,282,477,134514.00,2018-12-30 01:00:00.394900
94,2018123001003948,PRIN,49,7,118,477,56286.00,2018-12-30 01:00:00.394800
95,2018123001003929,PRIN,32,51,22,479,10538.00,2018-12-30 01:00:00.392900
96,2018123001003918,PRIN,32,50,28,479,13412.00,2018-12-30 01:00:00.391800
97,2018123001003888,PRIN,49,26,303,477,144531.00,2018-12-30 01:00:00.388800
98,2018123001003664,PRIN,49,16,79,477,37683.00,2018-12-30 01:00:00.366400
99,2018123001003638,PRIN,38,50,72,479,34488.00,2018-12-30 01:00:00.363800
100,2018123001003627,PRIN,47,35,100,480,48000.00,2018-12-30 01:00:00.362700
101,2018123001003421,PRIN,38,56,28,479,13412.00,2018-12-30 01:00:00.342100
102,2018123001003291,PRIN,40,59,400,479,191600.00,2018-12-30 01:00:00.329100
103,2018123001003290,PRIN,22,59,25,480,12000.00,2018-12-30 01:00:00.329000
104,2018123001003261,PRIN,22,16,175,480,84000.00,2018-12-30 01:00:00.326100
105,2018123001003212,PRIN,22,42,200,480,96000.00,2018-12-30 01:00:00.321200
106,2018123001003211,PRIN,25,42,200,480,96000.00,2018-12-30 01:00:00.321100
107,2018123001003210,PRIN,28,42,300,481,144300.00,2018-12-30 01:00:00.321000
108,2018123001003144,PRIN,28,19,200,481,96200.00,2018-12-30 01:00:00.314400
109,2018123001003143,PRIN,20,19,200,482,96400.00,2018-12-30 01:00:00.314300
110,2018123001003115,PRIN,34,28,200,483,96600.00,2018-12-30 01:00:00.311500
111,2018123001003064,PRIN,29,28,50,484,24200.00,2018-12-30 01:00:00.306400
112,2018123001002679,PRIN,28,10,500,485,242500.00,2018-12-30 01:00:00.267900
113,2018123001002472,PRIN,32,10,498,485,241530.00,2018-12-30 01:00:00.247200
114,2018123001002103,PRIN,25,26,100,480,48000.00,2018-12-30 01:00:00.210300
115,2018123001002102,PRIN,25,49,200,480,96000.00,2018-12-30 01:00:00.210200
116,2018123001001902,PRIN,13,22,100,479,47900.00,2018-12-30 01:00:00.190200
117,2018123001001901,PRIN,13,42,50,479,23950.00,2018-12-30 01:00:00.190100
118,2018123001001900,PRIN,13,42,100,479,47900.00,2018-12-30 01:00:00.190000
119,2018123001001899,PRIN,13,52,50,479,23950.00,2018-12-30 01:00:00.189900
120,2018123001001898,PRIN,13,50,46,478,21988.00,2018-12-30 01:00:00.189800
121,2018123001001741,PRIN,45,40,750,478,358500.00,2018-12-30 01:00:00.174100
122,2018123001001740,PRIN,45,35,300,478,143400.00,2018-12-30 01:00:00.174000
123,2018123001001701,PRIN,13,37,110,475,52250.00,2018-12-30 01:00:00.170100
124,2018123001001683,PRIN,13,40,19,472,8968.00,2018-12-30 01:00:00.168300
125,2018123001001521,PRIN,28,46,145,471,68295.00,2018-12-30 01:00:00.152100
126,2018123001001514,PRIN,50,59,150,470,70500.00,2018-12-30 01:00:00.151400
127,2018123001001513,PRIN,50,59,50,470,23500.00,2018-12-30 01:00:00.151300
128,2018123001001467,PRIN,28,46,19,471,8949.00,2018-12-30 01:00:00.146700
129,2018123001001455,PRIN,28,45,220,471,103620.00,2018-12-30 01:00:00.145500
130,2018123001001382,PRIN,28,43,261,471,122931.00,2018-12-30 01:00:00.138200
131,2018123001001213,PRIN,54,46,100,475,47500.00,2018-12-30 01:00:00.121300
132,2018123001001212,PRIN,50,46,50,475,23750.00,2018-12-30 01:00:00.121200
133,2018123001001211,PRIN,17,46,186,475,88350.00,2018-12-30 01:00:00.121100
134,2018123001000843,PRIN,35,52,50,479,23950.00,2018-12-30 01:00:00.084300
135,2018123001000842,PRIN,35,51,50,479,23950.00,2018-12-30 01:00:00.084200
136,2018123001000757,PRIN,17,39,100,475,47500.00,2018-12-30 01:00:00.075700
137,2018123001000752,PRIN,17,52,200,475,95000.00,2018-12-30 01:00:00.075200
138,2018123001000726,PRIN,17,28,14,475,6650.00,2018-12-30 01:00:00.072600
139,2018123001000725,PRIN,47,28,300,480,144000.00,2018-12-30 01:00:00.072500
140,2018123001000724,PRIN,45,28,70,480,33600.00,2018-12-30 01:00:00.072400
141,2018123001000723,PRIN,19,28,16,482,7712.00,2018-12-30 01:00:00.072300
142,2018123001000661,PRIN,19,28,284,482,136888.00,2018-12-30 01:00:00.066100
143,2018123001000660,PRIN,43,28,300,483,144900.00,2018-12-30 01:00:00.066000
144,2018123001000659,PRIN,45,28,16,483,7728.00,2018-12-30 01:00:00.065900
145,2018123001000458,PRIN,45,58,84,483,40572.00,2018-12-30 01:00:00.045800
146,2018123001000457,PRIN,38,58,100,483,48300.00,2018-12-30 01:00:00.045700
147,2018123001000362,PRIN,33,28,300,485,145500.00,2018-12-30 01:00:00.036200
148,2018123001000361,PRIN,4,28,50,486,24300.00,2018-12-30 01:00:00.036100
149,2018123001000170,PRIN,6,43,10,494,4940.00,2018-12-30 01:00:00.017000
150,2018123001000158,PRIN,33,1,50,494,24700.00,2018-12-30 01:00:00.015800
151,2018123001000141,PRIN,13,1,100,485,48500.00,2018-12-30 01:00:00.014100
152,2018123001000131,PRIN,4,1,54,484,26136.00,2018-12-30 01:00:00.013100
153,2018123001000032,PRIN,45,1,100,475,47500.00,2018-12-30 01:00:00.003200
154,2018122701010346,PRIN,56,34,100,476,47600.00,2018-12-27 01:01:00.034600
155,2018122701010249,PRIN,53,49,147,476,69972.00,2018-12-27 01:01:00.024900
156,2018122701010244,PRIN,14,40,1000,478,478000.00,2018-12-27 01:01:00.024400
157,2018122701010188,PRIN,53,33,53,476,25228.00,2018-12-27 01:01:00.018800
158,2018122701010120,PRIN,56,40,1500,478,717000.00,2018-12-27 01:01:00.012000
159,2018122701010071,PRIN,25,40,50,478,23900.00,2018-12-27 01:01:00.007100
160,2018122701009993,PRIN,41,38,78,475,37050.00,2018-12-27 01:00:00.999300
161,2018122701009992,PRIN,35,38,100,475,47500.00,2018-12-27 01:00:00.999200
162,2018122701009991,PRIN,42,38,200,475,95000.00,2018-12-27 01:00:00.999100
163,2018122701009990,PRIN,40,38,267,476,127092.00,2018-12-27 01:00:00.999000
164,2018122701009980,PRIN,40,32,33,476,15708.00,2018-12-27 01:00:00.998000
165,2018122701009934,PRIN,40,34,200,479,95800.00,2018-12-27 01:00:00.993400
166,2018122701009911,PRIN,56,38,100,476,47600.00,2018-12-27 01:00:00.991100
167,2018122701009843,PRIN,56,19,100,480,48000.00,2018-12-27 01:00:00.984300
168,2018122701009842,PRIN,56,16,100,480,48000.00,2018-12-27 01:00:00.984200
169,2018122701009823,PRIN,56,21,50,478,23900.00,2018-12-27 01:00:00.982300
170,2018122701009822,PRIN,56,13,14,477,6678.00,2018-12-27 01:00:00.982200
171,2018122701009781,PRIN,56,5,200,474,94800.00,2018-12-27 01:00:00.978100
172,2018122701009724,PRIN,35,38,200,479,95800.00,2018-12-27 01:00:00.972400
173,2018122701009613,PRIN,36,49,30,473,14190.00,2018-12-27 01:00:00.961300
174,2018122701009612,PRIN,36,49,150,473,70950.00,2018-12-27 01:00:00.961200
175,2018122701009534,PRIN,36,52,350,473,165550.00,2018-12-27 01:00:00.953400
176,2018122701009169,PRIN,56,43,70,474,33180.00,2018-12-27 01:00:00.916900
177,2018122701008944,PRIN,1,21,67,472,31624.00,2018-12-27 01:00:00.894400
178,2018122701008943,PRIN,10,21,33,472,15576.00,2018-12-27 01:00:00.894300
179,2018122701008906,PRIN,10,49,467,472,220424.00,2018-12-27 01:00:00.890600
180,2018122701008905,PRIN,40,49,200,472,94400.00,2018-12-27 01:00:00.890500
181,2018122701008778,PRIN,48,43,30,474,14220.00,2018-12-27 01:00:00.877800
182,2018122701008774,PRIN,57,47,100,473,47300.00,2018-12-27 01:00:00.877400
183,2018122701008773,PRIN,17,47,200,474,94800.00,2018-12-27 01:00:00.877300
184,2018122701008662,PRIN,57,34,100,473,47300.00,2018-12-27 01:00:00.866200
185,2018122701008590,PRIN,14,49,250,475,118750.00,2018-12-27 01:00:00.859000
186,2018122701008560,PRIN,14,49,250,475,118750.00,2018-12-27 01:00:00.856000
187,2018122701008559,PRIN,39,49,200,475,95000.00,2018-12-27 01:00:00.855900
188,2018122701008558,PRIN,40,49,50,476,23800.00,2018-12-27 01:00:00.855800
189,2018122701008516,PRIN,25,41,100,478,47800.00,2018-12-27 01:00:00.851600
190,2018122701008515,PRIN,47,41,100,478,47800.00,2018-12-27 01:00:00.851500
191,2018122701008461,PRIN,47,41,100,478,47800.00,2018-12-27 01:00:00.846100
192,2018122701008424,PRIN,40,41,93,480,44640.00,2018-12-27 01:00:00.842400
193,2018122701008395,PRIN,40,17,50,480,24000.00,2018-12-27 01:00:00.839500
194,2018122701008387,PRIN,40,57,57,480,27360.00,2018-12-27 01:00:00.838700
195,2018122701008386,PRIN,16,57,117,480,56160.00,2018-12-27 01:00:00.838600
196,2018122701008345,PRIN,16,34,60,480,28800.00,2018-12-27 01:00:00.834500
197,2018122701008344,PRIN,38,34,100,481,48100.00,2018-12-27 01:00:00.834400
198,2018122701008343,PRIN,55,34,20,481,9620.00,2018-12-27 01:00:00.834300
199,2018122701008342,PRIN,11,34,20,481,9620.00,2018-12-27 01:00:00.834200
200,2018122701008322,PRIN,50,49,13,483,6279.00,2018-12-27 01:00:00.832200
201,2018122701008321,PRIN,50,6,200,483,96600.00,2018-12-27 01:00:00.832100
202,2018122701008299,PRIN,50,49,100,483,48300.00,2018-12-27 01:00:00.829900
203,2018122701008234,PRIN,50,18,92,483,44436.00,2018-12-27 01:00:00.823400
204,2018122701008227,PRIN,50,49,200,483,96600.00,2018-12-27 01:00:00.822700
205,2018122701008205,PRIN,50,49,200,483,96600.00,2018-12-27 01:00:00.820500
206,2018122701008198,PRIN,50,37,195,483,94185.00,2018-12-27 01:00:00.819800
207,2018122701008197,PRIN,48,37,35,484,16940.00,2018-12-27 01:00:00.819700
208,2018122701008196,PRIN,17,37,300,484,145200.00,2018-12-27 01:00:00.819600
209,2018122701008195,PRIN,34,37,28,484,13552.00,2018-12-27 01:00:00.819500
210,2018122701008153,PRIN,34,43,100,484,48400.00,2018-12-27 01:00:00.815300
211,2018122701008123,PRIN,34,49,72,484,34848.00,2018-12-27 01:00:00.812300
212,2018122701008097,PRIN,42,25,92,485,44620.00,2018-12-27 01:00:00.809700
213,2018122701008095,PRIN,42,21,70,485,33950.00,2018-12-27 01:00:00.809500
214,2018122701008093,PRIN,42,28,418,485,202730.00,2018-12-27 01:00:00.809300
215,2018122701008069,PRIN,42,28,100,485,48500.00,2018-12-27 01:00:00.806900
216,2018122701007989,PRIN,42,28,320,485,155200.00,2018-12-27 01:00:00.798900
217,2018122701007988,PRIN,45,28,30,486,14580.00,2018-12-27 01:00:00.798800
218,2018122701007952,PRIN,45,34,300,486,145800.00,2018-12-27 01:00:00.795200
219,2018122701007855,PRIN,45,49,170,486,82620.00,2018-12-27 01:00:00.785500
220,2018122701007723,PRIN,45,49,200,489,97800.00,2018-12-27 01:00:00.772300
221,2018122701007526,PRIN,55,28,143,488,69784.00,2018-12-27 01:00:00.752600
222,2018122701007525,PRIN,55,38,57,487,27759.00,2018-12-27 01:00:00.752500
223,2018122701007424,PRIN,56,56,120,484,58080.00,2018-12-27 01:00:00.742400
224,2018122701007300,PRIN,55,28,330,485,160050.00,2018-12-27 01:00:00.730000
225,2018122701007240,PRIN,51,56,50,486,24300.00,2018-12-27 01:00:00.724000
226,2018122701007089,PRIN,13,56,30,488,14640.00,2018-12-27 01:00:00.708900
227,2018122701006998,PRIN,51,46,50,486,24300.00,2018-12-27 01:00:00.699800
228,2018122701006950,PRIN,55,34,170,485,82450.00,2018-12-27 01:00:00.695000
229,2018122701006949,PRIN,54,34,200,485,97000.00,2018-12-27 01:00:00.694900
230,2018122701006948,PRIN,22,34,130,485,63050.00,2018-12-27 01:00:00.694800
231,2018122701006915,PRIN,22,46,50,486,24300.00,2018-12-27 01:00:00.691500
232,2018122701006914,PRIN,36,46,50,486,24300.00,2018-12-27 01:00:00.691400
233,2018122701006634,PRIN,14,7,500,490,245000.00,2018-12-27 01:00:00.663400
234,2018122701006607,PRIN,55,29,50,490,24500.00,2018-12-27 01:00:00.660700
235,2018122701006475,PRIN,41,29,50,490,24500.00,2018-12-27 01:00:00.647500
236,2018122701006310,PRIN,56,34,100,485,48500.00,2018-12-27 01:00:00.631000
237,2018122701006287,PRIN,51,34,100,485,48500.00,2018-12-27 01:00:00.628700
238,2018122701006224,PRIN,56,26,87,484,42108.00,2018-12-27 01:00:00.622400
239,2018122701006143,PRIN,16,28,75,483,36225.00,2018-12-27 01:00:00.614300
240,2018122701006142,PRIN,16,25,48,483,23184.00,2018-12-27 01:00:00.614200
241,2018122701006122,PRIN,58,25,50,483,24150.00,2018-12-27 01:00:00.612200
242,2018122701006099,PRIN,29,50,50,482,24100.00,2018-12-27 01:00:00.609900
243,2018122701006098,PRIN,29,40,40,481,19240.00,2018-12-27 01:00:00.609800
244,2018122701005990,PRIN,58,45,590,480,283200.00,2018-12-27 01:00:00.599000
245,2018122701005986,PRIN,50,45,50,480,24000.00,2018-12-27 01:00:00.598600
246,2018122701005898,PRIN,58,28,101,478,48278.00,2018-12-27 01:00:00.589800
247,2018122701005855,PRIN,6,28,300,478,143400.00,2018-12-27 01:00:00.585500
248,2018122701005854,PRIN,7,28,500,480,240000.00,2018-12-27 01:00:00.585400
249,2018122701005853,PRIN,28,28,479,480,229920.00,2018-12-27 01:00:00.585300
250,2018122701005758,PRIN,28,49,100,480,48000.00,2018-12-27 01:00:00.575800
251,2018122701005742,PRIN,22,49,100,481,48100.00,2018-12-27 01:00:00.574200
252,2018122701005628,PRIN,51,40,10,481,4810.00,2018-12-27 01:00:00.562800
253,2018122701005546,PRIN,28,22,411,480,197280.00,2018-12-27 01:00:00.554600
254,2018122701005541,PRIN,28,54,10,480,4800.00,2018-12-27 01:00:00.554100
255,2018122701005490,PRIN,28,40,10,479,4790.00,2018-12-27 01:00:00.549000
256,2018122701005489,PRIN,41,40,50,479,23950.00,2018-12-27 01:00:00.548900
257,2018122701005398,PRIN,41,54,100,480,48000.00,2018-12-27 01:00:00.539800
258,2018122701005397,PRIN,13,54,390,480,187200.00,2018-12-27 01:00:00.539700
259,2018122701005355,PRIN,7,40,100,481,48100.00,2018-12-27 01:00:00.535500
260,2018122701005354,PRIN,42,40,300,481,144300.00,2018-12-27 01:00:00.535400
261,2018122701005343,PRIN,46,50,50,482,24100.00,2018-12-27 01:00:00.534300
262,2018122701005277,PRIN,11,25,80,483,38640.00,2018-12-27 01:00:00.527700
263,2018122701005268,PRIN,17,25,22,483,10626.00,2018-12-27 01:00:00.526800
264,2018122701005267,PRIN,17,28,478,483,230874.00,2018-12-27 01:00:00.526700
265,2018122701005266,PRIN,16,28,72,484,34848.00,2018-12-27 01:00:00.526600
266,2018122701005256,PRIN,16,55,23,484,11132.00,2018-12-27 01:00:00.525600
267,2018122701005202,PRIN,16,28,55,484,26620.00,2018-12-27 01:00:00.520200
268,2018122701005130,PRIN,29,49,139,485,67415.00,2018-12-27 01:00:00.513000
269,2018122701005125,PRIN,16,49,200,484,96800.00,2018-12-27 01:00:00.512500
270,2018122701004998,PRIN,22,49,200,485,97000.00,2018-12-27 01:00:00.499800
271,2018122701004997,PRIN,58,49,50,485,24250.00,2018-12-27 01:00:00.499700
272,2018122701004996,PRIN,25,49,59,487,28733.00,2018-12-27 01:00:00.499600
273,2018122701004920,PRIN,25,59,41,487,19967.00,2018-12-27 01:00:00.492000
274,2018122701004860,PRIN,25,58,100,487,48700.00,2018-12-27 01:00:00.486000
275,2018122701004859,PRIN,41,58,100,487,48700.00,2018-12-27 01:00:00.485900
276,2018122701004765,PRIN,16,26,150,488,73200.00,2018-12-27 01:00:00.476500
277,2018122701004764,PRIN,35,26,200,488,97600.00,2018-12-27 01:00:00.476400
278,2018122701004501,PRIN,26,29,100,490,49000.00,2018-12-27 01:00:00.450100
279,2018122701004500,PRIN,3,29,150,490,73500.00,2018-12-27 01:00:00.450000
280,2018122701004499,PRIN,59,29,150,490,73500.00,2018-12-27 01:00:00.449900
281,2018122701004419,PRIN,28,34,400,492,196800.00,2018-12-27 01:00:00.441900
282,2018122701004418,PRIN,26,34,30,492,14760.00,2018-12-27 01:00:00.441800
283,2018122701004331,PRIN,25,38,200,494,98800.00,2018-12-27 01:00:00.433100
284,2018122701004016,PRIN,14,38,50,494,24700.00,2018-12-27 01:00:00.401600
285,2018122701003921,PRIN,49,49,200,495,99000.00,2018-12-27 01:00:00.392100
286,2018122701003914,PRIN,11,49,100,495,49500.00,2018-12-27 01:00:00.391400
287,2018122701003872,PRIN,22,49,218,495,107910.00,2018-12-27 01:00:00.387200
288,2018122701003860,PRIN,22,28,32,495,15840.00,2018-12-27 01:00:00.386000
289,2018122701003859,PRIN,16,28,66,495,32670.00,2018-12-27 01:00:00.385900
290,2018122701003817,PRIN,16,22,250,495,123750.00,2018-12-27 01:00:00.381700
291,2018122701003815,PRIN,16,53,234,495,115830.00,2018-12-27 01:00:00.381500
292,2018122701003814,PRIN,56,53,20,496,9920.00,2018-12-27 01:00:00.381400
293,2018122701003594,PRIN,56,25,200,496,99200.00,2018-12-27 01:00:00.359400
294,2018122701003593,PRIN,56,7,30,496,14880.00,2018-12-27 01:00:00.359300
295,2018122701003536,PRIN,22,7,20,496,9920.00,2018-12-27 01:00:00.353600
296,2018122701003385,PRIN,56,44,100,496,49600.00,2018-12-27 01:00:00.338500
297,2018122701003358,PRIN,16,22,200,495,99000.00,2018-12-27 01:00:00.335800
298,2018122701003321,PRIN,16,21,100,495,49500.00,2018-12-27 01:00:00.332100
299,2018122701003159,PRIN,16,49,150,495,74250.00,2018-12-27 01:00:00.315900
300,2018122701003055,PRIN,28,49,50,495,24750.00,2018-12-27 01:00:00.305500
301,2018122701003034,PRIN,14,22,100,494,49400.00,2018-12-27 01:00:00.303400
302,2018122701002983,PRIN,49,49,100,495,49500.00,2018-12-27 01:00:00.298300
303,2018122701002968,PRIN,10,7,200,497,99400.00,2018-12-27 01:00:00.296800
304,2018122701002967,PRIN,10,28,200,497,99400.00,2018-12-27 01:00:00.296700
305,2018122701002966,PRIN,10,16,100,497,49700.00,2018-12-27 01:00:00.296600
306,2018122701002954,PRIN,49,17,50,495,24750.00,2018-12-27 01:00:00.295400
307,2018122701002953,PRIN,49,38,50,495,24750.00,2018-12-27 01:00:00.295300
308,2018122701002905,PRIN,42,38,200,495,99000.00,2018-12-27 01:00:00.290500
309,2018122701002642,PRIN,28,38,250,495,123750.00,2018-12-27 01:00:00.264200
310,2018122701002641,PRIN,28,48,50,495,24750.00,2018-12-27 01:00:00.264100
311,2018122701002640,PRIN,28,6,100,495,49500.00,2018-12-27 01:00:00.264000
312,2018122701002631,PRIN,10,13,190,494,93860.00,2018-12-27 01:00:00.263100
313,2018122701002630,PRIN,10,19,100,494,49400.00,2018-12-27 01:00:00.263000
314,2018122701002629,PRIN,10,45,73,494,36062.00,2018-12-27 01:00:00.262900
315,2018122701002211,PRIN,57,43,100,494,49400.00,2018-12-27 01:00:00.221100
316,2018122701002207,PRIN,59,39,50,490,24500.00,2018-12-27 01:00:00.220700
317,2018122701002185,PRIN,43,43,100,494,49400.00,2018-12-27 01:00:00.218500
318,2018122701002073,PRIN,40,47,108,494,53352.00,2018-12-27 01:00:00.207300
319,2018122701002035,PRIN,49,49,8,495,3960.00,2018-12-27 01:00:00.203500
320,2018122701001965,PRIN,56,49,200,490,98000.00,2018-12-27 01:00:00.196500
321,2018122701001957,PRIN,59,53,38,488,18544.00,2018-12-27 01:00:00.195700
322,2018122701001929,PRIN,57,53,162,488,79056.00,2018-12-27 01:00:00.192900
323,2018122701001924,PRIN,57,53,138,488,67344.00,2018-12-27 01:00:00.192400
324,2018122701001912,PRIN,22,49,500,490,245000.00,2018-12-27 01:00:00.191200
325,2018122701001892,PRIN,49,47,92,494,45448.00,2018-12-27 01:00:00.189200
326,2018122701001874,PRIN,22,53,100,490,49000.00,2018-12-27 01:00:00.187400
327,2018122701001873,PRIN,32,53,150,490,73500.00,2018-12-27 01:00:00.187300
328,2018122701001781,PRIN,49,28,200,494,98800.00,2018-12-27 01:00:00.178100
329,2018122701001676,PRIN,53,50,2,488,976.00,2018-12-27 01:00:00.167600
330,2018122701001635,PRIN,33,49,200,493,98600.00,2018-12-27 01:00:00.163500
331,2018122701001451,PRIN,38,36,20,490,9800.00,2018-12-27 01:00:00.145100
332,2018122701001450,PRIN,38,51,1120,489,547680.00,2018-12-27 01:00:00.145000
333,2018122701001449,PRIN,38,55,50,489,24450.00,2018-12-27 01:00:00.144900
334,2018122701001448,PRIN,38,28,200,488,97600.00,2018-12-27 01:00:00.144800
335,2018122701001165,PRIN,29,49,200,488,97600.00,2018-12-27 01:00:00.116500
336,2018122701001151,PRIN,53,56,98,488,47824.00,2018-12-27 01:00:00.115100
337,2018122701001079,PRIN,55,56,435,488,212280.00,2018-12-27 01:00:00.107900
338,2018122701001067,PRIN,55,49,65,488,31720.00,2018-12-27 01:00:00.106700
339,2018122701001066,PRIN,48,49,35,488,17080.00,2018-12-27 01:00:00.106600
340,2018122701000967,PRIN,53,56,500,488,244000.00,2018-12-27 01:00:00.096700
341,2018122701000966,PRIN,53,49,100,488,48800.00,2018-12-27 01:00:00.096600
342,2018122701000838,PRIN,32,49,100,488,48800.00,2018-12-27 01:00:00.083800
343,2018122701000725,PRIN,13,49,610,480,292800.00,2018-12-27 01:00:00.072500
344,2018122701000707,PRIN,44,49,300,480,144000.00,2018-12-27 01:00:00.070700
345,2018122701000667,PRIN,55,49,50,480,24000.00,2018-12-27 01:00:00.066700
346,2018122701000662,PRIN,45,49,200,479,95800.00,2018-12-27 01:00:00.066200
347,2018122701000661,PRIN,36,49,200,479,95800.00,2018-12-27 01:00:00.066100
348,2018122701000602,PRIN,35,49,200,480,96000.00,2018-12-27 01:00:00.060200
349,2018122701000524,PRIN,26,49,200,480,96000.00,2018-12-27 01:00:00.052400
350,2018122701000523,PRIN,32,49,300,481,144300.00,2018-12-27 01:00:00.052300
351,2018122701000522,PRIN,58,49,500,481,240500.00,2018-12-27 01:00:00.052200
352,2018122701000521,PRIN,1,49,40,481,19240.00,2018-12-27 01:00:00.052100
353,2018122701000520,PRIN,36,49,200,485,97000.00,2018-12-27 01:00:00.052000
354,2018122701000519,PRIN,57,49,200,485,97000.00,2018-12-27 01:00:00.051900
355,2018122701000502,PRIN,57,7,200,485,97000.00,2018-12-27 01:00:00.050200
356,2018122701000501,PRIN,32,7,300,486,145800.00,2018-12-27 01:00:00.050100
357,2018122701000500,PRIN,22,7,200,486,97200.00,2018-12-27 01:00:00.050000
358,2018122701000498,PRIN,14,50,500,490,245000.00,2018-12-27 01:00:00.049800
359,2018122701000466,PRIN,32,50,500,490,245000.00,2018-12-27 01:00:00.046600
360,2018122701000440,PRIN,32,28,200,494,98800.00,2018-12-27 01:00:00.044000
361,2018122701000294,PRIN,41,53,200,490,98000.00,2018-12-27 01:00:00.029400
362,2018122701000218,PRIN,38,26,250,490,122500.00,2018-12-27 01:00:00.021800
363,2018122701000217,PRIN,7,26,300,492,147600.00,2018-12-27 01:00:00.021700
364,2018122701000208,PRIN,57,49,300,495,148500.00,2018-12-27 01:00:00.020800
365,2018122701000198,PRIN,19,26,100,500,50000.00,2018-12-27 01:00:00.019800
366,2018122701000132,PRIN,50,58,100,502,50200.00,2018-12-27 01:00:00.013200
367,2018122701000127,PRIN,35,49,161,501,80661.00,2018-12-27 01:00:00.012700
368,2018122701000126,PRIN,35,50,92,501,46092.00,2018-12-27 01:00:00.012600
369,2018122701000125,PRIN,35,16,897,500,448500.00,2018-12-27 01:00:00.012500
370,2018122701000111,PRIN,22,49,31,503,15593.00,2018-12-27 01:00:00.011100
371,2018122701000110,PRIN,22,49,469,502,235438.00,2018-12-27 01:00:00.011000
372,2018122701000103,PRIN,37,29,100,496,49600.00,2018-12-27 01:00:00.010300
373,2018122701000101,PRIN,34,58,1000,497,497000.00,2018-12-27 01:00:00.010100
374,2018122701000099,PRIN,19,49,300,503,150900.00,2018-12-27 01:00:00.009900
375,2018122701000098,PRIN,19,49,200,500,100000.00,2018-12-27 01:00:00.009800
376,2018122701000097,PRIN,19,28,42,500,21000.00,2018-12-27 01:00:00.009700
377,2018122701000081,PRIN,45,28,158,500,79000.00,2018-12-27 01:00:00.008100
378,2018122701000077,PRIN,45,49,42,499,20958.00,2018-12-27 01:00:00.007700
379,2018122701000062,PRIN,37,58,500,496,248000.00,2018-12-27 01:00:00.006200
380,2018122701000059,PRIN,19,49,100,495,49500.00,2018-12-27 01:00:00.005900
381,2018122701000044,PRIN,20,39,172,490,84280.00,2018-12-27 01:00:00.004400
382,2018122701000009,PRIN,20,49,20,487,9740.00,2018-12-27 01:00:00.000900
383,2018122601007618,PRIN,49,16,21,478,10038.00,2018-12-26 01:00:00.761800
384,2018122601007617,PRIN,49,14,29,477,13833.00,2018-12-26 01:00:00.761700
385,2018122601007527,PRIN,7,56,100,475,47500.00,2018-12-26 01:00:00.752700
386,2018122601007526,PRIN,7,42,100,475,47500.00,2018-12-26 01:00:00.752600
387,2018122601007507,PRIN,59,46,50,474,23700.00,2018-12-26 01:00:00.750700
388,2018122601007274,PRIN,35,49,200,474,94800.00,2018-12-26 01:00:00.727400
389,2018122601007079,PRIN,16,6,200,476,95200.00,2018-12-26 01:00:00.707900
390,2018122601006925,PRIN,44,52,49,473,23177.00,2018-12-26 01:00:00.692500
391,2018122601006924,PRIN,44,52,200,473,94600.00,2018-12-26 01:00:00.692400
392,2018122601006851,PRIN,40,28,100,472,47200.00,2018-12-26 01:00:00.685100
393,2018122601006848,PRIN,28,28,100,472,47200.00,2018-12-26 01:00:00.684800
394,2018122601006847,PRIN,28,14,200,472,94400.00,2018-12-26 01:00:00.684700
395,2018122601006839,PRIN,22,14,100,472,47200.00,2018-12-26 01:00:00.683900
396,2018122601006838,PRIN,22,17,200,472,94400.00,2018-12-26 01:00:00.683800
397,2018122601006796,PRIN,40,34,50,471,23550.00,2018-12-26 01:00:00.679600
398,2018122601006795,PRIN,40,38,101,471,47571.00,2018-12-26 01:00:00.679500
399,2018122601006744,PRIN,16,52,50,470,23500.00,2018-12-26 01:00:00.674400
400,2018122601006743,PRIN,16,22,50,470,23500.00,2018-12-26 01:00:00.674300
401,2018122601006742,PRIN,16,22,75,470,35250.00,2018-12-26 01:00:00.674200
402,2018122601006741,PRIN,16,6,50,470,23500.00,2018-12-26 01:00:00.674100
403,2018122601006740,PRIN,16,22,23,470,10810.00,2018-12-26 01:00:00.674000
404,2018122601006739,PRIN,16,45,1000,470,470000.00,2018-12-26 01:00:00.673900
405,2018122601006738,PRIN,16,25,100,470,47000.00,2018-12-26 01:00:00.673800
406,2018122601006737,PRIN,16,1,40,470,18800.00,2018-12-26 01:00:00.673700
407,2018122601006736,PRIN,16,39,105,470,49350.00,2018-12-26 01:00:00.673600
408,2018122601006735,PRIN,16,57,200,470,94000.00,2018-12-26 01:00:00.673500
409,2018122601006734,PRIN,16,19,400,470,188000.00,2018-12-26 01:00:00.673400
410,2018122601006656,PRIN,28,34,201,469,94269.00,2018-12-26 01:00:00.665600
411,2018122601006655,PRIN,28,47,50,469,23450.00,2018-12-26 01:00:00.665500
412,2018122601006582,PRIN,58,46,10,466,4660.00,2018-12-26 01:00:00.658200
413,2018122601006364,PRIN,28,59,110,467,51370.00,2018-12-26 01:00:00.636400
414,2018122601006177,PRIN,40,56,100,468,46800.00,2018-12-26 01:00:00.617700
415,2018122601006129,PRIN,19,47,50,469,23450.00,2018-12-26 01:00:00.612900
416,2018122601006128,PRIN,19,57,50,469,23450.00,2018-12-26 01:00:00.612800
417,2018122601006127,PRIN,19,34,100,469,46900.00,2018-12-26 01:00:00.612700
418,2018122601006108,PRIN,16,16,897,465,417105.00,2018-12-26 01:00:00.610800
419,2018122601006065,PRIN,58,59,500,466,233000.00,2018-12-26 01:00:00.606500
420,2018122601006064,PRIN,58,40,200,466,93200.00,2018-12-26 01:00:00.606400
421,2018122601005947,PRIN,58,59,500,465,232500.00,2018-12-26 01:00:00.594700
422,2018122601005939,PRIN,29,6,200,465,93000.00,2018-12-26 01:00:00.593900
423,2018122601005902,PRIN,58,59,500,464,232000.00,2018-12-26 01:00:00.590200
424,2018122601005812,PRIN,58,56,26,461,11986.00,2018-12-26 01:00:00.581200
425,2018122601005811,PRIN,54,56,80,463,37040.00,2018-12-26 01:00:00.581100
426,2018122601005792,PRIN,52,59,100,465,46500.00,2018-12-26 01:00:00.579200
427,2018122601005651,PRIN,57,59,400,465,186000.00,2018-12-26 01:00:00.565100
428,2018122601005418,PRIN,54,37,220,463,101860.00,2018-12-26 01:00:00.541800
429,2018122601005379,PRIN,49,49,1000,464,464000.00,2018-12-26 01:00:00.537900
430,2018122601005340,PRIN,10,52,394,463,182422.00,2018-12-26 01:00:00.534000
431,2018122601005269,PRIN,28,22,250,462,115500.00,2018-12-26 01:00:00.526900
432,2018122601005256,PRIN,49,45,1000,462,462000.00,2018-12-26 01:00:00.525600
433,2018122601005183,PRIN,58,48,106,461,48866.00,2018-12-26 01:00:00.518300
434,2018122601005182,PRIN,58,48,92,461,42412.00,2018-12-26 01:00:00.518200
435,2018122601004992,PRIN,28,33,418,460,192280.00,2018-12-26 01:00:00.499200
436,2018122601004955,PRIN,28,28,400,459,183600.00,2018-12-26 01:00:00.495500
437,2018122601004950,PRIN,16,28,100,459,45900.00,2018-12-26 01:00:00.495000
438,2018122601004806,PRIN,41,33,155,460,71300.00,2018-12-26 01:00:00.480600
439,2018122601004657,PRIN,41,58,845,460,388700.00,2018-12-26 01:00:00.465700
440,2018122601004656,PRIN,48,58,50,460,23000.00,2018-12-26 01:00:00.465600
441,2018122601004655,PRIN,28,58,150,461,69150.00,2018-12-26 01:00:00.465500
442,2018122601004547,PRIN,28,7,50,461,23050.00,2018-12-26 01:00:00.454700
443,2018122601004231,PRIN,51,49,1000,462,462000.00,2018-12-26 01:00:00.423100
444,2018122601004192,PRIN,16,33,200,465,93000.00,2018-12-26 01:00:00.419200
445,2018122601004191,PRIN,22,33,100,465,46500.00,2018-12-26 01:00:00.419100
446,2018122601004190,PRIN,28,33,127,465,59055.00,2018-12-26 01:00:00.419000
447,2018122601004160,PRIN,28,32,90,465,41850.00,2018-12-26 01:00:00.416000
448,2018122601004126,PRIN,28,45,283,465,131595.00,2018-12-26 01:00:00.412600
449,2018122601004119,PRIN,32,22,50,468,23400.00,2018-12-26 01:00:00.411900
450,2018122601004076,PRIN,25,49,366,466,170556.00,2018-12-26 01:00:00.407600
451,2018122601004037,PRIN,25,46,134,466,62444.00,2018-12-26 01:00:00.403700
452,2018122601004036,PRIN,25,46,500,467,233500.00,2018-12-26 01:00:00.403600
453,2018122601004035,PRIN,45,46,100,467,46700.00,2018-12-26 01:00:00.403500
454,2018122601003853,PRIN,38,25,140,469,65660.00,2018-12-26 01:00:00.385300
455,2018122601003543,PRIN,28,19,100,470,47000.00,2018-12-26 01:00:00.354300
456,2018122601003542,PRIN,28,16,100,470,47000.00,2018-12-26 01:00:00.354200
457,2018122601003462,PRIN,17,44,100,470,47000.00,2018-12-26 01:00:00.346200
458,2018122601003459,PRIN,49,44,200,470,94000.00,2018-12-26 01:00:00.345900
459,2018122601003435,PRIN,49,44,200,470,94000.00,2018-12-26 01:00:00.343500
460,2018122601003232,PRIN,7,33,363,470,170610.00,2018-12-26 01:00:00.323200
461,2018122601003231,PRIN,7,57,100,470,47000.00,2018-12-26 01:00:00.323100
462,2018122601003230,PRIN,7,53,100,470,47000.00,2018-12-26 01:00:00.323000
463,2018122601003229,PRIN,7,59,100,470,47000.00,2018-12-26 01:00:00.322900
464,2018122601003228,PRIN,7,49,150,470,70500.00,2018-12-26 01:00:00.322800
465,2018122601003227,PRIN,7,6,50,470,23500.00,2018-12-26 01:00:00.322700
466,2018122601003226,PRIN,7,38,226,470,106220.00,2018-12-26 01:00:00.322600
467,2018122601003181,PRIN,25,45,200,469,93800.00,2018-12-26 01:00:00.318100
468,2018122601003180,PRIN,25,33,366,469,171654.00,2018-12-26 01:00:00.318000
469,2018122601003150,PRIN,25,33,200,469,93800.00,2018-12-26 01:00:00.315000
470,2018122601003127,PRIN,54,33,434,469,203546.00,2018-12-26 01:00:00.312700
471,2018122601003126,PRIN,54,25,66,469,30954.00,2018-12-26 01:00:00.312600
472,2018122601002941,PRIN,45,43,100,469,46900.00,2018-12-26 01:00:00.294100
473,2018122601002703,PRIN,28,39,200,465,93000.00,2018-12-26 01:00:00.270300
474,2018122601002701,PRIN,29,19,300,465,139500.00,2018-12-26 01:00:00.270100
475,2018122601002700,PRIN,29,21,100,465,46500.00,2018-12-26 01:00:00.270000
476,2018122601002699,PRIN,29,22,100,465,46500.00,2018-12-26 01:00:00.269900
477,2018122601002666,PRIN,58,45,500,464,232000.00,2018-12-26 01:00:00.266600
478,2018122601002665,PRIN,58,38,100,464,46400.00,2018-12-26 01:00:00.266500
479,2018122601002637,PRIN,58,38,100,464,46400.00,2018-12-26 01:00:00.263700
480,2018122601002636,PRIN,58,34,100,464,46400.00,2018-12-26 01:00:00.263600
481,2018122601002635,PRIN,58,6,300,463,138900.00,2018-12-26 01:00:00.263500
482,2018122601002518,PRIN,58,41,100,462,46200.00,2018-12-26 01:00:00.251800
483,2018122601002517,PRIN,58,41,320,462,147840.00,2018-12-26 01:00:00.251700
484,2018122601002516,PRIN,58,45,300,462,138600.00,2018-12-26 01:00:00.251600
485,2018122601002515,PRIN,58,43,110,462,50820.00,2018-12-26 01:00:00.251500
486,2018122601002416,PRIN,40,33,200,461,92200.00,2018-12-26 01:00:00.241600
487,2018122601002190,PRIN,49,33,200,461,92200.00,2018-12-26 01:00:00.219000
488,2018122601002170,PRIN,54,33,500,461,230500.00,2018-12-26 01:00:00.217000
489,2018122601002154,PRIN,28,28,1,460,460.00,2018-12-26 01:00:00.215400
490,2018122601002103,PRIN,58,7,96,460,44160.00,2018-12-26 01:00:00.210300
491,2018122601002080,PRIN,41,7,50,460,23000.00,2018-12-26 01:00:00.208000
492,2018122601002072,PRIN,40,33,100,461,46100.00,2018-12-26 01:00:00.207200
493,2018122601002018,PRIN,41,53,50,460,23000.00,2018-12-26 01:00:00.201800
494,2018122601001864,PRIN,56,33,1000,461,461000.00,2018-12-26 01:00:00.186400
495,2018122601001863,PRIN,56,22,33,461,15213.00,2018-12-26 01:00:00.186300
496,2018122601001792,PRIN,49,26,219,459,100521.00,2018-12-26 01:00:00.179200
497,2018122601001742,PRIN,58,33,1000,460,460000.00,2018-12-26 01:00:00.174200
498,2018122601001662,PRIN,58,22,967,461,445787.00,2018-12-26 01:00:00.166200
499,2018122601001661,PRIN,58,53,75,461,34575.00,2018-12-26 01:00:00.166100
500,2018122601001660,PRIN,58,25,100,461,46100.00,2018-12-26 01:00:00.166000
501,2018122601001659,PRIN,58,33,58,460,26680.00,2018-12-26 01:00:00.165900
502,2018122601001658,PRIN,58,49,400,460,184000.00,2018-12-26 01:00:00.165800
503,2018122601001597,PRIN,57,21,40,455,18200.00,2018-12-26 01:00:00.159700
504,2018122601001596,PRIN,57,22,100,455,45500.00,2018-12-26 01:00:00.159600
505,2018122601001595,PRIN,57,54,80,455,36400.00,2018-12-26 01:00:00.159500
506,2018122601001557,PRIN,49,44,142,454,64468.00,2018-12-26 01:00:00.155700
507,2018122601001119,PRIN,22,54,150,455,68250.00,2018-12-26 01:00:00.111900
508,2018122601001061,PRIN,48,28,30,452,13560.00,2018-12-26 01:00:00.106100
509,2018122601001056,PRIN,49,54,62,455,28210.00,2018-12-26 01:00:00.105600
510,2018122601001008,PRIN,49,22,138,455,62790.00,2018-12-26 01:00:00.100800
511,2018122601001007,PRIN,47,22,58,455,26390.00,2018-12-26 01:00:00.100700
512,2018122601001000,PRIN,47,50,423,455,192465.00,2018-12-26 01:00:00.100000
513,2018122601000948,PRIN,47,41,19,455,8645.00,2018-12-26 01:00:00.094800
514,2018122601000915,PRIN,34,44,1000,457,457000.00,2018-12-26 01:00:00.091500
515,2018122601000914,PRIN,47,44,200,458,91600.00,2018-12-26 01:00:00.091400
516,2018122601000904,PRIN,22,32,93,458,42594.00,2018-12-26 01:00:00.090400
517,2018122601000768,PRIN,57,45,500,464,232000.00,2018-12-26 01:00:00.076800
518,2018122601000675,PRIN,22,41,100,464,46400.00,2018-12-26 01:00:00.067500
519,2018122601000663,PRIN,59,41,150,464,69600.00,2018-12-26 01:00:00.066300
520,2018122601000573,PRIN,29,41,250,464,116000.00,2018-12-26 01:00:00.057300
521,2018122601000534,PRIN,28,53,400,464,185600.00,2018-12-26 01:00:00.053400
522,2018122601000533,PRIN,28,49,50,464,23200.00,2018-12-26 01:00:00.053300
523,2018122601000305,PRIN,55,39,1000,455,455000.00,2018-12-26 01:00:00.030500
524,2018122601000193,PRIN,34,17,100,450,45000.00,2018-12-26 01:00:00.019300
525,2018122501004699,PRIN,51,37,300,447,134100.00,2018-12-25 01:00:00.469900
526,2018122501004669,PRIN,51,37,200,447,89400.00,2018-12-25 01:00:00.466900
527,2018122501004610,PRIN,28,42,50,446,22300.00,2018-12-25 01:00:00.461000
528,2018122501004148,PRIN,28,32,10,455,4550.00,2018-12-25 01:00:00.414800
529,2018122501004147,PRIN,28,10,50,450,22500.00,2018-12-25 01:00:00.414700
530,2018122501004045,PRIN,28,6,250,452,113000.00,2018-12-25 01:00:00.404500
531,2018122501004044,PRIN,28,34,200,451,90200.00,2018-12-25 01:00:00.404400
532,2018122501004026,PRIN,28,50,166,450,74700.00,2018-12-25 01:00:00.402600
533,2018122501004025,PRIN,28,6,44,448,19712.00,2018-12-25 01:00:00.402500
534,2018122501003810,PRIN,42,54,151,445,67195.00,2018-12-25 01:00:00.381000
535,2018122501003567,PRIN,42,54,120,445,53400.00,2018-12-25 01:00:00.356700
536,2018122501003551,PRIN,42,1,100,445,44500.00,2018-12-25 01:00:00.355100
537,2018122501003522,PRIN,42,7,373,445,165985.00,2018-12-25 01:00:00.352200
538,2018122501003521,PRIN,22,7,256,445,113920.00,2018-12-25 01:00:00.352100
539,2018122501003471,PRIN,22,25,244,445,108580.00,2018-12-25 01:00:00.347100
540,2018122501003470,PRIN,51,25,500,445,222500.00,2018-12-25 01:00:00.347000
541,2018122501003469,PRIN,45,25,200,446,89200.00,2018-12-25 01:00:00.346900
542,2018122501003468,PRIN,38,25,20,446,8920.00,2018-12-25 01:00:00.346800
543,2018122501003467,PRIN,6,25,36,446,16056.00,2018-12-25 01:00:00.346700
544,2018122501002830,PRIN,45,49,45,449,20205.00,2018-12-25 01:00:00.283000
545,2018122501002803,PRIN,45,21,55,449,24695.00,2018-12-25 01:00:00.280300
546,2018122501002316,PRIN,28,47,12,450,5400.00,2018-12-25 01:00:00.231600
547,2018122501002257,PRIN,49,47,160,450,72000.00,2018-12-25 01:00:00.225700
548,2018122501002256,PRIN,49,40,150,450,67500.00,2018-12-25 01:00:00.225600
549,2018122501002255,PRIN,49,46,290,449,130210.00,2018-12-25 01:00:00.225500
550,2018122501002110,PRIN,28,46,10,449,4490.00,2018-12-25 01:00:00.211000
551,2018122501001980,PRIN,57,42,100,446,44600.00,2018-12-25 01:00:00.198000
552,2018122501001897,PRIN,52,46,200,449,89800.00,2018-12-25 01:00:00.189700
553,2018122501001860,PRIN,28,19,300,448,134400.00,2018-12-25 01:00:00.186000
554,2018122501001859,PRIN,28,41,100,448,44800.00,2018-12-25 01:00:00.185900
555,2018122501001657,PRIN,28,16,300,445,133500.00,2018-12-25 01:00:00.165700
556,2018122501001371,PRIN,28,38,67,442,29614.00,2018-12-25 01:00:00.137100
557,2018122501001370,PRIN,28,38,50,442,22100.00,2018-12-25 01:00:00.137000
558,2018122501001347,PRIN,56,22,120,444,53280.00,2018-12-25 01:00:00.134700
559,2018122501001052,PRIN,39,7,30,444,13320.00,2018-12-25 01:00:00.105200
560,2018122501001051,PRIN,45,7,30,444,13320.00,2018-12-25 01:00:00.105100
561,2018122501000923,PRIN,22,16,200,445,89000.00,2018-12-25 01:00:00.092300
562,2018122501000813,PRIN,26,58,100,445,44500.00,2018-12-25 01:00:00.081300
563,2018122501000591,PRIN,48,47,400,450,180000.00,2018-12-25 01:00:00.059100
564,2018122501000490,PRIN,6,32,100,451,45100.00,2018-12-25 01:00:00.049000
565,2018122501000307,PRIN,28,29,500,455,227500.00,2018-12-25 01:00:00.030700
566,2018122501000306,PRIN,28,21,100,455,45500.00,2018-12-25 01:00:00.030600
567,2018122501000280,PRIN,14,34,50,447,22350.00,2018-12-25 01:00:00.028000
568,2018122501000231,PRIN,53,34,100,447,44700.00,2018-12-25 01:00:00.023100
569,2018122501000139,PRIN,6,58,10,439,4390.00,2018-12-25 01:00:00.013900
570,2018122401007960,PRIN,57,41,600,447,268200.00,2018-12-24 01:00:00.796000
571,2018122401007874,PRIN,51,6,300,446,133800.00,2018-12-24 01:00:00.787400
572,2018122401007650,PRIN,26,28,100,445,44500.00,2018-12-24 01:00:00.765000
573,2018122401007567,PRIN,7,20,466,438,204108.00,2018-12-24 01:00:00.756700
574,2018122401007566,PRIN,58,20,20,441,8820.00,2018-12-24 01:00:00.756600
575,2018122401007450,PRIN,38,25,100,442,44200.00,2018-12-24 01:00:00.745000
576,2018122401007412,PRIN,1,25,100,442,44200.00,2018-12-24 01:00:00.741200
577,2018122401007411,PRIN,28,25,100,445,44500.00,2018-12-24 01:00:00.741100
578,2018122401007410,PRIN,29,25,100,445,44500.00,2018-12-24 01:00:00.741000
579,2018122401007409,PRIN,45,25,500,446,223000.00,2018-12-24 01:00:00.740900
580,2018122401007408,PRIN,45,25,500,447,223500.00,2018-12-24 01:00:00.740800
581,2018122401007407,PRIN,45,25,500,447,223500.00,2018-12-24 01:00:00.740700
582,2018122401007406,PRIN,39,25,100,447,44700.00,2018-12-24 01:00:00.740600
583,2018122401007386,PRIN,32,41,500,448,224000.00,2018-12-24 01:00:00.738600
584,2018122401007385,PRIN,49,41,200,448,89600.00,2018-12-24 01:00:00.738500
585,2018122401007384,PRIN,38,41,10,448,4480.00,2018-12-24 01:00:00.738400
586,2018122401007199,PRIN,56,6,500,449,224500.00,2018-12-24 01:00:00.719900
587,2018122401006880,PRIN,28,6,200,448,89600.00,2018-12-24 01:00:00.688000
588,2018122401006853,PRIN,28,6,300,448,134400.00,2018-12-24 01:00:00.685300
589,2018122401006832,PRIN,28,59,200,448,89600.00,2018-12-24 01:00:00.683200
590,2018122401006777,PRIN,28,33,500,450,225000.00,2018-12-24 01:00:00.677700
591,2018122401006776,PRIN,22,33,50,450,22500.00,2018-12-24 01:00:00.677600
592,2018122401006775,PRIN,35,33,200,450,90000.00,2018-12-24 01:00:00.677500
593,2018122401006774,PRIN,28,33,478,451,215578.00,2018-12-24 01:00:00.677400
594,2018122401006773,PRIN,14,33,500,452,226000.00,2018-12-24 01:00:00.677300
595,2018122401006772,PRIN,55,33,254,454,115316.00,2018-12-24 01:00:00.677200
596,2018122401006621,PRIN,55,25,146,454,66284.00,2018-12-24 01:00:00.662100
597,2018122401006543,PRIN,38,25,500,452,226000.00,2018-12-24 01:00:00.654300
598,2018122401006542,PRIN,28,25,1000,453,453000.00,2018-12-24 01:00:00.654200
599,2018122401006541,PRIN,45,25,20,454,9080.00,2018-12-24 01:00:00.654100
600,2018122401006431,PRIN,32,45,100,460,46000.00,2018-12-24 01:00:00.643100
601,2018122401006308,PRIN,45,25,980,454,444920.00,2018-12-24 01:00:00.630800
602,2018122401006307,PRIN,38,25,20,455,9100.00,2018-12-24 01:00:00.630700
603,2018122401006204,PRIN,38,43,80,455,36400.00,2018-12-24 01:00:00.620400
604,2018122401006173,PRIN,41,43,500,455,227500.00,2018-12-24 01:00:00.617300
605,2018122401006172,PRIN,28,43,100,455,45500.00,2018-12-24 01:00:00.617200
606,2018122401006171,PRIN,34,43,150,456,68400.00,2018-12-24 01:00:00.617100
607,2018122401006170,PRIN,28,43,170,456,77520.00,2018-12-24 01:00:00.617000
608,2018122401006002,PRIN,28,6,30,456,13680.00,2018-12-24 01:00:00.600200
609,2018122401006001,PRIN,53,6,50,456,22800.00,2018-12-24 01:00:00.600100
610,2018122401005952,PRIN,28,45,24,460,11040.00,2018-12-24 01:00:00.595200
611,2018122401005951,PRIN,14,45,290,461,133690.00,2018-12-24 01:00:00.595100
612,2018122401005944,PRIN,50,34,100,462,46200.00,2018-12-24 01:00:00.594400
613,2018122401005680,PRIN,38,41,100,464,46400.00,2018-12-24 01:00:00.568000
614,2018122401005660,PRIN,28,59,400,464,185600.00,2018-12-24 01:00:00.566000
615,2018122401005618,PRIN,22,59,300,464,139200.00,2018-12-24 01:00:00.561800
616,2018122401005537,PRIN,28,59,300,464,139200.00,2018-12-24 01:00:00.553700
617,2018122401005513,PRIN,28,51,262,464,121568.00,2018-12-24 01:00:00.551300
618,2018122401005505,PRIN,28,51,300,464,139200.00,2018-12-24 01:00:00.550500
619,2018122401005504,PRIN,28,51,200,464,92800.00,2018-12-24 01:00:00.550400
620,2018122401005503,PRIN,28,7,100,464,46400.00,2018-12-24 01:00:00.550300
621,2018122401005484,PRIN,28,7,100,464,46400.00,2018-12-24 01:00:00.548400
622,2018122401005432,PRIN,25,58,100,463,46300.00,2018-12-24 01:00:00.543200
623,2018122401005296,PRIN,14,49,10,461,4610.00,2018-12-24 01:00:00.529600
624,2018122401005228,PRIN,14,49,190,461,87590.00,2018-12-24 01:00:00.522800
625,2018122401005062,PRIN,14,21,10,461,4610.00,2018-12-24 01:00:00.506200
626,2018122401005018,PRIN,4,41,50,465,23250.00,2018-12-24 01:00:00.501800
627,2018122401005017,PRIN,4,51,1000,465,465000.00,2018-12-24 01:00:00.501700
628,2018122401005016,PRIN,4,53,100,465,46500.00,2018-12-24 01:00:00.501600
629,2018122401005015,PRIN,4,58,100,464,46400.00,2018-12-24 01:00:00.501500
630,2018122401005014,PRIN,4,39,230,464,106720.00,2018-12-24 01:00:00.501400
631,2018122401005013,PRIN,4,22,20,464,9280.00,2018-12-24 01:00:00.501300
632,2018122401004996,PRIN,14,53,200,463,92600.00,2018-12-24 01:00:00.499600
633,2018122401004995,PRIN,14,14,100,462,46200.00,2018-12-24 01:00:00.499500
634,2018122401004747,PRIN,21,33,96,462,44352.00,2018-12-24 01:00:00.474700
635,2018122401004739,PRIN,28,8,476,460,218960.00,2018-12-24 01:00:00.473900
636,2018122401004738,PRIN,34,8,24,460,11040.00,2018-12-24 01:00:00.473800
637,2018122401004339,PRIN,34,59,300,460,138000.00,2018-12-24 01:00:00.433900
638,2018122401004338,PRIN,34,51,150,460,69000.00,2018-12-24 01:00:00.433800
639,2018122401004337,PRIN,34,36,26,458,11908.00,2018-12-24 01:00:00.433700
640,2018122401004296,PRIN,35,36,50,458,22900.00,2018-12-24 01:00:00.429600
641,2018122401004295,PRIN,29,36,24,458,10992.00,2018-12-24 01:00:00.429500
642,2018122401004277,PRIN,28,58,221,459,101439.00,2018-12-24 01:00:00.427700
643,2018122401004261,PRIN,50,55,200,459,91800.00,2018-12-24 01:00:00.426100
644,2018122401004228,PRIN,48,51,50,460,23000.00,2018-12-24 01:00:00.422800
645,2018122401004014,PRIN,56,58,200,459,91800.00,2018-12-24 01:00:00.401400
646,2018122401003827,PRIN,29,51,126,458,57708.00,2018-12-24 01:00:00.382700
647,2018122401003826,PRIN,29,6,50,457,22850.00,2018-12-24 01:00:00.382600
648,2018122401003580,PRIN,28,58,100,452,45200.00,2018-12-24 01:00:00.358000
649,2018122401003308,PRIN,28,14,223,451,100573.00,2018-12-24 01:00:00.330800
650,2018122401003187,PRIN,28,33,299,451,134849.00,2018-12-24 01:00:00.318700
651,2018122401003186,PRIN,41,33,24,455,10920.00,2018-12-24 01:00:00.318600
652,2018122401002907,PRIN,49,49,9,455,4095.00,2018-12-24 01:00:00.290700
653,2018122401002885,PRIN,41,57,66,455,30030.00,2018-12-24 01:00:00.288500
654,2018122401002876,PRIN,41,58,10,455,4550.00,2018-12-24 01:00:00.287600
655,2018122401002875,PRIN,46,58,102,459,46818.00,2018-12-24 01:00:00.287500
656,2018122401002833,PRIN,46,51,235,459,107865.00,2018-12-24 01:00:00.283300
657,2018122401002803,PRIN,46,28,163,459,74817.00,2018-12-24 01:00:00.280300
658,2018122401002802,PRIN,1,28,126,460,57960.00,2018-12-24 01:00:00.280200
659,2018122401002801,PRIN,41,28,100,460,46000.00,2018-12-24 01:00:00.280100
660,2018122401002800,PRIN,6,28,50,461,23050.00,2018-12-24 01:00:00.280000
661,2018122401002799,PRIN,51,28,100,462,46200.00,2018-12-24 01:00:00.279900
662,2018122401002798,PRIN,28,28,461,463,213443.00,2018-12-24 01:00:00.279800
663,2018122401002732,PRIN,34,58,300,465,139500.00,2018-12-24 01:00:00.273200
664,2018122401002660,PRIN,28,49,39,463,18057.00,2018-12-24 01:00:00.266000
665,2018122401002659,PRIN,52,49,70,463,32410.00,2018-12-24 01:00:00.265900
666,2018122401002658,PRIN,48,49,100,464,46400.00,2018-12-24 01:00:00.265800
667,2018122401002548,PRIN,28,17,50,468,23400.00,2018-12-24 01:00:00.254800
668,2018122401002547,PRIN,28,32,50,468,23400.00,2018-12-24 01:00:00.254700
669,2018122401002546,PRIN,28,59,300,467,140100.00,2018-12-24 01:00:00.254600
670,2018122401002504,PRIN,52,49,11,463,5093.00,2018-12-24 01:00:00.250400
671,2018122401002405,PRIN,49,48,100,465,46500.00,2018-12-24 01:00:00.240500
672,2018122401002404,PRIN,49,48,250,465,116250.00,2018-12-24 01:00:00.240400
673,2018122401002386,PRIN,49,17,200,465,93000.00,2018-12-24 01:00:00.238600
674,2018122401002338,PRIN,26,32,100,468,46800.00,2018-12-24 01:00:00.233800
675,2018122401002327,PRIN,49,28,50,465,23250.00,2018-12-24 01:00:00.232700
676,2018122401002326,PRIN,58,28,50,467,23350.00,2018-12-24 01:00:00.232600
677,2018122401002317,PRIN,58,42,350,467,163450.00,2018-12-24 01:00:00.231700
678,2018122401002185,PRIN,28,42,300,467,140100.00,2018-12-24 01:00:00.218500
679,2018122401002163,PRIN,48,42,50,467,23350.00,2018-12-24 01:00:00.216300
680,2018122401002090,PRIN,28,34,300,469,140700.00,2018-12-24 01:00:00.209000
681,2018122401002082,PRIN,52,42,19,463,8797.00,2018-12-24 01:00:00.208200
682,2018122401002029,PRIN,57,34,200,469,93800.00,2018-12-24 01:00:00.202900
683,2018122401002027,PRIN,52,43,200,469,93800.00,2018-12-24 01:00:00.202700
684,2018122401001943,PRIN,56,32,50,462,23100.00,2018-12-24 01:00:00.194300
685,2018122401001899,PRIN,49,49,17,464,7888.00,2018-12-24 01:00:00.189900
686,2018122401001898,PRIN,49,40,300,464,139200.00,2018-12-24 01:00:00.189800
687,2018122401001897,PRIN,49,40,100,464,46400.00,2018-12-24 01:00:00.189700
688,2018122401001817,PRIN,6,58,50,463,23150.00,2018-12-24 01:00:00.181700
689,2018122401001812,PRIN,5,58,50,463,23150.00,2018-12-24 01:00:00.181200
690,2018122401001804,PRIN,16,58,100,462,46200.00,2018-12-24 01:00:00.180400
691,2018122401001803,PRIN,16,55,55,462,25410.00,2018-12-24 01:00:00.180300
692,2018122401001797,PRIN,16,50,20,460,9200.00,2018-12-24 01:00:00.179700
693,2018122401001796,PRIN,57,50,30,460,13800.00,2018-12-24 01:00:00.179600
694,2018122401001795,PRIN,57,44,100,460,46000.00,2018-12-24 01:00:00.179500
695,2018122401001794,PRIN,57,39,70,460,32200.00,2018-12-24 01:00:00.179400
696,2018122401001485,PRIN,49,42,100,455,45500.00,2018-12-24 01:00:00.148500
697,2018122401001484,PRIN,49,49,163,455,74165.00,2018-12-24 01:00:00.148400
698,2018122401001321,PRIN,49,51,150,450,67500.00,2018-12-24 01:00:00.132100
699,2018122401001222,PRIN,43,43,60,450,27000.00,2018-12-24 01:00:00.122200
700,2018122401000797,PRIN,1,58,50,450,22500.00,2018-12-24 01:00:00.079700
701,2018122401000796,PRIN,51,58,50,451,22550.00,2018-12-24 01:00:00.079600
702,2018122401000707,PRIN,51,52,50,451,22550.00,2018-12-24 01:00:00.070700
703,2018122401000695,PRIN,16,40,100,455,45500.00,2018-12-24 01:00:00.069500
704,2018122401000694,PRIN,41,40,63,455,28665.00,2018-12-24 01:00:00.069400
705,2018122401000686,PRIN,41,6,400,455,182000.00,2018-12-24 01:00:00.068600
706,2018122401000629,PRIN,41,49,187,455,85085.00,2018-12-24 01:00:00.062900
707,2018122401000628,PRIN,52,49,13,456,5928.00,2018-12-24 01:00:00.062800
708,2018122401000601,PRIN,52,59,187,456,85272.00,2018-12-24 01:00:00.060100
709,2018122401000545,PRIN,41,38,350,455,159250.00,2018-12-24 01:00:00.054500
710,2018122401000544,PRIN,52,38,100,455,45500.00,2018-12-24 01:00:00.054400
711,2018122401000543,PRIN,51,38,50,456,22800.00,2018-12-24 01:00:00.054300
712,2018122401000434,PRIN,51,58,200,462,92400.00,2018-12-24 01:00:00.043400
713,2018122401000408,PRIN,49,40,200,464,92800.00,2018-12-24 01:00:00.040800
714,2018122401000388,PRIN,16,44,36,472,16992.00,2018-12-24 01:00:00.038800
715,2018122401000387,PRIN,16,53,164,470,77080.00,2018-12-24 01:00:00.038700
716,2018122401000381,PRIN,49,53,20,470,9400.00,2018-12-24 01:00:00.038100
717,2018122401000378,PRIN,42,17,200,471,94200.00,2018-12-24 01:00:00.037800
718,2018122401000377,PRIN,42,58,100,471,47100.00,2018-12-24 01:00:00.037700
719,2018122401000344,PRIN,49,25,80,470,37600.00,2018-12-24 01:00:00.034400
720,2018122401000144,PRIN,25,43,50,464,23200.00,2018-12-24 01:00:00.014400
721,2018122301008719,PRIN,40,59,300,455,136500.00,2018-12-23 01:00:00.871900
722,2018122301008718,PRIN,34,59,200,456,91200.00,2018-12-23 01:00:00.871800
723,2018122301008642,PRIN,40,42,28,455,12740.00,2018-12-23 01:00:00.864200
724,2018122301008641,PRIN,49,42,172,455,78260.00,2018-12-23 01:00:00.864100
725,2018122301008565,PRIN,1,40,200,458,91600.00,2018-12-23 01:00:00.856500
726,2018122301008438,PRIN,49,52,32,455,14560.00,2018-12-23 01:00:00.843800
727,2018122301008386,PRIN,34,8,1000,458,458000.00,2018-12-23 01:00:00.838600
728,2018122301008365,PRIN,49,32,50,455,22750.00,2018-12-23 01:00:00.836500
729,2018122301008097,PRIN,49,1,50,455,22750.00,2018-12-23 01:00:00.809700
730,2018122301008091,PRIN,49,40,146,455,66430.00,2018-12-23 01:00:00.809100
731,2018122301008062,PRIN,49,52,50,455,22750.00,2018-12-23 01:00:00.806200
732,2018122301007714,PRIN,50,50,77,460,35420.00,2018-12-23 01:00:00.771400
733,2018122301007713,PRIN,50,32,23,458,10534.00,2018-12-23 01:00:00.771300
734,2018122301007653,PRIN,37,54,89,458,40762.00,2018-12-23 01:00:00.765300
735,2018122301007614,PRIN,36,54,111,458,50838.00,2018-12-23 01:00:00.761400
736,2018122301007613,PRIN,36,1,219,458,100302.00,2018-12-23 01:00:00.761300
737,2018122301007612,PRIN,36,59,500,458,229000.00,2018-12-23 01:00:00.761200
738,2018122301007611,PRIN,36,58,230,458,105340.00,2018-12-23 01:00:00.761100
739,2018122301007610,PRIN,36,45,30,458,13740.00,2018-12-23 01:00:00.761000
740,2018122301007609,PRIN,36,33,60,457,27420.00,2018-12-23 01:00:00.760900
741,2018122301007608,PRIN,36,32,50,457,22850.00,2018-12-23 01:00:00.760800
742,2018122301007563,PRIN,49,45,500,456,228000.00,2018-12-23 01:00:00.756300
743,2018122301007202,PRIN,49,45,70,458,32060.00,2018-12-23 01:00:00.720200
744,2018122301007170,PRIN,49,59,600,458,274800.00,2018-12-23 01:00:00.717000
745,2018122301007108,PRIN,49,8,1000,458,458000.00,2018-12-23 01:00:00.710800
746,2018122301007107,PRIN,49,6,500,458,229000.00,2018-12-23 01:00:00.710700
747,2018122301007106,PRIN,49,49,100,457,45700.00,2018-12-23 01:00:00.710600
748,2018122301007105,PRIN,49,6,100,455,45500.00,2018-12-23 01:00:00.710500
749,2018122301007104,PRIN,49,39,100,455,45500.00,2018-12-23 01:00:00.710400
750,2018122301007103,PRIN,49,58,530,455,241150.00,2018-12-23 01:00:00.710300
751,2018122301007021,PRIN,19,58,303,455,137865.00,2018-12-23 01:00:00.702100
752,2018122301006846,PRIN,26,58,167,455,75985.00,2018-12-23 01:00:00.684600
753,2018122301006845,PRIN,26,39,500,455,227500.00,2018-12-23 01:00:00.684500
754,2018122301006844,PRIN,26,21,100,454,45400.00,2018-12-23 01:00:00.684400
755,2018122301006843,PRIN,26,22,109,454,49486.00,2018-12-23 01:00:00.684300
756,2018122301006842,PRIN,26,21,14,454,6356.00,2018-12-23 01:00:00.684200
757,2018122301006841,PRIN,26,21,10,454,4540.00,2018-12-23 01:00:00.684100
758,2018122301006840,PRIN,26,33,100,452,45200.00,2018-12-23 01:00:00.684000
759,2018122301006627,PRIN,49,22,100,451,45100.00,2018-12-23 01:00:00.662700
760,2018122301006501,PRIN,49,52,209,450,94050.00,2018-12-23 01:00:00.650100
761,2018122301006141,PRIN,49,45,500,450,225000.00,2018-12-23 01:00:00.614100
762,2018122301006140,PRIN,49,51,70,450,31500.00,2018-12-23 01:00:00.614000
763,2018122301006139,PRIN,49,59,100,450,45000.00,2018-12-23 01:00:00.613900
764,2018122301006138,PRIN,49,20,150,450,67500.00,2018-12-23 01:00:00.613800
765,2018122301006079,PRIN,46,22,100,449,44900.00,2018-12-23 01:00:00.607900
766,2018122301005957,PRIN,34,13,100,447,44700.00,2018-12-23 01:00:00.595700
767,2018122301005503,PRIN,50,50,65,447,29055.00,2018-12-23 01:00:00.550300
768,2018122301005488,PRIN,53,47,184,445,81880.00,2018-12-23 01:00:00.548800
769,2018122301005473,PRIN,48,47,16,445,7120.00,2018-12-23 01:00:00.547300
770,2018122301005472,PRIN,48,19,34,445,15130.00,2018-12-23 01:00:00.547200
771,2018122301005471,PRIN,48,43,132,445,58740.00,2018-12-23 01:00:00.547100
772,2018122301005470,PRIN,48,6,250,444,111000.00,2018-12-23 01:00:00.547000
773,2018122301005469,PRIN,48,45,20,443,8860.00,2018-12-23 01:00:00.546900
774,2018122301005468,PRIN,48,32,48,443,21264.00,2018-12-23 01:00:00.546800
775,2018122301005263,PRIN,19,52,50,440,22000.00,2018-12-23 01:00:00.526300
776,2018122301004979,PRIN,19,47,73,440,32120.00,2018-12-23 01:00:00.497900
777,2018122301004978,PRIN,19,47,174,440,76560.00,2018-12-23 01:00:00.497800
778,2018122301004899,PRIN,28,32,200,442,88400.00,2018-12-23 01:00:00.489900
779,2018122301004898,PRIN,28,53,25,442,11050.00,2018-12-23 01:00:00.489800
780,2018122301004304,PRIN,51,41,812,440,357280.00,2018-12-23 01:00:00.430400
781,2018122301004283,PRIN,51,32,950,438,416100.00,2018-12-23 01:00:00.428300
782,2018122301004162,PRIN,28,32,25,437,10925.00,2018-12-23 01:00:00.416200
783,2018122301004124,PRIN,28,59,10,437,4370.00,2018-12-23 01:00:00.412400
784,2018122301004007,PRIN,21,32,50,438,21900.00,2018-12-23 01:00:00.400700
785,2018122301002927,PRIN,28,33,200,441,88200.00,2018-12-23 01:00:00.292700
786,2018122301002926,PRIN,28,25,100,440,44000.00,2018-12-23 01:00:00.292600
787,2018122301002925,PRIN,28,13,90,440,39600.00,2018-12-23 01:00:00.292500
788,2018122301002363,PRIN,49,59,372,440,163680.00,2018-12-23 01:00:00.236300
789,2018122301002047,PRIN,57,59,100,435,43500.00,2018-12-23 01:00:00.204700
790,2018122301002046,PRIN,16,59,28,435,12180.00,2018-12-23 01:00:00.204600
791,2018122301002027,PRIN,16,59,272,435,118320.00,2018-12-23 01:00:00.202700
792,2018122301002026,PRIN,7,59,122,437,53314.00,2018-12-23 01:00:00.202600
793,2018122301001960,PRIN,7,17,28,437,12236.00,2018-12-23 01:00:00.196000
794,2018122301001959,PRIN,39,17,50,437,21850.00,2018-12-23 01:00:00.195900
795,2018122301001817,PRIN,49,59,128,444,56832.00,2018-12-23 01:00:00.181700
796,2018122301001811,PRIN,49,19,272,444,120768.00,2018-12-23 01:00:00.181100
797,2018122301001808,PRIN,38,19,248,444,110112.00,2018-12-23 01:00:00.180800
798,2018122301001807,PRIN,38,48,52,443,23036.00,2018-12-23 01:00:00.180700
799,2018122301001757,PRIN,33,32,300,441,132300.00,2018-12-23 01:00:00.175700
800,2018122301001756,PRIN,33,39,100,441,44100.00,2018-12-23 01:00:00.175600
801,2018122301000666,PRIN,42,47,100,450,45000.00,2018-12-23 01:00:00.066600
802,2018122301000643,PRIN,45,10,455,451,205205.00,2018-12-23 01:00:00.064300
803,2018122301000496,PRIN,19,50,500,458,229000.00,2018-12-23 01:00:00.049600
804,2018122301000495,PRIN,19,49,200,457,91400.00,2018-12-23 01:00:00.049500
805,2018122301000494,PRIN,19,37,151,455,68705.00,2018-12-23 01:00:00.049400
806,2018122301000478,PRIN,45,6,45,451,20295.00,2018-12-23 01:00:00.047800
807,2018122301000472,PRIN,25,37,350,455,159250.00,2018-12-23 01:00:00.047200
808,2018122301000468,PRIN,25,53,150,455,68250.00,2018-12-23 01:00:00.046800
809,2018122301000344,PRIN,7,6,10,453,4530.00,2018-12-23 01:00:00.034400
810,2018122301000275,PRIN,16,49,200,452,90400.00,2018-12-23 01:00:00.027500
811,2018122301000193,PRIN,28,1,30,445,13350.00,2018-12-23 01:00:00.019300
812,2018122301000030,PRIN,6,47,200,437,87400.00,2018-12-23 01:00:00.003000
813,2018122001004866,PRIN,59,1,10,429,4290.00,2018-12-20 01:00:00.486600
814,2018122001004663,PRIN,22,25,130,423,54990.00,2018-12-20 01:00:00.466300
815,2018122001004398,PRIN,28,25,334,430,143620.00,2018-12-20 01:00:00.439800
816,2018122001004397,PRIN,28,45,250,430,107500.00,2018-12-20 01:00:00.439700
817,2018122001004396,PRIN,28,17,68,430,29240.00,2018-12-20 01:00:00.439600
818,2018122001004395,PRIN,28,37,400,429,171600.00,2018-12-20 01:00:00.439500
819,2018122001004394,PRIN,28,1,100,428,42800.00,2018-12-20 01:00:00.439400
820,2018122001004393,PRIN,28,7,100,428,42800.00,2018-12-20 01:00:00.439300
821,2018122001004392,PRIN,28,28,200,427,85400.00,2018-12-20 01:00:00.439200
822,2018122001004391,PRIN,28,13,48,426,20448.00,2018-12-20 01:00:00.439100
823,2018122001004356,PRIN,54,1,120,424,50880.00,2018-12-20 01:00:00.435600
824,2018122001004234,PRIN,47,25,100,424,42400.00,2018-12-20 01:00:00.423400
825,2018122001004233,PRIN,20,25,110,424,46640.00,2018-12-20 01:00:00.423300
826,2018122001004211,PRIN,20,45,40,424,16960.00,2018-12-20 01:00:00.421100
827,2018122001004143,PRIN,38,28,200,425,85000.00,2018-12-20 01:00:00.414300
828,2018122001004045,PRIN,41,45,100,425,42500.00,2018-12-20 01:00:00.404500
829,2018122001004044,PRIN,19,45,135,425,57375.00,2018-12-20 01:00:00.404400
830,2018122001003986,PRIN,4,1,100,426,42600.00,2018-12-20 01:00:00.398600
831,2018122001003567,PRIN,51,39,100,426,42600.00,2018-12-20 01:00:00.356700
832,2018122001003441,PRIN,19,21,50,425,21250.00,2018-12-20 01:00:00.344100
833,2018122001003381,PRIN,19,42,15,425,6375.00,2018-12-20 01:00:00.338100
834,2018122001003277,PRIN,37,6,10,424,4240.00,2018-12-20 01:00:00.327700
835,2018122001002947,PRIN,22,5,181,423,76563.00,2018-12-20 01:00:00.294700
836,2018122001002946,PRIN,34,5,50,423,21150.00,2018-12-20 01:00:00.294600
837,2018122001002945,PRIN,26,5,100,423,42300.00,2018-12-20 01:00:00.294500
838,2018122001002342,PRIN,28,29,30,425,12750.00,2018-12-20 01:00:00.234200
839,2018122001002341,PRIN,28,50,26,425,11050.00,2018-12-20 01:00:00.234100
840,2018122001002295,PRIN,58,50,200,425,85000.00,2018-12-20 01:00:00.229500
841,2018122001002085,PRIN,25,50,15,426,6390.00,2018-12-20 01:00:00.208500
842,2018122001002018,PRIN,34,50,100,426,42600.00,2018-12-20 01:00:00.201800
843,2018122001002017,PRIN,34,50,100,426,42600.00,2018-12-20 01:00:00.201700
844,2018122001002016,PRIN,53,50,51,426,21726.00,2018-12-20 01:00:00.201600
845,2018122001001814,PRIN,35,5,500,429,214500.00,2018-12-20 01:00:00.181400
846,2018122001001528,PRIN,32,17,100,430,43000.00,2018-12-20 01:00:00.152800
847,2018122001001196,PRIN,47,28,200,433,86600.00,2018-12-20 01:00:00.119600
848,2018122001000829,PRIN,11,45,21,435,9135.00,2018-12-20 01:00:00.082900
849,2018122001000828,PRIN,11,39,79,434,34286.00,2018-12-20 01:00:00.082800
850,2018122001000731,PRIN,10,1,50,430,21500.00,2018-12-20 01:00:00.073100
851,2018122001000730,PRIN,1,1,50,430,21500.00,2018-12-20 01:00:00.073000
852,2018122001000729,PRIN,51,1,50,431,21550.00,2018-12-20 01:00:00.072900
853,2018122001000263,PRIN,59,1,100,434,43400.00,2018-12-20 01:00:00.026300
854,2018121901004353,PRIN,34,13,100,426,42600.00,2018-12-19 01:00:00.435300
855,2018121901003249,PRIN,54,13,200,426,85200.00,2018-12-19 01:00:00.324900
856,2018121901001927,PRIN,34,45,100,435,43500.00,2018-12-19 01:00:00.192700
857,2018121901001824,PRIN,50,45,100,435,43500.00,2018-12-19 01:00:00.182400
858,2018121901001817,PRIN,34,45,100,435,43500.00,2018-12-19 01:00:00.181700
859,2018121901001790,PRIN,53,45,150,435,65250.00,2018-12-19 01:00:00.179000
860,2018121901001747,PRIN,21,45,100,435,43500.00,2018-12-19 01:00:00.174700
861,2018121901001031,PRIN,45,48,640,430,275200.00,2018-12-19 01:00:00.103100
862,2018121901000806,PRIN,19,42,10,425,4250.00,2018-12-19 01:00:00.080600
863,2018121901000798,PRIN,19,47,200,423,84600.00,2018-12-19 01:00:00.079800
864,2018121901000794,PRIN,51,32,135,422,56970.00,2018-12-19 01:00:00.079400
865,2018121901000714,PRIN,45,59,100,418,41800.00,2018-12-19 01:00:00.071400
866,2018121901000713,PRIN,45,32,104,418,43472.00,2018-12-19 01:00:00.071300
867,2018121901000712,PRIN,45,53,92,418,38456.00,2018-12-19 01:00:00.071200
868,2018121901000332,PRIN,28,32,365,418,152570.00,2018-12-19 01:00:00.033200
869,2018121901000331,PRIN,28,49,35,418,14630.00,2018-12-19 01:00:00.033100
870,2018121901000294,PRIN,28,34,100,418,41800.00,2018-12-19 01:00:00.029400
871,2018121901000264,PRIN,28,21,200,418,83600.00,2018-12-19 01:00:00.026400
872,2018121901000131,PRIN,28,32,300,418,125400.00,2018-12-19 01:00:00.013100
873,2018121801005674,PRIN,59,29,10,426,4260.00,2018-12-18 01:00:00.567400
874,2018121801005673,PRIN,59,50,20,423,8460.00,2018-12-18 01:00:00.567300
875,2018121801005642,PRIN,21,50,50,423,21150.00,2018-12-18 01:00:00.564200
876,2018121801005625,PRIN,17,41,40,424,16960.00,2018-12-18 01:00:00.562500
877,2018121801005624,PRIN,6,41,100,424,42400.00,2018-12-18 01:00:00.562400
878,2018121801005478,PRIN,6,42,100,424,42400.00,2018-12-18 01:00:00.547800
879,2018121801005477,PRIN,45,42,150,424,63600.00,2018-12-18 01:00:00.547700
880,2018121801005476,PRIN,51,42,50,424,21200.00,2018-12-18 01:00:00.547600
881,2018121801005475,PRIN,21,42,200,424,84800.00,2018-12-18 01:00:00.547500
882,2018121801005113,PRIN,36,58,100,425,42500.00,2018-12-18 01:00:00.511300
883,2018121801005107,PRIN,59,32,94,425,39950.00,2018-12-18 01:00:00.510700
884,2018121801005072,PRIN,59,42,139,425,59075.00,2018-12-18 01:00:00.507200
885,2018121801005028,PRIN,59,6,350,425,148750.00,2018-12-18 01:00:00.502800
886,2018121801004937,PRIN,59,44,256,425,108800.00,2018-12-18 01:00:00.493700
887,2018121801004936,PRIN,25,44,50,426,21300.00,2018-12-18 01:00:00.493600
888,2018121801004848,PRIN,59,6,188,429,80652.00,2018-12-18 01:00:00.484800
889,2018121801004761,PRIN,59,52,50,425,21250.00,2018-12-18 01:00:00.476100
890,2018121801004753,PRIN,59,52,50,425,21250.00,2018-12-18 01:00:00.475300
891,2018121801004658,PRIN,42,6,50,425,21250.00,2018-12-18 01:00:00.465800
892,2018121801004657,PRIN,34,6,100,425,42500.00,2018-12-18 01:00:00.465700
893,2018121801004656,PRIN,28,6,190,425,80750.00,2018-12-18 01:00:00.465600
894,2018121801004638,PRIN,28,39,100,425,42500.00,2018-12-18 01:00:00.463800
895,2018121801004620,PRIN,28,6,310,425,131750.00,2018-12-18 01:00:00.462000
896,2018121801004619,PRIN,40,6,190,425,80750.00,2018-12-18 01:00:00.461900
897,2018121801004292,PRIN,38,48,50,429,21450.00,2018-12-18 01:00:00.429200
898,2018121801004122,PRIN,40,49,10,425,4250.00,2018-12-18 01:00:00.412200
899,2018121801004101,PRIN,16,49,30,426,12780.00,2018-12-18 01:00:00.410100
900,2018121801003855,PRIN,25,49,308,430,132440.00,2018-12-18 01:00:00.385500
901,2018121801003810,PRIN,59,43,500,432,216000.00,2018-12-18 01:00:00.381000
902,2018121801003809,PRIN,49,43,300,433,129900.00,2018-12-18 01:00:00.380900
903,2018121801003621,PRIN,34,22,100,434,43400.00,2018-12-18 01:00:00.362100
904,2018121801003555,PRIN,25,49,1097,432,473904.00,2018-12-18 01:00:00.355500
905,2018121801003554,PRIN,25,39,20,432,8640.00,2018-12-18 01:00:00.355400
906,2018121801003553,PRIN,25,32,30,431,12930.00,2018-12-18 01:00:00.355300
907,2018121801003552,PRIN,25,10,545,430,234350.00,2018-12-18 01:00:00.355200
908,2018121801003395,PRIN,6,10,25,430,10750.00,2018-12-18 01:00:00.339500
909,2018121801003136,PRIN,28,10,30,430,12900.00,2018-12-18 01:00:00.313600
910,2018121801003125,PRIN,59,22,50,424,21200.00,2018-12-18 01:00:00.312500
911,2018121801003122,PRIN,45,22,50,425,21250.00,2018-12-18 01:00:00.312200
912,2018121801003120,PRIN,45,50,50,425,21250.00,2018-12-18 01:00:00.312000
913,2018121801003117,PRIN,28,17,50,430,21500.00,2018-12-18 01:00:00.311700
914,2018121801003116,PRIN,28,32,25,429,10725.00,2018-12-18 01:00:00.311600
915,2018121801003009,PRIN,59,29,11,424,4664.00,2018-12-18 01:00:00.300900
916,2018121801003008,PRIN,33,29,150,424,63600.00,2018-12-18 01:00:00.300800
917,2018121801003007,PRIN,14,29,100,424,42400.00,2018-12-18 01:00:00.300700
918,2018121801003006,PRIN,52,29,19,424,8056.00,2018-12-18 01:00:00.300600
919,2018121801002954,PRIN,52,47,14,424,5936.00,2018-12-18 01:00:00.295400
920,2018121801002953,PRIN,17,47,20,425,8500.00,2018-12-18 01:00:00.295300
921,2018121801002857,PRIN,17,1,30,425,12750.00,2018-12-18 01:00:00.285700
922,2018121801002572,PRIN,28,22,100,425,42500.00,2018-12-18 01:00:00.257200
923,2018121801002571,PRIN,51,22,750,425,318750.00,2018-12-18 01:00:00.257100
924,2018121801002570,PRIN,34,22,100,425,42500.00,2018-12-18 01:00:00.257000
925,2018121801002569,PRIN,28,22,50,426,21300.00,2018-12-18 01:00:00.256900
926,2018121801002360,PRIN,52,39,10,424,4240.00,2018-12-18 01:00:00.236000
927,2018121801002357,PRIN,52,19,57,424,24168.00,2018-12-18 01:00:00.235700
928,2018121801001423,PRIN,25,33,130,416,54080.00,2018-12-18 01:00:00.142300
929,2018121801001422,PRIN,45,33,800,416,332800.00,2018-12-18 01:00:00.142200
930,2018121801001421,PRIN,6,33,500,417,208500.00,2018-12-18 01:00:00.142100
931,2018121801001420,PRIN,52,33,200,418,83600.00,2018-12-18 01:00:00.142000
932,2018121801001100,PRIN,6,28,100,424,42400.00,2018-12-18 01:00:00.110000
933,2018121801001042,PRIN,6,32,100,424,42400.00,2018-12-18 01:00:00.104200
934,2018121801001023,PRIN,6,28,100,424,42400.00,2018-12-18 01:00:00.102300
935,2018121801001022,PRIN,28,28,50,424,21200.00,2018-12-18 01:00:00.102200
936,2018121801000843,PRIN,56,22,500,432,216000.00,2018-12-18 01:00:00.084300
937,2018121801000824,PRIN,34,41,100,435,43500.00,2018-12-18 01:00:00.082400
938,2018121801000771,PRIN,45,5,220,436,95920.00,2018-12-18 01:00:00.077100
939,2018121801000598,PRIN,45,49,280,436,122080.00,2018-12-18 01:00:00.059800
940,2018121801000597,PRIN,51,49,120,436,52320.00,2018-12-18 01:00:00.059700
941,2018121801000520,PRIN,29,49,300,440,132000.00,2018-12-18 01:00:00.052000
942,2018121801000504,PRIN,39,49,200,440,88000.00,2018-12-18 01:00:00.050400
943,2018121801000503,PRIN,39,49,500,440,220000.00,2018-12-18 01:00:00.050300
944,2018121801000502,PRIN,32,49,103,441,45423.00,2018-12-18 01:00:00.050200
945,2018121801000501,PRIN,51,49,100,441,44100.00,2018-12-18 01:00:00.050100
946,2018121801000481,PRIN,59,6,100,448,44800.00,2018-12-18 01:00:00.048100
947,2018121801000468,PRIN,59,45,400,448,179200.00,2018-12-18 01:00:00.046800
948,2018121801000456,PRIN,59,45,400,448,179200.00,2018-12-18 01:00:00.045600
949,2018121801000455,PRIN,59,43,100,448,44800.00,2018-12-18 01:00:00.045500
950,2018121801000448,PRIN,50,6,50,445,22250.00,2018-12-18 01:00:00.044800
951,2018121801000428,PRIN,50,29,50,445,22250.00,2018-12-18 01:00:00.042800
952,2018121701003616,PRIN,34,40,100,440,44000.00,2018-12-17 01:00:00.361600
953,2018121701003576,PRIN,28,43,100,439,43900.00,2018-12-17 01:00:00.357600
954,2018121701003508,PRIN,42,48,200,438,87600.00,2018-12-17 01:00:00.350800
955,2018121701003458,PRIN,46,57,150,437,65550.00,2018-12-17 01:00:00.345800
956,2018121701003275,PRIN,28,6,50,435,21750.00,2018-12-17 01:00:00.327500
957,2018121701003106,PRIN,34,42,100,432,43200.00,2018-12-17 01:00:00.310600
958,2018121701002880,PRIN,35,57,50,437,21850.00,2018-12-17 01:00:00.288000
959,2018121701002423,PRIN,51,6,200,439,87800.00,2018-12-17 01:00:00.242300
960,2018121701001503,PRIN,10,6,100,436,43600.00,2018-12-17 01:00:00.150300
961,2018121701001352,PRIN,29,25,858,428,367224.00,2018-12-17 01:00:00.135200
962,2018121701001328,PRIN,33,34,43,425,18275.00,2018-12-17 01:00:00.132800
963,2018121701001302,PRIN,14,59,250,427,106750.00,2018-12-17 01:00:00.130200
964,2018121701001301,PRIN,14,48,200,427,85400.00,2018-12-17 01:00:00.130100
965,2018121701001300,PRIN,14,43,50,426,21300.00,2018-12-17 01:00:00.130000
966,2018121701001267,PRIN,33,41,128,425,54400.00,2018-12-17 01:00:00.126700
967,2018121701001266,PRIN,33,6,50,425,21250.00,2018-12-17 01:00:00.126600
968,2018121701001265,PRIN,33,25,90,424,38160.00,2018-12-17 01:00:00.126500
969,2018121701001005,PRIN,33,37,200,423,84600.00,2018-12-17 01:00:00.100500
970,2018121701001004,PRIN,33,14,70,422,29540.00,2018-12-17 01:00:00.100400
971,2018121701001003,PRIN,33,1,93,422,39246.00,2018-12-17 01:00:00.100300
972,2018121701000689,PRIN,33,58,300,420,126000.00,2018-12-17 01:00:00.068900
973,2018121701000688,PRIN,33,52,26,420,10920.00,2018-12-17 01:00:00.068800
974,2018121701000673,PRIN,25,59,422,416,175552.00,2018-12-17 01:00:00.067300
975,2018121701000398,PRIN,33,39,302,417,125934.00,2018-12-17 01:00:00.039800
976,2018121701000397,PRIN,19,39,159,417,66303.00,2018-12-17 01:00:00.039700
977,2018121701000173,PRIN,19,41,41,417,17097.00,2018-12-17 01:00:00.017300
978,2018121701000172,PRIN,17,41,100,417,41700.00,2018-12-17 01:00:00.017200
979,2018121601004927,PRIN,59,32,22,419,9218.00,2018-12-16 01:00:00.492700
980,2018121601004831,PRIN,59,48,200,419,83800.00,2018-12-16 01:00:00.483100
981,2018121601004830,PRIN,59,32,100,418,41800.00,2018-12-16 01:00:00.483000
982,2018121601004829,PRIN,59,34,100,417,41700.00,2018-12-16 01:00:00.482900
983,2018121601004828,PRIN,59,5,53,417,22101.00,2018-12-16 01:00:00.482800
984,2018121601004827,PRIN,59,17,25,417,10425.00,2018-12-16 01:00:00.482700
985,2018121601004432,PRIN,59,50,400,417,166800.00,2018-12-16 01:00:00.443200
986,2018121601004431,PRIN,59,47,92,417,38364.00,2018-12-16 01:00:00.443100
987,2018121601004143,PRIN,37,21,18,411,7398.00,2018-12-16 01:00:00.414300
988,2018121601004142,PRIN,59,21,10,416,4160.00,2018-12-16 01:00:00.414200
989,2018121601004010,PRIN,59,40,90,416,37440.00,2018-12-16 01:00:00.401000
990,2018121601003907,PRIN,37,58,100,416,41600.00,2018-12-16 01:00:00.390700
991,2018121601003906,PRIN,37,34,200,415,83000.00,2018-12-16 01:00:00.390600
992,2018121601003905,PRIN,37,51,100,415,41500.00,2018-12-16 01:00:00.390500
993,2018121601003904,PRIN,37,38,101,414,41814.00,2018-12-16 01:00:00.390400
994,2018121601003511,PRIN,6,32,20,413,8260.00,2018-12-16 01:00:00.351100
995,2018121601003510,PRIN,6,13,100,413,41300.00,2018-12-16 01:00:00.351000
996,2018121601003509,PRIN,6,57,50,413,20650.00,2018-12-16 01:00:00.350900
997,2018121601003123,PRIN,6,38,199,414,82386.00,2018-12-16 01:00:00.312300
998,2018121601003122,PRIN,6,41,200,414,82800.00,2018-12-16 01:00:00.312200
999,2018121601003121,PRIN,6,32,101,414,41814.00,2018-12-16 01:00:00.312100
1000,2018121601003061,PRIN,6,40,50,413,20650.00,2018-12-16 01:00:00.306100
1001,2018121601002436,PRIN,6,50,100,410,41000.00,2018-12-16 01:00:00.243600
1002,2018121601001717,PRIN,44,14,386,410,158260.00,2018-12-16 01:00:00.171700
1003,2018121601001716,PRIN,32,14,100,412,41200.00,2018-12-16 01:00:00.171600
1004,2018121601001379,PRIN,6,32,249,412,102588.00,2018-12-16 01:00:00.137900
1005,2018121601001378,PRIN,6,53,22,412,9064.00,2018-12-16 01:00:00.137800
1006,2018121601001377,PRIN,6,35,174,412,71688.00,2018-12-16 01:00:00.137700
1007,2018121601001376,PRIN,6,1,30,412,12360.00,2018-12-16 01:00:00.137600
1008,2018121601001375,PRIN,6,48,200,412,82400.00,2018-12-16 01:00:00.137500
1009,2018121601001359,PRIN,44,38,114,410,46740.00,2018-12-16 01:00:00.135900
1010,2018121601001353,PRIN,25,38,486,410,199260.00,2018-12-16 01:00:00.135300
1011,2018121601001352,PRIN,25,45,14,410,5740.00,2018-12-16 01:00:00.135200
1012,2018121301002981,PRIN,55,14,25,404,10100.00,2018-12-13 01:00:00.298100
1013,2018121301002869,PRIN,41,34,100,405,40500.00,2018-12-13 01:00:00.286900
1014,2018121301002540,PRIN,22,32,277,405,112185.00,2018-12-13 01:00:00.254000
1015,2018121301002528,PRIN,28,32,900,405,364500.00,2018-12-13 01:00:00.252800
1016,2018121301002510,PRIN,28,56,100,405,40500.00,2018-12-13 01:00:00.251000
1017,2018121301002352,PRIN,25,29,100,405,40500.00,2018-12-13 01:00:00.235200
1018,2018121301002351,PRIN,22,29,100,406,40600.00,2018-12-13 01:00:00.235100
1019,2018121301002030,PRIN,41,6,100,410,41000.00,2018-12-13 01:00:00.203000
1020,2018121301002029,PRIN,41,48,100,410,41000.00,2018-12-13 01:00:00.202900
1021,2018121301002023,PRIN,58,45,300,409,122700.00,2018-12-13 01:00:00.202300
1022,2018121301002007,PRIN,39,45,200,409,81800.00,2018-12-13 01:00:00.200700
1023,2018121301001524,PRIN,39,48,100,402,40200.00,2018-12-13 01:00:00.152400
1024,2018121301001523,PRIN,39,16,99,401,39699.00,2018-12-13 01:00:00.152300
1025,2018121301001522,PRIN,39,8,83,401,33283.00,2018-12-13 01:00:00.152200
1026,2018121301001521,PRIN,39,1,40,401,16040.00,2018-12-13 01:00:00.152100
1027,2018121301001520,PRIN,39,33,100,400,40000.00,2018-12-13 01:00:00.152000
1028,2018121301001519,PRIN,39,32,39,400,15600.00,2018-12-13 01:00:00.151900
1029,2018121301001503,PRIN,39,32,50,400,20000.00,2018-12-13 01:00:00.150300
1030,2018121301001483,PRIN,1,32,30,400,12000.00,2018-12-13 01:00:00.148300
1031,2018121201002575,PRIN,6,51,50,395,19750.00,2018-12-12 01:00:00.257500
1032,2018121201002423,PRIN,33,22,263,393,103359.00,2018-12-12 01:00:00.242300
1033,2018121201002422,PRIN,17,22,10,395,3950.00,2018-12-12 01:00:00.242200
1034,2018121201002421,PRIN,25,22,27,398,10746.00,2018-12-12 01:00:00.242100
1035,2018121201002100,PRIN,25,52,23,398,9154.00,2018-12-12 01:00:00.210000
1036,2018121201001916,PRIN,33,32,100,400,40000.00,2018-12-12 01:00:00.191600
1037,2018121201001898,PRIN,32,34,80,400,32000.00,2018-12-12 01:00:00.189800
1038,2018121201001897,PRIN,32,44,20,399,7980.00,2018-12-12 01:00:00.189700
1039,2018121201001861,PRIN,42,44,60,399,23940.00,2018-12-12 01:00:00.186100
1040,2018121201001647,PRIN,58,44,50,399,19950.00,2018-12-12 01:00:00.164700
1041,2018121201001644,PRIN,17,58,40,395,15800.00,2018-12-12 01:00:00.164400
1042,2018121201001643,PRIN,17,58,10,397,3970.00,2018-12-12 01:00:00.164300
1043,2018121201001395,PRIN,43,34,20,400,8000.00,2018-12-12 01:00:00.139500
1044,2018121101003361,PRIN,37,53,85,395,33575.00,2018-12-11 01:00:00.336100
1045,2018121101003360,PRIN,42,53,150,395,59250.00,2018-12-11 01:00:00.336000
1046,2018121101002402,PRIN,21,8,100,400,40000.00,2018-12-11 01:00:00.240200
1047,2018121101002401,PRIN,33,8,540,400,216000.00,2018-12-11 01:00:00.240100
1048,2018121101002400,PRIN,40,8,100,401,40100.00,2018-12-11 01:00:00.240000
1049,2018121101002023,PRIN,21,1,10,407,4070.00,2018-12-11 01:00:00.202300
1050,2018121101001908,PRIN,33,54,300,400,120000.00,2018-12-11 01:00:00.190800
1051,2018121101001905,PRIN,33,54,160,400,64000.00,2018-12-11 01:00:00.190500
1052,2018121101001904,PRIN,21,54,20,401,8020.00,2018-12-11 01:00:00.190400
1053,2018121101001490,PRIN,34,32,43,401,17243.00,2018-12-11 01:00:00.149000
1054,2018121101001303,PRIN,52,43,62,402,24924.00,2018-12-11 01:00:00.130300
1055,2018121101001076,PRIN,56,59,500,402,201000.00,2018-12-11 01:00:00.107600
1056,2018121101000680,PRIN,8,54,20,405,8100.00,2018-12-11 01:00:00.068000
1057,2018121001004442,PRIN,33,5,400,400,160000.00,2018-12-10 01:00:00.444200
1058,2018121001003968,PRIN,6,44,700,400,280000.00,2018-12-10 01:00:00.396800
1059,2018121001003907,PRIN,25,44,300,400,120000.00,2018-12-10 01:00:00.390700
1060,2018121001003671,PRIN,6,36,50,398,19900.00,2018-12-10 01:00:00.367100
1061,2018121001003670,PRIN,21,36,200,400,80000.00,2018-12-10 01:00:00.367000
1062,2018121001003669,PRIN,28,36,22,401,8822.00,2018-12-10 01:00:00.366900
1063,2018121001003331,PRIN,28,1,278,401,111478.00,2018-12-10 01:00:00.333100
1064,2018121001003330,PRIN,1,1,30,401,12030.00,2018-12-10 01:00:00.333000
1065,2018121001003329,PRIN,58,1,100,402,40200.00,2018-12-10 01:00:00.332900
1066,2018121001003328,PRIN,59,1,100,403,40300.00,2018-12-10 01:00:00.332800
1067,2018121001003327,PRIN,13,1,92,403,37076.00,2018-12-10 01:00:00.332700
1068,2018121001002890,PRIN,42,32,100,406,40600.00,2018-12-10 01:00:00.289000
1069,2018121001002547,PRIN,39,48,100,408,40800.00,2018-12-10 01:00:00.254700
1070,2018121001002433,PRIN,13,22,28,403,11284.00,2018-12-10 01:00:00.243300
1071,2018121001002432,PRIN,39,22,100,403,40300.00,2018-12-10 01:00:00.243200
1072,2018121001002431,PRIN,38,22,10,404,4040.00,2018-12-10 01:00:00.243100
1073,2018121001002430,PRIN,52,22,100,405,40500.00,2018-12-10 01:00:00.243000
1074,2018121001002427,PRIN,42,32,100,408,40800.00,2018-12-10 01:00:00.242700
1075,2018121001002394,PRIN,41,32,100,408,40800.00,2018-12-10 01:00:00.239400
1076,2018121001002034,PRIN,36,7,120,407,48840.00,2018-12-10 01:00:00.203400
1077,2018121001001542,PRIN,28,33,30,401,12030.00,2018-12-10 01:00:00.154200
1078,2018121001001534,PRIN,34,33,200,401,80200.00,2018-12-10 01:00:00.153400
1079,2018121001001522,PRIN,33,33,100,401,40100.00,2018-12-10 01:00:00.152200
1080,2018121001001521,PRIN,52,33,100,401,40100.00,2018-12-10 01:00:00.152100
1081,2018121001001520,PRIN,28,33,20,404,8080.00,2018-12-10 01:00:00.152000
1082,2018121001001519,PRIN,59,33,50,407,20350.00,2018-12-10 01:00:00.151900
1083,2018121001001357,PRIN,59,13,50,407,20350.00,2018-12-10 01:00:00.135700
1084,2018121001001281,PRIN,1,25,102,406,41412.00,2018-12-10 01:00:00.128100
1085,2018121001001274,PRIN,25,25,200,405,81000.00,2018-12-10 01:00:00.127400
1086,2018121001001273,PRIN,43,25,50,405,20250.00,2018-12-10 01:00:00.127300
1087,2018121001001272,PRIN,6,25,100,405,40500.00,2018-12-10 01:00:00.127200
1088,2018121001001271,PRIN,42,25,70,405,28350.00,2018-12-10 01:00:00.127100
1089,2018121001001179,PRIN,43,40,45,407,18315.00,2018-12-10 01:00:00.117900
1090,2018121001001021,PRIN,42,44,30,405,12150.00,2018-12-10 01:00:00.102100
1091,2018121001000671,PRIN,38,22,67,406,27202.00,2018-12-10 01:00:00.067100
1092,2018121001000643,PRIN,36,22,200,402,80400.00,2018-12-10 01:00:00.064300
1093,2018121001000642,PRIN,33,22,20,403,8060.00,2018-12-10 01:00:00.064200
1094,2018121001000317,PRIN,47,22,200,402,80400.00,2018-12-10 01:00:00.031700
1095,2018121001000316,PRIN,42,22,13,402,5226.00,2018-12-10 01:00:00.031600
1096,2018121001000187,PRIN,42,22,87,402,34974.00,2018-12-10 01:00:00.018700
1097,2018120901002964,PRIN,37,1,83,402,33366.00,2018-12-09 01:00:00.296400
1098,2018120901002963,PRIN,37,17,17,400,6800.00,2018-12-09 01:00:00.296300
1099,2018120901002925,PRIN,36,17,50,400,20000.00,2018-12-09 01:00:00.292500
1100,2018120901002807,PRIN,49,44,200,399,79800.00,2018-12-09 01:00:00.280700
1101,2018120901002753,PRIN,25,7,450,395,177750.00,2018-12-09 01:00:00.275300
1102,2018120901001976,PRIN,25,38,66,390,25740.00,2018-12-09 01:00:00.197600
1103,2018120901001975,PRIN,42,38,39,391,15249.00,2018-12-09 01:00:00.197500
1104,2018120901001233,PRIN,14,7,100,394,39400.00,2018-12-09 01:00:00.123300
1105,2018120901001232,PRIN,59,7,55,395,21725.00,2018-12-09 01:00:00.123200
1106,2018120901001231,PRIN,6,7,145,396,57420.00,2018-12-09 01:00:00.123100
1107,2018120901000605,PRIN,59,49,45,395,17775.00,2018-12-09 01:00:00.060500
1108,2018120901000342,PRIN,19,42,39,402,15678.00,2018-12-09 01:00:00.034200
1109,2018120901000341,PRIN,19,7,96,401,38496.00,2018-12-09 01:00:00.034100
1110,2018120601004021,PRIN,46,17,500,395,197500.00,2018-12-06 01:00:00.402100
1111,2018120601002910,PRIN,29,10,100,390,39000.00,2018-12-06 01:00:00.291000
1112,2018120601002909,PRIN,29,32,400,390,156000.00,2018-12-06 01:00:00.290900
1113,2018120601002476,PRIN,48,32,52,386,20072.00,2018-12-06 01:00:00.247600
1114,2018120601002475,PRIN,29,32,100,386,38600.00,2018-12-06 01:00:00.247500
1115,2018120601002474,PRIN,40,32,66,388,25608.00,2018-12-06 01:00:00.247400
1116,2018120601002167,PRIN,40,16,34,388,13192.00,2018-12-06 01:00:00.216700
1117,2018120601002166,PRIN,32,16,100,388,38800.00,2018-12-06 01:00:00.216600
1118,2018120601002165,PRIN,6,16,50,388,19400.00,2018-12-06 01:00:00.216500
1119,2018120601002164,PRIN,22,16,100,389,38900.00,2018-12-06 01:00:00.216400
1120,2018120601002163,PRIN,17,16,92,389,35788.00,2018-12-06 01:00:00.216300
1121,2018120601002116,PRIN,17,56,208,389,80912.00,2018-12-06 01:00:00.211600
1122,2018120601002068,PRIN,43,32,50,390,19500.00,2018-12-06 01:00:00.206800
1123,2018120601002018,PRIN,59,16,100,393,39300.00,2018-12-06 01:00:00.201800
1124,2018120601001757,PRIN,43,52,10,396,3960.00,2018-12-06 01:00:00.175700
1125,2018120601001563,PRIN,22,17,92,395,36340.00,2018-12-06 01:00:00.156300
1126,2018120601001474,PRIN,32,25,20,392,7840.00,2018-12-06 01:00:00.147400
1127,2018120601001086,PRIN,52,22,26,385,10010.00,2018-12-06 01:00:00.108600
1128,2018120601000948,PRIN,25,43,200,382,76400.00,2018-12-06 01:00:00.094800
1129,2018120601000712,PRIN,22,32,500,380,190000.00,2018-12-06 01:00:00.071200
1130,2018120601000573,PRIN,19,32,100,380,38000.00,2018-12-06 01:00:00.057300
1131,2018120601000316,PRIN,42,22,250,385,96250.00,2018-12-06 01:00:00.031600
1132,2018120501004244,PRIN,34,45,200,386,77200.00,2018-12-05 01:00:00.424400
1133,2018120501004020,PRIN,8,26,823,390,320970.00,2018-12-05 01:00:00.402000
1134,2018120501003656,PRIN,52,17,42,385,16170.00,2018-12-05 01:00:00.365600
1135,2018120501003655,PRIN,41,17,100,385,38500.00,2018-12-05 01:00:00.365500
1136,2018120501003654,PRIN,44,17,100,385,38500.00,2018-12-05 01:00:00.365400
1137,2018120501003653,PRIN,33,17,108,385,41580.00,2018-12-05 01:00:00.365300
1138,2018120501003652,PRIN,1,17,50,386,19300.00,2018-12-05 01:00:00.365200
1139,2018120501003651,PRIN,33,17,300,386,115800.00,2018-12-05 01:00:00.365100
1140,2018120501003650,PRIN,16,17,300,388,116400.00,2018-12-05 01:00:00.365000
1141,2018120501003286,PRIN,44,41,200,388,77600.00,2018-12-05 01:00:00.328600
1142,2018120501002577,PRIN,33,11,192,385,73920.00,2018-12-05 01:00:00.257700
1143,2018120501002375,PRIN,38,32,15,383,5745.00,2018-12-05 01:00:00.237500
1144,2018120501002374,PRIN,45,32,500,383,191500.00,2018-12-05 01:00:00.237400
1145,2018120501002373,PRIN,25,32,35,383,13405.00,2018-12-05 01:00:00.237300
1146,2018120501002372,PRIN,58,32,100,384,38400.00,2018-12-05 01:00:00.237200
1147,2018120501002371,PRIN,32,32,100,385,38500.00,2018-12-05 01:00:00.237100
1148,2018120501002370,PRIN,51,32,200,385,77000.00,2018-12-05 01:00:00.237000
1149,2018120501002369,PRIN,10,32,50,386,19300.00,2018-12-05 01:00:00.236900
1150,2018120501001850,PRIN,25,57,65,383,24895.00,2018-12-05 01:00:00.185000
1151,2018120501001849,PRIN,58,57,10,383,3830.00,2018-12-05 01:00:00.184900
1152,2018120501001848,PRIN,19,57,100,384,38400.00,2018-12-05 01:00:00.184800
1153,2018120501001847,PRIN,51,57,100,384,38400.00,2018-12-05 01:00:00.184700
1154,2018120501001846,PRIN,39,57,100,384,38400.00,2018-12-05 01:00:00.184600
1155,2018120501001845,PRIN,32,57,75,385,28875.00,2018-12-05 01:00:00.184500
1156,2018120501001433,PRIN,6,57,50,390,19500.00,2018-12-05 01:00:00.143300
1157,2018120501000829,PRIN,57,51,1135,396,449460.00,2018-12-05 01:00:00.082900
1158,2018120501000672,PRIN,57,29,365,396,144540.00,2018-12-05 01:00:00.067200
1159,2018120501000233,PRIN,56,39,50,402,20100.00,2018-12-05 01:00:00.023300
1160,2018120401003934,PRIN,19,46,40,404,16160.00,2018-12-04 01:00:00.393400
1161,2018120401003933,PRIN,33,46,10,404,4040.00,2018-12-04 01:00:00.393300
1162,2018120401003833,PRIN,43,39,194,405,78570.00,2018-12-04 01:00:00.383300
1163,2018120401003427,PRIN,43,32,138,408,56304.00,2018-12-04 01:00:00.342700
1164,2018120401003426,PRIN,43,1,92,408,37536.00,2018-12-04 01:00:00.342600
1165,2018120401003425,PRIN,43,1,38,408,15504.00,2018-12-04 01:00:00.342500
1166,2018120401003424,PRIN,43,54,200,407,81400.00,2018-12-04 01:00:00.342400
1167,2018120401003423,PRIN,43,6,38,405,15390.00,2018-12-04 01:00:00.342300
1168,2018120401003357,PRIN,43,6,62,405,25110.00,2018-12-04 01:00:00.335700
1169,2018120401003091,PRIN,43,58,38,405,15390.00,2018-12-04 01:00:00.309100
1170,2018120401003090,PRIN,13,58,50,405,20250.00,2018-12-04 01:00:00.309000
1171,2018120401003089,PRIN,56,58,162,405,65610.00,2018-12-04 01:00:00.308900
1172,2018120401002644,PRIN,42,1,100,408,40800.00,2018-12-04 01:00:00.264400
1173,2018120401002541,PRIN,56,46,88,405,35640.00,2018-12-04 01:00:00.254100
1174,2018120401001975,PRIN,28,26,220,407,89540.00,2018-12-04 01:00:00.197500
1175,2018120401001788,PRIN,19,48,146,405,59130.00,2018-12-04 01:00:00.178800
1176,2018120401001776,PRIN,33,59,90,404,36360.00,2018-12-04 01:00:00.177600
1177,2018120401000967,PRIN,33,37,100,403,40300.00,2018-12-04 01:00:00.096700
1178,2018120301004711,PRIN,6,51,132,401,52932.00,2018-12-03 01:00:00.471100
1179,2018120301004512,PRIN,6,16,369,401,147969.00,2018-12-03 01:00:00.451200
1180,2018120301004090,PRIN,6,33,74,401,29674.00,2018-12-03 01:00:00.409000
1181,2018120301004010,PRIN,32,32,25,402,10050.00,2018-12-03 01:00:00.401000
1182,2018120301004009,PRIN,25,32,17,402,6834.00,2018-12-03 01:00:00.400900
1183,2018120301003892,PRIN,25,1,58,402,23316.00,2018-12-03 01:00:00.389200
1184,2018120301003844,PRIN,25,51,50,402,20100.00,2018-12-03 01:00:00.384400
1185,2018120301003794,PRIN,25,16,80,402,32160.00,2018-12-03 01:00:00.379400
1186,2018120301003687,PRIN,25,17,1795,402,721590.00,2018-12-03 01:00:00.368700
1187,2018120301002720,PRIN,32,57,50,405,20250.00,2018-12-03 01:00:00.272000
1188,2018120301002320,PRIN,48,17,250,400,100000.00,2018-12-03 01:00:00.232000
1189,2018120301002319,PRIN,22,17,200,401,80200.00,2018-12-03 01:00:00.231900
1190,2018120301002318,PRIN,47,17,50,402,20100.00,2018-12-03 01:00:00.231800
1191,2018120301001610,PRIN,4,1,100,413,41300.00,2018-12-03 01:00:00.161000
1192,2018120301001609,PRIN,4,17,100,406,40600.00,2018-12-03 01:00:00.160900
1193,2018120301001608,PRIN,4,37,11,406,4466.00,2018-12-03 01:00:00.160800
1194,2018120301001181,PRIN,4,51,100,405,40500.00,2018-12-03 01:00:00.118100
1195,2018120301001180,PRIN,4,58,250,404,101000.00,2018-12-03 01:00:00.118000
1196,2018120301001179,PRIN,4,13,150,403,60450.00,2018-12-03 01:00:00.117900
1197,2018120301001178,PRIN,4,6,90,403,36270.00,2018-12-03 01:00:00.117800
1198,2018120301001177,PRIN,4,26,88,402,35376.00,2018-12-03 01:00:00.117700
1199,2018120301001172,PRIN,28,26,100,402,40200.00,2018-12-03 01:00:00.117200
1200,2018120301001165,PRIN,1,17,197,400,78800.00,2018-12-03 01:00:00.116500
1201,2018120301001042,PRIN,39,26,50,402,20100.00,2018-12-03 01:00:00.104200
1202,2018120301000821,PRIN,45,42,600,400,240000.00,2018-12-03 01:00:00.082100
1203,2018120301000752,PRIN,32,13,31,396,12276.00,2018-12-03 01:00:00.075200
1204,2018120301000751,PRIN,48,13,200,396,79200.00,2018-12-03 01:00:00.075100
1205,2018120301000542,PRIN,38,6,10,403,4030.00,2018-12-03 01:00:00.054200
1206,2018120301000353,PRIN,41,32,150,404,60600.00,2018-12-03 01:00:00.035300
1207,2018120301000312,PRIN,41,48,200,404,80800.00,2018-12-03 01:00:00.031200
1208,2018120301000311,PRIN,41,39,124,400,49600.00,2018-12-03 01:00:00.031100
1209,2018120301000137,PRIN,41,51,26,399,10374.00,2018-12-03 01:00:00.013700
1210,2018120201005353,PRIN,22,36,29,392,11368.00,2018-12-02 01:00:00.535300
1211,2018120201005172,PRIN,33,37,205,391,80155.00,2018-12-02 01:00:00.517200
1212,2018120201005171,PRIN,41,37,10,391,3910.00,2018-12-02 01:00:00.517100
1213,2018120201005170,PRIN,56,37,200,392,78400.00,2018-12-02 01:00:00.517000
1214,2018120201005169,PRIN,7,37,200,393,78600.00,2018-12-02 01:00:00.516900
1215,2018120201005168,PRIN,11,37,10,393,3930.00,2018-12-02 01:00:00.516800
1216,2018120201005167,PRIN,10,37,147,393,57771.00,2018-12-02 01:00:00.516700
1217,2018120201005166,PRIN,32,37,135,394,53190.00,2018-12-02 01:00:00.516600
1218,2018120201005165,PRIN,32,37,100,394,39400.00,2018-12-02 01:00:00.516500
1219,2018120201005094,PRIN,17,36,50,395,19750.00,2018-12-02 01:00:00.509400
1220,2018120201005071,PRIN,41,52,529,399,211071.00,2018-12-02 01:00:00.507100
1221,2018120201004563,PRIN,10,58,17,393,6681.00,2018-12-02 01:00:00.456300
1222,2018120201004376,PRIN,10,10,791,393,310863.00,2018-12-02 01:00:00.437600
1223,2018120201004375,PRIN,22,10,500,394,197000.00,2018-12-02 01:00:00.437500
1224,2018120201004374,PRIN,48,10,50,394,19700.00,2018-12-02 01:00:00.437400
1225,2018120201004111,PRIN,10,52,45,393,17685.00,2018-12-02 01:00:00.411100
1226,2018120201004110,PRIN,7,52,200,394,78800.00,2018-12-02 01:00:00.411000
1227,2018120201004109,PRIN,32,52,100,394,39400.00,2018-12-02 01:00:00.410900
1228,2018120201004108,PRIN,45,52,50,395,19750.00,2018-12-02 01:00:00.410800
1229,2018120201003329,PRIN,14,8,399,395,157605.00,2018-12-02 01:00:00.332900
1230,2018120201003328,PRIN,50,8,401,395,158395.00,2018-12-02 01:00:00.332800
1231,2018120201003212,PRIN,50,57,100,395,39500.00,2018-12-02 01:00:00.321200
1232,2018120201003135,PRIN,50,56,499,395,197105.00,2018-12-02 01:00:00.313500
1233,2018120201003134,PRIN,50,56,100,395,39500.00,2018-12-02 01:00:00.313400
1234,2018120201003133,PRIN,52,56,150,395,59250.00,2018-12-02 01:00:00.313300
1235,2018120201003132,PRIN,51,56,200,396,79200.00,2018-12-02 01:00:00.313200
1236,2018120201003131,PRIN,35,56,100,397,39700.00,2018-12-02 01:00:00.313100
1237,2018120201003130,PRIN,32,56,25,397,9925.00,2018-12-02 01:00:00.313000
1238,2018120201003129,PRIN,28,56,50,397,19850.00,2018-12-02 01:00:00.312900
1239,2018120201003128,PRIN,45,56,10,398,3980.00,2018-12-02 01:00:00.312800
1240,2018120201003127,PRIN,32,56,200,398,79600.00,2018-12-02 01:00:00.312700
1241,2018120201003126,PRIN,45,56,126,398,50148.00,2018-12-02 01:00:00.312600
1242,2018120201003125,PRIN,46,56,20,398,7960.00,2018-12-02 01:00:00.312500
1243,2018120201003124,PRIN,13,56,20,398,7960.00,2018-12-02 01:00:00.312400
1244,2018120201002496,PRIN,13,1,30,398,11940.00,2018-12-02 01:00:00.249600
1245,2018120201002193,PRIN,16,48,731,400,292400.00,2018-12-02 01:00:00.219300
1246,2018120201002192,PRIN,16,17,100,400,40000.00,2018-12-02 01:00:00.219200
1247,2018120201001516,PRIN,25,33,96,397,38112.00,2018-12-02 01:00:00.151600
1248,2018120201001515,PRIN,6,33,50,398,19900.00,2018-12-02 01:00:00.151500
1249,2018120201000643,PRIN,48,45,115,401,46115.00,2018-12-02 01:00:00.064300
1250,2018120201000617,PRIN,25,45,100,401,40100.00,2018-12-02 01:00:00.061700
1251,2018120201000616,PRIN,7,45,85,401,34085.00,2018-12-02 01:00:00.061600
1252,2018120201000526,PRIN,7,51,100,401,40100.00,2018-12-02 01:00:00.052600
1253,2018120201000513,PRIN,7,51,100,401,40100.00,2018-12-02 01:00:00.051300
1254,2018120201000368,PRIN,7,59,65,401,26065.00,2018-12-02 01:00:00.036800
1255,2018112901004091,PRIN,35,35,20,406,8120.00,2018-11-29 01:00:00.409100
1256,2018112901004090,PRIN,43,35,49,406,19894.00,2018-11-29 01:00:00.409000
1257,2018112901003896,PRIN,43,39,51,406,20706.00,2018-11-29 01:00:00.389600
1258,2018112901003224,PRIN,6,49,94,402,37788.00,2018-11-29 01:00:00.322400
1259,2018112901003223,PRIN,11,49,20,402,8040.00,2018-11-29 01:00:00.322300
1260,2018112901003222,PRIN,1,49,50,403,20150.00,2018-11-29 01:00:00.322200
1261,2018112901003221,PRIN,59,49,136,403,54808.00,2018-11-29 01:00:00.322100
1262,2018112901003196,PRIN,59,49,114,403,45942.00,2018-11-29 01:00:00.319600
1263,2018112901003195,PRIN,6,49,234,404,94536.00,2018-11-29 01:00:00.319500
1264,2018112901003173,PRIN,6,37,266,404,107464.00,2018-11-29 01:00:00.317300
1265,2018112901003172,PRIN,50,37,234,405,94770.00,2018-11-29 01:00:00.317200
1266,2018112901003114,PRIN,50,37,166,405,67230.00,2018-11-29 01:00:00.311400
1267,2018112901003113,PRIN,43,37,34,405,13770.00,2018-11-29 01:00:00.311300
1268,2018112901003005,PRIN,43,20,10,405,4050.00,2018-11-29 01:00:00.300500
1269,2018112901002982,PRIN,43,37,26,405,10530.00,2018-11-29 01:00:00.298200
1270,2018112901002981,PRIN,32,37,50,406,20300.00,2018-11-29 01:00:00.298100
1271,2018112901002980,PRIN,6,37,58,406,23548.00,2018-11-29 01:00:00.298000
1272,2018112901002766,PRIN,6,28,442,406,179452.00,2018-11-29 01:00:00.276600
1273,2018112901002765,PRIN,57,28,58,406,23548.00,2018-11-29 01:00:00.276500
1274,2018112901002705,PRIN,57,42,142,406,57652.00,2018-11-29 01:00:00.270500
1275,2018112901002338,PRIN,38,37,40,410,16400.00,2018-11-29 01:00:00.233800
1276,2018112901002337,PRIN,38,49,50,410,20500.00,2018-11-29 01:00:00.233700
1277,2018112901001853,PRIN,38,49,50,410,20500.00,2018-11-29 01:00:00.185300
1278,2018112801003263,PRIN,47,47,4,410,1640.00,2018-11-28 01:00:00.326300
1279,2018112801002873,PRIN,22,51,25,410,10250.00,2018-11-28 01:00:00.287300
1280,2018112801002852,PRIN,22,51,25,410,10250.00,2018-11-28 01:00:00.285200
1281,2018112801002833,PRIN,22,51,25,410,10250.00,2018-11-28 01:00:00.283300
1282,2018112801002269,PRIN,53,37,150,410,61500.00,2018-11-28 01:00:00.226900
1283,2018112801002137,PRIN,54,37,200,410,82000.00,2018-11-28 01:00:00.213700
1284,2018112801002136,PRIN,38,37,20,410,8200.00,2018-11-28 01:00:00.213600
1285,2018112801002135,PRIN,25,37,200,413,82600.00,2018-11-28 01:00:00.213500
1286,2018112801001900,PRIN,32,37,100,414,41400.00,2018-11-28 01:00:00.190000
1287,2018112801001827,PRIN,32,37,100,414,41400.00,2018-11-28 01:00:00.182700
1288,2018112801001826,PRIN,32,37,100,414,41400.00,2018-11-28 01:00:00.182600
1289,2018112801001769,PRIN,48,54,640,413,264320.00,2018-11-28 01:00:00.176900
1290,2018112801001719,PRIN,32,54,45,415,18675.00,2018-11-28 01:00:00.171900
1291,2018112801001704,PRIN,32,40,455,415,188825.00,2018-11-28 01:00:00.170400
1292,2018112801001703,PRIN,34,40,50,415,20750.00,2018-11-28 01:00:00.170300
1293,2018112801001702,PRIN,54,40,200,416,83200.00,2018-11-28 01:00:00.170200
1294,2018112801001701,PRIN,44,40,20,417,8340.00,2018-11-28 01:00:00.170100
1295,2018112801001491,PRIN,44,51,25,417,10425.00,2018-11-28 01:00:00.149100
1296,2018112801001479,PRIN,44,36,49,417,20433.00,2018-11-28 01:00:00.147900
1297,2018112801001452,PRIN,44,22,106,417,44202.00,2018-11-28 01:00:00.145200
1298,2018112801001451,PRIN,32,22,50,418,20900.00,2018-11-28 01:00:00.145100
1299,2018112801001450,PRIN,36,22,44,418,18392.00,2018-11-28 01:00:00.145000
1300,2018112801001255,PRIN,36,5,100,418,41800.00,2018-11-28 01:00:00.125500
1301,2018112801000617,PRIN,36,54,28,418,11704.00,2018-11-28 01:00:00.061700
1302,2018112801000605,PRIN,36,6,78,418,32604.00,2018-11-28 01:00:00.060500
1303,2018112801000516,PRIN,55,54,10,419,4190.00,2018-11-28 01:00:00.051600
1304,2018112701003492,PRIN,16,57,50,421,21050.00,2018-11-27 01:00:00.349200
1305,2018112701003280,PRIN,16,51,30,421,12630.00,2018-11-27 01:00:00.328000
1306,2018112701003279,PRIN,51,51,20,421,8420.00,2018-11-27 01:00:00.327900
1307,2018112701003265,PRIN,43,37,50,423,21150.00,2018-11-27 01:00:00.326500
1308,2018112701003046,PRIN,45,35,500,422,211000.00,2018-11-27 01:00:00.304600
1309,2018112701002995,PRIN,56,22,200,424,84800.00,2018-11-27 01:00:00.299500
1310,2018112701002994,PRIN,1,22,25,425,10625.00,2018-11-27 01:00:00.299400
1311,2018112701002901,PRIN,1,32,75,425,31875.00,2018-11-27 01:00:00.290100
1312,2018112701002822,PRIN,32,32,18,428,7704.00,2018-11-27 01:00:00.282200
1313,2018112701002768,PRIN,32,35,482,428,206296.00,2018-11-27 01:00:00.276800
1314,2018112701002736,PRIN,51,35,18,428,7704.00,2018-11-27 01:00:00.273600
1315,2018112701002735,PRIN,51,54,47,428,20116.00,2018-11-27 01:00:00.273500
1316,2018112701002734,PRIN,51,39,50,427,21350.00,2018-11-27 01:00:00.273400
1317,2018112701002733,PRIN,51,45,14,427,5978.00,2018-11-27 01:00:00.273300
1318,2018112701002732,PRIN,51,45,21,427,8967.00,2018-11-27 01:00:00.273200
1319,2018112701001706,PRIN,52,52,5,420,2100.00,2018-11-27 01:00:00.170600
1320,2018112701001538,PRIN,28,58,100,428,42800.00,2018-11-27 01:00:00.153800
1321,2018112701001443,PRIN,22,32,50,425,21250.00,2018-11-27 01:00:00.144300
1322,2018112701000479,PRIN,6,56,64,427,27328.00,2018-11-27 01:00:00.047900
1323,2018112701000450,PRIN,34,56,436,427,186172.00,2018-11-27 01:00:00.045000
1324,2018112701000449,PRIN,34,14,17,426,7242.00,2018-11-27 01:00:00.044900
1325,2018112701000448,PRIN,34,32,47,426,20022.00,2018-11-27 01:00:00.044800
1326,2018112701000216,PRIN,6,54,100,420,42000.00,2018-11-27 01:00:00.021600
1327,2018112701000012,PRIN,25,26,88,412,36256.00,2018-11-27 01:00:00.001200
1328,2018112701000002,PRIN,42,26,100,412,41200.00,2018-11-27 01:00:00.000200
1329,2018112601004078,PRIN,42,42,4,411,1644.00,2018-11-26 01:00:00.407800
1330,2018112601004072,PRIN,32,51,186,418,77748.00,2018-11-26 01:00:00.407200
1331,2018112601004071,PRIN,53,51,14,419,5866.00,2018-11-26 01:00:00.407100
1332,2018112601003938,PRIN,53,21,11,419,4609.00,2018-11-26 01:00:00.393800
1333,2018112601003937,PRIN,6,21,11,419,4609.00,2018-11-26 01:00:00.393700
1334,2018112601003919,PRIN,6,8,200,419,83800.00,2018-11-26 01:00:00.391900
1335,2018112601003739,PRIN,6,17,711,419,297909.00,2018-11-26 01:00:00.373900
1336,2018112601003359,PRIN,6,42,28,419,11732.00,2018-11-26 01:00:00.335900
1337,2018112601003358,PRIN,38,42,30,420,12600.00,2018-11-26 01:00:00.335800
1338,2018112601002923,PRIN,59,25,169,422,71318.00,2018-11-26 01:00:00.292300
1339,2018112601002772,PRIN,59,16,31,422,13082.00,2018-11-26 01:00:00.277200
1340,2018112601002606,PRIN,43,43,6,420,2520.00,2018-11-26 01:00:00.260600
1341,2018112601002076,PRIN,6,14,50,422,21100.00,2018-11-26 01:00:00.207600
1342,2018112601002066,PRIN,7,14,900,422,379800.00,2018-11-26 01:00:00.206600
1343,2018112601001976,PRIN,37,14,50,422,21100.00,2018-11-26 01:00:00.197600
1344,2018112601001975,PRIN,37,14,250,422,105500.00,2018-11-26 01:00:00.197500
1345,2018112601001919,PRIN,22,14,200,422,84400.00,2018-11-26 01:00:00.191900
1346,2018112601001894,PRIN,56,29,69,421,29049.00,2018-11-26 01:00:00.189400
1347,2018112601001844,PRIN,6,50,74,420,31080.00,2018-11-26 01:00:00.184400
1348,2018112601001843,PRIN,6,32,50,420,21000.00,2018-11-26 01:00:00.184300
1349,2018112601001842,PRIN,6,57,50,420,21000.00,2018-11-26 01:00:00.184200
1350,2018112601001223,PRIN,52,57,50,420,21000.00,2018-11-26 01:00:00.122300
1351,2018112601001091,PRIN,58,57,50,418,20900.00,2018-11-26 01:00:00.109100
1352,2018112601000826,PRIN,6,14,500,418,209000.00,2018-11-26 01:00:00.082600
1353,2018112601000776,PRIN,7,43,100,416,41600.00,2018-11-26 01:00:00.077600
1354,2018112601000472,PRIN,6,48,375,413,154875.00,2018-11-26 01:00:00.047200
1355,2018112601000471,PRIN,50,48,100,413,41300.00,2018-11-26 01:00:00.047100
1356,2018112601000307,PRIN,50,45,100,413,41300.00,2018-11-26 01:00:00.030700
1357,2018112501003838,PRIN,35,40,85,412,35020.00,2018-11-25 01:00:00.383800
1358,2018112501003837,PRIN,32,40,25,412,10300.00,2018-11-25 01:00:00.383700
1359,2018112501003824,PRIN,58,43,50,412,20600.00,2018-11-25 01:00:00.382400
1360,2018112501003823,PRIN,32,43,50,413,20650.00,2018-11-25 01:00:00.382300
1361,2018112501003633,PRIN,58,10,50,412,20600.00,2018-11-25 01:00:00.363300
1362,2018112501003632,PRIN,1,10,100,412,41200.00,2018-11-25 01:00:00.363200
1363,2018112501003631,PRIN,47,10,50,412,20600.00,2018-11-25 01:00:00.363100
1364,2018112501003630,PRIN,6,10,50,415,20750.00,2018-11-25 01:00:00.363000
1365,2018112501003629,PRIN,32,10,50,416,20800.00,2018-11-25 01:00:00.362900
1366,2018112501003587,PRIN,32,22,53,420,22260.00,2018-11-25 01:00:00.358700
1367,2018112501003557,PRIN,6,22,75,420,31500.00,2018-11-25 01:00:00.355700
1368,2018112501003460,PRIN,6,47,275,420,115500.00,2018-11-25 01:00:00.346000
1369,2018112501003401,PRIN,6,42,150,420,63000.00,2018-11-25 01:00:00.340100
1370,2018112501003400,PRIN,42,42,100,420,42000.00,2018-11-25 01:00:00.340000
1371,2018112501003399,PRIN,40,42,50,420,21000.00,2018-11-25 01:00:00.339900
1372,2018112501003398,PRIN,32,42,50,421,21050.00,2018-11-25 01:00:00.339800
1373,2018112501003397,PRIN,47,42,50,421,21050.00,2018-11-25 01:00:00.339700
1374,2018112501003396,PRIN,6,42,100,422,42200.00,2018-11-25 01:00:00.339600
1375,2018112501003383,PRIN,6,34,100,424,42400.00,2018-11-25 01:00:00.338300
1376,2018112501002680,PRIN,29,26,150,428,64200.00,2018-11-25 01:00:00.268000
1377,2018112501002679,PRIN,41,26,10,428,4280.00,2018-11-25 01:00:00.267900
1378,2018112501002588,PRIN,32,22,100,431,43100.00,2018-11-25 01:00:00.258800
1379,2018112501002533,PRIN,6,44,154,432,66528.00,2018-11-25 01:00:00.253300
1380,2018112501002532,PRIN,6,44,47,433,20351.00,2018-11-25 01:00:00.253200
1381,2018112501001765,PRIN,6,22,30,435,13050.00,2018-11-25 01:00:00.176500
1382,2018112501001660,PRIN,6,51,50,435,21750.00,2018-11-25 01:00:00.166000
1383,2018112501001653,PRIN,6,51,50,435,21750.00,2018-11-25 01:00:00.165300
1384,2018112501001500,PRIN,6,43,116,435,50460.00,2018-11-25 01:00:00.150000
1385,2018112501001499,PRIN,6,6,100,434,43400.00,2018-11-25 01:00:00.149900
1386,2018112201003770,PRIN,22,34,100,436,43600.00,2018-11-22 01:00:00.377000
1387,2018112201003579,PRIN,54,5,90,440,39600.00,2018-11-22 01:00:00.357900
1388,2018112201003578,PRIN,54,51,50,439,21950.00,2018-11-22 01:00:00.357800
1389,2018112201003577,PRIN,54,50,400,438,175200.00,2018-11-22 01:00:00.357700
1390,2018112201003362,PRIN,22,57,61,436,26596.00,2018-11-22 01:00:00.336200
1391,2018112201003361,PRIN,33,57,104,436,45344.00,2018-11-22 01:00:00.336100
1392,2018112201003356,PRIN,33,43,46,436,20056.00,2018-11-22 01:00:00.335600
1393,2018112201003351,PRIN,33,37,100,436,43600.00,2018-11-22 01:00:00.335100
1394,2018112201003271,PRIN,33,37,150,436,65400.00,2018-11-22 01:00:00.327100
1395,2018112201003000,PRIN,6,11,24,435,10440.00,2018-11-22 01:00:00.300000
1396,2018112201002953,PRIN,6,21,127,435,55245.00,2018-11-22 01:00:00.295300
1397,2018112201002952,PRIN,21,21,20,435,8700.00,2018-11-22 01:00:00.295200
1398,2018112201002951,PRIN,6,21,53,435,23055.00,2018-11-22 01:00:00.295100
1399,2018112201002480,PRIN,54,19,69,440,30360.00,2018-11-22 01:00:00.248000
1400,2018112201002479,PRIN,54,55,31,440,13640.00,2018-11-22 01:00:00.247900
1401,2018112201002349,PRIN,6,51,50,435,21750.00,2018-11-22 01:00:00.234900
1402,2018112201002214,PRIN,6,10,267,435,116145.00,2018-11-22 01:00:00.221400
1403,2018112201002203,PRIN,6,32,500,435,217500.00,2018-11-22 01:00:00.220300
1404,2018112201002072,PRIN,6,28,130,435,56550.00,2018-11-22 01:00:00.207200
1405,2018112201002071,PRIN,52,28,50,435,21750.00,2018-11-22 01:00:00.207100
1406,2018112201002070,PRIN,52,28,20,436,8720.00,2018-11-22 01:00:00.207000
1407,2018112201001172,PRIN,45,20,43,433,18619.00,2018-11-22 01:00:00.117200
1408,2018112201001041,PRIN,45,26,800,433,346400.00,2018-11-22 01:00:00.104100
1409,2018112201001040,PRIN,34,26,200,434,86800.00,2018-11-22 01:00:00.104000
1410,2018112101003105,PRIN,50,41,300,440,132000.00,2018-11-21 01:00:00.310500
1411,2018112101003104,PRIN,10,41,300,441,132300.00,2018-11-21 01:00:00.310400
1412,2018112101002570,PRIN,29,53,174,439,76386.00,2018-11-21 01:00:00.257000
1413,2018112101002381,PRIN,29,59,70,439,30730.00,2018-11-21 01:00:00.238100
1414,2018112101002380,PRIN,44,59,100,440,44000.00,2018-11-21 01:00:00.238000
1415,2018112101002379,PRIN,50,59,300,440,132000.00,2018-11-21 01:00:00.237900
1416,2018112101002378,PRIN,1,59,10,441,4410.00,2018-11-21 01:00:00.237800
1417,2018112101002377,PRIN,57,59,69,441,30429.00,2018-11-21 01:00:00.237700
1418,2018112101002185,PRIN,57,36,191,441,84231.00,2018-11-21 01:00:00.218500
1419,2018112101001584,PRIN,19,33,150,440,66000.00,2018-11-21 01:00:00.158400
1420,2018112101001583,PRIN,10,33,100,440,44000.00,2018-11-21 01:00:00.158300
1421,2018112101001582,PRIN,25,33,50,440,22000.00,2018-11-21 01:00:00.158200
1422,2018112101001130,PRIN,57,59,500,441,220500.00,2018-11-21 01:00:00.113000
1423,2018112101000841,PRIN,47,33,20,447,8940.00,2018-11-21 01:00:00.084100
1424,2018112101000056,PRIN,47,28,20,447,8940.00,2018-11-21 01:00:00.005600
1425,2018112001002957,PRIN,59,59,108,447,48276.00,2018-11-20 01:00:00.295700
1426,2018112001002824,PRIN,4,14,100,446,44600.00,2018-11-20 01:00:00.282400
1427,2018112001002668,PRIN,4,14,74,446,33004.00,2018-11-20 01:00:00.266800
1428,2018112001002307,PRIN,4,22,1486,451,670186.00,2018-11-20 01:00:00.230700
1429,2018112001002306,PRIN,4,56,14,451,6314.00,2018-11-20 01:00:00.230600
1430,2018112001002305,PRIN,4,19,100,450,45000.00,2018-11-20 01:00:00.230500
1431,2018112001002278,PRIN,25,26,92,448,41216.00,2018-11-20 01:00:00.227800
1432,2018112001002130,PRIN,4,22,680,446,303280.00,2018-11-20 01:00:00.213000
1433,2018112001002129,PRIN,4,22,245,446,109270.00,2018-11-20 01:00:00.212900
1434,2018112001001893,PRIN,25,29,100,443,44300.00,2018-11-20 01:00:00.189300
1435,2018112001001753,PRIN,25,35,23,443,10189.00,2018-11-20 01:00:00.175300
1436,2018112001001720,PRIN,33,22,300,444,133200.00,2018-11-20 01:00:00.172000
1437,2018112001001719,PRIN,38,22,20,444,8880.00,2018-11-20 01:00:00.171900
1438,2018112001001001,PRIN,48,35,200,444,88800.00,2018-11-20 01:00:00.100100
1439,2018112001000921,PRIN,25,35,40,446,17840.00,2018-11-20 01:00:00.092100
1440,2018112001000074,PRIN,25,57,44,443,19492.00,2018-11-20 01:00:00.007400
1441,2018112001000071,PRIN,25,57,16,443,7088.00,2018-11-20 01:00:00.007100
1442,2018112001000002,PRIN,39,39,200,450,90000.00,2018-11-20 01:00:00.000200
1443,2018111901002726,PRIN,58,58,1,450,450.00,2018-11-19 01:00:00.272600
1444,2018111901002633,PRIN,58,22,10,450,4500.00,2018-11-19 01:00:00.263300
1445,2018111901002627,PRIN,58,39,210,446,93660.00,2018-11-19 01:00:00.262700
1446,2018111901002559,PRIN,51,39,20,446,8920.00,2018-11-19 01:00:00.255900
1447,2018111901002558,PRIN,51,29,30,446,13380.00,2018-11-19 01:00:00.255800
1448,2018111901002499,PRIN,4,32,78,443,34554.00,2018-11-19 01:00:00.249900
1449,2018111901002498,PRIN,21,32,41,443,18163.00,2018-11-19 01:00:00.249800
1450,2018111901002224,PRIN,21,37,159,443,70437.00,2018-11-19 01:00:00.222400
1451,2018111901002223,PRIN,32,37,200,443,88600.00,2018-11-19 01:00:00.222300
1452,2018111901002222,PRIN,32,37,167,443,73981.00,2018-11-19 01:00:00.222200
1453,2018111901002012,PRIN,25,22,500,444,222000.00,2018-11-19 01:00:00.201200
1454,2018111901001725,PRIN,28,29,20,446,8920.00,2018-11-19 01:00:00.172500
1455,2018111901001354,PRIN,52,33,14,446,6244.00,2018-11-19 01:00:00.135400
1456,2018111901001178,PRIN,32,48,33,443,14619.00,2018-11-19 01:00:00.117800
1457,2018111901001003,PRIN,53,49,404,441,178164.00,2018-11-19 01:00:00.100300
1458,2018111901001002,PRIN,56,49,300,443,132900.00,2018-11-19 01:00:00.100200
1459,2018111901001001,PRIN,6,49,20,443,8860.00,2018-11-19 01:00:00.100100
1460,2018111901000876,PRIN,25,49,100,445,44500.00,2018-11-19 01:00:00.087600
1461,2018111901000875,PRIN,59,49,200,445,89000.00,2018-11-19 01:00:00.087500
1462,2018111901000362,PRIN,6,37,20,450,9000.00,2018-11-19 01:00:00.036200
1463,2018111901000361,PRIN,39,37,50,452,22600.00,2018-11-19 01:00:00.036100
1464,2018111801003358,PRIN,4,22,23,450,10350.00,2018-11-18 01:00:00.335800
1465,2018111801003343,PRIN,4,46,84,450,37800.00,2018-11-18 01:00:00.334300
1466,2018111801003342,PRIN,22,46,100,451,45100.00,2018-11-18 01:00:00.334200
1467,2018111801003341,PRIN,43,46,116,451,52316.00,2018-11-18 01:00:00.334100
1468,2018111801002811,PRIN,43,26,84,451,37884.00,2018-11-18 01:00:00.281100
1469,2018111801002810,PRIN,6,26,16,455,7280.00,2018-11-18 01:00:00.281000
1470,2018111801002485,PRIN,6,17,34,455,15470.00,2018-11-18 01:00:00.248500
1471,2018111801002395,PRIN,4,13,13,455,5915.00,2018-11-18 01:00:00.239500
1472,2018111801002109,PRIN,10,11,43,456,19608.00,2018-11-18 01:00:00.210900
1473,2018111801001870,PRIN,4,17,91,455,41405.00,2018-11-18 01:00:00.187000
1474,2018111801001869,PRIN,4,57,438,453,198414.00,2018-11-18 01:00:00.186900
1475,2018111801001868,PRIN,4,52,340,452,153680.00,2018-11-18 01:00:00.186800
1476,2018111801001669,PRIN,4,53,88,450,39600.00,2018-11-18 01:00:00.166900
1477,2018111801001638,PRIN,4,59,47,450,21150.00,2018-11-18 01:00:00.163800
1478,2018111801001619,PRIN,4,59,201,450,90450.00,2018-11-18 01:00:00.161900
1479,2018111801001366,PRIN,4,42,34,450,15300.00,2018-11-18 01:00:00.136600
1480,2018111801001365,PRIN,42,42,60,451,27060.00,2018-11-18 01:00:00.136500
1481,2018111801001243,PRIN,4,6,250,450,112500.00,2018-11-18 01:00:00.124300
1482,2018111801000871,PRIN,4,22,100,450,45000.00,2018-11-18 01:00:00.087100
1483,2018111801000817,PRIN,4,37,73,450,32850.00,2018-11-18 01:00:00.081700
1484,2018111801000631,PRIN,25,28,394,448,176512.00,2018-11-18 01:00:00.063100
1485,2018111801000630,PRIN,59,28,106,448,47488.00,2018-11-18 01:00:00.063000
1486,2018111801000528,PRIN,25,44,401,450,180450.00,2018-11-18 01:00:00.052800
1487,2018111801000438,PRIN,59,28,94,448,42112.00,2018-11-18 01:00:00.043800
1488,2018111801000375,PRIN,41,44,100,450,45000.00,2018-11-18 01:00:00.037500
1489,2018111801000374,PRIN,6,44,62,451,27962.00,2018-11-18 01:00:00.037400
1490,2018111501003395,PRIN,32,33,898,458,411284.00,2018-11-15 01:00:00.339500
1491,2018111501003082,PRIN,6,20,231,460,106260.00,2018-11-15 01:00:00.308200
1492,2018111501003081,PRIN,6,55,40,460,18400.00,2018-11-15 01:00:00.308100
1493,2018111501003080,PRIN,6,38,150,458,68700.00,2018-11-15 01:00:00.308000
1494,2018111501002832,PRIN,32,38,150,456,68400.00,2018-11-15 01:00:00.283200
1495,2018111501002531,PRIN,32,26,138,456,62928.00,2018-11-15 01:00:00.253100
1496,2018111501002326,PRIN,32,6,35,456,15960.00,2018-11-15 01:00:00.232600
1497,2018111501002325,PRIN,32,6,20,456,9120.00,2018-11-15 01:00:00.232500
1498,2018111501002287,PRIN,32,26,180,456,82080.00,2018-11-15 01:00:00.228700
1499,2018111501002286,PRIN,50,26,20,458,9160.00,2018-11-15 01:00:00.228600
1500,2018111501002226,PRIN,4,5,421,460,193660.00,2018-11-15 01:00:00.222600
1501,2018111501001664,PRIN,4,44,30,459,13770.00,2018-11-15 01:00:00.166400
1502,2018111501001527,PRIN,4,50,26,459,11934.00,2018-11-15 01:00:00.152700
1503,2018111501001504,PRIN,4,50,944,460,434240.00,2018-11-15 01:00:00.150400
1504,2018111501001155,PRIN,4,13,56,460,25760.00,2018-11-15 01:00:00.115500
1505,2018111501001047,PRIN,4,44,260,459,119340.00,2018-11-15 01:00:00.104700
1506,2018111401002609,PRIN,6,53,138,459,63342.00,2018-11-14 01:00:00.260900
1507,2018111401002590,PRIN,6,13,100,459,45900.00,2018-11-14 01:00:00.259000
1508,2018111401002173,PRIN,4,42,100,459,45900.00,2018-11-14 01:00:00.217300
1509,2018111401001928,PRIN,4,40,68,464,31552.00,2018-11-14 01:00:00.192800
1510,2018111401001921,PRIN,4,53,461,470,216670.00,2018-11-14 01:00:00.192100
1511,2018111401001920,PRIN,4,8,97,469,45493.00,2018-11-14 01:00:00.192000
1512,2018111401001862,PRIN,14,50,20,465,9300.00,2018-11-14 01:00:00.186200
1513,2018111401001861,PRIN,14,37,80,465,37200.00,2018-11-14 01:00:00.186100
1514,2018111401001828,PRIN,4,37,882,464,409248.00,2018-11-14 01:00:00.182800
1515,2018111401001827,PRIN,4,55,50,463,23150.00,2018-11-14 01:00:00.182700
1516,2018111401001509,PRIN,4,21,30,460,13800.00,2018-11-14 01:00:00.150900
1517,2018111401001508,PRIN,4,45,10,460,4600.00,2018-11-14 01:00:00.150800
1518,2018111401001507,PRIN,4,39,200,460,92000.00,2018-11-14 01:00:00.150700
1519,2018111401001506,PRIN,4,6,478,460,219880.00,2018-11-14 01:00:00.150600
1520,2018111401001505,PRIN,4,40,250,459,114750.00,2018-11-14 01:00:00.150500
1521,2018111401001452,PRIN,59,40,50,459,22950.00,2018-11-14 01:00:00.145200
1522,2018111401001425,PRIN,45,33,56,455,25480.00,2018-11-14 01:00:00.142500
1523,2018111401000943,PRIN,45,39,100,456,45600.00,2018-11-14 01:00:00.094300
1524,2018111401000905,PRIN,6,34,52,455,23660.00,2018-11-14 01:00:00.090500
1525,2018111401000763,PRIN,22,34,100,455,45500.00,2018-11-14 01:00:00.076300
1526,2018111401000674,PRIN,52,6,22,460,10120.00,2018-11-14 01:00:00.067400
1527,2018111401000419,PRIN,52,52,49,452,22148.00,2018-11-14 01:00:00.041900
1528,2018111301002659,PRIN,51,6,95,457,43415.00,2018-11-13 01:00:00.265900
1529,2018111301002658,PRIN,39,6,33,457,15081.00,2018-11-13 01:00:00.265800
1530,2018111301002656,PRIN,45,45,9,451,4059.00,2018-11-13 01:00:00.265600
1531,2018111301002000,PRIN,44,13,10,460,4600.00,2018-11-13 01:00:00.200000
1532,2018111301001669,PRIN,39,35,17,457,7769.00,2018-11-13 01:00:00.166900
1533,2018111301001644,PRIN,6,32,200,461,92200.00,2018-11-13 01:00:00.164400
1534,2018111301001548,PRIN,50,34,20,462,9240.00,2018-11-13 01:00:00.154800
1535,2018111301000804,PRIN,39,33,200,465,93000.00,2018-11-13 01:00:00.080400
1536,2018111301000555,PRIN,45,47,48,465,22320.00,2018-11-13 01:00:00.055500
1537,2018111301000339,PRIN,45,57,11,465,5115.00,2018-11-13 01:00:00.033900
1538,2018111301000220,PRIN,52,52,173,456,78888.00,2018-11-13 01:00:00.022000
1539,2018111301000057,PRIN,59,29,40,448,17920.00,2018-11-13 01:00:00.005700
1540,2018111301000046,PRIN,22,29,30,448,13440.00,2018-11-13 01:00:00.004600
1541,2018111301000041,PRIN,52,29,50,450,22500.00,2018-11-13 01:00:00.004100
1542,2018111201002340,PRIN,49,52,47,448,21056.00,2018-11-12 01:00:00.234000
1543,2018111201002271,PRIN,59,14,40,452,18080.00,2018-11-12 01:00:00.227100
1544,2018111201001882,PRIN,8,22,184,447,82248.00,2018-11-12 01:00:00.188200
1545,2018111201001881,PRIN,17,22,500,448,224000.00,2018-11-12 01:00:00.188100
1546,2018111201001880,PRIN,19,22,12,450,5400.00,2018-11-12 01:00:00.188000
1547,2018111201001824,PRIN,19,19,100,450,45000.00,2018-11-12 01:00:00.182400
1548,2018111201001532,PRIN,19,42,88,450,39600.00,2018-11-12 01:00:00.153200
1549,2018111201001531,PRIN,57,42,10,450,4500.00,2018-11-12 01:00:00.153100
1550,2018111201001530,PRIN,6,42,32,450,14400.00,2018-11-12 01:00:00.153000
1551,2018111201001529,PRIN,53,42,20,451,9020.00,2018-11-12 01:00:00.152900
1552,2018111201001183,PRIN,6,17,18,450,8100.00,2018-11-12 01:00:00.118300
1553,2018111201001165,PRIN,22,38,86,452,38872.00,2018-11-12 01:00:00.116500
1554,2018111201001121,PRIN,50,33,194,446,86524.00,2018-11-12 01:00:00.112100
1555,2018111201001120,PRIN,32,33,66,446,29436.00,2018-11-12 01:00:00.112000
1556,2018111201001109,PRIN,34,33,100,450,45000.00,2018-11-12 01:00:00.110900
1557,2018111201001035,PRIN,32,47,34,446,15164.00,2018-11-12 01:00:00.103500
1558,2018111201001034,PRIN,36,47,200,450,90000.00,2018-11-12 01:00:00.103400
1559,2018111201001033,PRIN,44,47,26,450,11700.00,2018-11-12 01:00:00.103300
1560,2018111201000947,PRIN,44,18,74,450,33300.00,2018-11-12 01:00:00.094700
1561,2018111201000909,PRIN,32,49,100,446,44600.00,2018-11-12 01:00:00.090900
1562,2018111201000829,PRIN,7,18,76,450,34200.00,2018-11-12 01:00:00.082900
1563,2018111201000797,PRIN,7,18,124,450,55800.00,2018-11-12 01:00:00.079700
1564,2018111201000628,PRIN,56,18,100,450,45000.00,2018-11-12 01:00:00.062800
1565,2018111201000627,PRIN,29,18,50,451,22550.00,2018-11-12 01:00:00.062700
1566,2018111201000567,PRIN,29,50,150,451,67650.00,2018-11-12 01:00:00.056700
1567,2018111201000566,PRIN,45,50,200,451,90200.00,2018-11-12 01:00:00.056600
1568,2018111201000565,PRIN,52,50,50,451,22550.00,2018-11-12 01:00:00.056500
1569,2018111201000564,PRIN,44,50,100,452,45200.00,2018-11-12 01:00:00.056400
1570,2018111101001075,PRIN,4,38,88,460,40480.00,2018-11-11 01:00:00.107500
1571,2018111101000862,PRIN,4,21,25,460,11500.00,2018-11-11 01:00:00.086200
1572,2018111101000791,PRIN,4,28,162,465,75330.00,2018-11-11 01:00:00.079100
1573,2018111101000539,PRIN,38,28,46,456,20976.00,2018-11-11 01:00:00.053900
1574,2018111101000383,PRIN,45,50,100,460,46000.00,2018-11-11 01:00:00.038300
1575,2018111101000382,PRIN,13,50,190,460,87400.00,2018-11-11 01:00:00.038200
1576,2018111101000304,PRIN,55,28,10,465,4650.00,2018-11-11 01:00:00.030400
1577,2018111101000303,PRIN,47,28,120,469,56280.00,2018-11-11 01:00:00.030300
1578,2018111101000302,PRIN,37,28,50,470,23500.00,2018-11-11 01:00:00.030200
1579,2018111101000295,PRIN,37,26,30,470,14100.00,2018-11-11 01:00:00.029500
1580,2018111101000219,PRIN,37,42,20,470,9400.00,2018-11-11 01:00:00.021900
1581,2018111101000021,PRIN,47,8,80,469,37520.00,2018-11-11 01:00:00.002100
1582,2018110601000510,PRIN,33,6,24,460,11040.00,2018-11-06 01:00:00.051000
1583,2018110601000509,PRIN,42,6,100,460,46000.00,2018-11-06 01:00:00.050900
1584,2018110601000508,PRIN,52,6,20,460,9200.00,2018-11-06 01:00:00.050800
1585,2018110601000507,PRIN,51,6,10,462,4620.00,2018-11-06 01:00:00.050700
1586,2018110601000013,PRIN,48,48,650,469,304850.00,2018-11-06 01:00:00.001300
1587,2018110601000003,PRIN,57,57,10,460,4600.00,2018-11-06 01:00:00.000300
1588,201811056649439,PRIN,42,8,93,465,43245.00,2018-11-05 06:06:00.494390
1589,201811056649306,PRIN,17,17,1,462,462.00,2018-11-05 06:06:00.493060
1590,201811056649075,PRIN,17,46,10,468,4680.00,2018-11-05 06:06:00.490750
1591,201811056649051,PRIN,33,35,463,467,216221.00,2018-11-05 06:06:00.490510
1592,201811056649058,PRIN,42,34,286,465,132990.00,2018-11-05 06:06:00.490580
1593,201811056648639,PRIN,42,8,100,463,46300.00,2018-11-05 06:06:00.486390
1594,201811056648640,PRIN,45,8,20,463,9260.00,2018-11-05 06:06:00.486400
1595,201811056648638,PRIN,52,55,56,466,26096.00,2018-11-05 06:06:00.486380
1596,201811056648277,PRIN,52,37,12,466,5592.00,2018-11-05 06:06:00.482770
1597,201811056648178,PRIN,52,51,20,466,9320.00,2018-11-05 06:06:00.481780
1598,201811056647704,PRIN,21,21,4,453,1812.00,2018-11-05 06:06:00.477040
1599,201811056647041,PRIN,51,35,231,462,106722.00,2018-11-05 06:06:00.470410
1600,201811046646227,PRIN,59,51,70,460,32200.00,2018-11-04 06:06:00.462270
1601,201811046646238,PRIN,59,51,50,460,23000.00,2018-11-04 06:06:00.462380
1602,201811046646191,PRIN,59,52,24,460,11040.00,2018-11-04 06:06:00.461910
1603,201811046646107,PRIN,42,52,76,460,34960.00,2018-11-04 06:06:00.461070
1604,201811046646132,PRIN,48,34,246,460,113160.00,2018-11-04 06:06:00.461320
1605,201811046646035,PRIN,49,51,24,460,11040.00,2018-11-04 06:06:00.460350
1606,201811046646036,PRIN,46,51,46,460,21160.00,2018-11-04 06:06:00.460360
1607,201811046646041,PRIN,46,51,46,460,21160.00,2018-11-04 06:06:00.460410
1608,201811046646042,PRIN,42,51,24,460,11040.00,2018-11-04 06:06:00.460420
1609,201811046645869,PRIN,46,41,58,460,26680.00,2018-11-04 06:06:00.458690
1610,201811046645810,PRIN,49,19,46,460,21160.00,2018-11-04 06:06:00.458100
1611,201811046645558,PRIN,49,14,30,460,13800.00,2018-11-04 06:06:00.455580
1612,201811046645534,PRIN,49,14,10,460,4600.00,2018-11-04 06:06:00.455340
1613,201811046645499,PRIN,47,22,200,460,92000.00,2018-11-04 06:06:00.454990
1614,201811046645379,PRIN,49,54,46,460,21160.00,2018-11-04 06:06:00.453790
1615,201811046644915,PRIN,49,41,39,460,17940.00,2018-11-04 06:06:00.449150
1616,201811046644341,PRIN,40,22,1000,460,460000.00,2018-11-04 06:06:00.443410
1617,201811046643525,PRIN,37,8,107,460,49220.00,2018-11-04 06:06:00.435250
1618,201811046643526,PRIN,43,8,200,460,92000.00,2018-11-04 06:06:00.435260
1619,201811046643484,PRIN,37,8,181,460,83260.00,2018-11-04 06:06:00.434840
1620,201811016642675,PRIN,37,37,41,464,19024.00,2018-11-01 06:06:00.426750
1621,201811016642592,PRIN,37,34,184,462,85008.00,2018-11-01 06:06:00.425920
1622,201811016642554,PRIN,37,13,89,462,41118.00,2018-11-01 06:06:00.425540
1623,201811016641909,PRIN,1,59,20,466,9320.00,2018-11-01 06:06:00.419090
1624,201811016641910,PRIN,59,59,177,465,82305.00,2018-11-01 06:06:00.419100
1625,201811016641911,PRIN,51,59,30,463,13890.00,2018-11-01 06:06:00.419110
1626,201811016641912,PRIN,49,59,63,462,29106.00,2018-11-01 06:06:00.419120
1627,201811016641553,PRIN,59,35,23,465,10695.00,2018-11-01 06:06:00.415530
1628,201811016641356,PRIN,40,11,1440,465,669600.00,2018-11-01 06:06:00.413560
1629,201811016641357,PRIN,40,21,500,465,232500.00,2018-11-01 06:06:00.413570
1630,201811016641358,PRIN,40,6,220,465,102300.00,2018-11-01 06:06:00.413580
1631,201811016641359,PRIN,40,59,100,465,46500.00,2018-11-01 06:06:00.413590
1632,201811016641317,PRIN,37,37,200,464,92800.00,2018-11-01 06:06:00.413170
1633,201811016641292,PRIN,5,32,63,464,29232.00,2018-11-01 06:06:00.412920
1634,201811016641211,PRIN,51,47,70,463,32410.00,2018-11-01 06:06:00.412110
1635,201811016641031,PRIN,14,52,84,464,38976.00,2018-11-01 06:06:00.410310
1636,201811016641032,PRIN,14,19,116,464,53824.00,2018-11-01 06:06:00.410320
1637,201811016641024,PRIN,55,37,26,462,12012.00,2018-11-01 06:06:00.410240
1638,201811016640622,PRIN,40,33,730,461,336530.00,2018-11-01 06:06:00.406220
1639,201811016640595,PRIN,51,56,36,462,16632.00,2018-11-01 06:06:00.405950
1640,201811016640596,PRIN,40,56,10,461,4610.00,2018-11-01 06:06:00.405960
1641,201811016640485,PRIN,5,55,50,464,23200.00,2018-11-01 06:06:00.404850
1642,201811016640155,PRIN,37,11,10,465,4650.00,2018-11-01 06:06:00.401550
1643,201811016640128,PRIN,56,8,500,462,231000.00,2018-11-01 06:06:00.401280
1644,201811016640101,PRIN,40,37,50,464,23200.00,2018-11-01 06:06:00.401010
1645,201811016640102,PRIN,40,37,87,464,40368.00,2018-11-01 06:06:00.401020
1646,201811016640072,PRIN,49,32,300,462,138600.00,2018-11-01 06:06:00.400720
1647,201811016640073,PRIN,49,34,200,463,92600.00,2018-11-01 06:06:00.400730
1648,201811016640082,PRIN,49,34,300,463,138900.00,2018-11-01 06:06:00.400820
1649,201811016640084,PRIN,40,34,82,463,37966.00,2018-11-01 06:06:00.400840
1650,201811016639271,PRIN,36,47,46,460,21160.00,2018-11-01 06:06:00.392710
1651,201811016639151,PRIN,46,51,188,460,86480.00,2018-11-01 06:06:00.391510
1652,201811016639157,PRIN,33,48,56,460,25760.00,2018-11-01 06:06:00.391570
1653,201810316638557,PRIN,49,7,200,461,92200.00,2018-10-31 06:06:00.385570
1654,201810316638213,PRIN,49,21,293,461,135073.00,2018-10-31 06:06:00.382130
1655,201810316638069,PRIN,33,29,126,462,58212.00,2018-10-31 06:06:00.380690
1656,201810316638070,PRIN,53,29,48,461,22128.00,2018-10-31 06:06:00.380700
1657,201810316638071,PRIN,22,29,100,460,46000.00,2018-10-31 06:06:00.380710
1658,201810316638072,PRIN,22,29,60,460,27600.00,2018-10-31 06:06:00.380720
1659,201810316638073,PRIN,49,29,100,460,46000.00,2018-10-31 06:06:00.380730
1660,201810316638074,PRIN,45,29,26,460,11960.00,2018-10-31 06:06:00.380740
1661,201810316637876,PRIN,33,33,120,462,55440.00,2018-10-31 06:06:00.378760
1662,201810316637882,PRIN,33,45,154,462,71148.00,2018-10-31 06:06:00.378820
1663,201810316637811,PRIN,33,34,35,464,16240.00,2018-10-31 06:06:00.378110
1664,201810316637812,PRIN,32,34,33,463,15279.00,2018-10-31 06:06:00.378120
1665,201810316637813,PRIN,42,34,30,463,13890.00,2018-10-31 06:06:00.378130
1666,201810316637814,PRIN,42,34,50,462,23100.00,2018-10-31 06:06:00.378140
1667,201810316637815,PRIN,53,34,152,461,70072.00,2018-10-31 06:06:00.378150
1668,201810316636816,PRIN,59,40,98,463,45374.00,2018-10-31 06:06:00.368160
1669,201810316636817,PRIN,59,17,10,463,4630.00,2018-10-31 06:06:00.368170
1670,201810316636112,PRIN,29,42,30,459,13770.00,2018-10-31 06:06:00.361120
1671,201810316636091,PRIN,58,7,141,461,65001.00,2018-10-31 06:06:00.360910
1672,201810316636100,PRIN,58,42,59,461,27199.00,2018-10-31 06:06:00.361000
1673,201810316636101,PRIN,58,42,10,460,4600.00,2018-10-31 06:06:00.361010
1674,201810316636102,PRIN,50,42,177,460,81420.00,2018-10-31 06:06:00.361020
1675,201810316636103,PRIN,50,42,24,460,11040.00,2018-10-31 06:06:00.361030
1676,201810316635891,PRIN,50,50,300,460,138000.00,2018-10-31 06:06:00.358910
1677,201810316635843,PRIN,50,32,23,460,10580.00,2018-10-31 06:06:00.358430
1678,201810316635827,PRIN,58,32,73,460,33580.00,2018-10-31 06:06:00.358270
1679,201810316635778,PRIN,58,47,17,460,7820.00,2018-10-31 06:06:00.357780
1680,201810306635140,PRIN,46,1,50,463,23150.00,2018-10-30 06:06:00.351400
1681,201810306635176,PRIN,49,22,800,463,370400.00,2018-10-30 06:06:00.351760
1682,201810306635177,PRIN,49,1,82,463,37966.00,2018-10-30 06:06:00.351770
1683,201810306635178,PRIN,49,52,118,464,54752.00,2018-10-30 06:06:00.351780
1684,201810306634884,PRIN,49,25,12,463,5556.00,2018-10-30 06:06:00.348840
1685,201810306634885,PRIN,49,52,288,464,133632.00,2018-10-30 06:06:00.348850
1686,201810306634733,PRIN,26,42,50,462,23100.00,2018-10-30 06:06:00.347330
1687,201810306634741,PRIN,33,42,50,462,23100.00,2018-10-30 06:06:00.347410
1688,201810306634457,PRIN,59,51,134,463,62042.00,2018-10-30 06:06:00.344570
1689,201810306634238,PRIN,59,45,154,462,71148.00,2018-10-30 06:06:00.342380
1690,201810306634211,PRIN,42,45,50,462,23100.00,2018-10-30 06:06:00.342110
1691,201810306634183,PRIN,59,37,55,460,25300.00,2018-10-30 06:06:00.341830
1692,201810306633956,PRIN,37,1,144,460,66240.00,2018-10-30 06:06:00.339560
1693,201810306633957,PRIN,37,1,144,460,66240.00,2018-10-30 06:06:00.339570
1694,201810306633958,PRIN,37,34,200,460,92000.00,2018-10-30 06:06:00.339580
1695,201810306633959,PRIN,37,33,629,460,289340.00,2018-10-30 06:06:00.339590
1696,201810306633968,PRIN,37,52,10,464,4640.00,2018-10-30 06:06:00.339680
1697,201810306633829,PRIN,48,33,26,460,11960.00,2018-10-30 06:06:00.338290
1698,201810306633830,PRIN,14,33,100,460,46000.00,2018-10-30 06:06:00.338300
1699,201810306633831,PRIN,59,33,100,460,46000.00,2018-10-30 06:06:00.338310
1700,201810306633708,PRIN,48,44,74,460,34040.00,2018-10-30 06:06:00.337080
1701,201810306633692,PRIN,59,44,106,460,48760.00,2018-10-30 06:06:00.336920
1702,201810306633693,PRIN,25,44,100,460,46000.00,2018-10-30 06:06:00.336930
1703,201810306633694,PRIN,46,44,20,460,9200.00,2018-10-30 06:06:00.336940
1704,201810306633657,PRIN,59,1,144,460,66240.00,2018-10-30 06:06:00.336570
1705,201810306633460,PRIN,58,16,310,462,143220.00,2018-10-30 06:06:00.334600
1706,201810306633165,PRIN,58,43,261,460,120060.00,2018-10-30 06:06:00.331650
1707,201810306633027,PRIN,17,8,23,458,10534.00,2018-10-30 06:06:00.330270
1708,201810306632925,PRIN,32,44,33,458,15114.00,2018-10-30 06:06:00.329250
1709,201810306632926,PRIN,37,44,300,458,137400.00,2018-10-30 06:06:00.329260
1710,201810306632927,PRIN,17,44,167,458,76486.00,2018-10-30 06:06:00.329270
1711,201810306632890,PRIN,32,38,17,458,7786.00,2018-10-30 06:06:00.328900
1712,201810306632858,PRIN,25,35,50,461,23050.00,2018-10-30 06:06:00.328580
1713,201810306632859,PRIN,28,35,100,460,46000.00,2018-10-30 06:06:00.328590
1714,201810306632695,PRIN,51,16,50,465,23250.00,2018-10-30 06:06:00.326950
1715,201810306632696,PRIN,41,16,100,462,46200.00,2018-10-30 06:06:00.326960
1716,201810306632365,PRIN,41,41,208,465,96720.00,2018-10-30 06:06:00.323650
1717,201810306632366,PRIN,7,41,100,465,46500.00,2018-10-30 06:06:00.323660
1718,201810306632367,PRIN,55,41,42,465,19530.00,2018-10-30 06:06:00.323670
1719,201810306632310,PRIN,41,41,621,465,288765.00,2018-10-30 06:06:00.323100
1720,201810306632268,PRIN,41,1,12,465,5580.00,2018-10-30 06:06:00.322680
1721,201810306632283,PRIN,41,1,25,465,11625.00,2018-10-30 06:06:00.322830
1722,201810306632169,PRIN,41,33,120,465,55800.00,2018-10-30 06:06:00.321690
1723,201810306632133,PRIN,41,58,14,465,6510.00,2018-10-30 06:06:00.321330
1724,201810306632122,PRIN,22,1,110,466,51260.00,2018-10-30 06:06:00.321220
1725,201810306632080,PRIN,22,37,240,466,111840.00,2018-10-30 06:06:00.320800
1726,201810306632089,PRIN,22,58,32,466,14912.00,2018-10-30 06:06:00.320890
1727,201810306632003,PRIN,22,56,118,466,54988.00,2018-10-30 06:06:00.320030
1728,201810306631776,PRIN,37,10,440,469,206360.00,2018-10-30 06:06:00.317760
1729,201810306631700,PRIN,45,46,360,465,167400.00,2018-10-30 06:06:00.317000
1730,201810306631538,PRIN,26,56,100,467,46700.00,2018-10-30 06:06:00.315380
1731,201810306631511,PRIN,34,34,46,465,21390.00,2018-10-30 06:06:00.315110
1732,201810306631512,PRIN,34,28,200,466,93200.00,2018-10-30 06:06:00.315120
1733,201810306631400,PRIN,59,59,72,460,33120.00,2018-10-30 06:06:00.314000
1734,201810296631003,PRIN,50,6,24,460,11040.00,2018-10-29 06:06:00.310030
1735,201810296631012,PRIN,16,16,7,451,3157.00,2018-10-29 06:06:00.310120
1736,201810296630859,PRIN,54,20,150,461,69150.00,2018-10-29 06:06:00.308590
1737,201810296630860,PRIN,33,20,54,460,24840.00,2018-10-29 06:06:00.308600
1738,201810296630861,PRIN,18,20,296,459,135864.00,2018-10-29 06:06:00.308610
1739,201810296630888,PRIN,50,20,76,460,34960.00,2018-10-29 06:06:00.308880
1740,201810296630790,PRIN,18,40,128,461,59008.00,2018-10-29 06:06:00.307900
1741,201810296630727,PRIN,33,50,46,460,21160.00,2018-10-29 06:06:00.307270
1742,201810296630480,PRIN,47,53,10,458,4580.00,2018-10-29 06:06:00.304800
1743,201810296630489,PRIN,47,53,10,458,4580.00,2018-10-29 06:06:00.304890
1744,201810296630515,PRIN,40,58,50,460,23000.00,2018-10-29 06:06:00.305150
1745,201810296630302,PRIN,46,41,153,460,70380.00,2018-10-29 06:06:00.303020
1746,201810296630303,PRIN,34,41,200,460,92000.00,2018-10-29 06:06:00.303030
1747,201810296630195,PRIN,42,42,100,460,46000.00,2018-10-29 06:06:00.301950
1748,201810296630178,PRIN,46,50,128,460,58880.00,2018-10-29 06:06:00.301780
1749,201810296630166,PRIN,46,22,219,460,100740.00,2018-10-29 06:06:00.301660
1750,201810296630035,PRIN,37,35,500,460,230000.00,2018-10-29 06:06:00.300350
1751,201810296629973,PRIN,28,41,180,459,82620.00,2018-10-29 06:06:00.299730
1752,201810296629974,PRIN,32,41,200,459,91800.00,2018-10-29 06:06:00.299740
1753,201810296629975,PRIN,54,41,200,459,91800.00,2018-10-29 06:06:00.299750
1754,201810296629976,PRIN,11,41,50,459,22950.00,2018-10-29 06:06:00.299760
1755,201810296629977,PRIN,35,41,50,459,22950.00,2018-10-29 06:06:00.299770
1756,201810296629605,PRIN,14,33,32,462,14784.00,2018-10-29 06:06:00.296050
1757,201810296629606,PRIN,14,33,21,462,9702.00,2018-10-29 06:06:00.296060
1758,201810296629607,PRIN,38,33,247,462,114114.00,2018-10-29 06:06:00.296070
1759,201810296629608,PRIN,51,33,50,461,23050.00,2018-10-29 06:06:00.296080
1760,201810296629609,PRIN,7,33,200,461,92200.00,2018-10-29 06:06:00.296090
1761,201810296629610,PRIN,26,33,100,460,46000.00,2018-10-29 06:06:00.296100
1762,201810296629611,PRIN,29,33,100,460,46000.00,2018-10-29 06:06:00.296110
1763,201810296629612,PRIN,19,33,30,460,13800.00,2018-10-29 06:06:00.296120
1764,201810296629613,PRIN,14,33,50,460,23000.00,2018-10-29 06:06:00.296130
1765,201810296629614,PRIN,22,33,1000,460,460000.00,2018-10-29 06:06:00.296140
1766,201810296629615,PRIN,35,33,150,460,69000.00,2018-10-29 06:06:00.296150
1767,201810296629616,PRIN,28,33,20,459,9180.00,2018-10-29 06:06:00.296160
1768,201810296629591,PRIN,38,26,53,462,24486.00,2018-10-29 06:06:00.295910
1769,201810296629516,PRIN,14,34,92,462,42504.00,2018-10-29 06:06:00.295160
1770,201810296629303,PRIN,14,57,44,462,20328.00,2018-10-29 06:06:00.293030
1771,201810296629240,PRIN,35,21,16,463,7408.00,2018-10-29 06:06:00.292400
1772,201810296629118,PRIN,21,28,110,465,51150.00,2018-10-29 06:06:00.291180
1773,201810296629026,PRIN,36,40,220,466,102520.00,2018-10-29 06:06:00.290260
1774,201810296628895,PRIN,21,57,50,463,23150.00,2018-10-29 06:06:00.288950
1775,201810296628896,PRIN,14,57,24,462,11088.00,2018-10-29 06:06:00.288960
1776,201810296628594,PRIN,53,34,100,467,46700.00,2018-10-29 06:06:00.285940
1777,201810296628558,PRIN,42,45,30,467,14010.00,2018-10-29 06:06:00.285580
1778,201810296628017,PRIN,6,37,58,466,27028.00,2018-10-29 06:06:00.280170
1779,201810296628018,PRIN,6,29,55,466,25630.00,2018-10-29 06:06:00.280180
1780,201810296627157,PRIN,32,55,100,460,46000.00,2018-10-29 06:06:00.271570
1781,201810296627162,PRIN,11,1,45,465,20925.00,2018-10-29 06:06:00.271620
1782,201810296626766,PRIN,49,1,30,460,13800.00,2018-10-29 06:06:00.267660
1783,201810296626731,PRIN,49,49,453,451,204303.00,2018-10-29 06:06:00.267310
1784,201810296626723,PRIN,49,48,75,460,34500.00,2018-10-29 06:06:00.267230
1785,201810296626666,PRIN,17,41,185,462,85470.00,2018-10-29 06:06:00.266660
1786,201810296626667,PRIN,8,41,200,460,92000.00,2018-10-29 06:06:00.266670
1787,201810296626668,PRIN,41,41,20,460,9200.00,2018-10-29 06:06:00.266680
1788,201810296626669,PRIN,49,41,95,460,43700.00,2018-10-29 06:06:00.266690
1789,201810286626336,PRIN,49,41,42,467,19614.00,2018-10-28 06:06:00.263360
1790,201810286626178,PRIN,32,45,47,470,22090.00,2018-10-28 06:06:00.261780
1791,201810286626179,PRIN,32,34,100,470,47000.00,2018-10-28 06:06:00.261790
1792,201810286625909,PRIN,42,1,90,468,42120.00,2018-10-28 06:06:00.259090
1793,201810286625910,PRIN,25,1,190,467,88730.00,2018-10-28 06:06:00.259100
1794,201810286625911,PRIN,44,1,80,467,37360.00,2018-10-28 06:06:00.259110
1795,201810286625866,PRIN,17,34,138,468,64584.00,2018-10-28 06:06:00.258660
1796,201810286625867,PRIN,42,34,10,468,4680.00,2018-10-28 06:06:00.258670
1797,201810286625770,PRIN,17,34,100,468,46800.00,2018-10-28 06:06:00.257700
1798,201810286625541,PRIN,54,44,100,470,47000.00,2018-10-28 06:06:00.255410
1799,201810286625542,PRIN,47,44,108,469,50652.00,2018-10-28 06:06:00.255420
1800,201810286625543,PRIN,54,44,142,468,66456.00,2018-10-28 06:06:00.255430
1801,201810286625544,PRIN,17,44,362,468,169416.00,2018-10-28 06:06:00.255440
1802,201810286625513,PRIN,14,22,50,471,23550.00,2018-10-28 06:06:00.255130
1803,201810286625267,PRIN,32,44,168,469,78792.00,2018-10-28 06:06:00.252670
1804,201810286625268,PRIN,42,44,100,469,46900.00,2018-10-28 06:06:00.252680
1805,201810286625273,PRIN,46,44,20,469,9380.00,2018-10-28 06:06:00.252730
1806,201810286625133,PRIN,32,21,88,469,41272.00,2018-10-28 06:06:00.251330
1807,201810286625117,PRIN,17,44,11,471,5181.00,2018-10-28 06:06:00.251170
1808,201810286625118,PRIN,25,44,100,470,47000.00,2018-10-28 06:06:00.251180
1809,201810286625119,PRIN,42,44,50,470,23500.00,2018-10-28 06:06:00.251190
1810,201810286625120,PRIN,5,44,100,470,47000.00,2018-10-28 06:06:00.251200
1811,201810286625121,PRIN,32,44,244,469,114436.00,2018-10-28 06:06:00.251210
1812,201810286625041,PRIN,17,56,39,471,18369.00,2018-10-28 06:06:00.250410
1813,201810286624564,PRIN,40,22,50,471,23550.00,2018-10-28 06:06:00.245640
1814,201810286624552,PRIN,53,52,200,470,94000.00,2018-10-28 06:06:00.245520
1815,201810286624474,PRIN,14,22,50,471,23550.00,2018-10-28 06:06:00.244740
1816,201810286624458,PRIN,34,22,50,471,23550.00,2018-10-28 06:06:00.244580
1817,201810286624093,PRIN,17,58,174,470,81780.00,2018-10-28 06:06:00.240930
1818,201810286624094,PRIN,17,1,231,470,108570.00,2018-10-28 06:06:00.240940
1819,201810286623990,PRIN,54,1,58,468,27144.00,2018-10-28 06:06:00.239900
1820,201810286623692,PRIN,51,10,100,469,46900.00,2018-10-28 06:06:00.236920
1821,201810286623693,PRIN,22,10,100,469,46900.00,2018-10-28 06:06:00.236930
1822,201810286623694,PRIN,22,10,200,468,93600.00,2018-10-28 06:06:00.236940
1823,201810286623695,PRIN,20,10,30,468,14040.00,2018-10-28 06:06:00.236950
1824,201810286623696,PRIN,43,10,100,467,46700.00,2018-10-28 06:06:00.236960
1825,201810286623697,PRIN,25,10,160,467,74720.00,2018-10-28 06:06:00.236970
1826,201810286623537,PRIN,58,28,41,469,19229.00,2018-10-28 06:06:00.235370
1827,201810286623538,PRIN,22,28,459,468,214812.00,2018-10-28 06:06:00.235380
1828,201810286623485,PRIN,51,29,100,469,46900.00,2018-10-28 06:06:00.234850
1829,201810286623457,PRIN,25,25,150,469,70350.00,2018-10-28 06:06:00.234570
1830,201810286623346,PRIN,58,41,59,469,27671.00,2018-10-28 06:06:00.233460
1831,201810286623191,PRIN,41,41,500,470,235000.00,2018-10-28 06:06:00.231910
1832,201810286623192,PRIN,36,41,200,470,94000.00,2018-10-28 06:06:00.231920
1833,201810286623182,PRIN,52,51,11,470,5170.00,2018-10-28 06:06:00.231820
1834,201810286622932,PRIN,52,22,36,470,16920.00,2018-10-28 06:06:00.229320
1835,201810286622860,PRIN,52,11,50,470,23500.00,2018-10-28 06:06:00.228600
1836,201810286622793,PRIN,8,34,230,470,108100.00,2018-10-28 06:06:00.227930
1837,201810286622750,PRIN,7,39,200,470,94000.00,2018-10-28 06:06:00.227500
1838,201810286622751,PRIN,53,39,500,469,234500.00,2018-10-28 06:06:00.227510
1839,201810286622752,PRIN,19,39,140,469,65660.00,2018-10-28 06:06:00.227520
1840,201810286622757,PRIN,42,39,98,468,45864.00,2018-10-28 06:06:00.227570
1841,201810286622758,PRIN,47,39,200,468,93600.00,2018-10-28 06:06:00.227580
1842,201810286622759,PRIN,59,39,100,468,46800.00,2018-10-28 06:06:00.227590
1843,201810286622760,PRIN,41,39,300,468,140400.00,2018-10-28 06:06:00.227600
1844,201810286622761,PRIN,22,39,22,468,10296.00,2018-10-28 06:06:00.227610
1845,201810286622660,PRIN,41,34,135,470,63450.00,2018-10-28 06:06:00.226600
1846,201810286622404,PRIN,22,28,51,470,23970.00,2018-10-28 06:06:00.224040
1847,201810286622331,PRIN,39,28,149,470,70030.00,2018-10-28 06:06:00.223310
1848,201810286622325,PRIN,39,19,23,470,10810.00,2018-10-28 06:06:00.223250
1849,201810286622303,PRIN,42,19,102,468,47736.00,2018-10-28 06:06:00.223030
1850,201810286622312,PRIN,39,37,28,470,13160.00,2018-10-28 06:06:00.223120
1851,201810286622195,PRIN,29,39,127,473,60071.00,2018-10-28 06:06:00.221950
1852,201810286622196,PRIN,7,39,100,473,47300.00,2018-10-28 06:06:00.221960
1853,201810286622177,PRIN,8,33,251,475,119225.00,2018-10-28 06:06:00.221770
1854,201810286622106,PRIN,47,33,150,476,71400.00,2018-10-28 06:06:00.221060
1855,201810286622107,PRIN,51,33,100,476,47600.00,2018-10-28 06:06:00.221070
1856,201810286622033,PRIN,22,28,200,475,95000.00,2018-10-28 06:06:00.220330
1857,201810286622034,PRIN,52,28,100,475,47500.00,2018-10-28 06:06:00.220340
1858,201810286621648,PRIN,29,39,73,473,34529.00,2018-10-28 06:06:00.216480
1859,201810256621502,PRIN,6,14,100,481,48100.00,2018-10-25 06:06:00.215020
1860,201810256621363,PRIN,6,35,88,481,42328.00,2018-10-25 06:06:00.213630
1861,201810256621031,PRIN,6,42,94,481,45214.00,2018-10-25 06:06:00.210310
1862,201810256620772,PRIN,57,14,1,471,471.00,2018-10-25 06:06:00.207720
1863,201810256620636,PRIN,57,20,1,471,471.00,2018-10-25 06:06:00.206360
1864,201810256620377,PRIN,45,56,119,480,57120.00,2018-10-25 06:06:00.203770
1865,201810256620306,PRIN,34,19,11,483,5313.00,2018-10-25 06:06:00.203060
1866,201810256620307,PRIN,42,19,88,481,42328.00,2018-10-25 06:06:00.203070
1867,201810256620308,PRIN,22,19,100,481,48100.00,2018-10-25 06:06:00.203080
1868,201810256620309,PRIN,43,19,383,480,183840.00,2018-10-25 06:06:00.203090
1869,201810256620173,PRIN,58,39,500,482,241000.00,2018-10-25 06:06:00.201730
1870,201810256620174,PRIN,11,39,50,481,24050.00,2018-10-25 06:06:00.201740
1871,201810256620175,PRIN,22,39,200,481,96200.00,2018-10-25 06:06:00.201750
1872,201810256620176,PRIN,59,39,300,481,144300.00,2018-10-25 06:06:00.201760
1873,201810256620177,PRIN,42,39,12,481,5772.00,2018-10-25 06:06:00.201770
1874,201810256620082,PRIN,56,20,22,483,10626.00,2018-10-25 06:06:00.200820
1875,201810256620083,PRIN,35,20,10,483,4830.00,2018-10-25 06:06:00.200830
1876,201810256620084,PRIN,42,20,198,482,95436.00,2018-10-25 06:06:00.200840
1877,201810256620010,PRIN,48,14,100,484,48400.00,2018-10-25 06:06:00.200100
1878,201810256620011,PRIN,39,14,69,483,33327.00,2018-10-25 06:06:00.200110
1879,201810256620012,PRIN,19,14,185,483,89355.00,2018-10-25 06:06:00.200120
1880,201810256619968,PRIN,39,20,50,483,24150.00,2018-10-25 06:06:00.199680
1881,201810256619719,PRIN,26,3,100,485,48500.00,2018-10-25 06:06:00.197190
1882,201810256619676,PRIN,34,19,230,483,111090.00,2018-10-25 06:06:00.196760
1883,201810256619677,PRIN,22,3,100,485,48500.00,2018-10-25 06:06:00.196770
1884,201810256619577,PRIN,57,14,100,484,48400.00,2018-10-25 06:06:00.195770
1885,201810256619578,PRIN,44,14,200,484,96800.00,2018-10-25 06:06:00.195780
1886,201810256618889,PRIN,1,47,58,485,28130.00,2018-10-25 06:06:00.188890
1887,201810256618910,PRIN,33,22,84,485,40740.00,2018-10-25 06:06:00.189100
1888,201810256618911,PRIN,33,47,52,485,25220.00,2018-10-25 06:06:00.189110
1889,201810256618620,PRIN,1,50,92,485,44620.00,2018-10-25 06:06:00.186200
1890,201810256618611,PRIN,1,26,50,485,24250.00,2018-10-25 06:06:00.186110
1891,201810256618007,PRIN,34,58,78,483,37674.00,2018-10-25 06:06:00.180070
1892,201810256617904,PRIN,13,58,100,485,48500.00,2018-10-25 06:06:00.179040
1893,201810256617905,PRIN,59,58,150,484,72600.00,2018-10-25 06:06:00.179050
1894,201810256617906,PRIN,40,58,200,484,96800.00,2018-10-25 06:06:00.179060
1895,201810256617907,PRIN,34,58,50,483,24150.00,2018-10-25 06:06:00.179070
1896,201810256617751,PRIN,29,48,96,488,46848.00,2018-10-25 06:06:00.177510
1897,201810256617621,PRIN,55,48,36,491,17676.00,2018-10-25 06:06:00.176210
1898,201810256617622,PRIN,8,48,20,491,9820.00,2018-10-25 06:06:00.176220
1899,201810256617429,PRIN,55,50,17,490,8330.00,2018-10-25 06:06:00.174290
1900,201810256617430,PRIN,55,55,50,490,24500.00,2018-10-25 06:06:00.174300
1901,201810256617431,PRIN,55,39,77,491,37807.00,2018-10-25 06:06:00.174310
1902,201810256617368,PRIN,13,45,145,490,71050.00,2018-10-25 06:06:00.173680
1903,201810256617191,PRIN,34,28,100,482,48200.00,2018-10-25 06:06:00.171910
1904,201810246616951,PRIN,19,39,50,486,24300.00,2018-10-24 06:06:00.169510
1905,201810246616952,PRIN,19,45,400,490,196000.00,2018-10-24 06:06:00.169520
1906,201810246616377,PRIN,35,35,1000,483,483000.00,2018-10-24 06:06:00.163770
1907,201810246616378,PRIN,35,35,1266,483,611478.00,2018-10-24 06:06:00.163780
1908,201810246616357,PRIN,46,1,300,486,145800.00,2018-10-24 06:06:00.163570
1909,201810246616326,PRIN,46,33,246,483,118818.00,2018-10-24 06:06:00.163260
1910,201810246616173,PRIN,13,33,200,483,96600.00,2018-10-24 06:06:00.161730
1911,201810246616174,PRIN,50,33,300,483,144900.00,2018-10-24 06:06:00.161740
1912,201810246615946,PRIN,46,39,400,483,193200.00,2018-10-24 06:06:00.159460
1913,201810246615877,PRIN,59,39,200,482,96400.00,2018-10-24 06:06:00.158770
1914,201810246615902,PRIN,46,39,100,483,48300.00,2018-10-24 06:06:00.159020
1915,201810246615857,PRIN,17,33,20,484,9680.00,2018-10-24 06:06:00.158570
1916,201810246615858,PRIN,45,33,50,484,24200.00,2018-10-24 06:06:00.158580
1917,201810246615859,PRIN,14,33,300,484,145200.00,2018-10-24 06:06:00.158590
1918,201810246615860,PRIN,17,33,45,483,21735.00,2018-10-24 06:06:00.158600
1919,201810246615861,PRIN,25,33,422,483,203826.00,2018-10-24 06:06:00.158610
1920,201810246615862,PRIN,54,33,500,483,241500.00,2018-10-24 06:06:00.158620
1921,201810246615863,PRIN,32,33,1163,483,561729.00,2018-10-24 06:06:00.158630
1922,201810246615707,PRIN,25,14,78,483,37674.00,2018-10-24 06:06:00.157070
1923,201810246615666,PRIN,17,48,100,483,48300.00,2018-10-24 06:06:00.156660
1924,201810246615469,PRIN,17,41,200,483,96600.00,2018-10-24 06:06:00.154690
1925,201810246615408,PRIN,37,42,60,485,29100.00,2018-10-24 06:06:00.154080
1926,201810246615409,PRIN,34,42,50,484,24200.00,2018-10-24 06:06:00.154090
1927,201810246615410,PRIN,35,42,200,483,96600.00,2018-10-24 06:06:00.154100
1928,201810246615411,PRIN,41,42,200,483,96600.00,2018-10-24 06:06:00.154110
1929,201810246615412,PRIN,17,42,655,483,316365.00,2018-10-24 06:06:00.154120
1930,201810246614743,PRIN,22,42,10,487,4870.00,2018-10-24 06:06:00.147430
1931,201810246614744,PRIN,50,42,25,486,12150.00,2018-10-24 06:06:00.147440
1932,201810246614745,PRIN,33,42,50,485,24250.00,2018-10-24 06:06:00.147450
1933,201810246614508,PRIN,26,45,100,488,48800.00,2018-10-24 06:06:00.145080
1934,201810246614509,PRIN,25,45,500,487,243500.00,2018-10-24 06:06:00.145090
1935,201810236613396,PRIN,46,37,10,492,4920.00,2018-10-23 06:06:00.133960
1936,201810236613404,PRIN,52,37,100,492,49200.00,2018-10-23 06:06:00.134040
1937,201810236612841,PRIN,10,56,200,489,97800.00,2018-10-23 06:06:00.128410
1938,201810236612843,PRIN,10,56,200,489,97800.00,2018-10-23 06:06:00.128430
1939,201810236612778,PRIN,10,56,100,488,48800.00,2018-10-23 06:06:00.127780
1940,201810236612779,PRIN,10,32,211,489,103179.00,2018-10-23 06:06:00.127790
1941,201810236612663,PRIN,57,56,100,488,48800.00,2018-10-23 06:06:00.126630
1942,201810236612193,PRIN,57,7,110,488,53680.00,2018-10-23 06:06:00.121930
1943,201810236611579,PRIN,38,32,489,481,235209.00,2018-10-23 06:06:00.115790
1944,201810236611580,PRIN,7,32,100,481,48100.00,2018-10-23 06:06:00.115800
1945,201810236611581,PRIN,29,32,200,481,96200.00,2018-10-23 06:06:00.115810
1946,201810236611564,PRIN,38,55,11,481,5291.00,2018-10-23 06:06:00.115640
1947,201810236610932,PRIN,11,32,50,490,24500.00,2018-10-23 06:06:00.109320
1948,201810236610933,PRIN,39,32,100,490,49000.00,2018-10-23 06:06:00.109330
1949,201810236610934,PRIN,34,32,50,490,24500.00,2018-10-23 06:06:00.109340
1950,201810236610935,PRIN,55,32,10,490,4900.00,2018-10-23 06:06:00.109350
1951,201810236610603,PRIN,11,37,50,500,25000.00,2018-10-23 06:06:00.106030
1952,201810236610604,PRIN,17,37,20,500,10000.00,2018-10-23 06:06:00.106040
1953,201810226609859,PRIN,35,32,10,500,5000.00,2018-10-22 06:06:00.098590
1954,201810226609813,PRIN,10,32,150,501,75150.00,2018-10-22 06:06:00.098130
1955,201810226609791,PRIN,10,32,50,501,25050.00,2018-10-22 06:06:00.097910
1956,201810226609756,PRIN,10,55,200,501,100200.00,2018-10-22 06:06:00.097560
1957,201810226609428,PRIN,39,39,100,501,50100.00,2018-10-22 06:06:00.094280
1958,201810226609308,PRIN,35,52,12,500,6000.00,2018-10-22 06:06:00.093080
1959,201810226609039,PRIN,35,53,54,500,27000.00,2018-10-22 06:06:00.090390
1960,201810156604229,PRIN,34,6,100,494,49400.00,2018-10-15 06:06:00.042290
1961,201810156604281,PRIN,34,38,100,494,49400.00,2018-10-15 06:06:00.042810
1962,201810156603157,PRIN,39,6,200,496,99200.00,2018-10-15 06:06:00.031570
1963,201810156603158,PRIN,39,22,300,496,148800.00,2018-10-15 06:06:00.031580
1964,201810156603159,PRIN,39,6,490,497,243530.00,2018-10-15 06:06:00.031590
1965,201810156603134,PRIN,14,45,50,491,24550.00,2018-10-15 06:06:00.031340
1966,201810156603135,PRIN,21,45,100,491,49100.00,2018-10-15 06:06:00.031350
1967,201810156603136,PRIN,34,45,100,491,49100.00,2018-10-15 06:06:00.031360
1968,201810156603137,PRIN,11,45,50,490,24500.00,2018-10-15 06:06:00.031370
1969,201810156603138,PRIN,7,45,200,490,98000.00,2018-10-15 06:06:00.031380
1970,201810156603139,PRIN,45,45,500,490,245000.00,2018-10-15 06:06:00.031390
1971,201810156602794,PRIN,19,6,100,495,49500.00,2018-10-15 06:06:00.027940
1972,201810156602795,PRIN,34,6,100,495,49500.00,2018-10-15 06:06:00.027950
1973,201810156601780,PRIN,41,32,100,499,49900.00,2018-10-15 06:06:00.017800
1974,201810156601265,PRIN,17,42,100,500,50000.00,2018-10-15 06:06:00.012650
1975,201810156601242,PRIN,45,42,200,500,100000.00,2018-10-15 06:06:00.012420
1976,201810156600488,PRIN,45,54,200,500,100000.00,2018-10-15 06:06:00.004880
1977,201810156600501,PRIN,51,16,100,500,50000.00,2018-10-15 06:06:00.005010
1978,201810156600456,PRIN,51,16,100,500,50000.00,2018-10-15 06:06:00.004560
1979,201810156600158,PRIN,39,54,200,505,101000.00,2018-10-15 06:06:00.001580
1980,201810146599770,PRIN,39,6,10,503,5030.00,2018-10-14 06:59:00.977000
1981,201810146598984,PRIN,39,26,112,492,55104.00,2018-10-14 06:59:00.898400
1982,201810146598985,PRIN,39,44,200,493,98600.00,2018-10-14 06:59:00.898500
1983,201810146598986,PRIN,39,51,120,494,59280.00,2018-10-14 06:59:00.898600
1984,201810116595022,PRIN,32,51,50,485,24250.00,2018-10-11 06:59:00.502200
1985,201810116594964,PRIN,14,51,81,485,39285.00,2018-10-11 06:59:00.496400
1986,201810116594996,PRIN,20,7,50,484,24200.00,2018-10-11 06:59:00.499600
1987,201810116594997,PRIN,52,7,150,484,72600.00,2018-10-11 06:59:00.499700
1988,201810116594998,PRIN,59,7,100,483,48300.00,2018-10-11 06:59:00.499800
1989,201810116594712,PRIN,14,53,19,484,9196.00,2018-10-11 06:59:00.471200
1990,201810116594687,PRIN,13,53,100,484,48400.00,2018-10-11 06:59:00.468700
1991,201810116594559,PRIN,20,34,67,485,32495.00,2018-10-11 06:59:00.455900
1992,201810116594560,PRIN,35,34,70,485,33950.00,2018-10-11 06:59:00.456000
1993,201810116594561,PRIN,41,34,50,484,24200.00,2018-10-11 06:59:00.456100
1994,201810116594562,PRIN,13,34,98,484,47432.00,2018-10-11 06:59:00.456200
1995,201810116594449,PRIN,20,45,33,485,16005.00,2018-10-11 06:59:00.444900
1996,201810116593733,PRIN,32,42,15,485,7275.00,2018-10-11 06:59:00.373300
1997,201810116593237,PRIN,50,55,50,485,24250.00,2018-10-11 06:59:00.323700
1998,201810116593247,PRIN,57,55,40,485,19400.00,2018-10-11 06:59:00.324700
1999,201810116592794,PRIN,59,11,50,485,24250.00,2018-10-11 06:59:00.279400
2000,201810116591431,PRIN,14,26,100,480,48000.00,2018-10-11 06:59:00.143100
2001,201810116591432,PRIN,42,26,100,480,48000.00,2018-10-11 06:59:00.143200
2002,201810116591433,PRIN,11,26,50,480,24000.00,2018-10-11 06:59:00.143300
2003,201810106589487,PRIN,6,59,10,489,4890.00,2018-10-10 06:58:00.948700
2004,201810106587128,PRIN,58,4,26,480,12480.00,2018-10-10 06:58:00.712800
2005,201810106586676,PRIN,11,38,50,479,23950.00,2018-10-10 06:58:00.667600
2006,201810106586610,PRIN,25,38,200,480,96000.00,2018-10-10 06:58:00.661000
2007,201810096585991,PRIN,42,51,100,488,48800.00,2018-10-09 06:58:00.599100
2008,201810096585810,PRIN,43,51,90,488,43920.00,2018-10-09 06:58:00.581000
2009,201810096585629,PRIN,59,26,50,484,24200.00,2018-10-09 06:58:00.562900
2010,201810096585630,PRIN,59,28,50,485,24250.00,2018-10-09 06:58:00.563000
2011,201810096585622,PRIN,32,52,300,483,144900.00,2018-10-09 06:58:00.562200
2012,201810096585623,PRIN,51,52,50,482,24100.00,2018-10-09 06:58:00.562300
2013,201810096585624,PRIN,41,52,150,482,72300.00,2018-10-09 06:58:00.562400
2014,201810096585550,PRIN,40,26,200,484,96800.00,2018-10-09 06:58:00.555000
2015,201810096585370,PRIN,32,52,18,483,8694.00,2018-10-09 06:58:00.537000
2016,201810096585251,PRIN,48,6,233,485,113005.00,2018-10-09 06:58:00.525100
2017,201810096585252,PRIN,32,6,100,484,48400.00,2018-10-09 06:58:00.525200
2018,201810096585253,PRIN,32,6,100,484,48400.00,2018-10-09 06:58:00.525300
2019,201810096585254,PRIN,55,6,500,483,241500.00,2018-10-09 06:58:00.525400
2020,201810096584762,PRIN,48,8,101,485,48985.00,2018-10-09 06:58:00.476200
2021,201810096584770,PRIN,48,8,54,485,26190.00,2018-10-09 06:58:00.477000
2022,201810096584787,PRIN,48,35,50,485,24250.00,2018-10-09 06:58:00.478700
2023,201810096584662,PRIN,26,1,96,486,46656.00,2018-10-09 06:58:00.466200
2024,201810096584663,PRIN,48,1,62,485,30070.00,2018-10-09 06:58:00.466300
2025,201810096584513,PRIN,26,55,104,486,50544.00,2018-10-09 06:58:00.451300
2026,201810096583913,PRIN,25,25,1022,484,494648.00,2018-10-09 06:58:00.391300
2027,201810096582973,PRIN,38,25,10,493,4930.00,2018-10-09 06:58:00.297300
2028,201810086579631,PRIN,1,48,58,484,28072.00,2018-10-08 06:57:00.963100
2029,201810086579291,PRIN,16,6,100,485,48500.00,2018-10-08 06:57:00.929100
2030,201810086579293,PRIN,21,6,200,485,97000.00,2018-10-08 06:57:00.929300
2031,201810086579201,PRIN,37,22,150,486,72900.00,2018-10-08 06:57:00.920100
2032,201810086578868,PRIN,45,36,100,487,48700.00,2018-10-08 06:57:00.886800
2033,201810086578556,PRIN,39,3,350,489,171150.00,2018-10-08 06:57:00.855600
2034,201810086578548,PRIN,45,51,50,487,24350.00,2018-10-08 06:57:00.854800
2035,201810086578012,PRIN,37,19,50,486,24300.00,2018-10-08 06:57:00.801200
2036,201810086576685,PRIN,42,25,100,491,49100.00,2018-10-08 06:57:00.668500
2037,201810086576686,PRIN,42,8,100,491,49100.00,2018-10-08 06:57:00.668600
2038,201810076575601,PRIN,13,45,100,482,48200.00,2018-10-07 06:57:00.560100
2039,201810076574453,PRIN,32,14,134,481,64454.00,2018-10-07 06:57:00.445300
2040,201810076574469,PRIN,42,14,100,481,48100.00,2018-10-07 06:57:00.446900
2041,201810076574470,PRIN,32,14,100,481,48100.00,2018-10-07 06:57:00.447000
2042,201810076573663,PRIN,21,21,3,482,1446.00,2018-10-07 06:57:00.366300
2043,201810076573138,PRIN,42,42,74,480,35520.00,2018-10-07 06:57:00.313800
2044,201810076571651,PRIN,5,41,100,475,47500.00,2018-10-07 06:57:00.165100
2045,201810076571652,PRIN,21,41,100,475,47500.00,2018-10-07 06:57:00.165200
2046,201810076571533,PRIN,46,41,150,475,71250.00,2018-10-07 06:57:00.153300
2047,201810076571216,PRIN,42,41,50,483,24150.00,2018-10-07 06:57:00.121600
2048,201810076571201,PRIN,39,8,100,492,49200.00,2018-10-07 06:57:00.120100
2049,201810046571013,PRIN,55,39,200,484,96800.00,2018-10-04 06:57:00.101300
2050,201810046571090,PRIN,33,39,200,483,96600.00,2018-10-04 06:57:00.109000
2051,201810046570911,PRIN,5,39,100,485,48500.00,2018-10-04 06:57:00.091100
2052,201810046570742,PRIN,34,56,31,483,14973.00,2018-10-04 06:57:00.074200
2053,201810046570743,PRIN,42,56,128,482,61696.00,2018-10-04 06:57:00.074300
2054,201810046570813,PRIN,33,36,100,483,48300.00,2018-10-04 06:57:00.081300
2055,201810046570733,PRIN,32,39,30,485,14550.00,2018-10-04 06:57:00.073300
2056,201810046570734,PRIN,47,39,20,485,9700.00,2018-10-04 06:57:00.073400
2057,201810046570736,PRIN,34,53,269,483,129927.00,2018-10-04 06:57:00.073600
2058,201810046570538,PRIN,6,6,238,485,115430.00,2018-10-04 06:57:00.053800
2059,201810046570360,PRIN,42,39,100,485,48500.00,2018-10-04 06:57:00.036000
2060,201810046570361,PRIN,34,39,130,485,63050.00,2018-10-04 06:57:00.036100
2061,201810046570362,PRIN,16,39,300,485,145500.00,2018-10-04 06:57:00.036200
2062,201810046570363,PRIN,20,39,100,485,48500.00,2018-10-04 06:57:00.036300
2063,201810046570365,PRIN,6,13,400,485,194000.00,2018-10-04 06:57:00.036500
2064,201810046570223,PRIN,43,56,50,486,24300.00,2018-10-04 06:57:00.022300
2065,201810046570224,PRIN,42,56,550,485,266750.00,2018-10-04 06:57:00.022400
2066,201810046570068,PRIN,42,45,50,485,24250.00,2018-10-04 06:57:00.006800
2067,201810046569928,PRIN,26,56,41,489,20049.00,2018-10-04 06:56:00.992800
2068,201810046569758,PRIN,47,56,10,486,4860.00,2018-10-04 06:56:00.975800
2069,201810046569759,PRIN,41,56,90,486,43740.00,2018-10-04 06:56:00.975900
2070,201810046569760,PRIN,17,56,50,486,24300.00,2018-10-04 06:56:00.976000
2071,201810046569761,PRIN,42,56,50,486,24300.00,2018-10-04 06:56:00.976100
2072,201810046569584,PRIN,41,40,60,486,29160.00,2018-10-04 06:56:00.958400
2073,201810046569448,PRIN,43,42,100,486,48600.00,2018-10-04 06:56:00.944800
2074,201810046568631,PRIN,37,28,40,486,19440.00,2018-10-04 06:56:00.863100
2075,201810046568573,PRIN,28,28,10,486,4860.00,2018-10-04 06:56:00.857300
2076,201810046568574,PRIN,43,28,50,486,24300.00,2018-10-04 06:56:00.857400
2077,201810046568575,PRIN,38,28,200,486,97200.00,2018-10-04 06:56:00.857500
2078,201810046568485,PRIN,54,28,200,495,99000.00,2018-10-04 06:56:00.848500
2079,201810046568374,PRIN,28,48,100,486,48600.00,2018-10-04 06:56:00.837400
2080,201810046567872,PRIN,28,6,200,490,98000.00,2018-10-04 06:56:00.787200
2081,201810046567873,PRIN,28,40,190,490,93100.00,2018-10-04 06:56:00.787300
2082,201810046567854,PRIN,39,40,10,490,4900.00,2018-10-04 06:56:00.785400
2083,201810036564396,PRIN,32,21,28,487,13636.00,2018-10-03 06:56:00.439600
2084,201810036563797,PRIN,32,52,30,487,14610.00,2018-10-03 06:56:00.379700
2085,201810036563600,PRIN,1,45,100,490,49000.00,2018-10-03 06:56:00.360000
2086,201810036563336,PRIN,25,45,150,492,73800.00,2018-10-03 06:56:00.333600
2087,201810036563337,PRIN,13,45,50,491,24550.00,2018-10-03 06:56:00.333700
2088,201810036563338,PRIN,19,45,200,491,98200.00,2018-10-03 06:56:00.333800
2089,201810036563339,PRIN,10,45,500,490,245000.00,2018-10-03 06:56:00.333900
2090,201810036563340,PRIN,57,45,50,490,24500.00,2018-10-03 06:56:00.334000
2091,201810036563234,PRIN,25,55,50,492,24600.00,2018-10-03 06:56:00.323400
2092,201810036563212,PRIN,41,55,50,494,24700.00,2018-10-03 06:56:00.321200
2093,201810036563178,PRIN,33,45,30,495,14850.00,2018-10-03 06:56:00.317800
2094,201810036563179,PRIN,49,45,200,495,99000.00,2018-10-03 06:56:00.317900
2095,201810036562254,PRIN,35,57,100,500,50000.00,2018-10-03 06:56:00.225400
2096,201810036561952,PRIN,44,37,200,503,100600.00,2018-10-03 06:56:00.195200
2097,201810036560912,PRIN,48,48,800,495,396000.00,2018-10-03 06:56:00.091200
2098,201810026560659,PRIN,46,7,93,496,46128.00,2018-10-02 06:56:00.065900
2099,201810026560660,PRIN,1,7,100,495,49500.00,2018-10-02 06:56:00.066000
2100,201810026560661,PRIN,1,7,50,495,24750.00,2018-10-02 06:56:00.066100
2101,201810026560662,PRIN,32,7,87,495,43065.00,2018-10-02 06:56:00.066200
2102,201810026559244,PRIN,46,16,25,496,12400.00,2018-10-02 06:55:00.924400
2103,201810026559179,PRIN,8,59,10,497,4970.00,2018-10-02 06:55:00.917900
2104,201810026559180,PRIN,56,59,100,497,49700.00,2018-10-02 06:55:00.918000
2105,201810026559181,PRIN,46,59,382,496,189472.00,2018-10-02 06:55:00.918100
2106,201810026558568,PRIN,54,29,19,500,9500.00,2018-10-02 06:55:00.856800
2107,201810026558569,PRIN,54,42,181,500,90500.00,2018-10-02 06:55:00.856900
2108,201810026558468,PRIN,43,39,94,499,46906.00,2018-10-02 06:55:00.846800
2109,201810026556647,PRIN,1,59,200,496,99200.00,2018-10-02 06:55:00.664700
2110,201810026556648,PRIN,36,59,500,495,247500.00,2018-10-02 06:55:00.664800
2111,201810026556277,PRIN,6,42,106,504,53424.00,2018-10-02 06:55:00.627700
2112,201810026556117,PRIN,48,48,800,495,396000.00,2018-10-02 06:55:00.611700
2113,201810016555878,PRIN,40,5,49,495,24255.00,2018-10-01 06:55:00.587800
2114,201810016555879,PRIN,17,5,865,492,425580.00,2018-10-01 06:55:00.587900
2115,201810016555643,PRIN,13,17,20,500,10000.00,2018-10-01 06:55:00.564300
2116,201810016555644,PRIN,41,17,116,499,57884.00,2018-10-01 06:55:00.564400
2117,201810016555645,PRIN,14,17,500,495,247500.00,2018-10-01 06:55:00.564500
2118,201810016555646,PRIN,40,17,51,495,25245.00,2018-10-01 06:55:00.564600
2119,201810016555259,PRIN,40,3,200,500,100000.00,2018-10-01 06:55:00.525900
2120,201810016553962,PRIN,41,6,40,501,20040.00,2018-10-01 06:55:00.396200
2121,201810016553963,PRIN,41,6,16,500,8000.00,2018-10-01 06:55:00.396300
2122,201810016553964,PRIN,58,6,60,499,29940.00,2018-10-01 06:55:00.396400
2123,201810016553965,PRIN,41,6,384,499,191616.00,2018-10-01 06:55:00.396500
2124,201810016553117,PRIN,41,25,64,500,32000.00,2018-10-01 06:55:00.311700
2125,201810016553071,PRIN,29,22,30,501,15030.00,2018-10-01 06:55:00.307100
2126,201810016553072,PRIN,29,22,500,501,250500.00,2018-10-01 06:55:00.307200
2127,201810016553073,PRIN,48,22,400,500,200000.00,2018-10-01 06:55:00.307300
2128,201810016553074,PRIN,25,22,200,500,100000.00,2018-10-01 06:55:00.307400
2129,201810016553075,PRIN,58,22,50,500,25000.00,2018-10-01 06:55:00.307500
2130,201810016553076,PRIN,41,22,220,500,110000.00,2018-10-01 06:55:00.307600
2131,201810016553018,PRIN,10,1,100,501,50100.00,2018-10-01 06:55:00.301800
2132,201810016553027,PRIN,13,58,40,501,20040.00,2018-10-01 06:55:00.302700
2133,201810016553028,PRIN,10,58,100,501,50100.00,2018-10-01 06:55:00.302800
2134,201810016553029,PRIN,45,58,20,501,10020.00,2018-10-01 06:55:00.302900
2135,201810016553030,PRIN,29,58,170,501,85170.00,2018-10-01 06:55:00.303000
2136,201810016552995,PRIN,46,41,40,502,20080.00,2018-10-01 06:55:00.299500
2137,201810016552996,PRIN,10,41,50,501,25050.00,2018-10-01 06:55:00.299600
2138,201810016552997,PRIN,13,41,10,501,5010.00,2018-10-01 06:55:00.299700
2139,201810016551891,PRIN,10,41,250,501,125250.00,2018-10-01 06:55:00.189100
2140,201810016551663,PRIN,35,10,50,504,25200.00,2018-10-01 06:55:00.166300
2141,201810016550576,PRIN,41,52,200,501,100200.00,2018-10-01 06:55:00.057600
2142,201810016550577,PRIN,48,52,200,500,100000.00,2018-10-01 06:55:00.057700
2143,201810016550578,PRIN,48,52,100,500,50000.00,2018-10-01 06:55:00.057800
2144,201809306550048,PRIN,56,58,100,509,50900.00,2018-09-30 06:55:00.004800
2145,201809306549952,PRIN,46,58,200,509,101800.00,2018-09-30 06:54:00.995200
2146,201809306549787,PRIN,40,13,200,506,101200.00,2018-09-30 06:54:00.978700
2147,201809306549559,PRIN,51,26,50,506,25300.00,2018-09-30 06:54:00.955900
2148,201809306549560,PRIN,42,26,50,506,25300.00,2018-09-30 06:54:00.956000
2149,201809306548879,PRIN,54,21,200,508,101600.00,2018-09-30 06:54:00.887900
2150,201809306547782,PRIN,56,6,100,504,50400.00,2018-09-30 06:54:00.778200
2151,201809306547525,PRIN,41,16,100,503,50300.00,2018-09-30 06:54:00.752500
2152,201809306547259,PRIN,7,56,50,505,25250.00,2018-09-30 06:54:00.725900
2153,201809276544076,PRIN,57,13,596,510,303960.00,2018-09-27 06:54:00.407600
2154,201809276543700,PRIN,39,17,68,510,34680.00,2018-09-27 06:54:00.370000
2155,201809276543550,PRIN,53,36,50,509,25450.00,2018-09-27 06:54:00.355000
2156,201809276543583,PRIN,50,36,15,509,7635.00,2018-09-27 06:54:00.358300
2157,201809276543584,PRIN,50,17,35,510,17850.00,2018-09-27 06:54:00.358400
2158,201809276543503,PRIN,20,17,172,510,87720.00,2018-09-27 06:54:00.350300
2159,201809276543504,PRIN,45,17,35,510,17850.00,2018-09-27 06:54:00.350400
2160,201809276543505,PRIN,50,17,100,510,51000.00,2018-09-27 06:54:00.350500
2161,201809276543506,PRIN,32,17,60,510,30600.00,2018-09-27 06:54:00.350600
2162,201809276543382,PRIN,42,5,154,511,78694.00,2018-09-27 06:54:00.338200
2163,201809276543383,PRIN,20,5,46,510,23460.00,2018-09-27 06:54:00.338300
2164,201809276543148,PRIN,20,40,88,510,44880.00,2018-09-27 06:54:00.314800
2165,201809276543169,PRIN,42,40,346,511,176806.00,2018-09-27 06:54:00.316900
2166,201809276543096,PRIN,38,56,50,510,25500.00,2018-09-27 06:54:00.309600
2167,201809276543097,PRIN,26,56,200,510,102000.00,2018-09-27 06:54:00.309700
2168,201809276543098,PRIN,20,56,194,510,98940.00,2018-09-27 06:54:00.309800
2169,201809276542996,PRIN,38,50,150,510,76500.00,2018-09-27 06:54:00.299600
2170,201809276542711,PRIN,48,48,800,511,408800.00,2018-09-27 06:54:00.271100
2171,201809276542742,PRIN,32,40,54,512,27648.00,2018-09-27 06:54:00.274200
2172,201809276542743,PRIN,28,40,500,511,255500.00,2018-09-27 06:54:00.274300
2173,201809276542744,PRIN,56,40,100,511,51100.00,2018-09-27 06:54:00.274400
2174,201809276542036,PRIN,41,55,100,513,51300.00,2018-09-27 06:54:00.203600
2175,201809276542068,PRIN,22,17,30,513,15390.00,2018-09-27 06:54:00.206800
2176,201809276541754,PRIN,43,55,100,511,51100.00,2018-09-27 06:54:00.175400
2177,201809276541327,PRIN,59,38,342,513,175446.00,2018-09-27 06:54:00.132700
2178,201809276541151,PRIN,42,43,200,510,102000.00,2018-09-27 06:54:00.115100
2179,201809276540896,PRIN,21,34,100,510,51000.00,2018-09-27 06:54:00.089600
2180,201809276540130,PRIN,37,34,200,510,102000.00,2018-09-27 06:54:00.013000
2181,201809276539783,PRIN,49,5,20,516,10320.00,2018-09-27 06:53:00.978300
2182,201809276539784,PRIN,33,5,100,513,51300.00,2018-09-27 06:53:00.978400
2183,201809276539785,PRIN,21,5,100,512,51200.00,2018-09-27 06:53:00.978500
2184,201809276539786,PRIN,45,5,100,510,51000.00,2018-09-27 06:53:00.978600
2185,201809276539787,PRIN,50,5,177,510,90270.00,2018-09-27 06:53:00.978700
2186,201809276539791,PRIN,50,5,323,510,164730.00,2018-09-27 06:53:00.979100
2187,201809276539792,PRIN,10,5,100,510,51000.00,2018-09-27 06:53:00.979200
2188,201809266537625,PRIN,58,25,100,520,52000.00,2018-09-26 06:53:00.762500
2189,201809266537433,PRIN,13,40,250,521,130250.00,2018-09-26 06:53:00.743300
2190,201809266536887,PRIN,42,35,50,522,26100.00,2018-09-26 06:53:00.688700
2191,201809266536545,PRIN,47,43,150,515,77250.00,2018-09-26 06:53:00.654500
2192,201809266536527,PRIN,47,56,30,515,15450.00,2018-09-26 06:53:00.652700
2193,201809266536486,PRIN,58,43,20,515,10300.00,2018-09-26 06:53:00.648600
2194,201809266536487,PRIN,43,43,100,515,51500.00,2018-09-26 06:53:00.648700
2195,201809266536488,PRIN,43,43,100,515,51500.00,2018-09-26 06:53:00.648800
2196,201809266536489,PRIN,47,43,305,515,157075.00,2018-09-26 06:53:00.648900
2197,201809266536462,PRIN,14,6,100,515,51500.00,2018-09-26 06:53:00.646200
2198,201809266536303,PRIN,6,55,370,516,190920.00,2018-09-26 06:53:00.630300
2199,201809266536304,PRIN,6,55,30,516,15480.00,2018-09-26 06:53:00.630400
2200,201809266535833,PRIN,47,20,70,517,36190.00,2018-09-26 06:53:00.583300
2201,201809266535834,PRIN,6,20,130,516,67080.00,2018-09-26 06:53:00.583400
2202,201809266534928,PRIN,47,20,130,517,67210.00,2018-09-26 06:53:00.492800
2203,201809266534899,PRIN,1,6,100,518,51800.00,2018-09-26 06:53:00.489900
2204,201809266534836,PRIN,1,50,100,518,51800.00,2018-09-26 06:53:00.483600
2205,201809266533758,PRIN,10,48,308,518,159544.00,2018-09-26 06:53:00.375800
2206,201809266533724,PRIN,28,48,11,521,5731.00,2018-09-26 06:53:00.372400
2207,201809266533725,PRIN,1,48,81,520,42120.00,2018-09-26 06:53:00.372500
2208,201809266533726,PRIN,17,48,100,520,52000.00,2018-09-26 06:53:00.372600
2209,201809266533712,PRIN,1,51,19,520,9880.00,2018-09-26 06:53:00.371200
2210,201809266533248,PRIN,7,42,300,525,157500.00,2018-09-26 06:53:00.324800
2211,201809266533168,PRIN,56,42,400,522,208800.00,2018-09-26 06:53:00.316800
2212,201809266533169,PRIN,19,42,11,522,5742.00,2018-09-26 06:53:00.316900
2213,201809266533170,PRIN,28,42,489,521,254769.00,2018-09-26 06:53:00.317000
2214,201809266533028,PRIN,26,42,200,525,105000.00,2018-09-26 06:53:00.302800
2215,201809266531772,PRIN,51,40,100,525,52500.00,2018-09-26 06:53:00.177200
2216,201809266530811,PRIN,1,48,50,530,26500.00,2018-09-26 06:53:00.081100
2217,201809266530736,PRIN,10,51,500,525,262500.00,2018-09-26 06:53:00.073600
2218,201809266530756,PRIN,1,52,250,530,132500.00,2018-09-26 06:53:00.075600
2219,201809266529881,PRIN,37,17,400,525,210000.00,2018-09-26 06:52:00.988100
2220,201809266529736,PRIN,6,38,50,525,26250.00,2018-09-26 06:52:00.973600
2221,201809266529623,PRIN,6,59,100,525,52500.00,2018-09-26 06:52:00.962300
2222,201809266528795,PRIN,48,48,800,534,427200.00,2018-09-26 06:52:00.879500
2223,201809266528653,PRIN,49,49,453,534,241902.00,2018-09-26 06:52:00.865300
2224,201809256528449,PRIN,7,22,20,520,10400.00,2018-09-25 06:52:00.844900
2225,201809256528450,PRIN,7,45,159,521,82839.00,2018-09-25 06:52:00.845000
2226,201809256528451,PRIN,7,47,100,522,52200.00,2018-09-25 06:52:00.845100
2227,201809256528452,PRIN,7,10,321,522,167562.00,2018-09-25 06:52:00.845200
2228,201809256528297,PRIN,41,22,64,520,33280.00,2018-09-25 06:52:00.829700
2229,201809256528298,PRIN,34,22,100,520,52000.00,2018-09-25 06:52:00.829800
2230,201809256527130,PRIN,53,45,50,524,26200.00,2018-09-25 06:52:00.713000
2231,201809256526768,PRIN,50,42,99,520,51480.00,2018-09-25 06:52:00.676800
2232,201809256526679,PRIN,41,47,38,520,19760.00,2018-09-25 06:52:00.667900
2233,201809256526411,PRIN,41,53,100,520,52000.00,2018-09-25 06:52:00.641100
2234,201809256526412,PRIN,41,17,98,520,50960.00,2018-09-25 06:52:00.641200
2235,201809256526413,PRIN,41,21,200,522,104400.00,2018-09-25 06:52:00.641300
2236,201809256526357,PRIN,49,6,100,519,51900.00,2018-09-25 06:52:00.635700
2237,201809256526358,PRIN,49,53,400,520,208000.00,2018-09-25 06:52:00.635800
2238,201809256525942,PRIN,49,49,253,515,130295.00,2018-09-25 06:52:00.594200
2239,201809256525866,PRIN,16,59,200,515,103000.00,2018-09-25 06:52:00.586600
2240,201809256525867,PRIN,34,59,100,515,51500.00,2018-09-25 06:52:00.586700
2241,201809256525499,PRIN,49,54,200,515,103000.00,2018-09-25 06:52:00.549900
2242,201809256525057,PRIN,10,35,50,511,25550.00,2018-09-25 06:52:00.505700
2243,201809256524975,PRIN,10,42,100,511,51100.00,2018-09-25 06:52:00.497500
2244,201809256524641,PRIN,49,1,200,515,103000.00,2018-09-25 06:52:00.464100
2245,201809256524599,PRIN,21,42,100,513,51300.00,2018-09-25 06:52:00.459900
2246,201809256524600,PRIN,50,42,280,511,143080.00,2018-09-25 06:52:00.460000
2247,201809256524601,PRIN,54,42,120,511,61320.00,2018-09-25 06:52:00.460100
2248,201809256524239,PRIN,47,6,43,518,22274.00,2018-09-25 06:52:00.423900
2249,201809256522946,PRIN,48,53,300,513,153900.00,2018-09-25 06:52:00.294600
2250,201809256522947,PRIN,48,59,126,514,64764.00,2018-09-25 06:52:00.294700
2251,201809256522948,PRIN,48,29,55,515,28325.00,2018-09-25 06:52:00.294800
2252,201809256522967,PRIN,1,57,100,512,51200.00,2018-09-25 06:52:00.296700
2253,201809256522932,PRIN,48,36,175,509,89075.00,2018-09-25 06:52:00.293200
2254,201809256522878,PRIN,39,36,100,509,50900.00,2018-09-25 06:52:00.287800
2255,201809256521820,PRIN,46,35,100,510,51000.00,2018-09-25 06:52:00.182000
2256,201809256521821,PRIN,1,35,100,508,50800.00,2018-09-25 06:52:00.182100
2257,201809256521822,PRIN,49,35,200,507,101400.00,2018-09-25 06:52:00.182200
2258,201809256521375,PRIN,39,32,400,510,204000.00,2018-09-25 06:52:00.137500
2259,201809236518181,PRIN,46,58,38,511,19418.00,2018-09-23 06:51:00.818100
2260,201809236518258,PRIN,32,42,40,512,20480.00,2018-09-23 06:51:00.825800
2261,201809236518087,PRIN,47,42,100,512,51200.00,2018-09-23 06:51:00.808700
2262,201809236516550,PRIN,10,59,72,512,36864.00,2018-09-23 06:51:00.655000
2263,201809236516551,PRIN,46,59,268,511,136948.00,2018-09-23 06:51:00.655100
2264,201809236516562,PRIN,49,49,500,514,257000.00,2018-09-23 06:51:00.656200
2265,201809236516419,PRIN,10,6,148,512,75776.00,2018-09-23 06:51:00.641900
2266,201809236516325,PRIN,8,32,100,513,51300.00,2018-09-23 06:51:00.632500
2267,201809236516344,PRIN,8,26,100,513,51300.00,2018-09-23 06:51:00.634400
2268,201809236516320,PRIN,8,22,200,513,102600.00,2018-09-23 06:51:00.632000
2269,201809236516161,PRIN,14,1,100,514,51400.00,2018-09-23 06:51:00.616100
2270,201809236516028,PRIN,55,59,20,513,10260.00,2018-09-23 06:51:00.602800
2271,201809236516029,PRIN,10,59,280,512,143360.00,2018-09-23 06:51:00.602900
2272,201809236516011,PRIN,55,59,180,513,92340.00,2018-09-23 06:51:00.601100
2273,201809236515955,PRIN,21,7,50,514,25700.00,2018-09-23 06:51:00.595500
2274,201809236515031,PRIN,10,55,14,514,7196.00,2018-09-23 06:51:00.503100
2275,201809236515032,PRIN,10,41,100,515,51500.00,2018-09-23 06:51:00.503200
2276,201809236515033,PRIN,10,34,200,515,103000.00,2018-09-23 06:51:00.503300
2277,201809236515034,PRIN,10,38,35,515,18025.00,2018-09-23 06:51:00.503400
2278,201809236514777,PRIN,41,21,40,509,20360.00,2018-09-23 06:51:00.477700
2279,201809236514213,PRIN,41,21,100,509,50900.00,2018-09-23 06:51:00.421300
2280,201809236513900,PRIN,22,21,150,510,76500.00,2018-09-23 06:51:00.390000
2281,201809236513901,PRIN,41,21,50,509,25450.00,2018-09-23 06:51:00.390100
2282,201809236511937,PRIN,50,49,50,505,25250.00,2018-09-23 06:51:00.193700
2283,201809236511817,PRIN,21,49,100,505,50500.00,2018-09-23 06:51:00.181700
2284,201809206511358,PRIN,45,37,24,515,12360.00,2018-09-20 06:51:00.135800
2285,201809206511359,PRIN,39,37,100,515,51500.00,2018-09-20 06:51:00.135900
2286,201809206511360,PRIN,39,37,381,514,195834.00,2018-09-20 06:51:00.136000
2287,201809206511361,PRIN,6,37,377,514,193778.00,2018-09-20 06:51:00.136100
2288,201809206511364,PRIN,6,33,123,514,63222.00,2018-09-20 06:51:00.136400
2289,201809206511365,PRIN,47,33,100,514,51400.00,2018-09-20 06:51:00.136500
2290,201809206511387,PRIN,10,33,77,514,39578.00,2018-09-20 06:51:00.138700
2291,201809206511282,PRIN,39,6,100,515,51500.00,2018-09-20 06:51:00.128200
2292,201809206511237,PRIN,45,21,56,515,28840.00,2018-09-20 06:51:00.123700
2293,201809206511241,PRIN,45,45,100,515,51500.00,2018-09-20 06:51:00.124100
2294,201809206511246,PRIN,45,11,20,515,10300.00,2018-09-20 06:51:00.124600
2295,201809206511201,PRIN,56,14,20,516,10320.00,2018-09-20 06:51:00.120100
2296,201809206511202,PRIN,42,14,228,515,117420.00,2018-09-20 06:51:00.120200
2297,201809206511221,PRIN,42,28,22,515,11330.00,2018-09-20 06:51:00.122100
2298,201809206511146,PRIN,34,6,100,520,52000.00,2018-09-20 06:51:00.114600
2299,201809206511147,PRIN,34,33,100,520,52000.00,2018-09-20 06:51:00.114700
2300,201809206510635,PRIN,56,35,100,516,51600.00,2018-09-20 06:51:00.063500
2301,201809206510573,PRIN,41,59,20,517,10340.00,2018-09-20 06:51:00.057300
2302,201809206510574,PRIN,56,59,200,516,103200.00,2018-09-20 06:51:00.057400
2303,201809206510575,PRIN,56,59,80,516,41280.00,2018-09-20 06:51:00.057500
2304,201809206510393,PRIN,59,59,10,521,5210.00,2018-09-20 06:51:00.039300
2305,201809206509581,PRIN,8,49,10,528,5280.00,2018-09-20 06:50:00.958100
2306,201809206508435,PRIN,16,49,60,528,31680.00,2018-09-20 06:50:00.843500
2307,201809206508425,PRIN,16,49,140,527,73780.00,2018-09-20 06:50:00.842500
2308,201809206508284,PRIN,29,49,360,525,189000.00,2018-09-20 06:50:00.828400
2309,201809206508089,PRIN,49,49,50,528,26400.00,2018-09-20 06:50:00.808900
2310,201809206507940,PRIN,29,40,200,523,104600.00,2018-09-20 06:50:00.794000
2311,201809206507941,PRIN,29,25,190,524,99560.00,2018-09-20 06:50:00.794100
2312,201809206507948,PRIN,29,47,100,525,52500.00,2018-09-20 06:50:00.794800
2313,201809206507949,PRIN,29,32,50,525,26250.00,2018-09-20 06:50:00.794900
2314,201809206507950,PRIN,29,52,100,525,52500.00,2018-09-20 06:50:00.795000
2315,201809206507882,PRIN,41,6,100,521,52100.00,2018-09-20 06:50:00.788200
2316,201809206507811,PRIN,56,1,100,517,51700.00,2018-09-20 06:50:00.781100
2317,201809206507812,PRIN,56,17,100,518,51800.00,2018-09-20 06:50:00.781200
2318,201809206507774,PRIN,10,55,260,515,133900.00,2018-09-20 06:50:00.777400
2319,201809206507353,PRIN,39,59,119,514,61166.00,2018-09-20 06:50:00.735300
2320,201809206506790,PRIN,39,17,34,521,17714.00,2018-09-20 06:50:00.679000
2321,201809206506791,PRIN,1,17,156,520,81120.00,2018-09-20 06:50:00.679100
2322,201809206506792,PRIN,40,17,100,518,51800.00,2018-09-20 06:50:00.679200
2323,201809206506793,PRIN,42,17,20,518,10360.00,2018-09-20 06:50:00.679300
2324,201809206506201,PRIN,39,39,166,521,86486.00,2018-09-20 06:50:00.620100
2325,201809206506166,PRIN,1,49,44,520,22880.00,2018-09-20 06:50:00.616600
2326,201809186505628,PRIN,38,53,50,527,26350.00,2018-09-18 06:50:00.562800
2327,201809186505629,PRIN,38,53,50,527,26350.00,2018-09-18 06:50:00.562900
2328,201809186505562,PRIN,1,57,30,525,15750.00,2018-09-18 06:50:00.556200
2329,201809186505566,PRIN,51,57,1020,525,535500.00,2018-09-18 06:50:00.556600
2330,201809186505567,PRIN,51,26,100,525,52500.00,2018-09-18 06:50:00.556700
2331,201809186505429,PRIN,38,57,100,525,52500.00,2018-09-18 06:50:00.542900
2332,201809186505326,PRIN,45,32,200,524,104800.00,2018-09-18 06:50:00.532600
2333,201809186505327,PRIN,45,43,500,524,262000.00,2018-09-18 06:50:00.532700
2334,201809186505185,PRIN,51,7,100,525,52500.00,2018-09-18 06:50:00.518500
2335,201809186505186,PRIN,51,16,150,525,78750.00,2018-09-18 06:50:00.518600
2336,201809186505187,PRIN,51,57,250,525,131250.00,2018-09-18 06:50:00.518700
2337,201809186504432,PRIN,32,49,160,525,84000.00,2018-09-18 06:50:00.443200
2338,201809186504355,PRIN,35,49,40,525,21000.00,2018-09-18 06:50:00.435500
2339,201809186504212,PRIN,57,49,30,524,15720.00,2018-09-18 06:50:00.421200
2340,201809186504170,PRIN,56,59,30,524,15720.00,2018-09-18 06:50:00.417000
2341,201809186504171,PRIN,57,59,470,524,246280.00,2018-09-18 06:50:00.417100
2342,201809186503916,PRIN,16,14,100,525,52500.00,2018-09-18 06:50:00.391600
2343,201809186503759,PRIN,39,40,35,525,18375.00,2018-09-18 06:50:00.375900
2344,201809186503681,PRIN,56,40,500,524,262000.00,2018-09-18 06:50:00.368100
2345,201809186503675,PRIN,56,28,70,524,36680.00,2018-09-18 06:50:00.367500
2346,201809186503629,PRIN,56,56,100,528,52800.00,2018-09-18 06:50:00.362900
2347,201809186503591,PRIN,45,59,20,528,10560.00,2018-09-18 06:50:00.359100
2348,201809186503448,PRIN,45,1,100,528,52800.00,2018-09-18 06:50:00.344800
2349,201809186503353,PRIN,59,22,200,525,105000.00,2018-09-18 06:50:00.335300
2350,201809186503309,PRIN,59,34,200,525,105000.00,2018-09-18 06:50:00.330900
2351,201809186503221,PRIN,45,48,58,528,30624.00,2018-09-18 06:50:00.322100
2352,201809186503222,PRIN,57,48,500,527,263500.00,2018-09-18 06:50:00.322200
2353,201809186503191,PRIN,56,33,58,529,30682.00,2018-09-18 06:50:00.319100
2354,201809186503192,PRIN,45,33,942,528,497376.00,2018-09-18 06:50:00.319200
2355,201809186503083,PRIN,59,51,50,530,26500.00,2018-09-18 06:50:00.308300
2356,201809186503099,PRIN,59,43,50,530,26500.00,2018-09-18 06:50:00.309900
2357,201809186503048,PRIN,35,49,100,530,53000.00,2018-09-18 06:50:00.304800
2358,201809186503049,PRIN,35,22,400,530,212000.00,2018-09-18 06:50:00.304900
2359,201809186502939,PRIN,45,53,100,530,53000.00,2018-09-18 06:50:00.293900
2360,201809186502940,PRIN,45,48,100,531,53100.00,2018-09-18 06:50:00.294000
2361,201809186502941,PRIN,45,58,993,531,527283.00,2018-09-18 06:50:00.294100
2362,201809186502942,PRIN,45,34,200,531,106200.00,2018-09-18 06:50:00.294200
2363,201809186502943,PRIN,45,34,200,532,106400.00,2018-09-18 06:50:00.294300
2364,201809186502944,PRIN,45,32,400,532,212800.00,2018-09-18 06:50:00.294400
2365,201809186502945,PRIN,45,42,200,532,106400.00,2018-09-18 06:50:00.294500
2366,201809186502946,PRIN,45,32,100,532,53200.00,2018-09-18 06:50:00.294600
2367,201809186502948,PRIN,45,32,54,532,28728.00,2018-09-18 06:50:00.294800
2368,201809186502788,PRIN,56,26,142,530,75260.00,2018-09-18 06:50:00.278800
2369,201809186502789,PRIN,56,56,100,530,53000.00,2018-09-18 06:50:00.278900
2370,201809186502484,PRIN,35,32,200,528,105600.00,2018-09-18 06:50:00.248400
2371,201809186502485,PRIN,35,18,400,529,211600.00,2018-09-18 06:50:00.248500
2372,201809186502486,PRIN,35,50,420,530,222600.00,2018-09-18 06:50:00.248600
2373,201809186502487,PRIN,35,6,50,530,26500.00,2018-09-18 06:50:00.248700
2374,201809186502488,PRIN,35,52,196,530,103880.00,2018-09-18 06:50:00.248800
2375,201809186502489,PRIN,35,51,200,530,106000.00,2018-09-18 06:50:00.248900
2376,201809186502490,PRIN,35,46,300,530,159000.00,2018-09-18 06:50:00.249000
2377,201809186502250,PRIN,45,45,100,530,53000.00,2018-09-18 06:50:00.225000
2378,201809186502251,PRIN,45,53,100,530,53000.00,2018-09-18 06:50:00.225100
2379,201809186502252,PRIN,45,53,100,530,53000.00,2018-09-18 06:50:00.225200
2380,201809186502253,PRIN,45,14,100,530,53000.00,2018-09-18 06:50:00.225300
2381,201809186502254,PRIN,45,58,500,530,265000.00,2018-09-18 06:50:00.225400
2382,201809186502255,PRIN,45,50,500,530,265000.00,2018-09-18 06:50:00.225500
2383,201809186502256,PRIN,45,42,20,530,10600.00,2018-09-18 06:50:00.225600
2384,201809186502257,PRIN,45,50,580,530,307400.00,2018-09-18 06:50:00.225700
2385,201809186502213,PRIN,43,39,150,529,79350.00,2018-09-18 06:50:00.221300
2386,201809186502214,PRIN,43,33,500,529,264500.00,2018-09-18 06:50:00.221400
2387,201809186502187,PRIN,38,17,100,526,52600.00,2018-09-18 06:50:00.218700
2388,201809186502188,PRIN,38,6,200,526,105200.00,2018-09-18 06:50:00.218800
2389,201809186502190,PRIN,43,49,100,527,52700.00,2018-09-18 06:50:00.219000
2390,201809186502191,PRIN,43,35,50,528,26400.00,2018-09-18 06:50:00.219100
2391,201809186502192,PRIN,43,51,200,528,105600.00,2018-09-18 06:50:00.219200
2392,201809186502152,PRIN,41,14,200,525,105000.00,2018-09-18 06:50:00.215200
2393,201809186502153,PRIN,41,6,200,525,105000.00,2018-09-18 06:50:00.215300
2394,201809186501386,PRIN,7,49,59,521,30739.00,2018-09-18 06:50:00.138600
2395,201809186501387,PRIN,7,28,550,523,287650.00,2018-09-18 06:50:00.138700
2396,201809186501388,PRIN,7,14,50,525,26250.00,2018-09-18 06:50:00.138800
2397,201809186501337,PRIN,6,55,200,519,103800.00,2018-09-18 06:50:00.133700
2398,201809186501338,PRIN,6,55,200,519,103800.00,2018-09-18 06:50:00.133800
2399,201809186501342,PRIN,6,49,100,519,51900.00,2018-09-18 06:50:00.134200
2400,201809186501353,PRIN,48,22,1000,522,522000.00,2018-09-18 06:50:00.135300
2401,201809186500692,PRIN,41,56,200,515,103000.00,2018-09-18 06:50:00.069200
2402,201809186500693,PRIN,10,56,100,512,51200.00,2018-09-18 06:50:00.069300
2403,201809186500578,PRIN,32,28,50,521,26050.00,2018-09-18 06:50:00.057800
2404,201809186500579,PRIN,7,28,100,520,52000.00,2018-09-18 06:50:00.057900
2405,201809186500580,PRIN,57,28,500,519,259500.00,2018-09-18 06:50:00.058000
2406,201809186500274,PRIN,39,56,200,521,104200.00,2018-09-18 06:50:00.027400
2407,201809186500275,PRIN,7,49,100,522,52200.00,2018-09-18 06:50:00.027500
2408,201809186500267,PRIN,39,49,100,522,52200.00,2018-09-18 06:50:00.026700
2409,201809186500250,PRIN,25,56,100,525,52500.00,2018-09-18 06:50:00.025000
2410,201809186500136,PRIN,41,56,50,531,26550.00,2018-09-18 06:50:00.013600
2411,201809186500137,PRIN,41,21,15,531,7965.00,2018-09-18 06:50:00.013700
2412,201809186500065,PRIN,39,25,100,530,53000.00,2018-09-18 06:50:00.006500
2413,201809186500053,PRIN,41,56,150,531,79650.00,2018-09-18 06:50:00.005300
2414,201809186500024,PRIN,41,47,100,530,53000.00,2018-09-18 06:50:00.002400
2415,201809186499975,PRIN,39,41,123,530,65190.00,2018-09-18 06:49:00.997500
2416,201809186499843,PRIN,39,47,400,525,210000.00,2018-09-18 06:49:00.984300
2417,201809186499844,PRIN,39,55,50,527,26350.00,2018-09-18 06:49:00.984400
2418,201809186499845,PRIN,39,56,90,528,47520.00,2018-09-18 06:49:00.984500
2419,201809186499846,PRIN,39,51,200,528,105600.00,2018-09-18 06:49:00.984600
2420,201809186499847,PRIN,39,56,172,529,90988.00,2018-09-18 06:49:00.984700
2421,201809186499848,PRIN,39,42,50,529,26450.00,2018-09-18 06:49:00.984800
2422,201809186499849,PRIN,39,45,100,529,52900.00,2018-09-18 06:49:00.984900
2423,201809176499672,PRIN,20,1,200,515,103000.00,2018-09-17 06:49:00.967200
2424,201809176499692,PRIN,49,56,50,519,25950.00,2018-09-17 06:49:00.969200
2425,201809176499460,PRIN,57,59,496,515,255440.00,2018-09-17 06:49:00.946000
2426,201809176499406,PRIN,16,50,100,511,51100.00,2018-09-17 06:49:00.940600
2427,201809176499147,PRIN,48,44,1373,514,705722.00,2018-09-17 06:49:00.914700
2428,201809176499159,PRIN,49,55,50,510,25500.00,2018-09-17 06:49:00.915900
2429,201809176498607,PRIN,45,56,60,508,30480.00,2018-09-17 06:49:00.860700
2430,201809176498522,PRIN,56,59,150,512,76800.00,2018-09-17 06:49:00.852200
2431,201809176498523,PRIN,6,59,246,511,125706.00,2018-09-17 06:49:00.852300
2432,201809176498556,PRIN,6,59,254,511,129794.00,2018-09-17 06:49:00.855600
2433,201809176498557,PRIN,58,59,100,511,51100.00,2018-09-17 06:49:00.855700
2434,201809176498558,PRIN,33,59,500,510,255000.00,2018-09-17 06:49:00.855800
2435,201809176498559,PRIN,40,59,500,510,255000.00,2018-09-17 06:49:00.855900
2436,201809176498560,PRIN,55,59,400,510,204000.00,2018-09-17 06:49:00.856000
2437,201809176498483,PRIN,49,45,900,515,463500.00,2018-09-17 06:49:00.848300
2438,201809176498484,PRIN,42,45,200,515,103000.00,2018-09-17 06:49:00.848400
2439,201809176498485,PRIN,37,45,50,515,25750.00,2018-09-17 06:49:00.848500
2440,201809176498486,PRIN,40,45,200,515,103000.00,2018-09-17 06:49:00.848600
2441,201809176498436,PRIN,49,56,80,517,41360.00,2018-09-17 06:49:00.843600
2442,201809176498345,PRIN,49,50,100,515,51500.00,2018-09-17 06:49:00.834500
2443,201809176498313,PRIN,21,45,200,517,103400.00,2018-09-17 06:49:00.831300
2444,201809176498322,PRIN,56,56,20,518,10360.00,2018-09-17 06:49:00.832200
2445,201809176498248,PRIN,49,34,200,519,103800.00,2018-09-17 06:49:00.824800
2446,201809176498256,PRIN,17,22,50,520,26000.00,2018-09-17 06:49:00.825600
2447,201809176498264,PRIN,56,34,10,518,5180.00,2018-09-17 06:49:00.826400
2448,201809176498265,PRIN,56,53,20,518,10360.00,2018-09-17 06:49:00.826500
2449,201809176498085,PRIN,32,39,199,520,103480.00,2018-09-17 06:49:00.808500
2450,201809176498086,PRIN,32,1,1,515,515.00,2018-09-17 06:49:00.808600
2451,201809176498051,PRIN,49,56,248,524,129952.00,2018-09-17 06:49:00.805100
2452,201809176498052,PRIN,41,28,100,520,52000.00,2018-09-17 06:49:00.805200
2453,201809176498058,PRIN,41,14,200,520,104000.00,2018-09-17 06:49:00.805800
2454,201809176498059,PRIN,41,28,149,520,77480.00,2018-09-17 06:49:00.805900
2455,201809176498081,PRIN,41,39,101,520,52520.00,2018-09-17 06:49:00.808100
2456,201809176498013,PRIN,25,39,50,522,26100.00,2018-09-17 06:49:00.801300
2457,201809176498014,PRIN,41,39,350,520,182000.00,2018-09-17 06:49:00.801400
2458,201809176497971,PRIN,40,38,256,524,134144.00,2018-09-17 06:49:00.797100
2459,201809176497953,PRIN,41,22,100,520,52000.00,2018-09-17 06:49:00.795300
2460,201809176497906,PRIN,36,47,50,520,26000.00,2018-09-17 06:49:00.790600
2461,201809176497875,PRIN,16,33,200,521,104200.00,2018-09-17 06:49:00.787500
2462,201809176497876,PRIN,36,33,250,520,130000.00,2018-09-17 06:49:00.787600
2463,201809176497722,PRIN,36,50,200,520,104000.00,2018-09-17 06:49:00.772200
2464,201809176497690,PRIN,22,50,245,520,127400.00,2018-09-17 06:49:00.769000
2465,201809176497708,PRIN,42,10,500,520,260000.00,2018-09-17 06:49:00.770800
2466,201809176497598,PRIN,59,46,100,522,52200.00,2018-09-17 06:49:00.759800
2467,201809176497584,PRIN,37,14,50,525,26250.00,2018-09-17 06:49:00.758400
2468,201809176497532,PRIN,17,47,50,525,26250.00,2018-09-17 06:49:00.753200
2469,201809176497520,PRIN,49,56,40,515,20600.00,2018-09-17 06:49:00.752000
2470,201809176497521,PRIN,49,50,100,520,52000.00,2018-09-17 06:49:00.752100
2471,201809176497522,PRIN,49,39,300,524,157200.00,2018-09-17 06:49:00.752200
2472,201809176497523,PRIN,49,55,100,524,52400.00,2018-09-17 06:49:00.752300
2473,201809176497524,PRIN,49,59,500,525,262500.00,2018-09-17 06:49:00.752400
2474,201809176497525,PRIN,49,47,130,525,68250.00,2018-09-17 06:49:00.752500
2475,201809176497467,PRIN,19,56,85,515,43775.00,2018-09-17 06:49:00.746700
2476,201809176497476,PRIN,58,56,100,515,51500.00,2018-09-17 06:49:00.747600
2477,201809176497416,PRIN,59,56,50,515,25750.00,2018-09-17 06:49:00.741600
2478,201809176497417,PRIN,6,56,170,515,87550.00,2018-09-17 06:49:00.741700
2479,201809176497424,PRIN,49,50,40,520,20800.00,2018-09-17 06:49:00.742400
2480,201809176497425,PRIN,49,34,50,520,26000.00,2018-09-17 06:49:00.742500
2481,201809176497433,PRIN,49,39,10,520,5200.00,2018-09-17 06:49:00.743300
2482,201809176497434,PRIN,6,39,30,515,15450.00,2018-09-17 06:49:00.743400
2483,201809176497435,PRIN,19,39,15,515,7725.00,2018-09-17 06:49:00.743500
2484,201809176497370,PRIN,37,50,60,520,31200.00,2018-09-17 06:49:00.737000
2485,201809176497371,PRIN,50,50,1000,520,520000.00,2018-09-17 06:49:00.737100
2486,201809176497327,PRIN,21,19,100,525,52500.00,2018-09-17 06:49:00.732700
2487,201809176497331,PRIN,37,45,40,525,21000.00,2018-09-17 06:49:00.733100
2488,201809176497280,PRIN,50,50,200,530,106000.00,2018-09-17 06:49:00.728000
2489,201809176497175,PRIN,49,6,50,525,26250.00,2018-09-17 06:49:00.717500
2490,201809176497176,PRIN,49,45,100,525,52500.00,2018-09-17 06:49:00.717600
2491,201809176497177,PRIN,49,56,50,525,26250.00,2018-09-17 06:49:00.717700
2492,201809176497188,PRIN,56,53,200,525,105000.00,2018-09-17 06:49:00.718800
2493,201809176496959,PRIN,56,43,590,515,303850.00,2018-09-17 06:49:00.695900
2494,201809176496884,PRIN,6,56,100,508,50800.00,2018-09-17 06:49:00.688400
2495,201809176496891,PRIN,6,56,100,508,50800.00,2018-09-17 06:49:00.689100
2496,201809176496898,PRIN,49,11,200,508,101600.00,2018-09-17 06:49:00.689800
2497,201809176496909,PRIN,48,53,500,509,254500.00,2018-09-17 06:49:00.690900
2498,201809176496910,PRIN,48,42,200,512,102400.00,2018-09-17 06:49:00.691000
2499,201809176496931,PRIN,48,51,100,515,51500.00,2018-09-17 06:49:00.693100
2500,201809176496932,PRIN,48,14,200,515,103000.00,2018-09-17 06:49:00.693200
2501,201809176496933,PRIN,48,53,100,515,51500.00,2018-09-17 06:49:00.693300
2502,201809176496934,PRIN,48,36,100,515,51500.00,2018-09-17 06:49:00.693400
2503,201809176496939,PRIN,59,36,50,515,25750.00,2018-09-17 06:49:00.693900
2504,201809176496867,PRIN,49,33,80,502,40160.00,2018-09-17 06:49:00.686700
2505,201809176496868,PRIN,49,52,175,503,88025.00,2018-09-17 06:49:00.686800
2506,201809176496869,PRIN,49,34,50,505,25250.00,2018-09-17 06:49:00.686900
2507,201809176496870,PRIN,49,6,19,506,9614.00,2018-09-17 06:49:00.687000
2508,201809176496871,PRIN,49,51,50,506,25300.00,2018-09-17 06:49:00.687100
2509,201809176496878,PRIN,49,21,500,507,253500.00,2018-09-17 06:49:00.687800
2510,201809176496808,PRIN,49,7,100,501,50100.00,2018-09-17 06:49:00.680800
2511,201809176496075,PRIN,51,29,100,500,50000.00,2018-09-17 06:49:00.607500
2512,201809176495977,PRIN,17,16,109,500,54500.00,2018-09-17 06:49:00.597700
2513,201809176495657,PRIN,41,16,87,500,43500.00,2018-09-17 06:49:00.565700
2514,201809176495658,PRIN,42,16,400,500,200000.00,2018-09-17 06:49:00.565800
2515,201809176495222,PRIN,17,53,50,504,25200.00,2018-09-17 06:49:00.522200
2516,201809176495223,PRIN,17,42,300,505,151500.00,2018-09-17 06:49:00.522300
2517,201809176495224,PRIN,17,21,160,505,80800.00,2018-09-17 06:49:00.522400
2518,201809176495225,PRIN,17,36,200,505,101000.00,2018-09-17 06:49:00.522500
2519,201809176494738,PRIN,42,14,100,500,50000.00,2018-09-17 06:49:00.473800
2520,201809176494715,PRIN,59,53,50,504,25200.00,2018-09-17 06:49:00.471500
2521,201809176494667,PRIN,41,5,113,500,56500.00,2018-09-17 06:49:00.466700
2522,201809176494547,PRIN,51,53,100,501,50100.00,2018-09-17 06:49:00.454700
2523,201809176494509,PRIN,6,29,200,502,100400.00,2018-09-17 06:49:00.450900
2524,201809176494510,PRIN,6,29,200,502,100400.00,2018-09-17 06:49:00.451000
2525,201809176494526,PRIN,51,28,50,501,25050.00,2018-09-17 06:49:00.452600
2526,201809176494368,PRIN,42,58,20,505,10100.00,2018-09-17 06:49:00.436800
2527,201809176493837,PRIN,32,55,50,505,25250.00,2018-09-17 06:49:00.383700
2528,201809176493038,PRIN,43,36,500,500,250000.00,2018-09-17 06:49:00.303800
2529,201809176492927,PRIN,40,26,109,505,55045.00,2018-09-17 06:49:00.292700
2530,201809166492618,PRIN,33,17,250,500,125000.00,2018-09-16 06:49:00.261800
2531,201809166492649,PRIN,34,51,10,505,5050.00,2018-09-16 06:49:00.264900
2532,201809166492375,PRIN,35,26,100,500,50000.00,2018-09-16 06:49:00.237500
2533,201809166492397,PRIN,34,47,200,499,99800.00,2018-09-16 06:49:00.239700
2534,201809166492103,PRIN,10,59,500,500,250000.00,2018-09-16 06:49:00.210300
2535,201809166491689,PRIN,33,21,600,504,302400.00,2018-09-16 06:49:00.168900
2536,201809166491690,PRIN,33,39,500,505,252500.00,2018-09-16 06:49:00.169000
2537,201809166491614,PRIN,39,34,50,500,25000.00,2018-09-16 06:49:00.161400
2538,201809166491629,PRIN,34,32,100,500,50000.00,2018-09-16 06:49:00.162900
2539,201809166491630,PRIN,33,32,50,500,25000.00,2018-09-16 06:49:00.163000
2540,201809166491321,PRIN,29,32,350,505,176750.00,2018-09-16 06:49:00.132100
2541,201809166491246,PRIN,36,22,100,505,50500.00,2018-09-16 06:49:00.124600
2542,201809166491291,PRIN,36,35,150,505,75750.00,2018-09-16 06:49:00.129100
2543,201809166491292,PRIN,29,35,150,505,75750.00,2018-09-16 06:49:00.129200
2544,201809166491203,PRIN,36,20,250,505,126250.00,2018-09-16 06:49:00.120300
2545,201809166490946,PRIN,49,32,50,509,25450.00,2018-09-16 06:49:00.094600
2546,201809166490964,PRIN,49,26,50,506,25300.00,2018-09-16 06:49:00.096400
2547,201809166490594,PRIN,41,41,50,508,25400.00,2018-09-16 06:49:00.059400
2548,201809166490595,PRIN,41,26,150,509,76350.00,2018-09-16 06:49:00.059500
2549,201809166489977,PRIN,49,6,50,509,25450.00,2018-09-16 06:48:00.997700
2550,201809166489978,PRIN,49,39,114,509,58026.00,2018-09-16 06:48:00.997800
2551,201809166489979,PRIN,49,53,50,509,25450.00,2018-09-16 06:48:00.997900
2552,201809166489980,PRIN,49,40,180,510,91800.00,2018-09-16 06:48:00.998000
2553,201809166489741,PRIN,41,6,100,509,50900.00,2018-09-16 06:48:00.974100
2554,201809166489625,PRIN,36,6,500,505,252500.00,2018-09-16 06:48:00.962500
2555,201809166489485,PRIN,33,22,200,509,101800.00,2018-09-16 06:48:00.948500
2556,201809166489489,PRIN,33,42,1250,510,637500.00,2018-09-16 06:48:00.948900
2557,201809166489490,PRIN,33,42,200,510,102000.00,2018-09-16 06:48:00.949000
2558,201809166489209,PRIN,41,42,50,510,25500.00,2018-09-16 06:48:00.920900
2559,201809166488983,PRIN,41,42,100,510,51000.00,2018-09-16 06:48:00.898300
2560,201809166488845,PRIN,25,48,100,508,50800.00,2018-09-16 06:48:00.884500
2561,201809166488846,PRIN,25,19,400,510,204000.00,2018-09-16 06:48:00.884600
2562,201809166488847,PRIN,25,22,200,510,102000.00,2018-09-16 06:48:00.884700
2563,201809166488848,PRIN,25,52,200,510,102000.00,2018-09-16 06:48:00.884800
2564,201809166488849,PRIN,25,42,100,510,51000.00,2018-09-16 06:48:00.884900
2565,201809166488590,PRIN,39,1,100,500,50000.00,2018-09-16 06:48:00.859000
2566,201809166488576,PRIN,33,32,45,504,22680.00,2018-09-16 06:48:00.857600
2567,201809166488376,PRIN,39,14,50,500,25000.00,2018-09-16 06:48:00.837600
2568,201809166488345,PRIN,8,32,55,504,27720.00,2018-09-16 06:48:00.834500
2569,201809166488127,PRIN,8,37,145,504,73080.00,2018-09-16 06:48:00.812700
2570,201809166488103,PRIN,8,40,100,504,50400.00,2018-09-16 06:48:00.810300
2571,201809166487716,PRIN,51,19,80,513,41040.00,2018-09-16 06:48:00.771600
2572,201809166487717,PRIN,51,47,200,514,102800.00,2018-09-16 06:48:00.771700
2573,201809166487718,PRIN,51,29,200,514,102800.00,2018-09-16 06:48:00.771800
2574,201809166487719,PRIN,51,40,20,514,10280.00,2018-09-16 06:48:00.771900
2575,201809166487469,PRIN,34,47,100,515,51500.00,2018-09-16 06:48:00.746900
2576,201809166487393,PRIN,33,42,1000,505,505000.00,2018-09-16 06:48:00.739300
2577,201809166487394,PRIN,33,50,300,505,151500.00,2018-09-16 06:48:00.739400
2578,201809166487395,PRIN,33,19,20,506,10120.00,2018-09-16 06:48:00.739500
2579,201809166487396,PRIN,33,53,38,506,19228.00,2018-09-16 06:48:00.739600
2580,201809166487397,PRIN,33,53,100,506,50600.00,2018-09-16 06:48:00.739700
2581,201809166486140,PRIN,56,17,20,495,9900.00,2018-09-16 06:48:00.614000
2582,201809166486141,PRIN,56,17,200,495,99000.00,2018-09-16 06:48:00.614100
2583,201809166486146,PRIN,56,34,200,497,99400.00,2018-09-16 06:48:00.614600
2584,201809166486165,PRIN,56,34,357,497,177429.00,2018-09-16 06:48:00.616500
2585,201809166485349,PRIN,35,14,50,487,24350.00,2018-09-16 06:48:00.534900
2586,201809166483955,PRIN,43,42,20,488,9760.00,2018-09-16 06:48:00.395500
2587,201809136483388,PRIN,59,5,60,488,29280.00,2018-09-13 06:48:00.338800
2588,201809136483333,PRIN,36,22,10,495,4950.00,2018-09-13 06:48:00.333300
2589,201809136483334,PRIN,14,22,57,488,27816.00,2018-09-13 06:48:00.333400
2590,201809136483335,PRIN,59,22,233,488,113704.00,2018-09-13 06:48:00.333500
2591,201809136483295,PRIN,59,34,100,489,48900.00,2018-09-13 06:48:00.329500
2592,201809136481449,PRIN,14,35,43,488,20984.00,2018-09-13 06:48:00.144900
2593,201809136481157,PRIN,34,21,200,488,97600.00,2018-09-13 06:48:00.115700
2594,201809136481133,PRIN,11,14,100,490,49000.00,2018-09-13 06:48:00.113300
2595,201809136481134,PRIN,37,14,100,490,49000.00,2018-09-13 06:48:00.113400
2596,201809136481046,PRIN,11,32,100,490,49000.00,2018-09-13 06:48:00.104600
2597,201809136478918,PRIN,45,32,400,491,196400.00,2018-09-13 06:47:00.891800
2598,201809136478840,PRIN,33,58,143,490,70070.00,2018-09-13 06:47:00.884000
2599,201809136478841,PRIN,33,28,500,490,245000.00,2018-09-13 06:47:00.884100
2600,201809136478831,PRIN,6,14,25,488,12200.00,2018-09-13 06:47:00.883100
2601,201809136478832,PRIN,35,14,400,487,194800.00,2018-09-13 06:47:00.883200
2602,201809136477121,PRIN,35,17,11,485,5335.00,2018-09-13 06:47:00.712100
2603,201809126474046,PRIN,25,38,14,485,6790.00,2018-09-12 06:47:00.404600
2604,201809126473335,PRIN,37,37,100,485,48500.00,2018-09-12 06:47:00.333500
2605,201809116471888,PRIN,57,34,14,486,6804.00,2018-09-11 06:47:00.188800
2606,201809116471889,PRIN,1,34,136,485,65960.00,2018-09-11 06:47:00.188900
2607,201809116470655,PRIN,57,5,86,486,41796.00,2018-09-11 06:47:00.065500
2608,201809116469686,PRIN,1,35,50,485,24250.00,2018-09-11 06:46:00.968600
2609,201809116469575,PRIN,1,45,100,485,48500.00,2018-09-11 06:46:00.957500
2610,201809116468523,PRIN,42,49,100,490,49000.00,2018-09-11 06:46:00.852300
2611,201809116468524,PRIN,42,11,59,493,29087.00,2018-09-11 06:46:00.852400
2612,201809116468460,PRIN,26,1,100,490,49000.00,2018-09-11 06:46:00.846000
2613,201809116468461,PRIN,26,50,50,490,24500.00,2018-09-11 06:46:00.846100
2614,201809106467863,PRIN,26,35,109,482,52538.00,2018-09-10 06:46:00.786300
2615,201809106467013,PRIN,33,35,12,481,5772.00,2018-09-10 06:46:00.701300
2616,201809106467014,PRIN,34,35,50,481,24050.00,2018-09-10 06:46:00.701400
2617,201809106467015,PRIN,39,35,39,480,18720.00,2018-09-10 06:46:00.701500
2618,201809106467016,PRIN,42,35,140,480,67200.00,2018-09-10 06:46:00.701600
2619,201809106467017,PRIN,28,35,50,480,24000.00,2018-09-10 06:46:00.701700
2620,201809106467018,PRIN,33,35,200,480,96000.00,2018-09-10 06:46:00.701800
2621,201809106466977,PRIN,33,43,70,481,33670.00,2018-09-10 06:46:00.697700
2622,201809106466407,PRIN,32,22,50,480,24000.00,2018-09-10 06:46:00.640700
2623,201809106466408,PRIN,39,22,150,480,72000.00,2018-09-10 06:46:00.640800
2624,201809106466167,PRIN,39,52,311,480,149280.00,2018-09-10 06:46:00.616700
2625,201809106465869,PRIN,35,52,178,480,85440.00,2018-09-10 06:46:00.586900
2626,201809106465607,PRIN,41,45,40,483,19320.00,2018-09-10 06:46:00.560700
2627,201809106465608,PRIN,41,53,20,483,9660.00,2018-09-10 06:46:00.560800
2628,201809106465482,PRIN,35,59,22,480,10560.00,2018-09-10 06:46:00.548200
2629,201809106465011,PRIN,16,45,50,483,24150.00,2018-09-10 06:46:00.501100
2630,201809106464669,PRIN,17,45,10,484,4840.00,2018-09-10 06:46:00.466900
2631,201809106464670,PRIN,46,45,50,483,24150.00,2018-09-10 06:46:00.467000
2632,201809106464239,PRIN,22,34,100,484,48400.00,2018-09-10 06:46:00.423900
2633,201809096464043,PRIN,4,34,50,484,24200.00,2018-09-09 06:46:00.404300
2634,201809096463819,PRIN,46,34,50,484,24200.00,2018-09-09 06:46:00.381900
2635,201809096463820,PRIN,14,34,100,484,48400.00,2018-09-09 06:46:00.382000
2636,201809096463822,PRIN,1,34,100,484,48400.00,2018-09-09 06:46:00.382200
2637,201809096463623,PRIN,38,6,65,486,31590.00,2018-09-09 06:46:00.362300
2638,201809096463624,PRIN,51,6,100,485,48500.00,2018-09-09 06:46:00.362400
2639,201809096463535,PRIN,45,34,50,488,24400.00,2018-09-09 06:46:00.353500
2640,201809096463143,PRIN,33,42,365,486,177390.00,2018-09-09 06:46:00.314300
2641,201809096463144,PRIN,38,42,235,486,114210.00,2018-09-09 06:46:00.314400
2642,201809096463127,PRIN,32,21,17,487,8279.00,2018-09-09 06:46:00.312700
2643,201809096463007,PRIN,21,21,50,487,24350.00,2018-09-09 06:46:00.300700
2644,201809096463008,PRIN,17,21,93,487,45291.00,2018-09-09 06:46:00.300800
2645,201809096463018,PRIN,54,21,100,487,48700.00,2018-09-09 06:46:00.301800
2646,201809096463019,PRIN,41,21,26,487,12662.00,2018-09-09 06:46:00.301900
2647,201809096462877,PRIN,22,25,100,488,48800.00,2018-09-09 06:46:00.287700
2648,201809096462871,PRIN,45,43,30,490,14700.00,2018-09-09 06:46:00.287100
2649,201809096462784,PRIN,21,59,200,487,97400.00,2018-09-09 06:46:00.278400
2650,201809096462623,PRIN,21,1,350,487,170450.00,2018-09-09 06:46:00.262300
2651,201809096462395,PRIN,32,59,50,488,24400.00,2018-09-09 06:46:00.239500
2652,201809096462396,PRIN,45,59,100,488,48800.00,2018-09-09 06:46:00.239600
2653,201809096462077,PRIN,53,38,600,487,292200.00,2018-09-09 06:46:00.207700
2654,201809096462088,PRIN,33,34,635,486,308610.00,2018-09-09 06:46:00.208800
2655,201809096461916,PRIN,11,25,20,488,9760.00,2018-09-09 06:46:00.191600
2656,201809096461917,PRIN,32,25,50,488,24400.00,2018-09-09 06:46:00.191700
2657,201809096461918,PRIN,53,25,50,488,24400.00,2018-09-09 06:46:00.191800
2658,201809096461919,PRIN,57,25,20,488,9760.00,2018-09-09 06:46:00.191900
2659,201809096461710,PRIN,57,34,99,490,48510.00,2018-09-09 06:46:00.171000
2660,201809096461711,PRIN,41,34,100,490,49000.00,2018-09-09 06:46:00.171100
2661,201809096461196,PRIN,41,34,25,497,12425.00,2018-09-09 06:46:00.119600
2662,201809096460667,PRIN,34,34,100,497,49700.00,2018-09-09 06:46:00.066700
2663,201809096460444,PRIN,42,21,35,495,17325.00,2018-09-09 06:46:00.044400
2664,201809066459433,PRIN,38,34,10,499,4990.00,2018-09-06 06:45:00.943300
2665,201809066459276,PRIN,56,28,10,493,4930.00,2018-09-06 06:45:00.927600
2666,201809066459277,PRIN,17,28,220,492,108240.00,2018-09-06 06:45:00.927700
2667,201809066459278,PRIN,25,28,40,491,19640.00,2018-09-06 06:45:00.927800
2668,201809066459152,PRIN,17,45,200,492,98400.00,2018-09-06 06:45:00.915200
2669,201809066459154,PRIN,17,43,80,492,39360.00,2018-09-06 06:45:00.915400
2670,201809066459163,PRIN,17,34,500,492,246000.00,2018-09-06 06:45:00.916300
2671,201809066458124,PRIN,32,28,200,497,99400.00,2018-09-06 06:45:00.812400
2672,201809066458125,PRIN,6,28,100,495,49500.00,2018-09-06 06:45:00.812500
2673,201809066457965,PRIN,6,28,300,500,150000.00,2018-09-06 06:45:00.796500
2674,201809066457966,PRIN,45,28,300,500,150000.00,2018-09-06 06:45:00.796600
2675,201809066457414,PRIN,22,34,50,509,25450.00,2018-09-06 06:45:00.741400
2676,201809066456737,PRIN,36,57,200,505,101000.00,2018-09-06 06:45:00.673700
2677,201809066456740,PRIN,36,37,300,505,151500.00,2018-09-06 06:45:00.674000
2678,201809066456709,PRIN,45,29,310,504,156240.00,2018-09-06 06:45:00.670900
2679,201809066456726,PRIN,36,6,50,505,25250.00,2018-09-06 06:45:00.672600
2680,201809066456620,PRIN,3,40,200,500,100000.00,2018-09-06 06:45:00.662000
2681,201809066456624,PRIN,53,44,100,500,50000.00,2018-09-06 06:45:00.662400
2682,201809066456581,PRIN,25,14,200,497,99400.00,2018-09-06 06:45:00.658100
2683,201809066456564,PRIN,20,59,250,495,123750.00,2018-09-06 06:45:00.656400
2684,201809066456371,PRIN,46,52,50,494,24700.00,2018-09-06 06:45:00.637100
2685,201809066456375,PRIN,51,52,200,491,98200.00,2018-09-06 06:45:00.637500
2686,201809066456376,PRIN,56,52,100,491,49100.00,2018-09-06 06:45:00.637600
2687,201809066456377,PRIN,56,52,40,491,19640.00,2018-09-06 06:45:00.637700
2688,201809066456311,PRIN,22,59,200,495,99000.00,2018-09-06 06:45:00.631100
2689,201809066456312,PRIN,50,59,100,495,49500.00,2018-09-06 06:45:00.631200
2690,201809066456313,PRIN,41,59,50,495,24750.00,2018-09-06 06:45:00.631300
2691,201809066456145,PRIN,48,21,44,496,21824.00,2018-09-06 06:45:00.614500
2692,201809066455921,PRIN,48,40,56,496,27776.00,2018-09-06 06:45:00.592100
2693,201809066455371,PRIN,57,1,100,498,49800.00,2018-09-06 06:45:00.537100
2694,201809066455372,PRIN,32,1,200,498,99600.00,2018-09-06 06:45:00.537200
2695,201809066455236,PRIN,46,16,50,499,24950.00,2018-09-06 06:45:00.523600
2696,201809066455237,PRIN,38,16,50,499,24950.00,2018-09-06 06:45:00.523700
2697,201809066455238,PRIN,57,16,100,498,49800.00,2018-09-06 06:45:00.523800
2698,201809066455148,PRIN,42,45,441,500,220500.00,2018-09-06 06:45:00.514800
2699,201809066455048,PRIN,42,7,50,500,25000.00,2018-09-06 06:45:00.504800
2700,201809066454990,PRIN,42,53,100,500,50000.00,2018-09-06 06:45:00.499000
2701,201809066455014,PRIN,42,53,150,500,75000.00,2018-09-06 06:45:00.501400
2702,201809066454965,PRIN,25,53,10,500,5000.00,2018-09-06 06:45:00.496500
2703,201809066454966,PRIN,47,53,100,500,50000.00,2018-09-06 06:45:00.496600
2704,201809066454967,PRIN,42,53,40,500,20000.00,2018-09-06 06:45:00.496700
2705,201809066454981,PRIN,42,53,19,500,9500.00,2018-09-06 06:45:00.498100
2706,201809066454662,PRIN,42,53,200,500,100000.00,2018-09-06 06:45:00.466200
2707,201809066454589,PRIN,32,53,21,506,10626.00,2018-09-06 06:45:00.458900
2708,201809066454590,PRIN,14,53,22,506,11132.00,2018-09-06 06:45:00.459000
2709,201809066454591,PRIN,14,53,14,506,7084.00,2018-09-06 06:45:00.459100
2710,201809066454592,PRIN,45,53,43,505,21715.00,2018-09-06 06:45:00.459200
2711,201809066454599,PRIN,7,53,100,505,50500.00,2018-09-06 06:45:00.459900
2712,201809066453729,PRIN,32,35,300,506,151800.00,2018-09-06 06:45:00.372900
2713,201809066453642,PRIN,32,17,371,507,188097.00,2018-09-06 06:45:00.364200
2714,201809066453643,PRIN,32,17,179,506,90574.00,2018-09-06 06:45:00.364300
2715,201809066453507,PRIN,32,53,129,507,65403.00,2018-09-06 06:45:00.350700
2716,201809066453151,PRIN,59,59,357,505,180285.00,2018-09-06 06:45:00.315100
2717,201809066452971,PRIN,42,21,50,515,25750.00,2018-09-06 06:45:00.297100
2718,201809066452921,PRIN,42,10,500,510,255000.00,2018-09-06 06:45:00.292100
2719,201809066452922,PRIN,42,36,200,513,102600.00,2018-09-06 06:45:00.292200
2720,201809066452923,PRIN,42,35,200,513,102600.00,2018-09-06 06:45:00.292300
2721,201809066452924,PRIN,42,17,50,514,25700.00,2018-09-06 06:45:00.292400
2722,201809066452925,PRIN,42,40,200,515,103000.00,2018-09-06 06:45:00.292500
2723,201809066452884,PRIN,32,55,50,507,25350.00,2018-09-06 06:45:00.288400
2724,201809066452885,PRIN,32,35,200,507,101400.00,2018-09-06 06:45:00.288500
2725,201809066452886,PRIN,32,50,500,510,255000.00,2018-09-06 06:45:00.288600
2726,201809066452887,PRIN,32,45,500,510,255000.00,2018-09-06 06:45:00.288700
2727,201809066452888,PRIN,32,7,106,510,54060.00,2018-09-06 06:45:00.288800
2728,201809066452825,PRIN,45,10,50,505,25250.00,2018-09-06 06:45:00.282500
2729,201809066452833,PRIN,45,10,450,505,227250.00,2018-09-06 06:45:00.283300
2730,201809066452794,PRIN,32,10,290,505,146450.00,2018-09-06 06:45:00.279400
2731,201809066452315,PRIN,33,5,11,499,5489.00,2018-09-06 06:45:00.231500
2732,201809066452316,PRIN,33,34,100,500,50000.00,2018-09-06 06:45:00.231600
2733,201809066452317,PRIN,33,53,150,500,75000.00,2018-09-06 06:45:00.231700
2734,201809066452196,PRIN,22,34,300,495,148500.00,2018-09-06 06:45:00.219600
2735,201809066452151,PRIN,32,53,100,500,50000.00,2018-09-06 06:45:00.215100
2736,201809066452164,PRIN,32,10,100,500,50000.00,2018-09-06 06:45:00.216400
2737,201809066452165,PRIN,56,10,50,500,25000.00,2018-09-06 06:45:00.216500
2738,201809066451349,PRIN,7,26,35,510,17850.00,2018-09-06 06:45:00.134900
2739,201809066451350,PRIN,7,22,300,510,153000.00,2018-09-06 06:45:00.135000
2740,201809056450341,PRIN,57,39,34,500,17000.00,2018-09-05 06:45:00.034100
2741,201809056450342,PRIN,25,39,91,500,45500.00,2018-09-05 06:45:00.034200
2742,201809056450269,PRIN,25,34,109,500,54500.00,2018-09-05 06:45:00.026900
2743,201809056450216,PRIN,40,32,200,500,100000.00,2018-09-05 06:45:00.021600
2744,201809056450221,PRIN,57,32,50,500,25000.00,2018-09-05 06:45:00.022100
2745,201809056450224,PRIN,57,39,23,500,11500.00,2018-09-05 06:45:00.022400
2746,201809056450229,PRIN,57,32,50,500,25000.00,2018-09-05 06:45:00.022900
2747,201809056450239,PRIN,57,25,100,500,50000.00,2018-09-05 06:45:00.023900
2748,201809056450089,PRIN,14,22,100,501,50100.00,2018-09-05 06:45:00.008900
2749,201809056450115,PRIN,14,14,100,501,50100.00,2018-09-05 06:45:00.011500
2750,201809056450020,PRIN,40,32,200,502,100400.00,2018-09-05 06:45:00.002000
2751,201809056449589,PRIN,6,52,100,504,50400.00,2018-09-05 06:44:00.958900
2752,201809056448933,PRIN,18,32,100,506,50600.00,2018-09-05 06:44:00.893300
2753,201809056448954,PRIN,18,16,100,507,50700.00,2018-09-05 06:44:00.895400
2754,201809056448955,PRIN,18,35,200,507,101400.00,2018-09-05 06:44:00.895500
2755,201809056448468,PRIN,35,22,300,505,151500.00,2018-09-05 06:44:00.846800
2756,201809056448218,PRIN,32,22,200,505,101000.00,2018-09-05 06:44:00.821800
2757,201809056447715,PRIN,40,32,100,506,50600.00,2018-09-05 06:44:00.771500
2758,201809056447716,PRIN,40,53,70,507,35490.00,2018-09-05 06:44:00.771600
2759,201809056447717,PRIN,40,17,115,507,58305.00,2018-09-05 06:44:00.771700
2760,201809056447718,PRIN,40,58,50,507,25350.00,2018-09-05 06:44:00.771800
2761,201809056447591,PRIN,28,36,100,506,50600.00,2018-09-05 06:44:00.759100
2762,201809056447480,PRIN,41,37,257,500,128500.00,2018-09-05 06:44:00.748000
2763,201809056447405,PRIN,39,34,50,496,24800.00,2018-09-05 06:44:00.740500
2764,201809056447427,PRIN,57,32,200,497,99400.00,2018-09-05 06:44:00.742700
2765,201809056447428,PRIN,57,39,100,497,49700.00,2018-09-05 06:44:00.742800
2766,201809056447438,PRIN,57,58,410,498,204180.00,2018-09-05 06:44:00.743800
2767,201809056447370,PRIN,34,42,1000,495,495000.00,2018-09-05 06:44:00.737000
2768,201809056447323,PRIN,38,43,384,494,189696.00,2018-09-05 06:44:00.732300
2769,201809056447324,PRIN,38,16,400,494,197600.00,2018-09-05 06:44:00.732400
2770,201809056447351,PRIN,34,49,150,495,74250.00,2018-09-05 06:44:00.735100
2771,201809056447352,PRIN,34,41,200,495,99000.00,2018-09-05 06:44:00.735200
2772,201809056447353,PRIN,34,48,119,495,58905.00,2018-09-05 06:44:00.735300
2773,201809056447290,PRIN,38,21,25,494,12350.00,2018-09-05 06:44:00.729000
2774,201809056447233,PRIN,6,32,200,493,98600.00,2018-09-05 06:44:00.723300
2775,201809056447183,PRIN,35,40,300,492,147600.00,2018-09-05 06:44:00.718300
2776,201809056447138,PRIN,38,50,100,490,49000.00,2018-09-05 06:44:00.713800
2777,201809056447139,PRIN,38,28,80,491,39280.00,2018-09-05 06:44:00.713900
2778,201809056447140,PRIN,38,56,100,491,49100.00,2018-09-05 06:44:00.714000
2779,201809056446741,PRIN,38,32,50,486,24300.00,2018-09-05 06:44:00.674100
2780,201809056445909,PRIN,46,50,100,490,49000.00,2018-09-05 06:44:00.590900
2781,201809056445507,PRIN,53,50,200,490,98000.00,2018-09-05 06:44:00.550700
2782,201809056445508,PRIN,32,50,200,489,97800.00,2018-09-05 06:44:00.550800
2783,201809056445023,PRIN,4,42,100,498,49800.00,2018-09-05 06:44:00.502300
2784,201809056445024,PRIN,4,34,100,498,49800.00,2018-09-05 06:44:00.502400
2785,201809056445025,PRIN,4,51,100,498,49800.00,2018-09-05 06:44:00.502500
2786,201809056444902,PRIN,17,38,500,494,247000.00,2018-09-05 06:44:00.490200
2787,201809056444903,PRIN,17,32,50,495,24750.00,2018-09-05 06:44:00.490300
2788,201809056444904,PRIN,17,32,200,495,99000.00,2018-09-05 06:44:00.490400
2789,201809056444905,PRIN,17,53,100,496,49600.00,2018-09-05 06:44:00.490500
2790,201809056444906,PRIN,17,28,200,497,99400.00,2018-09-05 06:44:00.490600
2791,201809056444907,PRIN,17,11,50,497,24850.00,2018-09-05 06:44:00.490700
2792,201809056444908,PRIN,17,49,200,497,99400.00,2018-09-05 06:44:00.490800
2793,201809056444181,PRIN,40,53,30,498,14940.00,2018-09-05 06:44:00.418100
2794,201809056443885,PRIN,43,40,150,489,73350.00,2018-09-05 06:44:00.388500
2795,201809056443098,PRIN,50,32,300,480,144000.00,2018-09-05 06:44:00.309800
2796,201809046437803,PRIN,41,21,50,480,24000.00,2018-09-04 06:43:00.780300
2797,201809046437804,PRIN,29,21,20,480,9600.00,2018-09-04 06:43:00.780400
2798,201809046437805,PRIN,56,21,80,480,38400.00,2018-09-04 06:43:00.780500
2799,201809046438118,PRIN,56,53,20,480,9600.00,2018-09-04 06:43:00.811800
2800,201809046438388,PRIN,55,49,50,476,23800.00,2018-09-04 06:43:00.838800
2801,201809046438834,PRIN,47,42,100,480,48000.00,2018-09-04 06:43:00.883400
2802,201809046439027,PRIN,35,5,10,483,4830.00,2018-09-04 06:43:00.902700
2803,201809046439028,PRIN,35,13,50,483,24150.00,2018-09-04 06:43:00.902800
2804,201809046439344,PRIN,42,42,100,483,48300.00,2018-09-04 06:43:00.934400
2805,201809046439984,PRIN,35,21,20,488,9760.00,2018-09-04 06:43:00.998400
2806,201809046440061,PRIN,35,53,10,489,4890.00,2018-09-04 06:44:00.006100
2807,201809046440131,PRIN,35,40,50,491,24550.00,2018-09-04 06:44:00.013100
2808,201809046440132,PRIN,35,53,108,491,53028.00,2018-09-04 06:44:00.013200
2809,201809046440341,PRIN,35,22,50,488,24400.00,2018-09-04 06:44:00.034100
2810,201809046441296,PRIN,43,33,20,486,9720.00,2018-09-04 06:44:00.129600
2811,201809046441645,PRIN,35,43,100,488,48800.00,2018-09-04 06:44:00.164500
2812,201809046441646,PRIN,35,32,100,489,48900.00,2018-09-04 06:44:00.164600
2813,201809046441752,PRIN,35,25,50,488,24400.00,2018-09-04 06:44:00.175200
2814,201809046442034,PRIN,36,11,120,486,58320.00,2018-09-04 06:44:00.203400
2815,201809046442142,PRIN,36,25,30,486,14580.00,2018-09-04 06:44:00.214200
2816,201809046442143,PRIN,53,25,100,485,48500.00,2018-09-04 06:44:00.214300
2817,201809046442144,PRIN,46,25,500,484,242000.00,2018-09-04 06:44:00.214400
2818,201809036432475,PRIN,36,57,200,488,97600.00,2018-09-03 06:43:00.247500
2819,201809036432476,PRIN,36,38,200,489,97800.00,2018-09-03 06:43:00.247600
2820,201809036432486,PRIN,36,28,100,489,48900.00,2018-09-03 06:43:00.248600
2821,201809036433470,PRIN,45,21,200,485,97000.00,2018-09-03 06:43:00.347000
2822,201809036433571,PRIN,47,35,330,486,160380.00,2018-09-03 06:43:00.357100
2823,201809036434040,PRIN,37,45,100,484,48400.00,2018-09-03 06:43:00.404000
2824,201809036434041,PRIN,59,45,100,484,48400.00,2018-09-03 06:43:00.404100
2825,201809036434097,PRIN,17,53,20,485,9700.00,2018-09-03 06:43:00.409700
2826,201809036434115,PRIN,14,53,20,484,9680.00,2018-09-03 06:43:00.411500
2827,201809036434118,PRIN,50,53,60,484,29040.00,2018-09-03 06:43:00.411800
2828,201809036434129,PRIN,56,45,80,486,38880.00,2018-09-03 06:43:00.412900
2829,201809036434173,PRIN,50,45,120,486,58320.00,2018-09-03 06:43:00.417300
2830,201809036434174,PRIN,50,34,649,487,316063.00,2018-09-03 06:43:00.417400
2831,201809036434215,PRIN,50,39,100,487,48700.00,2018-09-03 06:43:00.421500
2832,201809036434231,PRIN,50,28,140,488,68320.00,2018-09-03 06:43:00.423100
2833,201809036434259,PRIN,51,28,34,488,16592.00,2018-09-03 06:43:00.425900
2834,201809036434279,PRIN,49,49,100,489,48900.00,2018-09-03 06:43:00.427900
2835,201809036434284,PRIN,34,25,150,489,73350.00,2018-09-03 06:43:00.428400
2836,201809036434297,PRIN,34,25,50,490,24500.00,2018-09-03 06:43:00.429700
2837,201809036434298,PRIN,34,53,100,490,49000.00,2018-09-03 06:43:00.429800
2838,201809036434362,PRIN,20,45,50,492,24600.00,2018-09-03 06:43:00.436200
2839,201809036434634,PRIN,50,21,150,490,73500.00,2018-09-03 06:43:00.463400
2840,201809036434635,PRIN,51,21,100,490,49000.00,2018-09-03 06:43:00.463500
2841,201809036434648,PRIN,19,43,13,493,6409.00,2018-09-03 06:43:00.464800
2842,201809036434964,PRIN,50,29,200,488,97600.00,2018-09-03 06:43:00.496400
2843,201809036435005,PRIN,36,48,175,488,85400.00,2018-09-03 06:43:00.500500
2844,201809036435009,PRIN,51,39,50,488,24400.00,2018-09-03 06:43:00.500900
2845,201809036435068,PRIN,51,59,16,488,7808.00,2018-09-03 06:43:00.506800
2846,201809036435069,PRIN,36,59,125,488,61000.00,2018-09-03 06:43:00.506900
2847,201809036435070,PRIN,21,59,100,487,48700.00,2018-09-03 06:43:00.507000
2848,201809036435071,PRIN,28,59,1000,486,486000.00,2018-09-03 06:43:00.507100
2849,201809036435072,PRIN,50,59,300,485,145500.00,2018-09-03 06:43:00.507200
2850,201809036435073,PRIN,50,59,959,485,465115.00,2018-09-03 06:43:00.507300
2851,201809036435113,PRIN,41,47,50,490,24500.00,2018-09-03 06:43:00.511300
2852,201809036435265,PRIN,50,6,41,485,19885.00,2018-09-03 06:43:00.526500
2853,201809036435266,PRIN,34,6,59,485,28615.00,2018-09-03 06:43:00.526600
2854,201809036435730,PRIN,34,13,38,485,18430.00,2018-09-03 06:43:00.573000
2855,201809036435913,PRIN,34,42,200,481,96200.00,2018-09-03 06:43:00.591300
2856,201809036435975,PRIN,17,20,98,480,47040.00,2018-09-03 06:43:00.597500
2857,201809036436156,PRIN,33,42,100,481,48100.00,2018-09-03 06:43:00.615600
2858,201809036436403,PRIN,53,40,100,485,48500.00,2018-09-03 06:43:00.640300
2859,201809036436709,PRIN,1,32,215,487,104705.00,2018-09-03 06:43:00.670900
2860,201809036436710,PRIN,1,56,100,487,48700.00,2018-09-03 06:43:00.671000
2861,201809036436723,PRIN,1,59,50,489,24450.00,2018-09-03 06:43:00.672300
2862,201809036436807,PRIN,53,6,56,485,27160.00,2018-09-03 06:43:00.680700
2863,201809036436854,PRIN,53,28,44,485,21340.00,2018-09-03 06:43:00.685400
2864,201809036436929,PRIN,44,32,100,484,48400.00,2018-09-03 06:43:00.692900
2865,201809036436932,PRIN,53,28,56,485,27160.00,2018-09-03 06:43:00.693200
2866,201809036436934,PRIN,34,29,100,483,48300.00,2018-09-03 06:43:00.693400
2867,201809026431114,PRIN,39,58,49,480,23520.00,2018-09-02 06:43:00.111400
2868,201809026431115,PRIN,39,57,100,484,48400.00,2018-09-02 06:43:00.111500
2869,201809026431116,PRIN,39,34,51,484,24684.00,2018-09-02 06:43:00.111600
2870,201809026431019,PRIN,57,51,200,476,95200.00,2018-09-02 06:43:00.101900
2871,201809026431020,PRIN,1,51,100,475,47500.00,2018-09-02 06:43:00.102000
2872,201809026431021,PRIN,1,51,117,475,55575.00,2018-09-02 06:43:00.102100
2873,201809026430945,PRIN,51,38,482,478,230396.00,2018-09-02 06:43:00.094500
2874,201809026430891,PRIN,16,6,100,479,47900.00,2018-09-02 06:43:00.089100
2875,201809026430892,PRIN,16,34,59,480,28320.00,2018-09-02 06:43:00.089200
2876,201809026430893,PRIN,16,58,241,480,115680.00,2018-09-02 06:43:00.089300
2877,201809026430635,PRIN,51,57,50,477,23850.00,2018-09-02 06:43:00.063500
2878,201809026430560,PRIN,21,58,10,480,4800.00,2018-09-02 06:43:00.056000
2879,201809026430440,PRIN,32,34,41,480,19680.00,2018-09-02 06:43:00.044000
2880,201809026430428,PRIN,32,33,59,480,28320.00,2018-09-02 06:43:00.042800
2881,201809026430411,PRIN,51,52,94,477,44838.00,2018-09-02 06:43:00.041100
2882,201809026430362,PRIN,51,28,50,477,23850.00,2018-09-02 06:43:00.036200
2883,201809026429220,PRIN,47,28,50,477,23850.00,2018-09-02 06:42:00.922000
2884,201809026429208,PRIN,14,5,200,477,95400.00,2018-09-02 06:42:00.920800
2885,201809026429094,PRIN,16,39,37,480,17760.00,2018-09-02 06:42:00.909400
2886,201809026428789,PRIN,37,39,17,483,8211.00,2018-09-02 06:42:00.878900
2887,201809026428790,PRIN,37,28,140,483,67620.00,2018-09-02 06:42:00.879000
2888,201809026428791,PRIN,37,13,100,483,48300.00,2018-09-02 06:42:00.879100
2889,201809026428775,PRIN,16,54,13,480,6240.00,2018-09-02 06:42:00.877500
2890,201809026428776,PRIN,16,42,150,480,72000.00,2018-09-02 06:42:00.877600
2891,201809026428777,PRIN,16,42,200,480,96000.00,2018-09-02 06:42:00.877700
2892,201809026428472,PRIN,52,40,300,478,143400.00,2018-09-02 06:42:00.847200
2893,201809026428123,PRIN,35,48,33,474,15642.00,2018-09-02 06:42:00.812300
2894,201808306426774,PRIN,46,45,20,474,9480.00,2018-08-30 06:42:00.677400
2895,201808306426775,PRIN,21,45,30,474,14220.00,2018-08-30 06:42:00.677500
2896,201808306426635,PRIN,46,34,80,474,37920.00,2018-08-30 06:42:00.663500
2897,201808306426543,PRIN,41,39,200,474,94800.00,2018-08-30 06:42:00.654300
2898,201808306425492,PRIN,42,34,10,480,4800.00,2018-08-30 06:42:00.549200
2899,201808306425407,PRIN,22,42,98,475,46550.00,2018-08-30 06:42:00.540700
2900,201808306424719,PRIN,25,42,50,475,23750.00,2018-08-30 06:42:00.471900
2901,201808306424590,PRIN,14,32,200,479,95800.00,2018-08-30 06:42:00.459000
2902,201808306424575,PRIN,42,34,10,480,4800.00,2018-08-30 06:42:00.457500
2903,201808306424519,PRIN,40,51,23,471,10833.00,2018-08-30 06:42:00.451900
2904,201808306424475,PRIN,45,52,250,469,117250.00,2018-08-30 06:42:00.447500
2905,201808306424476,PRIN,45,59,1000,470,470000.00,2018-08-30 06:42:00.447600
2906,201808296423521,PRIN,46,52,125,471,58875.00,2018-08-29 06:42:00.352100
2907,201808296423522,PRIN,41,52,75,471,35325.00,2018-08-29 06:42:00.352200
2908,201808296423527,PRIN,41,48,25,471,11775.00,2018-08-29 06:42:00.352700
2909,201808296423275,PRIN,37,52,60,472,28320.00,2018-08-29 06:42:00.327500
2910,201808296423276,PRIN,46,52,40,471,18840.00,2018-08-29 06:42:00.327600
2911,201808296423163,PRIN,34,38,65,472,30680.00,2018-08-29 06:42:00.316300
2912,201808296423164,PRIN,6,38,100,471,47100.00,2018-08-29 06:42:00.316400
2913,201808296423165,PRIN,46,38,335,471,157785.00,2018-08-29 06:42:00.316500
2914,201808296422824,PRIN,28,19,100,472,47200.00,2018-08-29 06:42:00.282400
2915,201808296422828,PRIN,28,44,229,472,108088.00,2018-08-29 06:42:00.282800
2916,201808296422829,PRIN,29,44,21,472,9912.00,2018-08-29 06:42:00.282900
2917,201808296422496,PRIN,28,26,100,472,47200.00,2018-08-29 06:42:00.249600
2918,201808296422019,PRIN,49,49,339,474,160686.00,2018-08-29 06:42:00.201900
2919,201808296421956,PRIN,58,57,100,473,47300.00,2018-08-29 06:42:00.195600
2920,201808296421819,PRIN,34,33,109,473,51557.00,2018-08-29 06:42:00.181900
2921,201808296421820,PRIN,46,33,500,473,236500.00,2018-08-29 06:42:00.182000
2922,201808296421821,PRIN,6,33,100,472,47200.00,2018-08-29 06:42:00.182100
2923,201808296421822,PRIN,28,33,771,472,363912.00,2018-08-29 06:42:00.182200
2924,201808296421762,PRIN,35,39,20,475,9500.00,2018-08-29 06:42:00.176200
2925,201808296421763,PRIN,34,39,191,473,90343.00,2018-08-29 06:42:00.176300
2926,201808296421747,PRIN,20,39,50,476,23800.00,2018-08-29 06:42:00.174700
2927,201808286419730,PRIN,35,52,200,476,95200.00,2018-08-28 06:41:00.973000
2928,201808286419528,PRIN,47,59,41,475,19475.00,2018-08-28 06:41:00.952800
2929,201808286419471,PRIN,26,59,259,475,123025.00,2018-08-28 06:41:00.947100
2930,201808286419472,PRIN,59,59,300,475,142500.00,2018-08-28 06:41:00.947200
2931,201808286419428,PRIN,26,58,291,475,138225.00,2018-08-28 06:41:00.942800
2932,201808286418889,PRIN,48,51,82,473,38786.00,2018-08-28 06:41:00.888900
2933,201808286418890,PRIN,45,51,114,472,53808.00,2018-08-28 06:41:00.889000
2934,201808286418891,PRIN,38,51,64,472,30208.00,2018-08-28 06:41:00.889100
2935,201808286418855,PRIN,42,49,82,474,38868.00,2018-08-28 06:41:00.885500
2936,201808286418856,PRIN,48,49,18,473,8514.00,2018-08-28 06:41:00.885600
2937,201808286418768,PRIN,17,59,400,475,190000.00,2018-08-28 06:41:00.876800
2938,201808286418425,PRIN,42,59,100,475,47500.00,2018-08-28 06:41:00.842500
2939,201808286418239,PRIN,48,37,262,475,124450.00,2018-08-28 06:41:00.823900
2940,201808286418240,PRIN,42,37,168,474,79632.00,2018-08-28 06:41:00.824000
2941,201808286418187,PRIN,48,58,238,474,112812.00,2018-08-28 06:41:00.818700
2942,201808286418188,PRIN,48,59,500,475,237500.00,2018-08-28 06:41:00.818800
2943,201808286417982,PRIN,32,20,100,473,47300.00,2018-08-28 06:41:00.798200
2944,201808286417983,PRIN,45,20,496,472,234112.00,2018-08-28 06:41:00.798300
2945,201808286417753,PRIN,59,59,200,475,95000.00,2018-08-28 06:41:00.775300
2946,201808286417634,PRIN,17,59,439,477,209403.00,2018-08-28 06:41:00.763400
2947,201808286417594,PRIN,6,59,700,475,332500.00,2018-08-28 06:41:00.759400
2948,201808286417558,PRIN,42,59,61,478,29158.00,2018-08-28 06:41:00.755800
2949,201808286417394,PRIN,42,52,19,478,9082.00,2018-08-28 06:41:00.739400
2950,201808266416966,PRIN,34,28,90,484,43560.00,2018-08-26 06:41:00.696600
2951,201808266416899,PRIN,34,55,100,482,48200.00,2018-08-26 06:41:00.689900
2952,201808266416703,PRIN,34,21,20,478,9560.00,2018-08-26 06:41:00.670300
2953,201808266416704,PRIN,34,21,80,478,38240.00,2018-08-26 06:41:00.670400
2954,201808266416705,PRIN,34,58,200,478,95600.00,2018-08-26 06:41:00.670500
2955,201808266416706,PRIN,34,1,10,480,4800.00,2018-08-26 06:41:00.670600
2956,201808266416428,PRIN,57,37,400,475,190000.00,2018-08-26 06:41:00.642800
2957,201808266416416,PRIN,57,47,363,474,172062.00,2018-08-26 06:41:00.641600
2958,201808266416279,PRIN,43,52,50,474,23700.00,2018-08-26 06:41:00.627900
2959,201808266416090,PRIN,57,48,238,473,112574.00,2018-08-26 06:41:00.609000
2960,201808266415904,PRIN,6,52,20,474,9480.00,2018-08-26 06:41:00.590400
2961,201808266415905,PRIN,25,52,100,473,47300.00,2018-08-26 06:41:00.590500
2962,201808266414948,PRIN,45,35,119,475,56525.00,2018-08-26 06:41:00.494800
2963,201808236414402,PRIN,1,52,100,478,47800.00,2018-08-23 06:41:00.440200
2964,201808236414403,PRIN,25,52,200,478,95600.00,2018-08-23 06:41:00.440300
2965,201808236414288,PRIN,21,28,20,479,9580.00,2018-08-23 06:41:00.428800
2966,201808236414235,PRIN,37,28,30,479,14370.00,2018-08-23 06:41:00.423500
2967,201808236414236,PRIN,21,28,36,479,17244.00,2018-08-23 06:41:00.423600
2968,201808236414198,PRIN,21,45,64,479,30656.00,2018-08-23 06:41:00.419800
2969,201808236413944,PRIN,17,29,400,480,192000.00,2018-08-23 06:41:00.394400
2970,201808236413945,PRIN,17,33,35,480,16800.00,2018-08-23 06:41:00.394500
2971,201808236413803,PRIN,55,44,86,479,41194.00,2018-08-23 06:41:00.380300
2972,201808236413708,PRIN,21,44,12,479,5748.00,2018-08-23 06:41:00.370800
2973,201808236413709,PRIN,39,44,1372,478,655816.00,2018-08-23 06:41:00.370900
2974,201808236413710,PRIN,39,44,300,478,143400.00,2018-08-23 06:41:00.371000
2975,201808236413676,PRIN,21,42,18,479,8622.00,2018-08-23 06:41:00.367600
2976,201808236413201,PRIN,17,29,50,480,24000.00,2018-08-23 06:41:00.320100
2977,201808236412792,PRIN,41,11,10,477,4770.00,2018-08-23 06:41:00.279200
2978,201808236412665,PRIN,22,29,50,480,24000.00,2018-08-23 06:41:00.266500
2979,201808236412605,PRIN,39,16,628,477,299556.00,2018-08-23 06:41:00.260500
2980,201808236412331,PRIN,26,33,10,482,4820.00,2018-08-23 06:41:00.233100
2981,201808236412256,PRIN,17,47,165,479,79035.00,2018-08-23 06:41:00.225600
2982,201808236412257,PRIN,17,21,200,480,96000.00,2018-08-23 06:41:00.225700
2983,201808236411723,PRIN,48,47,73,475,34675.00,2018-08-23 06:41:00.172300
2984,201808236411717,PRIN,48,33,800,475,380000.00,2018-08-23 06:41:00.171700
2985,201808236411638,PRIN,48,10,100,475,47500.00,2018-08-23 06:41:00.163800
2986,201808236411517,PRIN,48,21,27,475,12825.00,2018-08-23 06:41:00.151700
2987,201808236411312,PRIN,6,33,160,475,76000.00,2018-08-23 06:41:00.131200
2988,201808236411313,PRIN,11,33,500,475,237500.00,2018-08-23 06:41:00.131300
2989,201808236411140,PRIN,28,28,50,484,24200.00,2018-08-23 06:41:00.114000
2990,201808226410732,PRIN,58,59,300,475,142500.00,2018-08-22 06:41:00.073200
2991,201808226410737,PRIN,58,59,50,475,23750.00,2018-08-22 06:41:00.073700
2992,201808226410749,PRIN,39,59,82,475,38950.00,2018-08-22 06:41:00.074900
2993,201808226410706,PRIN,49,59,10,480,4800.00,2018-08-22 06:41:00.070600
2994,201808226410707,PRIN,56,59,50,475,23750.00,2018-08-22 06:41:00.070700
2995,201808226410708,PRIN,5,59,50,475,23750.00,2018-08-22 06:41:00.070800
2996,201808226410709,PRIN,36,59,50,475,23750.00,2018-08-22 06:41:00.070900
2997,201808226410710,PRIN,56,59,100,475,47500.00,2018-08-22 06:41:00.071000
2998,201808226410711,PRIN,59,59,200,475,95000.00,2018-08-22 06:41:00.071100
2999,201808226410678,PRIN,39,19,129,479,61791.00,2018-08-22 06:41:00.067800
3000,201808226410478,PRIN,25,59,50,475,23750.00,2018-08-22 06:41:00.047800
3001,201808226410479,PRIN,28,59,500,475,237500.00,2018-08-22 06:41:00.047900
3002,201808226410413,PRIN,44,19,100,476,47600.00,2018-08-22 06:41:00.041300
3003,201808226410414,PRIN,52,19,30,475,14250.00,2018-08-22 06:41:00.041400
3004,201808226410415,PRIN,19,19,29,475,13775.00,2018-08-22 06:41:00.041500
3005,201808226410426,PRIN,19,19,71,475,33725.00,2018-08-22 06:41:00.042600
3006,201808226410365,PRIN,26,59,550,477,262350.00,2018-08-22 06:41:00.036500
3007,201808226410366,PRIN,47,59,100,475,47500.00,2018-08-22 06:41:00.036600
3008,201808226410367,PRIN,43,59,100,475,47500.00,2018-08-22 06:41:00.036700
3009,201808226410368,PRIN,48,59,200,475,95000.00,2018-08-22 06:41:00.036800
3010,201808226410369,PRIN,54,59,80,475,38000.00,2018-08-22 06:41:00.036900
3011,201808226410370,PRIN,52,59,70,475,33250.00,2018-08-22 06:41:00.037000
3012,201808226410340,PRIN,26,17,150,477,71550.00,2018-08-22 06:41:00.034000
3013,201808226410160,PRIN,35,59,137,476,65212.00,2018-08-22 06:41:00.016000
3014,201808226410161,PRIN,1,59,100,475,47500.00,2018-08-22 06:41:00.016100
3015,201808226410162,PRIN,39,59,30,475,14250.00,2018-08-22 06:41:00.016200
3016,201808226410163,PRIN,42,59,20,475,9500.00,2018-08-22 06:41:00.016300
3017,201808226410164,PRIN,52,59,100,475,47500.00,2018-08-22 06:41:00.016400
3018,201808226410165,PRIN,34,59,100,475,47500.00,2018-08-22 06:41:00.016500
3019,201808226410166,PRIN,52,59,100,475,47500.00,2018-08-22 06:41:00.016600
3020,201808226410129,PRIN,17,59,200,478,95600.00,2018-08-22 06:41:00.012900
3021,201808226410131,PRIN,17,28,137,479,65623.00,2018-08-22 06:41:00.013100
3022,201808226409817,PRIN,57,59,100,476,47600.00,2018-08-22 06:40:00.981700
3023,201808226409818,PRIN,57,59,100,476,47600.00,2018-08-22 06:40:00.981800
3024,201808226409819,PRIN,40,59,20,475,9500.00,2018-08-22 06:40:00.981900
3025,201808226409820,PRIN,21,59,100,475,47500.00,2018-08-22 06:40:00.982000
3026,201808226409821,PRIN,43,59,100,475,47500.00,2018-08-22 06:40:00.982100
3027,201808226409822,PRIN,57,59,15,475,7125.00,2018-08-22 06:40:00.982200
3028,201808226409706,PRIN,57,28,50,479,23950.00,2018-08-22 06:40:00.970600
3029,201808226409616,PRIN,50,59,70,477,33390.00,2018-08-22 06:40:00.961600
3030,201808226409617,PRIN,52,59,200,476,95200.00,2018-08-22 06:40:00.961700
3031,201808226409618,PRIN,40,59,30,475,14250.00,2018-08-22 06:40:00.961800
3032,201808226409619,PRIN,21,59,20,475,9500.00,2018-08-22 06:40:00.961900
3033,201808226409620,PRIN,32,59,100,475,47500.00,2018-08-22 06:40:00.962000
3034,201808226409621,PRIN,47,59,200,475,95000.00,2018-08-22 06:40:00.962100
3035,201808226409601,PRIN,50,26,30,477,14310.00,2018-08-22 06:40:00.960100
3036,201808226409589,PRIN,43,28,50,479,23950.00,2018-08-22 06:40:00.958900
3037,201808226409313,PRIN,41,59,10,477,4770.00,2018-08-22 06:40:00.931300
3038,201808226409314,PRIN,51,59,100,477,47700.00,2018-08-22 06:40:00.931400
3039,201808226409315,PRIN,41,59,50,477,23850.00,2018-08-22 06:40:00.931500
3040,201808226409316,PRIN,25,59,150,477,71550.00,2018-08-22 06:40:00.931600
3041,201808226409317,PRIN,56,59,40,477,19080.00,2018-08-22 06:40:00.931700
3042,201808226409318,PRIN,19,59,100,476,47600.00,2018-08-22 06:40:00.931800
3043,201808226409319,PRIN,22,59,200,476,95200.00,2018-08-22 06:40:00.931900
3044,201808226409320,PRIN,22,59,500,476,238000.00,2018-08-22 06:40:00.932000
3045,201808226409321,PRIN,42,59,100,476,47600.00,2018-08-22 06:40:00.932100
3046,201808226409322,PRIN,29,59,250,475,118750.00,2018-08-22 06:40:00.932200
3047,201808226409323,PRIN,44,59,208,475,98800.00,2018-08-22 06:40:00.932300
3048,201808226409324,PRIN,25,59,30,475,14250.00,2018-08-22 06:40:00.932400
3049,201808226409300,PRIN,53,28,20,478,9560.00,2018-08-22 06:40:00.930000
3050,201808226409301,PRIN,57,28,100,478,47800.00,2018-08-22 06:40:00.930100
3051,201808226409252,PRIN,21,59,100,480,48000.00,2018-08-22 06:40:00.925200
3052,201808226409253,PRIN,32,59,400,480,192000.00,2018-08-22 06:40:00.925300
3053,201808226409195,PRIN,34,59,500,480,240000.00,2018-08-22 06:40:00.919500
3054,201808226409081,PRIN,34,59,200,480,96000.00,2018-08-22 06:40:00.908100
3055,201808226408856,PRIN,57,59,1100,477,524700.00,2018-08-22 06:40:00.885600
3056,201808226408676,PRIN,52,40,10,479,4790.00,2018-08-22 06:40:00.867600
3057,201808226408677,PRIN,52,51,50,480,24000.00,2018-08-22 06:40:00.867700
3058,201808226408424,PRIN,25,28,100,476,47600.00,2018-08-22 06:40:00.842400
3059,201808226408425,PRIN,51,28,80,476,38080.00,2018-08-22 06:40:00.842500
3060,201808226408417,PRIN,57,28,100,478,47800.00,2018-08-22 06:40:00.841700
3061,201808226408418,PRIN,56,28,50,477,23850.00,2018-08-22 06:40:00.841800
3062,201808216408231,PRIN,38,45,660,484,319440.00,2018-08-21 06:40:00.823100
3063,201808216408232,PRIN,38,22,400,485,194000.00,2018-08-21 06:40:00.823200
3064,201808216408156,PRIN,38,44,200,482,96400.00,2018-08-21 06:40:00.815600
3065,201808216407957,PRIN,38,14,100,482,48200.00,2018-08-21 06:40:00.795700
3066,201808216407591,PRIN,43,59,290,480,139200.00,2018-08-21 06:40:00.759100
3067,201808216407556,PRIN,32,59,60,480,28800.00,2018-08-21 06:40:00.755600
3068,201808216407557,PRIN,32,59,100,480,48000.00,2018-08-21 06:40:00.755700
3069,201808216407558,PRIN,51,59,50,480,24000.00,2018-08-21 06:40:00.755800
3070,201808216407533,PRIN,32,59,40,480,19200.00,2018-08-21 06:40:00.753300
3071,201808216407465,PRIN,41,59,20,481,9620.00,2018-08-21 06:40:00.746500
3072,201808216407466,PRIN,58,59,40,480,19200.00,2018-08-21 06:40:00.746600
3073,201808216407467,PRIN,1,59,300,480,144000.00,2018-08-21 06:40:00.746700
3074,201808216407468,PRIN,21,59,100,480,48000.00,2018-08-21 06:40:00.746800
3075,201808216407341,PRIN,14,42,100,482,48200.00,2018-08-21 06:40:00.734100
3076,201808216407342,PRIN,59,42,200,482,96400.00,2018-08-21 06:40:00.734200
3077,201808216407343,PRIN,57,42,200,481,96200.00,2018-08-21 06:40:00.734300
3078,201808216407344,PRIN,21,42,30,481,14430.00,2018-08-21 06:40:00.734400
3079,201808216407345,PRIN,34,42,500,481,240500.00,2018-08-21 06:40:00.734500
3080,201808216407346,PRIN,52,42,500,481,240500.00,2018-08-21 06:40:00.734600
3081,201808216407347,PRIN,32,42,100,480,48000.00,2018-08-21 06:40:00.734700
3082,201808216407348,PRIN,58,42,370,480,177600.00,2018-08-21 06:40:00.734800
3083,201808216406787,PRIN,42,59,500,482,241000.00,2018-08-21 06:40:00.678700
3084,201808216406659,PRIN,48,59,200,482,96400.00,2018-08-21 06:40:00.665900
3085,201808216406641,PRIN,4,59,5000,480,2400000.00,2018-08-21 06:40:00.664100
3086,201808216406400,PRIN,6,59,50,480,24000.00,2018-08-21 06:40:00.640000
3087,201808216406412,PRIN,50,59,80,480,38400.00,2018-08-21 06:40:00.641200
3088,201808216406384,PRIN,6,59,20,481,9620.00,2018-08-21 06:40:00.638400
3089,201808216406385,PRIN,40,59,200,481,96200.00,2018-08-21 06:40:00.638500
3090,201808216406386,PRIN,52,59,50,480,24000.00,2018-08-21 06:40:00.638600
3091,201808216406387,PRIN,21,59,100,480,48000.00,2018-08-21 06:40:00.638700
3092,201808216406388,PRIN,34,59,300,480,144000.00,2018-08-21 06:40:00.638800
3093,201808216406182,PRIN,28,59,500,482,241000.00,2018-08-21 06:40:00.618200
3094,201808216406169,PRIN,18,59,100,481,48100.00,2018-08-21 06:40:00.616900
3095,201808216406170,PRIN,33,59,200,481,96200.00,2018-08-21 06:40:00.617000
3096,201808216406171,PRIN,39,59,100,480,48000.00,2018-08-21 06:40:00.617100
3097,201808216406172,PRIN,48,59,1000,480,480000.00,2018-08-21 06:40:00.617200
3098,201808216406178,PRIN,52,59,50,480,24000.00,2018-08-21 06:40:00.617800
3099,201808216406179,PRIN,52,59,50,480,24000.00,2018-08-21 06:40:00.617900
3100,201808216406151,PRIN,52,33,29,491,14239.00,2018-08-21 06:40:00.615100
3101,201808216406157,PRIN,25,59,100,484,48400.00,2018-08-21 06:40:00.615700
3102,201808216406158,PRIN,52,59,200,483,96600.00,2018-08-21 06:40:00.615800
3103,201808216406159,PRIN,32,59,100,482,48200.00,2018-08-21 06:40:00.615900
3104,201808216406160,PRIN,32,59,100,482,48200.00,2018-08-21 06:40:00.616000
3105,201808216406116,PRIN,25,57,100,489,48900.00,2018-08-21 06:40:00.611600
3106,201808216406117,PRIN,25,28,10,489,4890.00,2018-08-21 06:40:00.611700
3107,201808216406118,PRIN,25,50,430,490,210700.00,2018-08-21 06:40:00.611800
3108,201808216405944,PRIN,52,48,200,488,97600.00,2018-08-21 06:40:00.594400
3109,201808216405925,PRIN,52,32,51,487,24837.00,2018-08-21 06:40:00.592500
3110,201808216405753,PRIN,5,20,117,487,56979.00,2018-08-21 06:40:00.575300
3111,201808216405696,PRIN,52,20,43,487,20941.00,2018-08-21 06:40:00.569600
3112,201808216405607,PRIN,52,32,49,488,23912.00,2018-08-21 06:40:00.560700
3113,201808216405591,PRIN,52,39,10,489,4890.00,2018-08-21 06:40:00.559100
3114,201808216405592,PRIN,52,28,40,489,19560.00,2018-08-21 06:40:00.559200
3115,201808216405572,PRIN,52,48,151,488,73688.00,2018-08-21 06:40:00.557200
3116,201808216405183,PRIN,43,26,13,480,6240.00,2018-08-21 06:40:00.518300
3117,201808216405175,PRIN,39,26,50,475,23750.00,2018-08-21 06:40:00.517500
3118,201808216405176,PRIN,17,26,115,475,54625.00,2018-08-21 06:40:00.517600
3119,201808206405084,PRIN,50,58,130,481,62530.00,2018-08-20 06:40:00.508400
3120,201808206404928,PRIN,34,29,50,482,24100.00,2018-08-20 06:40:00.492800
3121,201808206404929,PRIN,22,29,100,481,48100.00,2018-08-20 06:40:00.492900
3122,201808206404930,PRIN,50,29,300,481,144300.00,2018-08-20 06:40:00.493000
3123,201808206404588,PRIN,48,29,40,485,19400.00,2018-08-20 06:40:00.458800
3124,201808206404589,PRIN,25,29,100,485,48500.00,2018-08-20 06:40:00.458900
3125,201808206404590,PRIN,21,29,50,485,24250.00,2018-08-20 06:40:00.459000
3126,201808206404591,PRIN,33,29,50,485,24250.00,2018-08-20 06:40:00.459100
3127,201808206404592,PRIN,19,29,100,484,48400.00,2018-08-20 06:40:00.459200
3128,201808206404593,PRIN,59,29,300,483,144900.00,2018-08-20 06:40:00.459300
3129,201808206404594,PRIN,35,29,200,482,96400.00,2018-08-20 06:40:00.459400
3130,201808206404595,PRIN,57,29,50,482,24100.00,2018-08-20 06:40:00.459500
3131,201808206404596,PRIN,34,29,50,481,24050.00,2018-08-20 06:40:00.459600
3132,201808206404597,PRIN,59,29,200,481,96200.00,2018-08-20 06:40:00.459700
3133,201808206404598,PRIN,19,29,200,481,96200.00,2018-08-20 06:40:00.459800
3134,201808206404309,PRIN,34,58,20,490,9800.00,2018-08-20 06:40:00.430900
3135,201808206404213,PRIN,48,52,10,485,4850.00,2018-08-20 06:40:00.421300
3136,201808206404122,PRIN,40,41,7,488,3416.00,2018-08-20 06:40:00.412200
3137,201808206403670,PRIN,41,41,100,485,48500.00,2018-08-20 06:40:00.367000
3138,201808206403631,PRIN,21,58,100,490,49000.00,2018-08-20 06:40:00.363100
3139,201808206403475,PRIN,21,29,40,487,19480.00,2018-08-20 06:40:00.347500
3140,201808206403476,PRIN,19,29,250,487,121750.00,2018-08-20 06:40:00.347600
3141,201808206403477,PRIN,53,29,200,486,97200.00,2018-08-20 06:40:00.347700
3142,201808206403478,PRIN,47,29,50,486,24300.00,2018-08-20 06:40:00.347800
3143,201808206402236,PRIN,22,58,50,490,24500.00,2018-08-20 06:40:00.223600
3144,201808206401917,PRIN,14,22,50,490,24500.00,2018-08-20 06:40:00.191700
3145,201808196401298,PRIN,34,45,181,486,87966.00,2018-08-19 06:40:00.129800
3146,201808196401299,PRIN,41,45,19,486,9234.00,2018-08-19 06:40:00.129900
3147,201808196401194,PRIN,37,45,100,488,48800.00,2018-08-19 06:40:00.119400
3148,201808196401195,PRIN,39,45,50,488,24400.00,2018-08-19 06:40:00.119500
3149,201808196401196,PRIN,42,45,100,487,48700.00,2018-08-19 06:40:00.119600
3150,201808196401067,PRIN,37,6,45,490,22050.00,2018-08-19 06:40:00.106700
3151,201808196401035,PRIN,28,6,100,490,49000.00,2018-08-19 06:40:00.103500
3152,201808196400818,PRIN,34,6,19,486,9234.00,2018-08-19 06:40:00.081800
3153,201808196400690,PRIN,7,6,100,490,49000.00,2018-08-19 06:40:00.069000
3154,201808196400621,PRIN,34,45,100,490,49000.00,2018-08-19 06:40:00.062100
3155,201808196400268,PRIN,6,28,57,492,28044.00,2018-08-19 06:40:00.026800
3156,201808196400269,PRIN,41,28,100,492,49200.00,2018-08-19 06:40:00.026900
3157,201808196400270,PRIN,28,28,100,492,49200.00,2018-08-19 06:40:00.027000
3158,201808196400271,PRIN,43,28,200,491,98200.00,2018-08-19 06:40:00.027100
3159,201808196400272,PRIN,58,28,493,491,242063.00,2018-08-19 06:40:00.027200
3160,201808196400254,PRIN,41,49,50,494,24700.00,2018-08-19 06:40:00.025400
3161,201808196400255,PRIN,43,49,30,493,14790.00,2018-08-19 06:40:00.025500
3162,201808196400256,PRIN,6,49,300,493,147900.00,2018-08-19 06:40:00.025600
3163,201808196400257,PRIN,6,49,143,492,70356.00,2018-08-19 06:40:00.025700
3164,201808196398615,PRIN,42,6,100,501,50100.00,2018-08-19 06:39:00.861500
3165,201808166397051,PRIN,28,28,21,503,10563.00,2018-08-16 06:39:00.705100
3166,201808166397052,PRIN,10,28,100,502,50200.00,2018-08-16 06:39:00.705200
3167,201808166397053,PRIN,47,28,100,502,50200.00,2018-08-16 06:39:00.705300
3168,201808166397054,PRIN,16,28,100,502,50200.00,2018-08-16 06:39:00.705400
3169,201808166397055,PRIN,39,28,100,502,50200.00,2018-08-16 06:39:00.705500
3170,201808166397056,PRIN,16,28,79,501,39579.00,2018-08-16 06:39:00.705600
3171,201808166396976,PRIN,47,28,21,505,10605.00,2018-08-16 06:39:00.697600
3172,201808166396977,PRIN,57,28,50,504,25200.00,2018-08-16 06:39:00.697700
3173,201808166396978,PRIN,56,28,400,503,201200.00,2018-08-16 06:39:00.697800
3174,201808166396979,PRIN,28,28,29,503,14587.00,2018-08-16 06:39:00.697900
3175,201808166396552,PRIN,47,37,30,505,15150.00,2018-08-16 06:39:00.655200
3176,201808166396553,PRIN,47,37,29,505,14645.00,2018-08-16 06:39:00.655300
3177,201808166396519,PRIN,47,16,50,505,25250.00,2018-08-16 06:39:00.651900
3178,201808166396160,PRIN,38,17,185,506,93610.00,2018-08-16 06:39:00.616000
3179,201808166396174,PRIN,38,32,268,506,135608.00,2018-08-16 06:39:00.617400
3180,201808166395995,PRIN,22,53,193,507,97851.00,2018-08-16 06:39:00.599500
3181,201808166395996,PRIN,38,53,47,506,23782.00,2018-08-16 06:39:00.599600
3182,201808166395966,PRIN,17,32,93,508,47244.00,2018-08-16 06:39:00.596600
3183,201808166395967,PRIN,40,32,100,507,50700.00,2018-08-16 06:39:00.596700
3184,201808166395968,PRIN,22,32,307,507,155649.00,2018-08-16 06:39:00.596800
3185,201808166395902,PRIN,47,45,50,509,25450.00,2018-08-16 06:39:00.590200
3186,201808166395917,PRIN,17,28,100,508,50800.00,2018-08-16 06:39:00.591700
3187,201808166395874,PRIN,59,50,100,510,51000.00,2018-08-16 06:39:00.587400
3188,201808166395825,PRIN,53,48,100,510,51000.00,2018-08-16 06:39:00.582500
3189,201808166395772,PRIN,49,39,100,510,51000.00,2018-08-16 06:39:00.577200
3190,201808166395697,PRIN,22,32,50,511,25550.00,2018-08-16 06:39:00.569700
3191,201808166395524,PRIN,25,59,100,510,51000.00,2018-08-16 06:39:00.552400
3192,201808166395471,PRIN,55,59,50,510,25500.00,2018-08-16 06:39:00.547100
3193,201808166395380,PRIN,26,59,50,510,25500.00,2018-08-16 06:39:00.538000
3194,201808166394966,PRIN,53,38,161,510,82110.00,2018-08-16 06:39:00.496600
3195,201808166394743,PRIN,51,38,59,510,30090.00,2018-08-16 06:39:00.474300
3196,201808166394744,PRIN,51,38,41,510,20910.00,2018-08-16 06:39:00.474400
3197,201808166394532,PRIN,17,38,107,508,54356.00,2018-08-16 06:39:00.453200
3198,201808166393904,PRIN,14,28,10,510,5100.00,2018-08-16 06:39:00.390400
3199,201808166393905,PRIN,14,28,30,510,15300.00,2018-08-16 06:39:00.390500
3200,201808166393906,PRIN,14,28,200,510,102000.00,2018-08-16 06:39:00.390600
3201,201808166393820,PRIN,49,36,523,510,266730.00,2018-08-16 06:39:00.382000
3202,201808166393759,PRIN,53,36,35,505,17675.00,2018-08-16 06:39:00.375900
3203,201808166393760,PRIN,55,36,20,505,10100.00,2018-08-16 06:39:00.376000
3204,201808166393761,PRIN,49,36,59,505,29795.00,2018-08-16 06:39:00.376100
3205,201808166393762,PRIN,34,36,59,505,29795.00,2018-08-16 06:39:00.376200
3206,201808166393720,PRIN,40,55,59,505,29795.00,2018-08-16 06:39:00.372000
3207,201808166393705,PRIN,52,32,43,510,21930.00,2018-08-16 06:39:00.370500
3208,201808166393354,PRIN,40,32,47,507,23829.00,2018-08-16 06:39:00.335400
3209,201808166393355,PRIN,58,32,100,506,50600.00,2018-08-16 06:39:00.335500
3210,201808166392975,PRIN,42,56,76,510,38760.00,2018-08-16 06:39:00.297500
3211,201808166392976,PRIN,10,56,100,510,51000.00,2018-08-16 06:39:00.297600
3212,201808166392909,PRIN,57,21,100,510,51000.00,2018-08-16 06:39:00.290900
3213,201808166392890,PRIN,40,56,100,511,51100.00,2018-08-16 06:39:00.289000
3214,201808166392477,PRIN,10,29,50,515,25750.00,2018-08-16 06:39:00.247700
3215,201808166392424,PRIN,19,39,25,511,12775.00,2018-08-16 06:39:00.242400
3216,201808166392425,PRIN,42,39,75,510,38250.00,2018-08-16 06:39:00.242500
3217,201808166392435,PRIN,10,59,100,513,51300.00,2018-08-16 06:39:00.243500
3218,201808166392436,PRIN,10,6,50,514,25700.00,2018-08-16 06:39:00.243600
3219,201808166392437,PRIN,10,6,100,514,51400.00,2018-08-16 06:39:00.243700
3220,201808166392438,PRIN,10,44,200,515,103000.00,2018-08-16 06:39:00.243800
3221,201808166392335,PRIN,1,29,250,512,128000.00,2018-08-16 06:39:00.233500
3222,201808166392257,PRIN,55,29,200,512,102400.00,2018-08-16 06:39:00.225700
3223,201808166392244,PRIN,46,29,50,512,25600.00,2018-08-16 06:39:00.224400
3224,201808166392200,PRIN,42,59,100,513,51300.00,2018-08-16 06:39:00.220000
3225,201808166392205,PRIN,14,59,200,513,102600.00,2018-08-16 06:39:00.220500
3226,201808166392163,PRIN,36,59,100,513,51300.00,2018-08-16 06:39:00.216300
3227,201808166391978,PRIN,57,59,200,510,102000.00,2018-08-16 06:39:00.197800
3228,201808166391997,PRIN,57,59,100,510,51000.00,2018-08-16 06:39:00.199700
3229,201808166392010,PRIN,42,59,149,510,75990.00,2018-08-16 06:39:00.201000
3230,201808166391972,PRIN,40,38,53,507,26871.00,2018-08-16 06:39:00.197200
3231,201808166391951,PRIN,20,59,10,510,5100.00,2018-08-16 06:39:00.195100
3232,201808166391929,PRIN,43,59,41,510,20910.00,2018-08-16 06:39:00.192900
3233,201808166391931,PRIN,40,38,56,509,28504.00,2018-08-16 06:39:00.193100
3234,201808166391834,PRIN,43,38,59,506,29854.00,2018-08-16 06:39:00.183400
3235,201808166391785,PRIN,20,38,69,505,34845.00,2018-08-16 06:39:00.178500
3236,201808166391789,PRIN,49,53,100,511,51100.00,2018-08-16 06:39:00.178900
3237,201808166391736,PRIN,28,6,90,507,45630.00,2018-08-16 06:39:00.173600
3238,201808166391737,PRIN,28,39,100,508,50800.00,2018-08-16 06:39:00.173700
3239,201808166391771,PRIN,20,38,29,505,14645.00,2018-08-16 06:39:00.177100
3240,201808166391656,PRIN,47,56,50,505,25250.00,2018-08-16 06:39:00.165600
3241,201808166391131,PRIN,10,17,130,510,66300.00,2018-08-16 06:39:00.113100
3242,201808156390720,PRIN,40,59,300,508,152400.00,2018-08-15 06:39:00.072000
3243,201808156390528,PRIN,35,32,100,505,50500.00,2018-08-15 06:39:00.052800
3244,201808156390529,PRIN,35,33,400,507,202800.00,2018-08-15 06:39:00.052900
3245,201808156390417,PRIN,22,59,100,508,50800.00,2018-08-15 06:39:00.041700
3246,201808156390391,PRIN,45,59,50,505,25250.00,2018-08-15 06:39:00.039100
3247,201808156390392,PRIN,28,59,500,505,252500.00,2018-08-15 06:39:00.039200
3248,201808156390198,PRIN,25,59,50,507,25350.00,2018-08-15 06:39:00.019800
3249,201808156390199,PRIN,45,59,450,505,227250.00,2018-08-15 06:39:00.019900
3250,201808156390164,PRIN,6,32,10,506,5060.00,2018-08-15 06:39:00.016400
3251,201808156390063,PRIN,22,44,48,510,24480.00,2018-08-15 06:39:00.006300
3252,201808156390068,PRIN,43,32,100,506,50600.00,2018-08-15 06:39:00.006800
3253,201808156390011,PRIN,22,34,50,510,25500.00,2018-08-15 06:39:00.001100
3254,201808156390000,PRIN,22,19,62,510,31620.00,2018-08-15 06:39:00.000000
3255,201808156390005,PRIN,46,32,650,510,331500.00,2018-08-15 06:39:00.000500
3256,201808156389960,PRIN,22,35,40,510,20400.00,2018-08-15 06:38:00.996000
3257,201808156389914,PRIN,43,35,100,510,51000.00,2018-08-15 06:38:00.991400
3258,201808156389432,PRIN,59,35,10,510,5100.00,2018-08-15 06:38:00.943200
3259,201808156389433,PRIN,34,35,200,510,102000.00,2018-08-15 06:38:00.943300
3260,201808156389400,PRIN,43,35,50,512,25600.00,2018-08-15 06:38:00.940000
3261,201808156389045,PRIN,22,35,100,512,51200.00,2018-08-15 06:38:00.904500
3262,201808156388565,PRIN,59,32,140,510,71400.00,2018-08-15 06:38:00.856500
3263,201808156388489,PRIN,38,6,297,507,150579.00,2018-08-15 06:38:00.848900
3264,201808156388492,PRIN,38,6,200,507,101400.00,2018-08-15 06:38:00.849200
3265,201808156388252,PRIN,38,32,10,517,5170.00,2018-08-15 06:38:00.825200
3266,201808156388126,PRIN,38,6,74,507,37518.00,2018-08-15 06:38:00.812600
3267,201808156388127,PRIN,38,5,50,508,25400.00,2018-08-15 06:38:00.812700
3268,201808156388104,PRIN,45,44,500,503,251500.00,2018-08-15 06:38:00.810400
3269,201808156387986,PRIN,38,32,100,498,49800.00,2018-08-15 06:38:00.798600
3270,201808156387987,PRIN,38,34,100,499,49900.00,2018-08-15 06:38:00.798700
3271,201808156387988,PRIN,38,28,500,499,249500.00,2018-08-15 06:38:00.798800
3272,201808156387915,PRIN,38,44,500,495,247500.00,2018-08-15 06:38:00.791500
3273,201808156387273,PRIN,45,44,20,490,9800.00,2018-08-15 06:38:00.727300
3274,201808156387274,PRIN,45,44,500,490,245000.00,2018-08-15 06:38:00.727400
3275,201808156387275,PRIN,45,29,250,492,123000.00,2018-08-15 06:38:00.727500
3276,201808156387276,PRIN,45,38,200,492,98400.00,2018-08-15 06:38:00.727600
3277,201808156387277,PRIN,45,38,500,497,248500.00,2018-08-15 06:38:00.727700
3278,201808156386784,PRIN,25,44,200,490,98000.00,2018-08-15 06:38:00.678400
3279,201808156386748,PRIN,21,39,50,490,24500.00,2018-08-15 06:38:00.674800
3280,201808156386749,PRIN,21,44,250,490,122500.00,2018-08-15 06:38:00.674900
3281,201808156386002,PRIN,46,46,209,484,101156.00,2018-08-15 06:38:00.600200
3282,201808156385291,PRIN,36,38,200,490,98000.00,2018-08-15 06:38:00.529100
3283,201808156385292,PRIN,17,38,50,490,24500.00,2018-08-15 06:38:00.529200
3284,201808156385234,PRIN,17,44,10,490,4900.00,2018-08-15 06:38:00.523400
3285,201808156385235,PRIN,42,44,1300,490,637000.00,2018-08-15 06:38:00.523500
3286,201808156385195,PRIN,51,28,60,491,29460.00,2018-08-15 06:38:00.519500
3287,201808156385196,PRIN,17,28,190,490,93100.00,2018-08-15 06:38:00.519600
3288,201808156385181,PRIN,51,51,10,491,4910.00,2018-08-15 06:38:00.518100
3289,201808146384685,PRIN,33,44,220,494,108680.00,2018-08-14 06:38:00.468500
3290,201808146384604,PRIN,48,5,10,493,4930.00,2018-08-14 06:38:00.460400
3291,201808146384605,PRIN,48,41,10,493,4930.00,2018-08-14 06:38:00.460500
3292,201808146384624,PRIN,48,44,1000,493,493000.00,2018-08-14 06:38:00.462400
3293,201808146384555,PRIN,33,44,1000,490,490000.00,2018-08-14 06:38:00.455500
3294,201808146384539,PRIN,33,33,330,490,161700.00,2018-08-14 06:38:00.453900
3295,201808146384457,PRIN,33,5,170,490,83300.00,2018-08-14 06:38:00.445700
3296,201808146383896,PRIN,6,36,50,483,24150.00,2018-08-14 06:38:00.389600
3297,201808146383897,PRIN,6,22,81,484,39204.00,2018-08-14 06:38:00.389700
3298,201808146383732,PRIN,6,36,20,479,9580.00,2018-08-14 06:38:00.373200
3299,201808146383733,PRIN,6,37,100,480,48000.00,2018-08-14 06:38:00.373300
3300,201808146383734,PRIN,6,46,46,480,22080.00,2018-08-14 06:38:00.373400
3301,201808146383168,PRIN,32,38,50,475,23750.00,2018-08-14 06:38:00.316800
3302,201808146383169,PRIN,14,38,42,474,19908.00,2018-08-14 06:38:00.316900
3303,201808146382678,PRIN,6,48,90,475,42750.00,2018-08-14 06:38:00.267800
3304,201808146382289,PRIN,28,53,500,472,236000.00,2018-08-14 06:38:00.228900
3305,201808136381393,PRIN,6,33,74,477,35298.00,2018-08-13 06:38:00.139300
3306,201808136381358,PRIN,26,40,20,479,9580.00,2018-08-13 06:38:00.135800
3307,201808136381359,PRIN,55,40,30,478,14340.00,2018-08-13 06:38:00.135900
3308,201808136381369,PRIN,55,33,29,478,13862.00,2018-08-13 06:38:00.136900
3309,201808136381370,PRIN,5,33,100,478,47800.00,2018-08-13 06:38:00.137000
3310,201808136381371,PRIN,1,33,20,478,9560.00,2018-08-13 06:38:00.137100
3311,201808136381237,PRIN,55,36,31,478,14818.00,2018-08-13 06:38:00.123700
3312,201808136380864,PRIN,35,35,500,480,240000.00,2018-08-13 06:38:00.086400
3313,201808136380060,PRIN,56,33,119,485,57715.00,2018-08-13 06:38:00.006000
3314,201808136380024,PRIN,56,1,100,484,48400.00,2018-08-13 06:38:00.002400
3315,201808136380008,PRIN,39,6,20,482,9640.00,2018-08-13 06:38:00.000800
3316,201808136378668,PRIN,19,21,50,485,24250.00,2018-08-13 06:37:00.866800
3317,201808136378636,PRIN,7,7,4382,476,2085832.00,2018-08-13 06:37:00.863600
3318,201808126378449,PRIN,32,13,50,477,23850.00,2018-08-12 06:37:00.844900
3319,201808126378450,PRIN,38,13,15,477,7155.00,2018-08-12 06:37:00.845000
3320,201808126378451,PRIN,54,13,35,476,16660.00,2018-08-12 06:37:00.845100
3321,201808126378379,PRIN,47,51,200,478,95600.00,2018-08-12 06:37:00.837900
3322,201808126378060,PRIN,16,13,100,480,48000.00,2018-08-12 06:37:00.806000
3323,201808126377914,PRIN,42,21,11,480,5280.00,2018-08-12 06:37:00.791400
3324,201808126377915,PRIN,42,21,250,480,120000.00,2018-08-12 06:37:00.791500
3325,201808126377916,PRIN,35,21,12,480,5760.00,2018-08-12 06:37:00.791600
3326,201808126377390,PRIN,42,7,10,480,4800.00,2018-08-12 06:37:00.739000
3327,201808126377377,PRIN,32,7,40,481,19240.00,2018-08-12 06:37:00.737700
3328,201808126377338,PRIN,42,7,150,480,72000.00,2018-08-12 06:37:00.733800
3329,201808126377341,PRIN,42,7,150,480,72000.00,2018-08-12 06:37:00.734100
3330,201808126377294,PRIN,7,7,100,481,48100.00,2018-08-12 06:37:00.729400
3331,201808126377314,PRIN,42,7,150,480,72000.00,2018-08-12 06:37:00.731400
3332,201808126376837,PRIN,32,33,158,481,75998.00,2018-08-12 06:37:00.683700
3333,201808126376714,PRIN,54,45,200,483,96600.00,2018-08-12 06:37:00.671400
3334,201808126376649,PRIN,42,17,500,480,240000.00,2018-08-12 06:37:00.664900
3335,201808126376518,PRIN,6,17,71,481,34151.00,2018-08-12 06:37:00.651800
3336,201808126376519,PRIN,44,17,200,480,96000.00,2018-08-12 06:37:00.651900
3337,201808126376520,PRIN,42,17,729,480,349920.00,2018-08-12 06:37:00.652000
3338,201808126376438,PRIN,6,33,129,481,62049.00,2018-08-12 06:37:00.643800
3339,201808126376350,PRIN,42,21,250,480,120000.00,2018-08-12 06:37:00.635000
3340,201808126375972,PRIN,39,21,100,477,47700.00,2018-08-12 06:37:00.597200
3341,201808126375973,PRIN,44,21,200,476,95200.00,2018-08-12 06:37:00.597300
3342,201808126375895,PRIN,52,35,100,478,47800.00,2018-08-12 06:37:00.589500
3343,201808126375707,PRIN,39,58,50,480,24000.00,2018-08-12 06:37:00.570700
3344,201808126375676,PRIN,39,58,100,480,48000.00,2018-08-12 06:37:00.567600
3345,201808126375638,PRIN,39,33,100,479,47900.00,2018-08-12 06:37:00.563800
3346,201808126375411,PRIN,22,28,51,475,24225.00,2018-08-12 06:37:00.541100
3347,201808126375412,PRIN,22,22,30,475,14250.00,2018-08-12 06:37:00.541200
3348,201808126375119,PRIN,25,28,49,475,23275.00,2018-08-12 06:37:00.511900
3349,201808126375123,PRIN,32,49,50,473,23650.00,2018-08-12 06:37:00.512300
3350,201808126375124,PRIN,41,49,10,472,4720.00,2018-08-12 06:37:00.512400
3351,201808126375125,PRIN,33,49,40,472,18880.00,2018-08-12 06:37:00.512500
3352,201808126375091,PRIN,25,36,141,475,66975.00,2018-08-12 06:37:00.509100
3353,201808126375000,PRIN,25,20,10,475,4750.00,2018-08-12 06:37:00.500000
3354,201808126374654,PRIN,1,58,50,480,24000.00,2018-08-12 06:37:00.465400
3355,201808126374430,PRIN,7,7,4382,481,2107742.00,2018-08-12 06:37:00.443000
3356,201808096374208,PRIN,1,21,12,482,5784.00,2018-08-09 06:37:00.420800
3357,201808096374209,PRIN,58,21,200,482,96400.00,2018-08-09 06:37:00.420900
3358,201808096374210,PRIN,34,21,50,482,24100.00,2018-08-09 06:37:00.421000
3359,201808096374211,PRIN,33,21,338,481,162578.00,2018-08-09 06:37:00.421100
3360,201808096373939,PRIN,14,29,25,484,12100.00,2018-08-09 06:37:00.393900
3361,201808096373940,PRIN,40,29,87,483,42021.00,2018-08-09 06:37:00.394000
3362,201808096373941,PRIN,1,29,88,482,42416.00,2018-08-09 06:37:00.394100
3363,201808096373880,PRIN,40,7,13,483,6279.00,2018-08-09 06:37:00.388000
3364,201808096373722,PRIN,44,35,50,483,24150.00,2018-08-09 06:37:00.372200
3365,201808096373723,PRIN,36,35,50,483,24150.00,2018-08-09 06:37:00.372300
3366,201808096373228,PRIN,28,28,50,483,24150.00,2018-08-09 06:37:00.322800
3367,201808096373168,PRIN,45,28,300,484,145200.00,2018-08-09 06:37:00.316800
3368,201808096373169,PRIN,54,28,100,483,48300.00,2018-08-09 06:37:00.316900
3369,201808096373170,PRIN,7,28,10,483,4830.00,2018-08-09 06:37:00.317000
3370,201808096373171,PRIN,11,28,50,483,24150.00,2018-08-09 06:37:00.317100
3371,201808096373129,PRIN,39,7,275,486,133650.00,2018-08-09 06:37:00.312900
3372,201808096373111,PRIN,39,42,125,486,60750.00,2018-08-09 06:37:00.311100
3373,201808096373018,PRIN,7,33,500,488,244000.00,2018-08-09 06:37:00.301800
3374,201808096373019,PRIN,39,33,500,487,243500.00,2018-08-09 06:37:00.301900
3375,201808096372375,PRIN,39,29,100,487,48700.00,2018-08-09 06:37:00.237500
3376,201808096372376,PRIN,39,22,300,490,147000.00,2018-08-09 06:37:00.237600
3377,201808096372223,PRIN,39,22,200,488,97600.00,2018-08-09 06:37:00.222300
3378,201808096372128,PRIN,7,7,200,485,97000.00,2018-08-09 06:37:00.212800
3379,201808096372132,PRIN,45,7,200,484,96800.00,2018-08-09 06:37:00.213200
3380,201808096371815,PRIN,39,53,100,482,48200.00,2018-08-09 06:37:00.181500
3381,201808096371816,PRIN,39,53,240,481,115440.00,2018-08-09 06:37:00.181600
3382,201808096371817,PRIN,33,53,60,481,28860.00,2018-08-09 06:37:00.181700
3383,201808096371744,PRIN,25,29,16,485,7760.00,2018-08-09 06:37:00.174400
3384,201808096371706,PRIN,41,16,56,485,27160.00,2018-08-09 06:37:00.170600
3385,201808096371707,PRIN,22,16,10,485,4850.00,2018-08-09 06:37:00.170700
3386,201808096371708,PRIN,25,16,34,485,16490.00,2018-08-09 06:37:00.170800
3387,201808096370749,PRIN,5,14,20,490,9800.00,2018-08-09 06:37:00.074900
3388,201808096370737,PRIN,41,49,44,485,21340.00,2018-08-09 06:37:00.073700
3389,201808096370608,PRIN,45,45,114,488,55632.00,2018-08-09 06:37:00.060800
3390,201808086369871,PRIN,21,34,30,492,14760.00,2018-08-08 06:36:00.987100
3391,201808086369872,PRIN,10,34,70,490,34300.00,2018-08-08 06:36:00.987200
3392,201808086369433,PRIN,10,7,19,490,9310.00,2018-08-08 06:36:00.943300
3393,201808086369351,PRIN,7,38,19,491,9329.00,2018-08-08 06:36:00.935100
3394,201808086368877,PRIN,21,40,10,497,4970.00,2018-08-08 06:36:00.887700
3395,201808086368804,PRIN,7,49,200,491,98200.00,2018-08-08 06:36:00.880400
3396,201808086368812,PRIN,5,7,200,490,98000.00,2018-08-08 06:36:00.881200
3397,201808086368341,PRIN,5,44,100,493,49300.00,2018-08-08 06:36:00.834100
3398,201808086368342,PRIN,5,32,10,498,4980.00,2018-08-08 06:36:00.834200
3399,201808086368274,PRIN,34,36,50,492,24600.00,2018-08-08 06:36:00.827400
3400,201808086368177,PRIN,38,21,300,490,147000.00,2018-08-08 06:36:00.817700
3401,201808086368178,PRIN,38,50,120,490,58800.00,2018-08-08 06:36:00.817800
3402,201808086368101,PRIN,6,7,100,488,48800.00,2018-08-08 06:36:00.810100
3403,201808086368088,PRIN,7,21,100,490,49000.00,2018-08-08 06:36:00.808800
3404,201808086367586,PRIN,33,33,1817,482,875794.00,2018-08-08 06:36:00.758600
3405,201808086367597,PRIN,47,7,30,486,14580.00,2018-08-08 06:36:00.759700
3406,201808086367598,PRIN,28,7,200,484,96800.00,2018-08-08 06:36:00.759800
3407,201808086367533,PRIN,7,32,200,485,97000.00,2018-08-08 06:36:00.753300
3408,201808076366657,PRIN,22,33,17,489,8313.00,2018-08-07 06:36:00.665700
3409,201808076366613,PRIN,53,33,100,489,48900.00,2018-08-07 06:36:00.661300
3410,201808076366614,PRIN,21,33,200,489,97800.00,2018-08-07 06:36:00.661400
3411,201808076366544,PRIN,10,33,50,494,24700.00,2018-08-07 06:36:00.654400
3412,201808076366545,PRIN,57,33,21,491,10311.00,2018-08-07 06:36:00.654500
3413,201808076366546,PRIN,14,33,50,490,24500.00,2018-08-07 06:36:00.654600
3414,201808076366547,PRIN,25,33,50,490,24500.00,2018-08-07 06:36:00.654700
3415,201808076366548,PRIN,35,33,50,490,24500.00,2018-08-07 06:36:00.654800
3416,201808076366278,PRIN,28,37,200,491,98200.00,2018-08-07 06:36:00.627800
3417,201808076365998,PRIN,46,19,10,493,4930.00,2018-08-07 06:36:00.599800
3418,201808076366001,PRIN,22,19,25,492,12300.00,2018-08-07 06:36:00.600100
3419,201808076366006,PRIN,13,17,100,493,49300.00,2018-08-07 06:36:00.600600
3420,201808076366007,PRIN,22,17,25,492,12300.00,2018-08-07 06:36:00.600700
3421,201808076366008,PRIN,48,17,100,491,49100.00,2018-08-07 06:36:00.600800
3422,201808076366009,PRIN,29,17,100,491,49100.00,2018-08-07 06:36:00.600900
3423,201808076366010,PRIN,32,17,20,491,9820.00,2018-08-07 06:36:00.601000
3424,201808076366011,PRIN,57,17,79,491,38789.00,2018-08-07 06:36:00.601100
3425,201808076365941,PRIN,58,7,50,494,24700.00,2018-08-07 06:36:00.594100
3426,201808076365942,PRIN,32,7,40,493,19720.00,2018-08-07 06:36:00.594200
3427,201808076365943,PRIN,22,7,200,493,98600.00,2018-08-07 06:36:00.594300
3428,201808076365924,PRIN,7,34,200,497,99400.00,2018-08-07 06:36:00.592400
3429,201808076364668,PRIN,36,17,50,493,24650.00,2018-08-07 06:36:00.466800
3430,201808076364669,PRIN,32,17,60,493,29580.00,2018-08-07 06:36:00.466900
3431,201808076364107,PRIN,14,49,50,490,24500.00,2018-08-07 06:36:00.410700
3432,201808076363875,PRIN,7,35,50,497,24850.00,2018-08-07 06:36:00.387500
3433,201808076363881,PRIN,22,7,50,495,24750.00,2018-08-07 06:36:00.388100
3434,201808066363121,PRIN,21,49,30,498,14940.00,2018-08-06 06:36:00.312100
3435,201808066363122,PRIN,29,49,70,497,34790.00,2018-08-06 06:36:00.312200
3436,201808066362918,PRIN,13,41,100,499,49900.00,2018-08-06 06:36:00.291800
3437,201808066362870,PRIN,6,38,24,500,12000.00,2018-08-06 06:36:00.287000
3438,201808066362871,PRIN,4,16,2000,497,994000.00,2018-08-06 06:36:00.287100
3439,201808066362615,PRIN,53,51,100,500,50000.00,2018-08-06 06:36:00.261500
3440,201808066362341,PRIN,54,49,117,500,58500.00,2018-08-06 06:36:00.234100
3441,201808066362256,PRIN,56,35,20,497,9940.00,2018-08-06 06:36:00.225600
3442,201808066362257,PRIN,55,35,54,497,26838.00,2018-08-06 06:36:00.225700
3443,201808066362258,PRIN,6,35,76,497,37772.00,2018-08-06 06:36:00.225800
3444,201808066362180,PRIN,17,41,200,498,99600.00,2018-08-06 06:36:00.218000
3445,201808066362082,PRIN,45,41,200,500,100000.00,2018-08-06 06:36:00.208200
3446,201808066361259,PRIN,55,41,150,497,74550.00,2018-08-06 06:36:00.125900
3447,201808056360211,PRIN,45,41,10,497,4970.00,2018-08-05 06:36:00.021100
3448,201808056359877,PRIN,45,22,32,497,15904.00,2018-08-05 06:35:00.987700
3449,201808056359883,PRIN,45,22,32,497,15904.00,2018-08-05 06:35:00.988300
3450,201808056359852,PRIN,45,22,32,497,15904.00,2018-08-05 06:35:00.985200
3451,201808056359862,PRIN,45,22,32,497,15904.00,2018-08-05 06:35:00.986200
3452,201808056359336,PRIN,48,40,10,498,4980.00,2018-08-05 06:35:00.933600
3453,201808056359337,PRIN,6,40,15,498,7470.00,2018-08-05 06:35:00.933700
3454,201808056359151,PRIN,41,41,10,501,5010.00,2018-08-05 06:35:00.915100
3455,201808056358830,PRIN,22,41,115,500,57500.00,2018-08-05 06:35:00.883000
3456,201808056358357,PRIN,5,21,100,504,50400.00,2018-08-05 06:35:00.835700
3457,201808056357334,PRIN,22,19,85,495,42075.00,2018-08-05 06:35:00.733400
3458,201808026357269,PRIN,32,14,50,499,24950.00,2018-08-02 06:35:00.726900
3459,201808026357164,PRIN,32,14,100,499,49900.00,2018-08-02 06:35:00.716400
3460,201808026357165,PRIN,41,14,100,498,49800.00,2018-08-02 06:35:00.716500
3461,201808026356944,PRIN,22,52,47,499,23453.00,2018-08-02 06:35:00.694400
3462,201808026356612,PRIN,16,46,100,499,49900.00,2018-08-02 06:35:00.661200
3463,201808026356583,PRIN,28,7,50,500,25000.00,2018-08-02 06:35:00.658300
3464,201808026356584,PRIN,6,7,15,500,7500.00,2018-08-02 06:35:00.658400
3465,201808026356585,PRIN,59,7,100,500,50000.00,2018-08-02 06:35:00.658500
3466,201808026355698,PRIN,32,7,20,501,10020.00,2018-08-02 06:35:00.569800
3467,201808026355699,PRIN,41,7,100,500,50000.00,2018-08-02 06:35:00.569900
3468,201808026355700,PRIN,25,7,50,500,25000.00,2018-08-02 06:35:00.570000
3469,201808026355701,PRIN,32,7,50,500,25000.00,2018-08-02 06:35:00.570100
3470,201808026355079,PRIN,7,53,200,500,100000.00,2018-08-02 06:35:00.507900
3471,201808026355037,PRIN,39,33,30,501,15030.00,2018-08-02 06:35:00.503700
3472,201808026355038,PRIN,7,33,500,500,250000.00,2018-08-02 06:35:00.503800
3473,201808026355039,PRIN,47,33,50,500,25000.00,2018-08-02 06:35:00.503900
3474,201808026354983,PRIN,7,41,52,505,26260.00,2018-08-02 06:35:00.498300
3475,201808026354911,PRIN,7,20,50,505,25250.00,2018-08-02 06:35:00.491100
3476,201808016354250,PRIN,28,45,10,508,5080.00,2018-08-01 06:35:00.425000
3477,201808016353835,PRIN,56,14,50,499,24950.00,2018-08-01 06:35:00.383500
3478,201808016353838,PRIN,28,42,30,500,15000.00,2018-08-01 06:35:00.383800
3479,201808016353820,PRIN,17,42,20,503,10060.00,2018-08-01 06:35:00.382000
3480,201808016353821,PRIN,5,42,50,502,25100.00,2018-08-01 06:35:00.382100
3481,201808016353377,PRIN,28,33,50,500,25000.00,2018-08-01 06:35:00.337700
3482,201808016353378,PRIN,33,33,300,499,149700.00,2018-08-01 06:35:00.337800
3483,201808016353379,PRIN,34,33,60,499,29940.00,2018-08-01 06:35:00.337900
3484,201808016353380,PRIN,32,33,450,498,224100.00,2018-08-01 06:35:00.338000
3485,201808016353207,PRIN,33,38,530,503,266590.00,2018-08-01 06:35:00.320700
3486,201808016353208,PRIN,33,37,476,504,239904.00,2018-08-01 06:35:00.320800
3487,201808016353209,PRIN,33,51,100,505,50500.00,2018-08-01 06:35:00.320900
3488,201808016353224,PRIN,33,32,30,502,15060.00,2018-08-01 06:35:00.322400
3489,201808016353119,PRIN,26,38,50,501,25050.00,2018-08-01 06:35:00.311900
3490,201808016353120,PRIN,35,38,100,500,50000.00,2018-08-01 06:35:00.312000
3491,201808016353121,PRIN,39,38,100,500,50000.00,2018-08-01 06:35:00.312100
3492,201808016353122,PRIN,29,38,100,500,50000.00,2018-08-01 06:35:00.312200
3493,201808016353123,PRIN,16,38,20,500,10000.00,2018-08-01 06:35:00.312300
3494,201808016353124,PRIN,36,38,100,500,50000.00,2018-08-01 06:35:00.312400
3495,201808016352624,PRIN,36,53,195,505,98475.00,2018-08-01 06:35:00.262400
3496,201808016352078,PRIN,32,54,50,500,25000.00,2018-08-01 06:35:00.207800
3497,201808016351502,PRIN,56,5,100,500,50000.00,2018-08-01 06:35:00.150200
3498,201808016351494,PRIN,57,57,496,499,247504.00,2018-08-01 06:35:00.149400
3499,201807316350667,PRIN,44,20,1421,500,710500.00,2018-07-31 06:35:00.066700
3500,201807316350571,PRIN,13,20,100,502,50200.00,2018-07-31 06:35:00.057100
3501,201807316350572,PRIN,21,20,100,501,50100.00,2018-07-31 06:35:00.057200
3502,201807316350573,PRIN,5,20,10,500,5000.00,2018-07-31 06:35:00.057300
3503,201807316350574,PRIN,22,20,50,500,25000.00,2018-07-31 06:35:00.057400
3504,201807316350575,PRIN,21,20,200,500,100000.00,2018-07-31 06:35:00.057500
3505,201807316350576,PRIN,51,20,200,500,100000.00,2018-07-31 06:35:00.057600
3506,201807316350577,PRIN,22,20,10,500,5000.00,2018-07-31 06:35:00.057700
3507,201807316350290,PRIN,22,22,50,500,25000.00,2018-07-31 06:35:00.029000
3508,201807316350225,PRIN,7,14,50,505,25250.00,2018-07-31 06:35:00.022500
3509,201807316350084,PRIN,42,8,100,500,50000.00,2018-07-31 06:35:00.008400
3510,201807316349946,PRIN,14,8,48,500,24000.00,2018-07-31 06:34:00.994600
3511,201807316349589,PRIN,42,8,500,500,250000.00,2018-07-31 06:34:00.958900
3512,201807316349323,PRIN,5,28,33,500,16500.00,2018-07-31 06:34:00.932300
3513,201807316348797,PRIN,5,8,300,501,150300.00,2018-07-31 06:34:00.879700
3514,201807316348798,PRIN,41,8,100,500,50000.00,2018-07-31 06:34:00.879800
3515,201807316348799,PRIN,22,8,100,500,50000.00,2018-07-31 06:34:00.879900
3516,201807316348800,PRIN,5,8,120,500,60000.00,2018-07-31 06:34:00.880000
3517,201807316348329,PRIN,41,14,100,500,50000.00,2018-07-31 06:34:00.832900
3518,201807316348330,PRIN,41,25,100,500,50000.00,2018-07-31 06:34:00.833000
3519,201807316348240,PRIN,25,25,100,500,50000.00,2018-07-31 06:34:00.824000
3520,201807316348243,PRIN,52,25,100,500,50000.00,2018-07-31 06:34:00.824300
3521,201807306347581,PRIN,58,17,50,502,25100.00,2018-07-30 06:34:00.758100
3522,201807306347582,PRIN,34,17,100,501,50100.00,2018-07-30 06:34:00.758200
3523,201807306347583,PRIN,29,17,12,500,6000.00,2018-07-30 06:34:00.758300
3524,201807306347584,PRIN,21,17,100,500,50000.00,2018-07-30 06:34:00.758400
3525,201807306347585,PRIN,35,17,100,500,50000.00,2018-07-30 06:34:00.758500
3526,201807306347586,PRIN,43,17,100,500,50000.00,2018-07-30 06:34:00.758600
3527,201807306347587,PRIN,42,17,20,500,10000.00,2018-07-30 06:34:00.758700
3528,201807306347588,PRIN,41,17,300,500,150000.00,2018-07-30 06:34:00.758800
3529,201807306347589,PRIN,53,17,50,500,25000.00,2018-07-30 06:34:00.758900
3530,201807306347590,PRIN,38,17,100,500,50000.00,2018-07-30 06:34:00.759000
3531,201807306347591,PRIN,29,17,68,500,34000.00,2018-07-30 06:34:00.759100
3532,201807306346790,PRIN,22,22,600,500,300000.00,2018-07-30 06:34:00.679000
3533,201807306346614,PRIN,29,8,40,500,20000.00,2018-07-30 06:34:00.661400
3534,201807306346575,PRIN,6,56,100,501,50100.00,2018-07-30 06:34:00.657500
3535,201807306346576,PRIN,47,56,240,500,120000.00,2018-07-30 06:34:00.657600
3536,201807306346577,PRIN,46,56,50,500,25000.00,2018-07-30 06:34:00.657700
3537,201807306346578,PRIN,29,56,148,500,74000.00,2018-07-30 06:34:00.657800
3538,201807306345618,PRIN,45,8,10,508,5080.00,2018-07-30 06:34:00.561800
3539,201807306345538,PRIN,35,28,50,504,25200.00,2018-07-30 06:34:00.553800
3540,201807306345539,PRIN,33,28,100,502,50200.00,2018-07-30 06:34:00.553900
3541,201807306345540,PRIN,42,28,50,501,25050.00,2018-07-30 06:34:00.554000
3542,201807306345541,PRIN,21,28,20,500,10000.00,2018-07-30 06:34:00.554100
3543,201807306345542,PRIN,17,28,13,500,6500.00,2018-07-30 06:34:00.554200
3544,201807306345366,PRIN,29,22,50,504,25200.00,2018-07-30 06:34:00.536600
3545,201807306345367,PRIN,35,22,450,504,226800.00,2018-07-30 06:34:00.536700
3546,201807296344051,PRIN,43,32,62,504,31248.00,2018-07-29 06:34:00.405100
3547,201807296343961,PRIN,21,59,100,505,50500.00,2018-07-29 06:34:00.396100
3548,201807296343941,PRIN,21,59,20,505,10100.00,2018-07-29 06:34:00.394100
3549,201807296343952,PRIN,22,59,50,506,25300.00,2018-07-29 06:34:00.395200
3550,201807296343171,PRIN,59,59,379,507,192153.00,2018-07-29 06:34:00.317100
3551,201807296343166,PRIN,22,59,100,508,50800.00,2018-07-29 06:34:00.316600
3552,201807296343060,PRIN,41,28,29,508,14732.00,2018-07-29 06:34:00.306000
3553,201807296343061,PRIN,29,28,50,507,25350.00,2018-07-29 06:34:00.306100
3554,201807296343062,PRIN,59,28,121,507,61347.00,2018-07-29 06:34:00.306200
3555,201807296342887,PRIN,33,43,100,508,50800.00,2018-07-29 06:34:00.288700
3556,201807296342914,PRIN,33,32,100,508,50800.00,2018-07-29 06:34:00.291400
3557,201807296342741,PRIN,53,34,50,510,25500.00,2018-07-29 06:34:00.274100
3558,201807296342471,PRIN,41,10,16,508,8128.00,2018-07-29 06:34:00.247100
3559,201807296342331,PRIN,41,5,55,508,27940.00,2018-07-29 06:34:00.233100
3560,201807296342275,PRIN,41,41,100,508,50800.00,2018-07-29 06:34:00.227500
3561,201807296341519,PRIN,21,39,50,510,25500.00,2018-07-29 06:34:00.151900
3562,201807296341490,PRIN,53,21,100,514,51400.00,2018-07-29 06:34:00.149000
3563,201807296341425,PRIN,28,28,513,507,260091.00,2018-07-29 06:34:00.142500
3564,201807266341142,PRIN,10,44,300,507,152100.00,2018-07-26 06:34:00.114200
3565,201807266341120,PRIN,33,28,300,505,151500.00,2018-07-26 06:34:00.112000
3566,201807266341074,PRIN,42,28,100,503,50300.00,2018-07-26 06:34:00.107400
3567,201807266341075,PRIN,21,28,100,503,50300.00,2018-07-26 06:34:00.107500
3568,201807266340996,PRIN,57,49,100,504,50400.00,2018-07-26 06:34:00.099600
3569,201807266340906,PRIN,49,28,208,502,104416.00,2018-07-26 06:34:00.090600
3570,201807266340898,PRIN,56,55,100,501,50100.00,2018-07-26 06:34:00.089800
3571,201807266340828,PRIN,35,28,250,502,125500.00,2018-07-26 06:34:00.082800
3572,201807266340837,PRIN,13,52,58,502,29116.00,2018-07-26 06:34:00.083700
3573,201807266340860,PRIN,13,28,42,502,21084.00,2018-07-26 06:34:00.086000
3574,201807266340647,PRIN,57,34,100,501,50100.00,2018-07-26 06:34:00.064700
3575,201807266340648,PRIN,55,34,100,501,50100.00,2018-07-26 06:34:00.064800
3576,201807266340599,PRIN,43,28,270,502,135540.00,2018-07-26 06:34:00.059900
3577,201807266340502,PRIN,28,28,500,501,250500.00,2018-07-26 06:34:00.050200
3578,201807266340503,PRIN,21,28,200,501,100200.00,2018-07-26 06:34:00.050300
3579,201807266340504,PRIN,35,28,100,501,50100.00,2018-07-26 06:34:00.050400
3580,201807266340505,PRIN,22,28,100,501,50100.00,2018-07-26 06:34:00.050500
3581,201807266340453,PRIN,7,53,100,502,50200.00,2018-07-26 06:34:00.045300
3582,201807266340454,PRIN,56,53,100,502,50200.00,2018-07-26 06:34:00.045400
3583,201807266340431,PRIN,22,41,200,502,100400.00,2018-07-26 06:34:00.043100
3584,201807266340232,PRIN,19,14,100,503,50300.00,2018-07-26 06:34:00.023200
3585,201807266340233,PRIN,7,14,200,502,100400.00,2018-07-26 06:34:00.023300
3586,201807266339799,PRIN,5,51,200,506,101200.00,2018-07-26 06:33:00.979900
3587,201807266339593,PRIN,5,10,50,506,25300.00,2018-07-26 06:33:00.959300
3588,201807266339365,PRIN,33,28,100,503,50300.00,2018-07-26 06:33:00.936500
3589,201807266339366,PRIN,21,28,200,502,100400.00,2018-07-26 06:33:00.936600
3590,201807266339367,PRIN,58,28,150,502,75300.00,2018-07-26 06:33:00.936700
3591,201807266339309,PRIN,55,25,100,505,50500.00,2018-07-26 06:33:00.930900
3592,201807266339092,PRIN,21,19,100,503,50300.00,2018-07-26 06:33:00.909200
3593,201807266339093,PRIN,56,19,198,503,99594.00,2018-07-26 06:33:00.909300
3594,201807266339064,PRIN,57,49,100,505,50500.00,2018-07-26 06:33:00.906400
3595,201807266339065,PRIN,58,49,300,504,151200.00,2018-07-26 06:33:00.906500
3596,201807266339066,PRIN,46,49,100,503,50300.00,2018-07-26 06:33:00.906600
3597,201807266338262,PRIN,44,26,50,505,25250.00,2018-07-26 06:33:00.826200
3598,201807266338263,PRIN,53,26,50,503,25150.00,2018-07-26 06:33:00.826300
3599,201807266338173,PRIN,45,53,100,505,50500.00,2018-07-26 06:33:00.817300
3600,201807256337652,PRIN,58,17,800,508,406400.00,2018-07-25 06:33:00.765200
3601,201807256337653,PRIN,58,34,200,509,101800.00,2018-07-25 06:33:00.765300
3602,201807256337329,PRIN,47,5,57,506,28842.00,2018-07-25 06:33:00.732900
3603,201807256337306,PRIN,57,22,60,508,30480.00,2018-07-25 06:33:00.730600
3604,201807256337307,PRIN,28,22,440,507,223080.00,2018-07-25 06:33:00.730700
3605,201807256337118,PRIN,57,6,40,509,20360.00,2018-07-25 06:33:00.711800
3606,201807256337089,PRIN,28,34,57,507,28899.00,2018-07-25 06:33:00.708900
3607,201807256337040,PRIN,49,34,40,508,20320.00,2018-07-25 06:33:00.704000
3608,201807256337041,PRIN,58,34,300,507,152100.00,2018-07-25 06:33:00.704100
3609,201807256336699,PRIN,54,21,150,509,76350.00,2018-07-25 06:33:00.669900
3610,201807256336627,PRIN,25,34,200,510,102000.00,2018-07-25 06:33:00.662700
3611,201807256335178,PRIN,21,6,100,510,51000.00,2018-07-25 06:33:00.517800
3612,201807256334833,PRIN,59,59,5000,500,2500000.00,2018-07-25 06:33:00.483300
3613,201807256334812,PRIN,44,59,5000,500,2500000.00,2018-07-25 06:33:00.481200
3614,201807246334548,PRIN,56,59,100,512,51200.00,2018-07-24 06:33:00.454800
3615,201807246334549,PRIN,21,59,330,510,168300.00,2018-07-24 06:33:00.454900
3616,201807246334550,PRIN,45,59,100,510,51000.00,2018-07-24 06:33:00.455000
3617,201807246334343,PRIN,22,59,200,515,103000.00,2018-07-24 06:33:00.434300
3618,201807246334217,PRIN,28,59,500,513,256500.00,2018-07-24 06:33:00.421700
3619,201807246334079,PRIN,28,59,200,515,103000.00,2018-07-24 06:33:00.407900
3620,201807246333786,PRIN,6,55,100,512,51200.00,2018-07-24 06:33:00.378600
3621,201807246333617,PRIN,28,22,100,514,51400.00,2018-07-24 06:33:00.361700
3622,201807246333607,PRIN,21,59,500,513,256500.00,2018-07-24 06:33:00.360700
3623,201807246333610,PRIN,28,1,200,513,102600.00,2018-07-24 06:33:00.361000
3624,201807246333456,PRIN,34,59,100,512,51200.00,2018-07-24 06:33:00.345600
3625,201807246333457,PRIN,33,59,300,512,153600.00,2018-07-24 06:33:00.345700
3626,201807246333460,PRIN,13,44,50,511,25550.00,2018-07-24 06:33:00.346000
3627,201807246333461,PRIN,46,44,200,511,102200.00,2018-07-24 06:33:00.346100
3628,201807246333462,PRIN,21,44,100,510,51000.00,2018-07-24 06:33:00.346200
3629,201807246333463,PRIN,17,44,50,510,25500.00,2018-07-24 06:33:00.346300
3630,201807246333464,PRIN,21,44,70,510,35700.00,2018-07-24 06:33:00.346400
3631,201807246333317,PRIN,17,22,300,514,154200.00,2018-07-24 06:33:00.331700
3632,201807246333318,PRIN,54,22,100,514,51400.00,2018-07-24 06:33:00.331800
3633,201807246332926,PRIN,17,44,350,515,180250.00,2018-07-24 06:33:00.292600
3634,201807246332927,PRIN,58,44,100,515,51500.00,2018-07-24 06:33:00.292700
3635,201807246332921,PRIN,17,36,150,515,77250.00,2018-07-24 06:33:00.292100
3636,201807246332868,PRIN,6,21,200,518,103600.00,2018-07-24 06:33:00.286800
3637,201807246332885,PRIN,6,59,190,518,98420.00,2018-07-24 06:33:00.288500
3638,201807246332886,PRIN,46,59,50,517,25850.00,2018-07-24 06:33:00.288600
3639,201807246332887,PRIN,51,59,100,517,51700.00,2018-07-24 06:33:00.288700
3640,201807246332786,PRIN,6,48,50,518,25900.00,2018-07-24 06:33:00.278600
3641,201807246332773,PRIN,57,38,50,519,25950.00,2018-07-24 06:33:00.277300
3642,201807246332774,PRIN,6,38,60,518,31080.00,2018-07-24 06:33:00.277400
3643,201807246332679,PRIN,28,44,80,520,41600.00,2018-07-24 06:33:00.267900
3644,201807246332662,PRIN,21,32,200,519,103800.00,2018-07-24 06:33:00.266200
3645,201807246332514,PRIN,28,59,500,521,260500.00,2018-07-24 06:33:00.251400
3646,201807246332391,PRIN,41,59,500,521,260500.00,2018-07-24 06:33:00.239100
3647,201807246332303,PRIN,33,59,500,520,260000.00,2018-07-24 06:33:00.230300
3648,201807246332252,PRIN,43,44,1000,519,519000.00,2018-07-24 06:33:00.225200
3649,201807246331972,PRIN,49,44,480,519,249120.00,2018-07-24 06:33:00.197200
3650,201807246331973,PRIN,49,59,20,520,10400.00,2018-07-24 06:33:00.197300
3651,201807246331950,PRIN,10,59,480,520,249600.00,2018-07-24 06:33:00.195000
3652,201807246331667,PRIN,33,44,1000,518,518000.00,2018-07-24 06:33:00.166700
3653,201807246331668,PRIN,33,28,200,519,103800.00,2018-07-24 06:33:00.166800
3654,201807246331676,PRIN,33,44,20,524,10480.00,2018-07-24 06:33:00.167600
3655,201807246331288,PRIN,45,8,10,515,5150.00,2018-07-24 06:33:00.128800
3656,201807246331222,PRIN,28,44,670,517,346390.00,2018-07-24 06:33:00.122200
3657,201807246331150,PRIN,58,44,330,517,170610.00,2018-07-24 06:33:00.115000
3658,201807246330915,PRIN,45,44,490,515,252350.00,2018-07-24 06:33:00.091500
3659,201807246330748,PRIN,43,51,100,519,51900.00,2018-07-24 06:33:00.074800
3660,201807236330569,PRIN,39,44,10,515,5150.00,2018-07-23 06:33:00.056900
3661,201807236330269,PRIN,53,44,740,514,380360.00,2018-07-23 06:33:00.026900
3662,201807236330157,PRIN,33,44,90,514,46260.00,2018-07-23 06:33:00.015700
3663,201807236330158,PRIN,14,44,100,511,51100.00,2018-07-23 06:33:00.015800
3664,201807236330159,PRIN,35,44,50,510,25500.00,2018-07-23 06:33:00.015900
3665,201807236330160,PRIN,32,44,20,510,10200.00,2018-07-23 06:33:00.016000
3666,201807236330132,PRIN,33,55,160,511,81760.00,2018-07-23 06:33:00.013200
3667,201807236330133,PRIN,33,28,200,512,102400.00,2018-07-23 06:33:00.013300
3668,201807236330134,PRIN,33,44,500,513,256500.00,2018-07-23 06:33:00.013400
3669,201807236330135,PRIN,33,39,50,514,25700.00,2018-07-23 06:33:00.013500
3670,201807236330136,PRIN,33,52,200,514,102800.00,2018-07-23 06:33:00.013600
3671,201807236329894,PRIN,38,44,1000,510,510000.00,2018-07-23 06:32:00.989400
3672,201807236329376,PRIN,34,52,80,509,40720.00,2018-07-23 06:32:00.937600
3673,201807236329377,PRIN,34,44,1000,510,510000.00,2018-07-23 06:32:00.937700
3674,201807236329378,PRIN,34,50,17,510,8670.00,2018-07-23 06:32:00.937800
3675,201807236329309,PRIN,21,57,283,508,143764.00,2018-07-23 06:32:00.930900
3676,201807236328944,PRIN,29,29,85,506,43010.00,2018-07-23 06:32:00.894400
3677,201807236328901,PRIN,5,7,31,506,15686.00,2018-07-23 06:32:00.890100
3678,201807236328902,PRIN,13,7,20,506,10120.00,2018-07-23 06:32:00.890200
3679,201807236328384,PRIN,51,7,50,510,25500.00,2018-07-23 06:32:00.838400
3680,201807236328192,PRIN,43,44,1000,510,510000.00,2018-07-23 06:32:00.819200
3681,201807236328000,PRIN,14,53,90,510,45900.00,2018-07-23 06:32:00.800000
3682,201807236327973,PRIN,46,53,30,510,15300.00,2018-07-23 06:32:00.797300
3683,201807236327917,PRIN,46,34,200,509,101800.00,2018-07-23 06:32:00.791700
3684,201807236327918,PRIN,46,41,130,510,66300.00,2018-07-23 06:32:00.791800
3685,201807236327796,PRIN,21,16,100,505,50500.00,2018-07-23 06:32:00.779600
3686,201807226327590,PRIN,33,34,200,502,100400.00,2018-07-22 06:32:00.759000
3687,201807226327114,PRIN,43,55,21,501,10521.00,2018-07-22 06:32:00.711400
3688,201807226327000,PRIN,42,36,60,501,30060.00,2018-07-22 06:32:00.700000
3689,201807226327001,PRIN,35,36,32,500,16000.00,2018-07-22 06:32:00.700100
3690,201807226327002,PRIN,8,36,408,500,204000.00,2018-07-22 06:32:00.700200
3691,201807226326987,PRIN,11,4,100,503,50300.00,2018-07-22 06:32:00.698700
3692,201807226326756,PRIN,42,21,200,501,100200.00,2018-07-22 06:32:00.675600
3693,201807226326615,PRIN,42,22,140,501,70140.00,2018-07-22 06:32:00.661500
3694,201807226326362,PRIN,25,45,100,501,50100.00,2018-07-22 06:32:00.636200
3695,201807226326372,PRIN,8,45,100,500,50000.00,2018-07-22 06:32:00.637200
3696,201807226326337,PRIN,8,33,500,500,250000.00,2018-07-22 06:32:00.633700
3697,201807226326360,PRIN,8,33,270,500,135000.00,2018-07-22 06:32:00.636000
3698,201807226326329,PRIN,32,45,100,501,50100.00,2018-07-22 06:32:00.632900
3699,201807226326332,PRIN,34,45,200,501,100200.00,2018-07-22 06:32:00.633200
3700,201807226326302,PRIN,58,45,50,501,25050.00,2018-07-22 06:32:00.630200
3701,201807226326303,PRIN,29,45,500,501,250500.00,2018-07-22 06:32:00.630300
3702,201807226326307,PRIN,39,45,50,501,25050.00,2018-07-22 06:32:00.630700
3703,201807226325870,PRIN,17,57,75,504,37800.00,2018-07-22 06:32:00.587000
3704,201807226325871,PRIN,52,57,20,503,10060.00,2018-07-22 06:32:00.587100
3705,201807226325872,PRIN,51,57,300,503,150900.00,2018-07-22 06:32:00.587200
3706,201807226325873,PRIN,28,57,200,502,100400.00,2018-07-22 06:32:00.587300
3707,201807226325874,PRIN,56,57,30,501,15030.00,2018-07-22 06:32:00.587400
3708,201807226325875,PRIN,55,57,300,501,150300.00,2018-07-22 06:32:00.587500
3709,201807226325876,PRIN,8,57,500,501,250500.00,2018-07-22 06:32:00.587600
3710,201807226325877,PRIN,11,57,100,500,50000.00,2018-07-22 06:32:00.587700
3711,201807226325878,PRIN,7,57,20,500,10000.00,2018-07-22 06:32:00.587800
3712,201807226325879,PRIN,35,57,55,500,27500.00,2018-07-22 06:32:00.587900
3713,201807226325893,PRIN,35,57,13,500,6500.00,2018-07-22 06:32:00.589300
3714,201807226325701,PRIN,32,1,103,504,51912.00,2018-07-22 06:32:00.570100
3715,201807226325702,PRIN,17,1,200,504,100800.00,2018-07-22 06:32:00.570200
3716,201807226325703,PRIN,17,1,25,504,12600.00,2018-07-22 06:32:00.570300
3717,201807226325436,PRIN,32,33,30,504,15120.00,2018-07-22 06:32:00.543600
3718,201807226325289,PRIN,29,42,20,505,10100.00,2018-07-22 06:32:00.528900
3719,201807226324766,PRIN,51,47,100,503,50300.00,2018-07-22 06:32:00.476600
3720,201807226324538,PRIN,52,59,30,505,15150.00,2018-07-22 06:32:00.453800
3721,201807226324539,PRIN,56,59,70,501,35070.00,2018-07-22 06:32:00.453900
3722,201807196323455,PRIN,32,52,67,509,34103.00,2018-07-19 06:32:00.345500
3723,201807196323313,PRIN,11,57,150,507,76050.00,2018-07-19 06:32:00.331300
3724,201807196323314,PRIN,11,36,250,508,127000.00,2018-07-19 06:32:00.331400
3725,201807196323212,PRIN,41,17,100,507,50700.00,2018-07-19 06:32:00.321200
3726,201807196323213,PRIN,17,17,37,505,18685.00,2018-07-19 06:32:00.321300
3727,201807196323181,PRIN,32,5,60,503,30180.00,2018-07-19 06:32:00.318100
3728,201807196323033,PRIN,59,59,2750,500,1375000.00,2018-07-19 06:32:00.303300
3729,201807196322948,PRIN,37,59,100,506,50600.00,2018-07-19 06:32:00.294800
3730,201807196322949,PRIN,51,59,100,505,50500.00,2018-07-19 06:32:00.294900
3731,201807196322950,PRIN,41,59,200,505,101000.00,2018-07-19 06:32:00.295000
3732,201807196322951,PRIN,1,59,50,505,25250.00,2018-07-19 06:32:00.295100
3733,201807196322952,PRIN,42,59,100,504,50400.00,2018-07-19 06:32:00.295200
3734,201807196322953,PRIN,7,59,100,504,50400.00,2018-07-19 06:32:00.295300
3735,201807196322936,PRIN,32,36,50,508,25400.00,2018-07-19 06:32:00.293600
3736,201807196322628,PRIN,38,38,2000,509,1018000.00,2018-07-19 06:32:00.262800
3737,201807196322343,PRIN,16,16,1000,505,505000.00,2018-07-19 06:32:00.234300
3738,201807196322294,PRIN,32,59,72,507,36504.00,2018-07-19 06:32:00.229400
3739,201807196322295,PRIN,39,59,50,506,25300.00,2018-07-19 06:32:00.229500
3740,201807196322296,PRIN,6,59,50,506,25300.00,2018-07-19 06:32:00.229600
3741,201807196322297,PRIN,47,59,50,505,25250.00,2018-07-19 06:32:00.229700
3742,201807196322298,PRIN,51,59,30,505,15150.00,2018-07-19 06:32:00.229800
3743,201807196322299,PRIN,50,59,200,505,101000.00,2018-07-19 06:32:00.229900
3744,201807196322300,PRIN,53,59,200,505,101000.00,2018-07-19 06:32:00.230000
3745,201807196322301,PRIN,22,59,1000,505,505000.00,2018-07-19 06:32:00.230100
3746,201807196322304,PRIN,38,59,100,504,50400.00,2018-07-19 06:32:00.230400
3747,201807196322305,PRIN,42,59,107,504,53928.00,2018-07-19 06:32:00.230500
3748,201807196322306,PRIN,28,59,200,503,100600.00,2018-07-19 06:32:00.230600
3749,201807196322307,PRIN,32,59,141,503,70923.00,2018-07-19 06:32:00.230700
3750,201807196322319,PRIN,42,59,50,513,25650.00,2018-07-19 06:32:00.231900
3751,201807196322320,PRIN,32,59,59,503,29677.00,2018-07-19 06:32:00.232000
3752,201807196322322,PRIN,35,59,200,502,100400.00,2018-07-19 06:32:00.232200
3753,201807196322323,PRIN,28,59,500,501,250500.00,2018-07-19 06:32:00.232300
3754,201807196322324,PRIN,25,59,100,501,50100.00,2018-07-19 06:32:00.232400
3755,201807196322325,PRIN,34,59,200,501,100200.00,2018-07-19 06:32:00.232500
3756,201807196322326,PRIN,54,59,100,500,50000.00,2018-07-19 06:32:00.232600
3757,201807196322327,PRIN,50,59,200,500,100000.00,2018-07-19 06:32:00.232700
3758,201807196322328,PRIN,43,59,100,500,50000.00,2018-07-19 06:32:00.232800
3759,201807196322329,PRIN,29,59,1000,500,500000.00,2018-07-19 06:32:00.232900
3760,201807196322330,PRIN,52,59,200,500,100000.00,2018-07-19 06:32:00.233000
3761,201807196322331,PRIN,25,59,30,500,15000.00,2018-07-19 06:32:00.233100
3762,201807196322332,PRIN,6,59,100,500,50000.00,2018-07-19 06:32:00.233200
3763,201807196322333,PRIN,5,59,100,500,50000.00,2018-07-19 06:32:00.233300
3764,201807196322334,PRIN,32,59,161,500,80500.00,2018-07-19 06:32:00.233400
3765,201807196321746,PRIN,36,59,300,515,154500.00,2018-07-19 06:32:00.174600
3766,201807196321735,PRIN,36,59,200,512,102400.00,2018-07-19 06:32:00.173500
3767,201807196321728,PRIN,40,59,50,512,25600.00,2018-07-19 06:32:00.172800
3768,201807196321733,PRIN,53,59,250,512,128000.00,2018-07-19 06:32:00.173300
3769,201807196321711,PRIN,22,59,100,510,51000.00,2018-07-19 06:32:00.171100
3770,201807196321714,PRIN,50,59,400,510,204000.00,2018-07-19 06:32:00.171400
3771,201807196321693,PRIN,51,59,400,510,204000.00,2018-07-19 06:32:00.169300
3772,201807196321696,PRIN,45,59,100,510,51000.00,2018-07-19 06:32:00.169600
3773,201807196321584,PRIN,47,59,50,510,25500.00,2018-07-19 06:32:00.158400
3774,201807196321562,PRIN,47,57,100,508,50800.00,2018-07-19 06:32:00.156200
3775,201807196321563,PRIN,32,57,78,507,39546.00,2018-07-19 06:32:00.156300
3776,201807196321543,PRIN,39,59,50,511,25550.00,2018-07-19 06:32:00.154300
3777,201807196321544,PRIN,32,59,300,510,153000.00,2018-07-19 06:32:00.154400
3778,201807196321545,PRIN,50,59,100,510,51000.00,2018-07-19 06:32:00.154500
3779,201807196321413,PRIN,57,59,500,512,256000.00,2018-07-19 06:32:00.141300
3780,201807196321362,PRIN,32,59,100,510,51000.00,2018-07-19 06:32:00.136200
3781,201807196321370,PRIN,32,59,300,510,153000.00,2018-07-19 06:32:00.137000
3782,201807196321337,PRIN,45,59,100,510,51000.00,2018-07-19 06:32:00.133700
3783,201807196321291,PRIN,17,59,30,512,15360.00,2018-07-19 06:32:00.129100
3784,201807196321292,PRIN,39,59,70,510,35700.00,2018-07-19 06:32:00.129200
3785,201807196321293,PRIN,44,59,200,509,101800.00,2018-07-19 06:32:00.129300
3786,201807196321294,PRIN,39,59,100,508,50800.00,2018-07-19 06:32:00.129400
3787,201807196321295,PRIN,29,59,50,508,25400.00,2018-07-19 06:32:00.129500
3788,201807196321296,PRIN,32,59,50,507,25350.00,2018-07-19 06:32:00.129600
3789,201807196321301,PRIN,44,59,10000,500,5000000.00,2018-07-19 06:32:00.130100
3790,201807196321186,PRIN,39,35,150,516,77400.00,2018-07-19 06:32:00.118600
3791,201807186320011,PRIN,28,5,70,516,36120.00,2018-07-18 06:32:00.001100
3792,201807186319732,PRIN,57,34,102,518,52836.00,2018-07-18 06:31:00.973200
3793,201807186319842,PRIN,57,1,300,518,155400.00,2018-07-18 06:31:00.984200
3794,201807186319859,PRIN,57,5,98,518,50764.00,2018-07-18 06:31:00.985900
3795,201807186319916,PRIN,40,5,200,518,103600.00,2018-07-18 06:31:00.991600
3796,201807186319098,PRIN,8,34,100,516,51600.00,2018-07-18 06:31:00.909800
3797,201807186319088,PRIN,1,5,60,517,31020.00,2018-07-18 06:31:00.908800
3798,201807186319079,PRIN,1,48,40,517,20680.00,2018-07-18 06:31:00.907900
3799,201807186318865,PRIN,32,5,100,520,52000.00,2018-07-18 06:31:00.886500
3800,201807186318851,PRIN,32,29,100,521,52100.00,2018-07-18 06:31:00.885100
3801,201807186318798,PRIN,21,22,96,520,49920.00,2018-07-18 06:31:00.879800
3802,201807186318799,PRIN,21,44,19,520,9880.00,2018-07-18 06:31:00.879900
3803,201807186318208,PRIN,50,5,20,515,10300.00,2018-07-18 06:31:00.820800
3804,201807186317920,PRIN,32,5,100,512,51200.00,2018-07-18 06:31:00.792000
3805,201807176317698,PRIN,32,47,200,521,104200.00,2018-07-17 06:31:00.769800
3806,201807176317542,PRIN,43,28,20,527,10540.00,2018-07-17 06:31:00.754200
3807,201807176317543,PRIN,48,28,480,526,252480.00,2018-07-17 06:31:00.754300
3808,201807176317474,PRIN,43,36,50,527,26350.00,2018-07-17 06:31:00.747400
3809,201807176317475,PRIN,47,36,20,527,10540.00,2018-07-17 06:31:00.747500
3810,201807176317178,PRIN,46,20,15,531,7965.00,2018-07-17 06:31:00.717800
3811,201807176316934,PRIN,5,21,10,532,5320.00,2018-07-17 06:31:00.693400
3812,201807176316935,PRIN,57,21,85,532,45220.00,2018-07-17 06:31:00.693500
3813,201807176316936,PRIN,46,21,205,531,108855.00,2018-07-17 06:31:00.693600
3814,201807176316896,PRIN,57,42,20,532,10640.00,2018-07-17 06:31:00.689600
3815,201807176316349,PRIN,57,45,65,535,34775.00,2018-07-17 06:31:00.634900
3816,201807176316190,PRIN,5,13,50,535,26750.00,2018-07-17 06:31:00.619000
3817,201807176316066,PRIN,57,57,50,534,26700.00,2018-07-17 06:31:00.606600
3818,201807176316067,PRIN,57,22,180,535,96300.00,2018-07-17 06:31:00.606700
3819,201807176316068,PRIN,57,25,100,535,53500.00,2018-07-17 06:31:00.606800
3820,201807176315277,PRIN,45,57,400,530,212000.00,2018-07-17 06:31:00.527700
3821,201807176315230,PRIN,29,39,200,535,107000.00,2018-07-17 06:31:00.523000
3822,201807176315228,PRIN,29,39,100,535,53500.00,2018-07-17 06:31:00.522800
3823,201807176315226,PRIN,29,53,200,535,107000.00,2018-07-17 06:31:00.522600
3824,201807166315016,PRIN,51,28,10,535,5350.00,2018-07-16 06:31:00.501600
3825,201807166314873,PRIN,11,28,80,528,42240.00,2018-07-16 06:31:00.487300
3826,201807166314874,PRIN,34,28,170,527,89590.00,2018-07-16 06:31:00.487400
3827,201807166314875,PRIN,4,28,500,526,263000.00,2018-07-16 06:31:00.487500
3828,201807166314764,PRIN,11,43,100,528,52800.00,2018-07-16 06:31:00.476400
3829,201807166314357,PRIN,21,33,200,532,106400.00,2018-07-16 06:31:00.435700
3830,201807166314212,PRIN,6,29,99,530,52470.00,2018-07-16 06:31:00.421200
3831,201807166314192,PRIN,50,32,100,532,53200.00,2018-07-16 06:31:00.419200
3832,201807166314193,PRIN,50,22,200,533,106600.00,2018-07-16 06:31:00.419300
3833,201807166314122,PRIN,58,20,100,530,53000.00,2018-07-16 06:31:00.412200
3834,201807166314123,PRIN,58,19,100,530,53000.00,2018-07-16 06:31:00.412300
3835,201807166314091,PRIN,34,8,102,529,53958.00,2018-07-16 06:31:00.409100
3836,201807166314044,PRIN,21,1,80,527,42160.00,2018-07-16 06:31:00.404400
3837,201807166313952,PRIN,43,19,50,525,26250.00,2018-07-16 06:31:00.395200
3838,201807166313364,PRIN,46,57,70,522,36540.00,2018-07-16 06:31:00.336400
3839,201807166313365,PRIN,33,57,30,521,15630.00,2018-07-16 06:31:00.336500
3840,201807166313366,PRIN,51,57,200,521,104200.00,2018-07-16 06:31:00.336600
3841,201807166313340,PRIN,46,26,30,522,15660.00,2018-07-16 06:31:00.334000
3842,201807166312873,PRIN,22,1,100,524,52400.00,2018-07-16 06:31:00.287300
3843,201807166312591,PRIN,48,47,200,525,105000.00,2018-07-16 06:31:00.259100
3844,201807166312592,PRIN,48,7,50,525,26250.00,2018-07-16 06:31:00.259200
3845,201807166312416,PRIN,58,7,34,525,17850.00,2018-07-16 06:31:00.241600
3846,201807166312417,PRIN,44,7,96,525,50400.00,2018-07-16 06:31:00.241700
3847,201807166312285,PRIN,58,32,66,525,34650.00,2018-07-16 06:31:00.228500
3848,201807166311873,PRIN,21,47,200,525,105000.00,2018-07-16 06:31:00.187300
3849,201807166311874,PRIN,21,25,100,525,52500.00,2018-07-16 06:31:00.187400
3850,201807166311787,PRIN,1,47,100,520,52000.00,2018-07-16 06:31:00.178700
3851,201807156311482,PRIN,39,21,50,520,26000.00,2018-07-15 06:31:00.148200
3852,201807156311357,PRIN,21,44,93,520,48360.00,2018-07-15 06:31:00.135700
3853,201807156309797,PRIN,5,5,2,506,1012.00,2018-07-15 06:30:00.979700
3854,201807156309244,PRIN,51,41,56,516,28896.00,2018-07-15 06:30:00.924400
3855,201807156308348,PRIN,28,1,20,525,10500.00,2018-07-15 06:30:00.834800
3856,201807126307228,PRIN,32,45,21,515,10815.00,2018-07-12 06:30:00.722800
3857,201807126307150,PRIN,1,14,50,513,25650.00,2018-07-12 06:30:00.715000
3858,201807126307040,PRIN,1,21,100,513,51300.00,2018-07-12 06:30:00.704000
3859,201807126306901,PRIN,18,45,30,515,15450.00,2018-07-12 06:30:00.690100
3860,201807126306832,PRIN,47,45,15,515,7725.00,2018-07-12 06:30:00.683200
3861,201807126306733,PRIN,47,45,134,516,69144.00,2018-07-12 06:30:00.673300
3862,201807126306734,PRIN,8,45,100,515,51500.00,2018-07-12 06:30:00.673400
3863,201807126306622,PRIN,28,28,250,518,129500.00,2018-07-12 06:30:00.662200
3864,201807126306623,PRIN,42,28,10,518,5180.00,2018-07-12 06:30:00.662300
3865,201807126306624,PRIN,48,28,500,518,259000.00,2018-07-12 06:30:00.662400
3866,201807126306625,PRIN,45,28,100,517,51700.00,2018-07-12 06:30:00.662500
3867,201807126306626,PRIN,39,28,24,516,12384.00,2018-07-12 06:30:00.662600
3868,201807126306627,PRIN,54,28,50,516,25800.00,2018-07-12 06:30:00.662700
3869,201807126306628,PRIN,47,28,66,516,34056.00,2018-07-12 06:30:00.662800
3870,201807126306472,PRIN,48,20,93,520,48360.00,2018-07-12 06:30:00.647200
3871,201807126306473,PRIN,35,20,100,520,52000.00,2018-07-12 06:30:00.647300
3872,201807126306474,PRIN,26,20,57,519,29583.00,2018-07-12 06:30:00.647400
3873,201807126306475,PRIN,28,20,150,518,77700.00,2018-07-12 06:30:00.647500
3874,201807126306404,PRIN,48,17,250,520,130000.00,2018-07-12 06:30:00.640400
3875,201807126306309,PRIN,48,4,57,520,29640.00,2018-07-12 06:30:00.630900
3876,201807126305346,PRIN,17,53,200,519,103800.00,2018-07-12 06:30:00.534600
3877,201807126304319,PRIN,14,41,50,518,25900.00,2018-07-12 06:30:00.431900
3878,201807126304320,PRIN,56,41,100,517,51700.00,2018-07-12 06:30:00.432000
3879,201807126304321,PRIN,39,41,76,516,39216.00,2018-07-12 06:30:00.432100
3880,201807126303623,PRIN,48,29,100,515,51500.00,2018-07-12 06:30:00.362300
3881,201807126303596,PRIN,51,28,181,517,93577.00,2018-07-12 06:30:00.359600
3882,201807126303597,PRIN,39,28,200,516,103200.00,2018-07-12 06:30:00.359700
3883,201807126303598,PRIN,29,28,99,515,50985.00,2018-07-12 06:30:00.359800
3884,201807126303576,PRIN,14,18,25,520,13000.00,2018-07-12 06:30:00.357600
3885,201807126303577,PRIN,51,18,19,517,9823.00,2018-07-12 06:30:00.357700
3886,201807116302858,PRIN,28,32,24,525,12600.00,2018-07-11 06:30:00.285800
3887,201807116302859,PRIN,28,59,70,525,36750.00,2018-07-11 06:30:00.285900
3888,201807116302618,PRIN,50,20,100,526,52600.00,2018-07-11 06:30:00.261800
3889,201807116302619,PRIN,42,20,50,525,26250.00,2018-07-11 06:30:00.261900
3890,201807116302620,PRIN,28,20,906,525,475650.00,2018-07-11 06:30:00.262000
3891,201807116302337,PRIN,42,39,200,527,105400.00,2018-07-11 06:30:00.233700
3892,201807116302338,PRIN,17,39,41,526,21566.00,2018-07-11 06:30:00.233800
3893,201807116302043,PRIN,37,22,100,525,52500.00,2018-07-11 06:30:00.204300
3894,201807116302049,PRIN,49,22,94,524,49256.00,2018-07-11 06:30:00.204900
3895,201807116302056,PRIN,17,36,50,526,26300.00,2018-07-11 06:30:00.205600
3896,201807116302036,PRIN,45,32,50,535,26750.00,2018-07-11 06:30:00.203600
3897,201807116302037,PRIN,47,32,20,533,10660.00,2018-07-11 06:30:00.203700
3898,201807116302038,PRIN,18,32,50,531,26550.00,2018-07-11 06:30:00.203800
3899,201807116302039,PRIN,42,32,50,528,26400.00,2018-07-11 06:30:00.203900
3900,201807116302040,PRIN,34,32,2000,527,1054000.00,2018-07-11 06:30:00.204000
3901,201807116301775,PRIN,44,28,100,537,53700.00,2018-07-11 06:30:00.177500
3902,201807116301722,PRIN,44,56,100,537,53700.00,2018-07-11 06:30:00.172200
3903,201807116301707,PRIN,42,51,44,538,23672.00,2018-07-11 06:30:00.170700
3904,201807116301382,PRIN,42,21,50,540,27000.00,2018-07-11 06:30:00.138200
3905,201807116301418,PRIN,42,34,44,540,23760.00,2018-07-11 06:30:00.141800
3906,201807116301419,PRIN,42,34,56,538,30128.00,2018-07-11 06:30:00.141900
3907,201807116301305,PRIN,42,49,106,540,57240.00,2018-07-11 06:30:00.130500
3908,201807116301314,PRIN,42,39,100,540,54000.00,2018-07-11 06:30:00.131400
3909,201807116301329,PRIN,42,59,100,540,54000.00,2018-07-11 06:30:00.132900
3910,201807116301253,PRIN,42,39,80,540,43200.00,2018-07-11 06:30:00.125300
3911,201807116301004,PRIN,10,22,106,546,57876.00,2018-07-11 06:30:00.100400
3912,201807116300456,PRIN,10,28,10,544,5440.00,2018-07-11 06:30:00.045600
3913,201807116300457,PRIN,10,51,50,544,27200.00,2018-07-11 06:30:00.045700
3914,201807116300458,PRIN,10,22,134,544,72896.00,2018-07-11 06:30:00.045800
3915,201807116300459,PRIN,10,53,100,544,54400.00,2018-07-11 06:30:00.045900
3916,201807116300460,PRIN,10,51,300,545,163500.00,2018-07-11 06:30:00.046000
3917,201807116300461,PRIN,10,58,200,545,109000.00,2018-07-11 06:30:00.046100
3918,201807116300462,PRIN,10,25,100,545,54500.00,2018-07-11 06:30:00.046200
3919,201807116300422,PRIN,3,29,100,537,53700.00,2018-07-11 06:30:00.042200
3920,201807116300423,PRIN,3,1,20,538,10760.00,2018-07-11 06:30:00.042300
3921,201807116299710,PRIN,57,38,400,535,214000.00,2018-07-11 06:29:00.971000
3922,201807116299053,PRIN,49,28,40,534,21360.00,2018-07-11 06:29:00.905300
3923,201807116299054,PRIN,43,28,150,534,80100.00,2018-07-11 06:29:00.905400
3924,201807116299055,PRIN,28,28,31,533,16523.00,2018-07-11 06:29:00.905500
3925,201807116299056,PRIN,53,28,50,533,26650.00,2018-07-11 06:29:00.905600
3926,201807116299057,PRIN,32,28,199,532,105868.00,2018-07-11 06:29:00.905700
3927,201807116298947,PRIN,49,28,10,534,5340.00,2018-07-11 06:29:00.894700
3928,201807116298252,PRIN,49,45,11,524,5764.00,2018-07-11 06:29:00.825200
3929,201807106297998,PRIN,48,6,100,524,52400.00,2018-07-10 06:29:00.799800
3930,201807106297803,PRIN,28,38,714,526,375564.00,2018-07-10 06:29:00.780300
3931,201807106297804,PRIN,28,38,75,525,39375.00,2018-07-10 06:29:00.780400
3932,201807106297805,PRIN,36,38,610,525,320250.00,2018-07-10 06:29:00.780500
3933,201807106297806,PRIN,32,38,100,525,52500.00,2018-07-10 06:29:00.780600
3934,201807106297455,PRIN,28,7,86,526,45236.00,2018-07-10 06:29:00.745500
3935,201807106297313,PRIN,28,32,200,526,105200.00,2018-07-10 06:29:00.731300
3936,201807106297119,PRIN,28,45,15,525,7875.00,2018-07-10 06:29:00.711900
3937,201807106297046,PRIN,36,39,390,525,204750.00,2018-07-10 06:29:00.704600
3938,201807106296370,PRIN,28,21,10,525,5250.00,2018-07-10 06:29:00.637000
3939,201807106296148,PRIN,54,48,161,531,85491.00,2018-07-10 06:29:00.614800
3940,201807106296166,PRIN,28,6,21,531,11151.00,2018-07-10 06:29:00.616600
3941,201807106296167,PRIN,54,6,39,531,20709.00,2018-07-10 06:29:00.616700
3942,201807106296001,PRIN,52,11,291,532,154812.00,2018-07-10 06:29:00.600100
3943,201807106296002,PRIN,22,11,30,532,15960.00,2018-07-10 06:29:00.600200
3944,201807106296020,PRIN,28,11,279,531,148149.00,2018-07-10 06:29:00.602000
3945,201807106295956,PRIN,52,53,100,532,53200.00,2018-07-10 06:29:00.595600
3946,201807106295965,PRIN,57,53,10,532,5320.00,2018-07-10 06:29:00.596500
3947,201807106295966,PRIN,52,53,90,532,47880.00,2018-07-10 06:29:00.596600
3948,201807106295806,PRIN,52,52,19,532,10108.00,2018-07-10 06:29:00.580600
3949,201807106295475,PRIN,28,29,100,532,53200.00,2018-07-10 06:29:00.547500
3950,201807106295426,PRIN,38,38,1000,531,531000.00,2018-07-10 06:29:00.542600
3951,201807106295308,PRIN,57,45,119,532,63308.00,2018-07-10 06:29:00.530800
3952,201807106295194,PRIN,28,28,200,531,106200.00,2018-07-10 06:29:00.519400
3953,201807106295017,PRIN,54,48,200,531,106200.00,2018-07-10 06:29:00.501700
3954,201807106295018,PRIN,37,48,100,531,53100.00,2018-07-10 06:29:00.501800
3955,201807106294749,PRIN,17,47,200,532,106400.00,2018-07-10 06:29:00.474900
3956,201807106294754,PRIN,17,28,300,532,159600.00,2018-07-10 06:29:00.475400
3957,201807106294329,PRIN,37,47,100,531,53100.00,2018-07-10 06:29:00.432900
3958,201807106294027,PRIN,14,21,300,531,159300.00,2018-07-10 06:29:00.402700
3959,201807096293454,PRIN,56,41,100,523,52300.00,2018-07-09 06:29:00.345400
3960,201807096292963,PRIN,53,7,200,521,104200.00,2018-07-09 06:29:00.296300
3961,201807096292925,PRIN,10,52,100,521,52100.00,2018-07-09 06:29:00.292500
3962,201807096292756,PRIN,10,4,200,521,104200.00,2018-07-09 06:29:00.275600
3963,201807096292651,PRIN,10,47,120,521,62520.00,2018-07-09 06:29:00.265100
3964,201807096292588,PRIN,51,7,20,525,10500.00,2018-07-09 06:29:00.258800
3965,201807096292589,PRIN,36,7,400,522,208800.00,2018-07-09 06:29:00.258900
3966,201807096292590,PRIN,10,7,580,521,302180.00,2018-07-09 06:29:00.259000
3967,201807096292276,PRIN,36,42,141,524,73884.00,2018-07-09 06:29:00.227600
3968,201807096291926,PRIN,45,28,200,527,105400.00,2018-07-09 06:29:00.192600
3969,201807096291927,PRIN,21,28,200,526,105200.00,2018-07-09 06:29:00.192700
3970,201807096291897,PRIN,16,14,200,528,105600.00,2018-07-09 06:29:00.189700
3971,201807096291766,PRIN,16,21,300,528,158400.00,2018-07-09 06:29:00.176600
3972,201807096291298,PRIN,28,29,1000,521,521000.00,2018-07-09 06:29:00.129800
3973,201807096291112,PRIN,10,19,50,530,26500.00,2018-07-09 06:29:00.111200
3974,201807096291113,PRIN,10,11,500,530,265000.00,2018-07-09 06:29:00.111300
3975,201807096291114,PRIN,10,21,100,530,53000.00,2018-07-09 06:29:00.111400
3976,201807096290040,PRIN,41,43,24,522,12528.00,2018-07-09 06:29:00.004000
3977,201807096290054,PRIN,54,43,100,520,52000.00,2018-07-09 06:29:00.005400
3978,201807096290002,PRIN,41,53,140,522,73080.00,2018-07-09 06:29:00.000200
3979,201807096289436,PRIN,52,52,2,516,1032.00,2018-07-09 06:28:00.943600
3980,201807086289234,PRIN,20,49,10,526,5260.00,2018-07-08 06:28:00.923400
3981,201807086289211,PRIN,22,49,100,536,53600.00,2018-07-08 06:28:00.921100
3982,201807086288951,PRIN,44,49,150,535,80250.00,2018-07-08 06:28:00.895100
3983,201807086288458,PRIN,51,32,200,526,105200.00,2018-07-08 06:28:00.845800
3984,201807086288459,PRIN,28,32,152,525,79800.00,2018-07-08 06:28:00.845900
3985,201807086288131,PRIN,20,32,100,534,53400.00,2018-07-08 06:28:00.813100
3986,201807086288132,PRIN,26,32,100,533,53300.00,2018-07-08 06:28:00.813200
3987,201807086288133,PRIN,35,32,100,533,53300.00,2018-07-08 06:28:00.813300
3988,201807086288134,PRIN,7,32,200,531,106200.00,2018-07-08 06:28:00.813400
3989,201807086288135,PRIN,28,32,300,530,159000.00,2018-07-08 06:28:00.813500
3990,201807086288136,PRIN,55,32,200,529,105800.00,2018-07-08 06:28:00.813600
3991,201807086287980,PRIN,50,49,487,535,260545.00,2018-07-08 06:28:00.798000
3992,201807086287882,PRIN,28,49,613,535,327955.00,2018-07-08 06:28:00.788200
3993,201807086287870,PRIN,42,21,13,535,6955.00,2018-07-08 06:28:00.787000
3994,201807086287871,PRIN,34,21,100,535,53500.00,2018-07-08 06:28:00.787100
3995,201807086287872,PRIN,28,21,387,535,207045.00,2018-07-08 06:28:00.787200
3996,201807086287677,PRIN,57,7,50,540,27000.00,2018-07-08 06:28:00.767700
3997,201807086287680,PRIN,35,7,150,539,80850.00,2018-07-08 06:28:00.768000
3998,201807086287681,PRIN,20,7,100,536,53600.00,2018-07-08 06:28:00.768100
3999,201807086287411,PRIN,47,39,100,549,54900.00,2018-07-08 06:28:00.741100
4000,201807086287412,PRIN,47,22,50,549,27450.00,2018-07-08 06:28:00.741200
4001,201807086287376,PRIN,47,54,50,545,27250.00,2018-07-08 06:28:00.737600
4002,201807086287307,PRIN,53,25,200,544,108800.00,2018-07-08 06:28:00.730700
4003,201807086286802,PRIN,10,28,100,545,54500.00,2018-07-08 06:28:00.680200
4004,201807086286804,PRIN,29,53,50,548,27400.00,2018-07-08 06:28:00.680400
4005,201807086286805,PRIN,29,7,70,548,38360.00,2018-07-08 06:28:00.680500
4006,201807086286807,PRIN,10,34,100,545,54500.00,2018-07-08 06:28:00.680700
4007,201807086286770,PRIN,10,49,40,539,21560.00,2018-07-08 06:28:00.677000
4008,201807086286771,PRIN,10,33,200,540,108000.00,2018-07-08 06:28:00.677100
4009,201807086286772,PRIN,10,51,100,544,54400.00,2018-07-08 06:28:00.677200
4010,201807086286773,PRIN,10,51,189,545,103005.00,2018-07-08 06:28:00.677300
4011,201807086286774,PRIN,10,25,169,545,92105.00,2018-07-08 06:28:00.677400
4012,201807086286775,PRIN,10,19,100,545,54500.00,2018-07-08 06:28:00.677500
4013,201807086286655,PRIN,42,21,37,535,19795.00,2018-07-08 06:28:00.665500
4014,201807086286235,PRIN,51,49,10,539,5390.00,2018-07-08 06:28:00.623500
4015,201807086286105,PRIN,26,39,10,540,5400.00,2018-07-08 06:28:00.610500
4016,201807086286106,PRIN,14,39,100,540,54000.00,2018-07-08 06:28:00.610600
4017,201807086286107,PRIN,14,39,50,540,27000.00,2018-07-08 06:28:00.610700
4018,201807086286108,PRIN,51,39,40,539,21560.00,2018-07-08 06:28:00.610800
4019,201807086286071,PRIN,26,21,90,540,48600.00,2018-07-08 06:28:00.607100
4020,201807086285637,PRIN,49,37,200,544,108800.00,2018-07-08 06:28:00.563700
4021,201807086285205,PRIN,49,57,50,545,27250.00,2018-07-08 06:28:00.520500
4022,201807086285169,PRIN,28,21,90,544,48960.00,2018-07-08 06:28:00.516900
4023,201807086285170,PRIN,28,21,60,544,32640.00,2018-07-08 06:28:00.517000
4024,201807086285171,PRIN,28,56,139,545,75755.00,2018-07-08 06:28:00.517100
4025,201807086285172,PRIN,28,22,100,545,54500.00,2018-07-08 06:28:00.517200
4026,201807086285189,PRIN,28,51,11,545,5995.00,2018-07-08 06:28:00.518900
4027,201807086284808,PRIN,17,54,50,544,27200.00,2018-07-08 06:28:00.480800
4028,201807086284809,PRIN,45,54,50,543,27150.00,2018-07-08 06:28:00.480900
4029,201807086284648,PRIN,39,59,86,544,46784.00,2018-07-08 06:28:00.464800
4030,201807086284537,PRIN,38,59,50,545,27250.00,2018-07-08 06:28:00.453700
4031,201807086284538,PRIN,28,59,39,545,21255.00,2018-07-08 06:28:00.453800
4032,201807086284539,PRIN,19,59,325,544,176800.00,2018-07-08 06:28:00.453900
4033,201807086284370,PRIN,53,39,100,539,53900.00,2018-07-08 06:28:00.437000
4034,201807086284100,PRIN,20,20,238,538,128044.00,2018-07-08 06:28:00.410000
4035,201807086283869,PRIN,53,17,30,529,15870.00,2018-07-08 06:28:00.386900
4036,201807086283861,PRIN,34,28,30,539,16170.00,2018-07-08 06:28:00.386100
4037,201807086283862,PRIN,54,28,100,535,53500.00,2018-07-08 06:28:00.386200
4038,201807086283863,PRIN,8,28,100,530,53000.00,2018-07-08 06:28:00.386300
4039,201807086283864,PRIN,53,28,70,529,37030.00,2018-07-08 06:28:00.386400
4040,201807086283640,PRIN,39,14,30,540,16200.00,2018-07-08 06:28:00.364000
4041,201807086283641,PRIN,34,14,70,539,37730.00,2018-07-08 06:28:00.364100
4042,201807086283442,PRIN,17,17,10,545,5450.00,2018-07-08 06:28:00.344200
4043,201807086283443,PRIN,41,17,40,540,21600.00,2018-07-08 06:28:00.344300
4044,201807086283452,PRIN,41,17,30,540,16200.00,2018-07-08 06:28:00.345200
4045,201807086283453,PRIN,39,17,270,540,145800.00,2018-07-08 06:28:00.345300
4046,201807086283376,PRIN,7,22,50,548,27400.00,2018-07-08 06:28:00.337600
4047,201807086283383,PRIN,37,22,50,548,27400.00,2018-07-08 06:28:00.338300
4048,201807086283384,PRIN,37,17,100,550,55000.00,2018-07-08 06:28:00.338400
4049,201807086283422,PRIN,17,25,40,545,21800.00,2018-07-08 06:28:00.342200
4050,201807086283359,PRIN,41,54,50,548,27400.00,2018-07-08 06:28:00.335900
4051,201807086283360,PRIN,7,54,50,548,27400.00,2018-07-08 06:28:00.336000
4052,201807086283289,PRIN,41,17,50,548,27400.00,2018-07-08 06:28:00.328900
4053,201807086283085,PRIN,16,59,100,546,54600.00,2018-07-08 06:28:00.308500
4054,201807086283086,PRIN,13,59,100,545,54500.00,2018-07-08 06:28:00.308600
4055,201807086283087,PRIN,59,59,200,545,109000.00,2018-07-08 06:28:00.308700
4056,201807086283058,PRIN,35,53,30,549,16470.00,2018-07-08 06:28:00.305800
4057,201807086282964,PRIN,16,54,100,549,54900.00,2018-07-08 06:28:00.296400
4058,201807086282943,PRIN,59,53,100,545,54500.00,2018-07-08 06:28:00.294300
4059,201807086282951,PRIN,41,10,30,549,16470.00,2018-07-08 06:28:00.295100
4060,201807086282780,PRIN,28,22,30,548,16440.00,2018-07-08 06:28:00.278000
4061,201807086282781,PRIN,28,10,470,549,258030.00,2018-07-08 06:28:00.278100
4062,201807056282554,PRIN,50,58,100,539,53900.00,2018-07-05 06:28:00.255400
4063,201807056282341,PRIN,37,58,100,539,53900.00,2018-07-05 06:28:00.234100
4064,201807056282269,PRIN,54,32,100,538,53800.00,2018-07-05 06:28:00.226900
4065,201807056282145,PRIN,3,45,50,535,26750.00,2018-07-05 06:28:00.214500
4066,201807056282057,PRIN,25,16,100,533,53300.00,2018-07-05 06:28:00.205700
4067,201807056281712,PRIN,34,22,100,540,54000.00,2018-07-05 06:28:00.171200
4068,201807056281729,PRIN,45,20,30,540,16200.00,2018-07-05 06:28:00.172900
4069,201807056281607,PRIN,45,7,59,538,31742.00,2018-07-05 06:28:00.160700
4070,201807056281608,PRIN,45,43,50,539,26950.00,2018-07-05 06:28:00.160800
4071,201807056281609,PRIN,45,54,51,540,27540.00,2018-07-05 06:28:00.160900
4072,201807056281654,PRIN,45,47,20,540,10800.00,2018-07-05 06:28:00.165400
4073,201807056281557,PRIN,54,14,52,538,27976.00,2018-07-05 06:28:00.155700
4074,201807056281558,PRIN,54,42,50,538,26900.00,2018-07-05 06:28:00.155800
4075,201807056281510,PRIN,3,55,150,535,80250.00,2018-07-05 06:28:00.151000
4076,201807056281078,PRIN,28,5,200,535,107000.00,2018-07-05 06:28:00.107800
4077,201807056281079,PRIN,28,58,300,537,161100.00,2018-07-05 06:28:00.107900
4078,201807056280957,PRIN,59,38,186,533,99138.00,2018-07-05 06:28:00.095700
4079,201807056280958,PRIN,59,47,200,534,106800.00,2018-07-05 06:28:00.095800
4080,201807056280959,PRIN,59,25,10,534,5340.00,2018-07-05 06:28:00.095900
4081,201807056280852,PRIN,51,20,100,532,53200.00,2018-07-05 06:28:00.085200
4082,201807056280548,PRIN,34,58,80,527,42160.00,2018-07-05 06:28:00.054800
4083,201807056280536,PRIN,34,58,50,527,26350.00,2018-07-05 06:28:00.053600
4084,201807056280022,PRIN,49,22,130,530,68900.00,2018-07-05 06:28:00.002200
4085,201807056279915,PRIN,49,37,20,530,10600.00,2018-07-05 06:27:00.991500
4086,201807056279857,PRIN,49,41,100,530,53000.00,2018-07-05 06:27:00.985700
4087,201807056279868,PRIN,45,45,1192,530,631760.00,2018-07-05 06:27:00.986800
4088,201807056279809,PRIN,49,11,50,530,26500.00,2018-07-05 06:27:00.980900
4089,201807056279621,PRIN,51,11,100,530,53000.00,2018-07-05 06:27:00.962100
4090,201807056279516,PRIN,26,11,50,530,26500.00,2018-07-05 06:27:00.951600
4091,201807056279432,PRIN,38,18,50,522,26100.00,2018-07-05 06:27:00.943200
4092,201807056279433,PRIN,53,18,50,520,26000.00,2018-07-05 06:27:00.943300
4093,201807056279090,PRIN,21,39,100,529,52900.00,2018-07-05 06:27:00.909000
4094,201807056279007,PRIN,28,43,70,527,36890.00,2018-07-05 06:27:00.900700
4095,201807056279008,PRIN,28,22,200,527,105400.00,2018-07-05 06:27:00.900800
4096,201807056279009,PRIN,28,35,600,528,316800.00,2018-07-05 06:27:00.900900
4097,201807056278732,PRIN,7,32,100,524,52400.00,2018-07-05 06:27:00.873200
4098,201807056278733,PRIN,7,22,200,524,104800.00,2018-07-05 06:27:00.873300
4099,201807056278734,PRIN,7,56,25,525,13125.00,2018-07-05 06:27:00.873400
4100,201807056278735,PRIN,7,8,220,525,115500.00,2018-07-05 06:27:00.873500
4101,201807056278705,PRIN,53,16,20,522,10440.00,2018-07-05 06:27:00.870500
4102,201807056278706,PRIN,53,58,100,523,52300.00,2018-07-05 06:27:00.870600
4103,201807056278496,PRIN,21,25,300,520,156000.00,2018-07-05 06:27:00.849600
4104,201807056278236,PRIN,38,38,1000,520,520000.00,2018-07-05 06:27:00.823600
4105,201807056278048,PRIN,57,20,100,516,51600.00,2018-07-05 06:27:00.804800
4106,201807056277906,PRIN,28,38,56,514,28784.00,2018-07-05 06:27:00.790600
4107,201807056277907,PRIN,28,16,710,515,365650.00,2018-07-05 06:27:00.790700
4108,201807056277908,PRIN,28,28,200,519,103800.00,2018-07-05 06:27:00.790800
4109,201807056277909,PRIN,28,58,34,520,17680.00,2018-07-05 06:27:00.790900
4110,201807056277925,PRIN,28,58,177,520,92040.00,2018-07-05 06:27:00.792500
4111,201807056277926,PRIN,28,6,50,520,26000.00,2018-07-05 06:27:00.792600
4112,201807056277927,PRIN,28,18,100,522,52200.00,2018-07-05 06:27:00.792700
4113,201807056277928,PRIN,28,18,300,522,156600.00,2018-07-05 06:27:00.792800
4114,201807056277929,PRIN,28,54,50,523,26150.00,2018-07-05 06:27:00.792900
4115,201807056277930,PRIN,28,59,48,524,25152.00,2018-07-05 06:27:00.793000
4116,201807056277931,PRIN,28,25,100,525,52500.00,2018-07-05 06:27:00.793100
4117,201807056277932,PRIN,28,56,175,525,91875.00,2018-07-05 06:27:00.793200
4118,201807056277884,PRIN,21,34,300,513,153900.00,2018-07-05 06:27:00.788400
4119,201807056277392,PRIN,59,16,50,513,25650.00,2018-07-05 06:27:00.739200
4120,201807056277393,PRIN,51,16,100,511,51100.00,2018-07-05 06:27:00.739300
4121,201807056277394,PRIN,42,16,50,510,25500.00,2018-07-05 06:27:00.739400
4122,201807056277395,PRIN,39,16,40,510,20400.00,2018-07-05 06:27:00.739500
4123,201807056277396,PRIN,51,16,50,510,25500.00,2018-07-05 06:27:00.739600
4124,201807056277009,PRIN,50,34,100,515,51500.00,2018-07-05 06:27:00.700900
4125,201807056277025,PRIN,39,11,160,515,82400.00,2018-07-05 06:27:00.702500
4126,201807056277041,PRIN,39,20,140,516,72240.00,2018-07-05 06:27:00.704100
4127,201807056277042,PRIN,10,20,60,515,30900.00,2018-07-05 06:27:00.704200
4128,201807056277043,PRIN,43,20,50,515,25750.00,2018-07-05 06:27:00.704300
4129,201807056277044,PRIN,20,20,100,514,51400.00,2018-07-05 06:27:00.704400
4130,201807056277045,PRIN,32,20,100,513,51300.00,2018-07-05 06:27:00.704500
4131,201807056277046,PRIN,59,20,50,513,25650.00,2018-07-05 06:27:00.704600
4132,201807056276991,PRIN,21,11,80,516,41280.00,2018-07-05 06:27:00.699100
4133,201807056276942,PRIN,14,11,50,521,26050.00,2018-07-05 06:27:00.694200
4134,201807056276943,PRIN,41,11,100,520,52000.00,2018-07-05 06:27:00.694300
4135,201807056276922,PRIN,14,11,50,521,26050.00,2018-07-05 06:27:00.692200
4136,201807056276853,PRIN,25,22,100,525,52500.00,2018-07-05 06:27:00.685300
4137,201807056276544,PRIN,11,32,400,520,208000.00,2018-07-05 06:27:00.654400
4138,201807056276545,PRIN,11,20,200,522,104400.00,2018-07-05 06:27:00.654500
4139,201807056276403,PRIN,32,22,250,519,129750.00,2018-07-05 06:27:00.640300
4140,201807056276419,PRIN,58,32,100,516,51600.00,2018-07-05 06:27:00.641900
4141,201807056276420,PRIN,17,32,500,516,258000.00,2018-07-05 06:27:00.642000
4142,201807056276239,PRIN,35,22,40,519,20760.00,2018-07-05 06:27:00.623900
4143,201807056276142,PRIN,42,22,10,525,5250.00,2018-07-05 06:27:00.614200
4144,201807056276055,PRIN,7,22,45,515,23175.00,2018-07-05 06:27:00.605500
4145,201807056276041,PRIN,38,22,255,515,131325.00,2018-07-05 06:27:00.604100
4146,201807056275995,PRIN,57,22,200,520,104000.00,2018-07-05 06:27:00.599500
4147,201807056275951,PRIN,32,39,50,529,26450.00,2018-07-05 06:27:00.595100
4148,201807056275912,PRIN,38,38,45,522,23490.00,2018-07-05 06:27:00.591200
4149,201807056275913,PRIN,38,22,200,523,104600.00,2018-07-05 06:27:00.591300
4150,201807056275898,PRIN,50,49,100,519,51900.00,2018-07-05 06:27:00.589800
4151,201807046275580,PRIN,39,19,10,506,5060.00,2018-07-04 06:27:00.558000
4152,201807046275586,PRIN,39,26,200,513,102600.00,2018-07-04 06:27:00.558600
4153,201807046274171,PRIN,14,58,20,514,10280.00,2018-07-04 06:27:00.417100
4154,201807046274046,PRIN,36,48,100,512,51200.00,2018-07-04 06:27:00.404600
4155,201807046274047,PRIN,36,7,200,513,102600.00,2018-07-04 06:27:00.404700
4156,201807046273957,PRIN,36,1,50,509,25450.00,2018-07-04 06:27:00.395700
4157,201807046273958,PRIN,36,39,200,510,102000.00,2018-07-04 06:27:00.395800
4158,201807046273483,PRIN,39,28,500,506,253000.00,2018-07-04 06:27:00.348300
4159,201807046272934,PRIN,33,32,48,503,24144.00,2018-07-04 06:27:00.293400
4160,201807046272935,PRIN,33,14,143,504,72072.00,2018-07-04 06:27:00.293500
4161,201807046272938,PRIN,33,51,50,505,25250.00,2018-07-04 06:27:00.293800
4162,201807046272004,PRIN,32,45,50,496,24800.00,2018-07-04 06:27:00.200400
4163,201807046272005,PRIN,39,45,50,495,24750.00,2018-07-04 06:27:00.200500
4164,201807036271337,PRIN,55,52,50,500,25000.00,2018-07-03 06:27:00.133700
4165,201807036271180,PRIN,59,38,100,501,50100.00,2018-07-03 06:27:00.118000
4166,201807036271181,PRIN,41,38,100,501,50100.00,2018-07-03 06:27:00.118100
4167,201807036271182,PRIN,37,38,50,501,25050.00,2018-07-03 06:27:00.118200
4168,201807036271183,PRIN,32,38,300,500,150000.00,2018-07-03 06:27:00.118300
4169,201807036271041,PRIN,22,28,212,501,106212.00,2018-07-03 06:27:00.104100
4170,201807036270597,PRIN,33,37,200,505,101000.00,2018-07-03 06:27:00.059700
4171,201807036270460,PRIN,59,58,32,501,16032.00,2018-07-03 06:27:00.046000
4172,201807036270396,PRIN,28,58,208,501,104208.00,2018-07-03 06:27:00.039600
4173,201807036270381,PRIN,28,41,100,501,50100.00,2018-07-03 06:27:00.038100
4174,201807026268209,PRIN,32,59,14,492,6888.00,2018-07-02 06:26:00.820900
4175,201807026268184,PRIN,32,59,100,492,49200.00,2018-07-02 06:26:00.818400
4176,201807026267877,PRIN,28,59,46,494,22724.00,2018-07-02 06:26:00.787700
4177,201807026267878,PRIN,52,59,40,493,19720.00,2018-07-02 06:26:00.787800
4178,201807026267879,PRIN,7,59,200,492,98400.00,2018-07-02 06:26:00.787900
4179,201807026267880,PRIN,29,59,300,492,147600.00,2018-07-02 06:26:00.788000
4180,201807026267731,PRIN,17,59,346,495,171270.00,2018-07-02 06:26:00.773100
4181,201807026267732,PRIN,28,59,454,494,224276.00,2018-07-02 06:26:00.773200
4182,201807026267719,PRIN,6,59,46,498,22908.00,2018-07-02 06:26:00.771900
4183,201807026267720,PRIN,14,59,100,495,49500.00,2018-07-02 06:26:00.772000
4184,201807026267721,PRIN,17,59,454,495,224730.00,2018-07-02 06:26:00.772100
4185,201807026267646,PRIN,57,59,100,500,50000.00,2018-07-02 06:26:00.764600
4186,201807026267534,PRIN,55,5,10,500,5000.00,2018-07-02 06:26:00.753400
4187,201807026267535,PRIN,55,35,50,500,25000.00,2018-07-02 06:26:00.753500
4188,201807026267351,PRIN,19,5,50,500,25000.00,2018-07-02 06:26:00.735100
4189,201807026267255,PRIN,22,35,50,500,25000.00,2018-07-02 06:26:00.725500
4190,201807026267217,PRIN,26,59,500,500,250000.00,2018-07-02 06:26:00.721700
4191,201807026267086,PRIN,51,59,200,500,100000.00,2018-07-02 06:26:00.708600
4192,201807026266943,PRIN,28,49,35,507,17745.00,2018-07-02 06:26:00.694300
4193,201807026266944,PRIN,28,59,167,507,84669.00,2018-07-02 06:26:00.694400
4194,201807026266945,PRIN,28,58,10,508,5080.00,2018-07-02 06:26:00.694500
4195,201807026266931,PRIN,41,45,100,500,50000.00,2018-07-02 06:26:00.693100
4196,201807026266932,PRIN,41,58,23,500,11500.00,2018-07-02 06:26:00.693200
4197,201807026266903,PRIN,55,38,200,499,99800.00,2018-07-02 06:26:00.690300
4198,201807026266505,PRIN,43,34,100,492,49200.00,2018-07-02 06:26:00.650500
4199,201807026266506,PRIN,22,34,46,491,22586.00,2018-07-02 06:26:00.650600
4200,201807026266507,PRIN,6,34,54,491,26514.00,2018-07-02 06:26:00.650700
4201,201807026266179,PRIN,13,42,10,491,4910.00,2018-07-02 06:26:00.617900
4202,201807026266180,PRIN,22,42,54,491,26514.00,2018-07-02 06:26:00.618000
4203,201807026266176,PRIN,22,42,10,492,4920.00,2018-07-02 06:26:00.617600
4204,201807026266165,PRIN,54,42,16,499,7984.00,2018-07-02 06:26:00.616500
4205,201807026266166,PRIN,6,42,30,495,14850.00,2018-07-02 06:26:00.616600
4206,201807026266167,PRIN,28,42,100,492,49200.00,2018-07-02 06:26:00.616700
4207,201807026265161,PRIN,46,35,83,499,41417.00,2018-07-02 06:26:00.516100
4208,201807026265060,PRIN,1,1,578,490,283220.00,2018-07-02 06:26:00.506000
4209,201807016265021,PRIN,44,17,20,498,9960.00,2018-07-01 06:26:00.502100
4210,201807016264628,PRIN,44,34,150,498,74700.00,2018-07-01 06:26:00.462800
4211,201807016264651,PRIN,33,42,20,500,10000.00,2018-07-01 06:26:00.465100
4212,201807016264524,PRIN,48,28,50,500,25000.00,2018-07-01 06:26:00.452400
4213,201807016264536,PRIN,48,42,12,500,6000.00,2018-07-01 06:26:00.453600
4214,201807016264537,PRIN,48,42,300,500,150000.00,2018-07-01 06:26:00.453700
4215,201807016264538,PRIN,21,42,50,499,24950.00,2018-07-01 06:26:00.453800
4216,201807016264539,PRIN,49,42,100,499,49900.00,2018-07-01 06:26:00.453900
4217,201807016264540,PRIN,21,42,453,498,225594.00,2018-07-01 06:26:00.454000
4218,201807016264541,PRIN,54,42,100,498,49800.00,2018-07-01 06:26:00.454100
4219,201807016264446,PRIN,16,51,280,500,140000.00,2018-07-01 06:26:00.444600
4220,201807016264473,PRIN,11,51,50,500,25000.00,2018-07-01 06:26:00.447300
4221,201807016264474,PRIN,16,51,20,500,10000.00,2018-07-01 06:26:00.447400
4222,201807016264475,PRIN,48,51,310,500,155000.00,2018-07-01 06:26:00.447500
4223,201807016263884,PRIN,48,41,28,500,14000.00,2018-07-01 06:26:00.388400
4224,201807016263622,PRIN,48,13,100,500,50000.00,2018-07-01 06:26:00.362200
4225,201807016262627,PRIN,22,49,50,500,25000.00,2018-07-01 06:26:00.262700
4226,201807016262628,PRIN,14,49,50,500,25000.00,2018-07-01 06:26:00.262800
4227,201807016262629,PRIN,45,49,53,500,26500.00,2018-07-01 06:26:00.262900
4228,201807016262630,PRIN,21,49,47,498,23406.00,2018-07-01 06:26:00.263000
4229,201807016262576,PRIN,45,39,147,500,73500.00,2018-07-01 06:26:00.257600
4230,201807016262209,PRIN,16,28,700,500,350000.00,2018-07-01 06:26:00.220900
4231,201807016261794,PRIN,57,28,232,500,116000.00,2018-07-01 06:26:00.179400
4232,201807016261795,PRIN,13,28,91,500,45500.00,2018-07-01 06:26:00.179500
4233,201807016261721,PRIN,57,11,200,500,100000.00,2018-07-01 06:26:00.172100
4234,201807016261667,PRIN,36,7,300,502,150600.00,2018-07-01 06:26:00.166700
4235,201807016261668,PRIN,37,7,100,501,50100.00,2018-07-01 06:26:00.166800
4236,201807016261669,PRIN,49,7,100,501,50100.00,2018-07-01 06:26:00.166900
4237,201807016261670,PRIN,39,7,30,500,15000.00,2018-07-01 06:26:00.167000
4238,201807016261671,PRIN,57,7,68,500,34000.00,2018-07-01 06:26:00.167100
4239,201806286261197,PRIN,44,32,1400,509,712600.00,2018-06-28 06:26:00.119700
4240,201806286260737,PRIN,13,32,100,510,51000.00,2018-06-28 06:26:00.073700
4241,201806286260613,PRIN,17,19,15,508,7620.00,2018-06-28 06:26:00.061300
4242,201806286260627,PRIN,17,32,60,508,30480.00,2018-06-28 06:26:00.062700
4243,201806286260628,PRIN,11,32,1000,507,507000.00,2018-06-28 06:26:00.062800
4244,201806286260410,PRIN,17,52,100,508,50800.00,2018-06-28 06:26:00.041000
4245,201806286260411,PRIN,17,36,200,508,101600.00,2018-06-28 06:26:00.041100
4246,201806286260390,PRIN,17,28,125,508,63500.00,2018-06-28 06:26:00.039000
4247,201806286260275,PRIN,17,45,500,508,254000.00,2018-06-28 06:26:00.027500
4248,201806286260260,PRIN,17,42,100,508,50800.00,2018-06-28 06:26:00.026000
4249,201806286260014,PRIN,16,58,100,508,50800.00,2018-06-28 06:26:00.001400
4250,201806286259254,PRIN,54,45,100,510,51000.00,2018-06-28 06:25:00.925400
4251,201806286258483,PRIN,58,28,23,506,11638.00,2018-06-28 06:25:00.848300
4252,201806286258495,PRIN,22,28,800,505,404000.00,2018-06-28 06:25:00.849500
4253,201806286258376,PRIN,34,56,10,505,5050.00,2018-06-28 06:25:00.837600
4254,201806286258377,PRIN,59,56,10,504,5040.00,2018-06-28 06:25:00.837700
4255,201806286258378,PRIN,39,56,10,504,5040.00,2018-06-28 06:25:00.837800
4256,201806276257923,PRIN,49,32,10,514,5140.00,2018-06-27 06:25:00.792300
4257,201806276257626,PRIN,25,32,125,509,63625.00,2018-06-27 06:25:00.762600
4258,201806276257627,PRIN,7,32,301,508,152908.00,2018-06-27 06:25:00.762700
4259,201806276257628,PRIN,21,32,600,507,304200.00,2018-06-27 06:25:00.762800
4260,201806276257629,PRIN,37,32,200,505,101000.00,2018-06-27 06:25:00.762900
4261,201806276257630,PRIN,58,32,300,504,151200.00,2018-06-27 06:25:00.763000
4262,201806276257378,PRIN,7,55,100,508,50800.00,2018-06-27 06:25:00.737800
4263,201806276257251,PRIN,32,57,169,508,85852.00,2018-06-27 06:25:00.725100
4264,201806276257259,PRIN,32,22,100,509,50900.00,2018-06-27 06:25:00.725900
4265,201806276257260,PRIN,32,22,31,508,15748.00,2018-06-27 06:25:00.726000
4266,201806276257261,PRIN,7,22,99,508,50292.00,2018-06-27 06:25:00.726100
4267,201806276257102,PRIN,17,17,500,510,255000.00,2018-06-27 06:25:00.710200
4268,201806276256961,PRIN,21,22,60,519,31140.00,2018-06-27 06:25:00.696100
4269,201806276256882,PRIN,48,10,150,515,77250.00,2018-06-27 06:25:00.688200
4270,201806276256749,PRIN,55,22,10,516,5160.00,2018-06-27 06:25:00.674900
4271,201806276256532,PRIN,39,52,30,514,15420.00,2018-06-27 06:25:00.653200
4272,201806276256516,PRIN,56,17,10,508,5080.00,2018-06-27 06:25:00.651600
4273,201806276256517,PRIN,56,14,155,509,78895.00,2018-06-27 06:25:00.651700
4274,201806276256520,PRIN,54,1,27,510,13770.00,2018-06-27 06:25:00.652000
4275,201806276256521,PRIN,54,29,100,510,51000.00,2018-06-27 06:25:00.652100
4276,201806266254534,PRIN,26,28,10,506,5060.00,2018-06-26 06:25:00.453400
4277,201806266254535,PRIN,40,28,31,505,15655.00,2018-06-26 06:25:00.453500
4278,201806266254175,PRIN,40,7,250,505,126250.00,2018-06-26 06:25:00.417500
4279,201806266254032,PRIN,40,34,100,505,50500.00,2018-06-26 06:25:00.403200
4280,201806266254024,PRIN,40,40,119,505,60095.00,2018-06-26 06:25:00.402400
4281,201806266253749,PRIN,45,21,150,506,75900.00,2018-06-26 06:25:00.374900
4282,201806266253660,PRIN,39,28,150,503,75450.00,2018-06-26 06:25:00.366000
4283,201806266253577,PRIN,33,42,200,506,101200.00,2018-06-26 06:25:00.357700
4284,201806266253464,PRIN,19,21,263,503,132289.00,2018-06-26 06:25:00.346400
4285,201806266253261,PRIN,58,58,100,505,50500.00,2018-06-26 06:25:00.326100
4286,201806266253262,PRIN,14,58,100,504,50400.00,2018-06-26 06:25:00.326200
4287,201806266253263,PRIN,43,58,20,503,10060.00,2018-06-26 06:25:00.326300
4288,201806266253264,PRIN,19,58,37,503,18611.00,2018-06-26 06:25:00.326400
4289,201806266252941,PRIN,39,39,144,505,72720.00,2018-06-26 06:25:00.294100
4290,201806266252927,PRIN,34,39,16,506,8096.00,2018-06-26 06:25:00.292700
4291,201806266252928,PRIN,17,39,50,505,25250.00,2018-06-26 06:25:00.292800
4292,201806266252929,PRIN,11,39,50,505,25250.00,2018-06-26 06:25:00.292900
4293,201806266252188,PRIN,45,45,160,506,80960.00,2018-06-26 06:25:00.218800
4294,201806266251840,PRIN,22,1,50,505,25250.00,2018-06-26 06:25:00.184000
4295,201806266251812,PRIN,29,45,100,505,50500.00,2018-06-26 06:25:00.181200
4296,201806256251256,PRIN,22,50,40,507,20280.00,2018-06-25 06:25:00.125600
4297,201806256251122,PRIN,53,17,100,506,50600.00,2018-06-25 06:25:00.112200
4298,201806256250999,PRIN,11,7,10,507,5070.00,2018-06-25 06:25:00.099900
4299,201806256251000,PRIN,57,7,100,506,50600.00,2018-06-25 06:25:00.100000
4300,201806256251001,PRIN,51,7,60,506,30360.00,2018-06-25 06:25:00.100100
4301,201806256251002,PRIN,56,7,100,506,50600.00,2018-06-25 06:25:00.100200
4302,201806256250943,PRIN,57,17,200,507,101400.00,2018-06-25 06:25:00.094300
4303,201806256250663,PRIN,45,20,500,508,254000.00,2018-06-25 06:25:00.066300
4304,201806256250235,PRIN,6,56,30,512,15360.00,2018-06-25 06:25:00.023500
4305,201806256250099,PRIN,32,44,200,508,101600.00,2018-06-25 06:25:00.009900
4306,201806256250107,PRIN,32,44,157,508,79756.00,2018-06-25 06:25:00.010700
4307,201806256249659,PRIN,32,11,100,510,51000.00,2018-06-25 06:24:00.965900
4308,201806256249660,PRIN,32,50,100,510,51000.00,2018-06-25 06:24:00.966000
4309,201806256249663,PRIN,32,50,45,510,22950.00,2018-06-25 06:24:00.966300
4310,201806256249559,PRIN,39,20,50,508,25400.00,2018-06-25 06:24:00.955900
4311,201806256249560,PRIN,39,20,450,507,228150.00,2018-06-25 06:24:00.956000
4312,201806256249165,PRIN,26,39,20,512,10240.00,2018-06-25 06:24:00.916500
4313,201806256249166,PRIN,7,39,100,511,51100.00,2018-06-25 06:24:00.916600
4314,201806256249167,PRIN,39,39,100,510,51000.00,2018-06-25 06:24:00.916700
4315,201806256249168,PRIN,47,39,20,510,10200.00,2018-06-25 06:24:00.916800
4316,201806256248944,PRIN,35,36,10,512,5120.00,2018-06-25 06:24:00.894400
4317,201806256248922,PRIN,49,36,50,512,25600.00,2018-06-25 06:24:00.892200
4318,201806256248566,PRIN,42,19,50,520,26000.00,2018-06-25 06:24:00.856600
4319,201806246247887,PRIN,7,11,100,515,51500.00,2018-06-24 06:24:00.788700
4320,201806246247883,PRIN,29,11,10,520,5200.00,2018-06-24 06:24:00.788300
4321,201806246247087,PRIN,40,32,10,522,5220.00,2018-06-24 06:24:00.708700
4322,201806246247088,PRIN,29,32,90,520,46800.00,2018-06-24 06:24:00.708800
4323,201806246246720,PRIN,28,35,50,522,26100.00,2018-06-24 06:24:00.672000
4324,201806246246011,PRIN,5,22,100,532,53200.00,2018-06-24 06:24:00.601100
4325,201806246246012,PRIN,5,16,100,532,53200.00,2018-06-24 06:24:00.601200
4326,201806246245924,PRIN,10,47,98,520,50960.00,2018-06-24 06:24:00.592400
4327,201806246245925,PRIN,10,34,100,522,52200.00,2018-06-24 06:24:00.592500
4328,201806246245830,PRIN,32,37,54,515,27810.00,2018-06-24 06:24:00.583000
4329,201806216244652,PRIN,7,21,40,512,20480.00,2018-06-21 06:24:00.465200
4330,201806216244558,PRIN,57,59,40,512,20480.00,2018-06-21 06:24:00.455800
4331,201806216244453,PRIN,22,1,50,513,25650.00,2018-06-21 06:24:00.445300
4332,201806216244423,PRIN,32,1,150,513,76950.00,2018-06-21 06:24:00.442300
4333,201806216244424,PRIN,43,1,100,513,51300.00,2018-06-21 06:24:00.442400
4334,201806216244399,PRIN,59,39,20,516,10320.00,2018-06-21 06:24:00.439900
4335,201806216244403,PRIN,40,39,200,516,103200.00,2018-06-21 06:24:00.440300
4336,201806216244295,PRIN,32,39,50,516,25800.00,2018-06-21 06:24:00.429500
4337,201806216243964,PRIN,32,39,150,516,77400.00,2018-06-21 06:24:00.396400
4338,201806216243945,PRIN,32,39,150,516,77400.00,2018-06-21 06:24:00.394500
4339,201806216243849,PRIN,32,39,150,516,77400.00,2018-06-21 06:24:00.384900
4340,201806216243552,PRIN,55,39,150,516,77400.00,2018-06-21 06:24:00.355200
4341,201806216243546,PRIN,14,45,10,518,5180.00,2018-06-21 06:24:00.354600
4342,201806216243547,PRIN,51,45,100,517,51700.00,2018-06-21 06:24:00.354700
4343,201806216243073,PRIN,28,28,25,520,13000.00,2018-06-21 06:24:00.307300
4344,201806216243074,PRIN,28,49,100,522,52200.00,2018-06-21 06:24:00.307400
4345,201806216242942,PRIN,19,17,10,520,5200.00,2018-06-21 06:24:00.294200
4346,201806216242945,PRIN,19,47,60,520,31200.00,2018-06-21 06:24:00.294500
4347,201806216242946,PRIN,14,47,90,518,46620.00,2018-06-21 06:24:00.294600
4348,201806216242644,PRIN,51,47,100,520,52000.00,2018-06-21 06:24:00.264400
4349,201806216242626,PRIN,6,21,300,518,155400.00,2018-06-21 06:24:00.262600
4350,201806216242627,PRIN,6,14,100,518,51800.00,2018-06-21 06:24:00.262700
4351,201806216242605,PRIN,22,28,110,516,56760.00,2018-06-21 06:24:00.260500
4352,201806216242606,PRIN,22,25,100,516,51600.00,2018-06-21 06:24:00.260600
4353,201806216242589,PRIN,21,28,100,516,51600.00,2018-06-21 06:24:00.258900
4354,201806216242336,PRIN,33,47,100,510,51000.00,2018-06-21 06:24:00.233600
4355,201806216242338,PRIN,21,44,271,506,137126.00,2018-06-21 06:24:00.233800
4356,201806216242278,PRIN,17,51,220,514,113080.00,2018-06-21 06:24:00.227800
4357,201806216242279,PRIN,17,45,90,515,46350.00,2018-06-21 06:24:00.227900
4358,201806216242280,PRIN,17,28,190,516,98040.00,2018-06-21 06:24:00.228000
4359,201806216242277,PRIN,17,35,50,514,25700.00,2018-06-21 06:24:00.227700
4360,201806216242043,PRIN,45,45,10,515,5150.00,2018-06-21 06:24:00.204300
4361,201806206239579,PRIN,55,29,50,513,25650.00,2018-06-20 06:23:00.957900
4362,201806206238904,PRIN,42,59,50,515,25750.00,2018-06-20 06:23:00.890400
4363,201806206238905,PRIN,49,59,50,512,25600.00,2018-06-20 06:23:00.890500
4364,201806206238238,PRIN,45,45,100,520,52000.00,2018-06-20 06:23:00.823800
4365,201806196237934,PRIN,40,47,13,520,6760.00,2018-06-19 06:23:00.793400
4366,201806196237575,PRIN,11,25,50,518,25900.00,2018-06-19 06:23:00.757500
4367,201806196237333,PRIN,6,25,100,520,52000.00,2018-06-19 06:23:00.733300
4368,201806196237148,PRIN,40,17,200,520,104000.00,2018-06-19 06:23:00.714800
4369,201806196236689,PRIN,48,25,100,520,52000.00,2018-06-19 06:23:00.668900
4370,201806196236663,PRIN,48,39,90,520,46800.00,2018-06-19 06:23:00.666300
4371,201806196236306,PRIN,36,8,120,520,62400.00,2018-06-19 06:23:00.630600
4372,201806196236307,PRIN,40,8,80,520,41600.00,2018-06-19 06:23:00.630700
4373,201806196235978,PRIN,4,29,80,510,40800.00,2018-06-19 06:23:00.597800
4374,201806196235907,PRIN,19,47,150,521,78150.00,2018-06-19 06:23:00.590700
4375,201806196235908,PRIN,51,47,200,520,104000.00,2018-06-19 06:23:00.590800
4376,201806196235909,PRIN,21,47,50,519,25950.00,2018-06-19 06:23:00.590900
4377,201806196235910,PRIN,51,47,100,519,51900.00,2018-06-19 06:23:00.591000
4378,201806186234916,PRIN,55,19,100,529,52900.00,2018-06-18 06:23:00.491600
4379,201806186234661,PRIN,21,57,150,524,78600.00,2018-06-18 06:23:00.466100
4380,201806186234554,PRIN,21,53,100,522,52200.00,2018-06-18 06:23:00.455400
4381,201806186233937,PRIN,42,10,500,520,260000.00,2018-06-18 06:23:00.393700
4382,201806186233943,PRIN,19,52,15,521,7815.00,2018-06-18 06:23:00.394300
4383,201806186233944,PRIN,19,38,365,522,190530.00,2018-06-18 06:23:00.394400
4384,201806186233903,PRIN,42,17,50,519,25950.00,2018-06-18 06:23:00.390300
4385,201806186233124,PRIN,22,42,200,513,102600.00,2018-06-18 06:23:00.312400
4386,201806186233125,PRIN,19,42,100,512,51200.00,2018-06-18 06:23:00.312500
4387,201806186232703,PRIN,19,49,20,512,10240.00,2018-06-18 06:23:00.270300
4388,201806186231975,PRIN,11,19,50,515,25750.00,2018-06-18 06:23:00.197500
4389,201806186231987,PRIN,29,19,50,512,25600.00,2018-06-18 06:23:00.198700
4390,201806186231988,PRIN,33,19,100,512,51200.00,2018-06-18 06:23:00.198800
4391,201806176231161,PRIN,25,41,30,523,15690.00,2018-06-17 06:23:00.116100
4392,201806176231162,PRIN,7,41,80,522,41760.00,2018-06-17 06:23:00.116200
4393,201806176231163,PRIN,49,41,30,522,15660.00,2018-06-17 06:23:00.116300
4394,201806176231136,PRIN,41,41,50,525,26250.00,2018-06-17 06:23:00.113600
4395,201806176230875,PRIN,7,58,20,522,10440.00,2018-06-17 06:23:00.087500
4396,201806176230865,PRIN,7,41,10,525,5250.00,2018-06-17 06:23:00.086500
4397,201806176230517,PRIN,53,1,500,523,261500.00,2018-06-17 06:23:00.051700
4398,201806176229984,PRIN,41,39,10,525,5250.00,2018-06-17 06:22:00.998400
4399,201806176229985,PRIN,7,39,290,524,151960.00,2018-06-17 06:22:00.998500
4400,201806176229933,PRIN,46,6,10,525,5250.00,2018-06-17 06:22:00.993300
4401,201806176229934,PRIN,41,6,90,525,47250.00,2018-06-17 06:22:00.993400
4402,201806176229598,PRIN,25,45,28,530,14840.00,2018-06-17 06:22:00.959800
4403,201806176228914,PRIN,46,57,50,525,26250.00,2018-06-17 06:22:00.891400
4404,201806176228247,PRIN,57,1,100,528,52800.00,2018-06-17 06:22:00.824700
4405,201806176227028,PRIN,46,41,40,518,20720.00,2018-06-17 06:22:00.702800
4406,201806146226802,PRIN,55,29,50,528,26400.00,2018-06-14 06:22:00.680200
4407,201806146226568,PRIN,52,25,100,527,52700.00,2018-06-14 06:22:00.656800
4408,201806146226516,PRIN,22,25,500,528,264000.00,2018-06-14 06:22:00.651600
4409,201806146226473,PRIN,52,28,40,530,21200.00,2018-06-14 06:22:00.647300
4410,201806146226474,PRIN,52,39,50,530,26500.00,2018-06-14 06:22:00.647400
4411,201806146226196,PRIN,52,39,140,527,73780.00,2018-06-14 06:22:00.619600
4412,201806146226208,PRIN,43,28,100,530,53000.00,2018-06-14 06:22:00.620800
4413,201806146226146,PRIN,26,28,10,530,5300.00,2018-06-14 06:22:00.614600
4414,201806146225783,PRIN,41,19,142,530,75260.00,2018-06-14 06:22:00.578300
4415,201806146225752,PRIN,52,42,100,527,52700.00,2018-06-14 06:22:00.575200
4416,201806146225759,PRIN,41,16,238,529,125902.00,2018-06-14 06:22:00.575900
4417,201806146225760,PRIN,41,25,100,530,53000.00,2018-06-14 06:22:00.576000
4418,201806146225761,PRIN,41,32,20,530,10600.00,2018-06-14 06:22:00.576100
4419,201806146225067,PRIN,53,43,50,529,26450.00,2018-06-14 06:22:00.506700
4420,201806146225068,PRIN,53,43,100,530,53000.00,2018-06-14 06:22:00.506800
4421,201806146224909,PRIN,51,43,100,527,52700.00,2018-06-14 06:22:00.490900
4422,201806146224910,PRIN,51,21,12,528,6336.00,2018-06-14 06:22:00.491000
4423,201806146224911,PRIN,51,19,100,528,52800.00,2018-06-14 06:22:00.491100
4424,201806146224450,PRIN,16,5,190,525,99750.00,2018-06-14 06:22:00.445000
4425,201806146223715,PRIN,33,33,51,525,26775.00,2018-06-14 06:22:00.371500
4426,201806146223249,PRIN,17,33,500,521,260500.00,2018-06-14 06:22:00.324900
4427,201806146223250,PRIN,6,33,10,521,5210.00,2018-06-14 06:22:00.325000
4428,201806146223254,PRIN,51,33,190,520,98800.00,2018-06-14 06:22:00.325400
4429,201806146223143,PRIN,36,33,49,525,25725.00,2018-06-14 06:22:00.314300
4430,201806146223100,PRIN,59,33,50,525,26250.00,2018-06-14 06:22:00.310000
4431,201806146223101,PRIN,7,33,50,525,26250.00,2018-06-14 06:22:00.310100
4432,201806146223102,PRIN,17,33,200,525,105000.00,2018-06-14 06:22:00.310200
4433,201806146223061,PRIN,17,14,100,525,52500.00,2018-06-14 06:22:00.306100
4434,201806146223041,PRIN,17,19,200,525,105000.00,2018-06-14 06:22:00.304100
4435,201806146222964,PRIN,59,39,50,525,26250.00,2018-06-14 06:22:00.296400
4436,201806146222580,PRIN,39,44,300,525,157500.00,2018-06-14 06:22:00.258000
4437,201806136221640,PRIN,32,25,50,524,26200.00,2018-06-13 06:22:00.164000
4438,201806136221605,PRIN,36,25,100,518,51800.00,2018-06-13 06:22:00.160500
4439,201806136221608,PRIN,36,39,300,518,155400.00,2018-06-13 06:22:00.160800
4440,201806136221609,PRIN,32,1,400,520,208000.00,2018-06-13 06:22:00.160900
4441,201806136221570,PRIN,6,33,87,519,45153.00,2018-06-13 06:22:00.157000
4442,201806136221571,PRIN,25,33,200,519,103800.00,2018-06-13 06:22:00.157100
4443,201806136221572,PRIN,36,33,213,518,110334.00,2018-06-13 06:22:00.157200
4444,201806136221529,PRIN,43,1,15,520,7800.00,2018-06-13 06:22:00.152900
4445,201806136221498,PRIN,29,1,86,520,44720.00,2018-06-13 06:22:00.149800
4446,201806136221204,PRIN,41,42,200,518,103600.00,2018-06-13 06:22:00.120400
4447,201806136221051,PRIN,42,44,100,528,52800.00,2018-06-13 06:22:00.105100
4448,201806136220619,PRIN,6,38,100,519,51900.00,2018-06-13 06:22:00.061900
4449,201806136220330,PRIN,6,22,13,519,6747.00,2018-06-13 06:22:00.033000
4450,201806136220118,PRIN,57,38,100,521,52100.00,2018-06-13 06:22:00.011800
4451,201806136220119,PRIN,49,38,700,521,364700.00,2018-06-13 06:22:00.011900
4452,201806136219732,PRIN,32,6,100,530,53000.00,2018-06-13 06:21:00.973200
4453,201806136219733,PRIN,32,14,100,531,53100.00,2018-06-13 06:21:00.973300
4454,201806136219734,PRIN,32,1,100,531,53100.00,2018-06-13 06:21:00.973400
4455,201806136219735,PRIN,32,45,200,531,106200.00,2018-06-13 06:21:00.973500
4456,201806136218911,PRIN,6,13,25,521,13025.00,2018-06-13 06:21:00.891100
4457,201806136218912,PRIN,6,32,100,525,52500.00,2018-06-13 06:21:00.891200
4458,201806126217891,PRIN,54,45,150,521,78150.00,2018-06-12 06:21:00.789100
4459,201806126217813,PRIN,36,53,68,520,35360.00,2018-06-12 06:21:00.781300
4460,201806126217830,PRIN,25,45,50,524,26200.00,2018-06-12 06:21:00.783000
4461,201806126217774,PRIN,16,53,10,523,5230.00,2018-06-12 06:21:00.777400
4462,201806126217775,PRIN,1,53,68,521,35428.00,2018-06-12 06:21:00.777500
4463,201806126217799,PRIN,1,53,132,521,68772.00,2018-06-12 06:21:00.779900
4464,201806126217541,PRIN,13,1,50,525,26250.00,2018-06-12 06:21:00.754100
4465,201806126217550,PRIN,13,53,100,525,52500.00,2018-06-12 06:21:00.755000
4466,201806126217432,PRIN,41,48,50,525,26250.00,2018-06-12 06:21:00.743200
4467,201806126217397,PRIN,41,32,50,525,26250.00,2018-06-12 06:21:00.739700
4468,201806126217326,PRIN,41,32,50,525,26250.00,2018-06-12 06:21:00.732600
4469,201806126217293,PRIN,59,32,50,526,26300.00,2018-06-12 06:21:00.729300
4470,201806126217192,PRIN,32,21,50,527,26350.00,2018-06-12 06:21:00.719200
4471,201806126217193,PRIN,59,21,150,526,78900.00,2018-06-12 06:21:00.719300
4472,201806126217096,PRIN,56,35,50,535,26750.00,2018-06-12 06:21:00.709600
4473,201806126217097,PRIN,56,38,51,535,27285.00,2018-06-12 06:21:00.709700
4474,201806126217070,PRIN,25,43,50,529,26450.00,2018-06-12 06:21:00.707000
4475,201806126217071,PRIN,25,44,100,530,53000.00,2018-06-12 06:21:00.707100
4476,201806126217072,PRIN,25,17,50,530,26500.00,2018-06-12 06:21:00.707200
4477,201806126216452,PRIN,13,38,114,525,59850.00,2018-06-12 06:21:00.645200
4478,201806126216453,PRIN,13,34,155,525,81375.00,2018-06-12 06:21:00.645300
4479,201806126216454,PRIN,13,8,100,525,52500.00,2018-06-12 06:21:00.645400
4480,201806126216424,PRIN,13,8,100,525,52500.00,2018-06-12 06:21:00.642400
4481,201806126216412,PRIN,25,47,100,525,52500.00,2018-06-12 06:21:00.641200
4482,201806126216307,PRIN,32,57,100,524,52400.00,2018-06-12 06:21:00.630700
4483,201806126216276,PRIN,16,17,290,523,151670.00,2018-06-12 06:21:00.627600
4484,201806126215301,PRIN,17,36,100,516,51600.00,2018-06-12 06:21:00.530100
4485,201806126215246,PRIN,17,17,56,516,28896.00,2018-06-12 06:21:00.524600
4486,201806126215222,PRIN,20,17,10,520,5200.00,2018-06-12 06:21:00.522200
4487,201806126214529,PRIN,33,45,85,514,43690.00,2018-06-12 06:21:00.452900
4488,201806126214530,PRIN,33,6,117,515,60255.00,2018-06-12 06:21:00.453000
4489,201806126214417,PRIN,29,45,36,514,18504.00,2018-06-12 06:21:00.441700
4490,201806126214292,PRIN,6,45,100,512,51200.00,2018-06-12 06:21:00.429200
4491,201806126214293,PRIN,57,45,150,511,76650.00,2018-06-12 06:21:00.429300
4492,201806126214294,PRIN,29,45,50,510,25500.00,2018-06-12 06:21:00.429400
4493,201806126214295,PRIN,22,45,100,510,51000.00,2018-06-12 06:21:00.429500
4494,201806126214296,PRIN,47,45,50,510,25500.00,2018-06-12 06:21:00.429600
4495,201806126214249,PRIN,7,6,50,515,25750.00,2018-06-12 06:21:00.424900
4496,201806126213827,PRIN,42,49,200,520,104000.00,2018-06-12 06:21:00.382700
4497,201806116213740,PRIN,25,50,140,524,73360.00,2018-06-11 06:21:00.374000
4498,201806116213797,PRIN,49,45,10,525,5250.00,2018-06-11 06:21:00.379700
4499,201806116213695,PRIN,54,5,100,523,52300.00,2018-06-11 06:21:00.369500
4500,201806116213460,PRIN,14,48,50,520,26000.00,2018-06-11 06:21:00.346000
4501,201806116213446,PRIN,44,45,40,525,21000.00,2018-06-11 06:21:00.344600
4502,201806116213386,PRIN,58,21,20,520,10400.00,2018-06-11 06:21:00.338600
4503,201806116213387,PRIN,33,21,100,520,52000.00,2018-06-11 06:21:00.338700
4504,201806116212815,PRIN,5,22,100,525,52500.00,2018-06-11 06:21:00.281500
4505,201806116212787,PRIN,33,22,100,527,52700.00,2018-06-11 06:21:00.278700
4506,201806116212796,PRIN,5,22,100,525,52500.00,2018-06-11 06:21:00.279600
4507,201806116211921,PRIN,49,39,100,535,53500.00,2018-06-11 06:21:00.192100
4508,201806116211932,PRIN,48,42,50,536,26800.00,2018-06-11 06:21:00.193200
4509,201806116211933,PRIN,48,7,100,537,53700.00,2018-06-11 06:21:00.193300
4510,201806116211874,PRIN,19,21,189,535,101115.00,2018-06-11 06:21:00.187400
4511,201806116211884,PRIN,28,16,100,536,53600.00,2018-06-11 06:21:00.188400
4512,201806116211856,PRIN,45,21,11,535,5885.00,2018-06-11 06:21:00.185600
4513,201806116211831,PRIN,45,25,200,534,106800.00,2018-06-11 06:21:00.183100
4514,201806116211832,PRIN,45,22,100,535,53500.00,2018-06-11 06:21:00.183200
4515,201806116211784,PRIN,45,8,12,527,6324.00,2018-06-11 06:21:00.178400
4516,201806116211785,PRIN,45,39,200,528,105600.00,2018-06-11 06:21:00.178500
4517,201806116211786,PRIN,45,53,72,528,38016.00,2018-06-11 06:21:00.178600
4518,201806116211787,PRIN,45,42,255,529,134895.00,2018-06-11 06:21:00.178700
4519,201806116211788,PRIN,45,51,150,530,79500.00,2018-06-11 06:21:00.178800
4520,201806116211538,PRIN,19,50,35,526,18410.00,2018-06-11 06:21:00.153800
4521,201806116211517,PRIN,49,47,100,525,52500.00,2018-06-11 06:21:00.151700
4522,201806116211518,PRIN,49,45,100,525,52500.00,2018-06-11 06:21:00.151800
4523,201806116211519,PRIN,49,32,500,525,262500.00,2018-06-11 06:21:00.151900
4524,201806116211520,PRIN,49,11,200,525,105000.00,2018-06-11 06:21:00.152000
4525,201806116211521,PRIN,49,16,546,525,286650.00,2018-06-11 06:21:00.152100
4526,201806116211403,PRIN,20,32,500,524,262000.00,2018-06-11 06:21:00.140300
4527,201806116211413,PRIN,42,32,20,524,10480.00,2018-06-11 06:21:00.141300
4528,201806116211427,PRIN,29,32,280,524,146720.00,2018-06-11 06:21:00.142700
4529,201806116211363,PRIN,59,32,100,524,52400.00,2018-06-11 06:21:00.136300
4530,201806116211213,PRIN,48,32,12,521,6252.00,2018-06-11 06:21:00.121300
4531,201806116211196,PRIN,14,47,78,520,40560.00,2018-06-11 06:21:00.119600
4532,201806116210755,PRIN,37,1,50,515,25750.00,2018-06-11 06:21:00.075500
4533,201806116210641,PRIN,33,39,100,514,51400.00,2018-06-11 06:21:00.064100
4534,201806116210356,PRIN,14,39,100,515,51500.00,2018-06-11 06:21:00.035600
4535,201806116210357,PRIN,19,39,100,515,51500.00,2018-06-11 06:21:00.035700
4536,201806116210201,PRIN,19,28,100,515,51500.00,2018-06-11 06:21:00.020100
4537,201806116210202,PRIN,6,28,100,515,51500.00,2018-06-11 06:21:00.020200
4538,201806116210138,PRIN,6,39,200,520,104000.00,2018-06-11 06:21:00.013800
4539,201806116210139,PRIN,51,39,100,519,51900.00,2018-06-11 06:21:00.013900
4540,201806116210109,PRIN,48,32,388,521,202148.00,2018-06-11 06:21:00.010900
4541,201806116210056,PRIN,32,17,38,522,19836.00,2018-06-11 06:21:00.005600
4542,201806116210057,PRIN,28,17,150,521,78150.00,2018-06-11 06:21:00.005700
4543,201806116210058,PRIN,48,17,212,521,110452.00,2018-06-11 06:21:00.005800
4544,201806116210070,PRIN,48,52,400,521,208400.00,2018-06-11 06:21:00.007000
4545,201806116209951,PRIN,35,58,50,525,26250.00,2018-06-11 06:20:00.995100
4546,201806116209952,PRIN,32,58,162,522,84564.00,2018-06-11 06:20:00.995200
4547,201806116209718,PRIN,25,28,125,525,65625.00,2018-06-11 06:20:00.971800
4548,201806116209682,PRIN,59,6,100,530,53000.00,2018-06-11 06:20:00.968200
4549,201806116209683,PRIN,41,6,50,530,26500.00,2018-06-11 06:20:00.968300
4550,201806116209522,PRIN,34,25,100,538,53800.00,2018-06-11 06:20:00.952200
4551,201806116209523,PRIN,34,17,100,538,53800.00,2018-06-11 06:20:00.952300
4552,201806116209361,PRIN,28,25,30,529,15870.00,2018-06-11 06:20:00.936100
4553,201806116209145,PRIN,41,43,100,520,52000.00,2018-06-11 06:20:00.914500
4554,201806116209151,PRIN,14,21,224,519,116256.00,2018-06-11 06:20:00.915100
4555,201806116209062,PRIN,7,19,413,517,213521.00,2018-06-11 06:20:00.906200
4556,201806116209021,PRIN,17,7,400,510,204000.00,2018-06-11 06:20:00.902100
4557,201806116209022,PRIN,17,19,100,510,51000.00,2018-06-11 06:20:00.902200
4558,201806116208996,PRIN,46,28,300,508,152400.00,2018-06-11 06:20:00.899600
4559,201806116208944,PRIN,58,34,30,502,15060.00,2018-06-11 06:20:00.894400
4560,201806116208945,PRIN,25,34,70,501,35070.00,2018-06-11 06:20:00.894500
4561,201806116208800,PRIN,7,19,30,504,15120.00,2018-06-11 06:20:00.880000
4562,201806116208807,PRIN,43,19,50,504,25200.00,2018-06-11 06:20:00.880700
4563,201806116208808,PRIN,39,19,50,501,25050.00,2018-06-11 06:20:00.880800
4564,201806116208809,PRIN,17,19,250,500,125000.00,2018-06-11 06:20:00.880900
4565,201806116208810,PRIN,35,19,50,500,25000.00,2018-06-11 06:20:00.881000
4566,201806116208769,PRIN,39,28,50,506,25300.00,2018-06-11 06:20:00.876900
4567,201806116208770,PRIN,33,28,200,506,101200.00,2018-06-11 06:20:00.877000
4568,201806116208771,PRIN,47,28,20,505,10100.00,2018-06-11 06:20:00.877100
4569,201806116208772,PRIN,22,28,100,505,50500.00,2018-06-11 06:20:00.877200
4570,201806116208773,PRIN,29,28,100,505,50500.00,2018-06-11 06:20:00.877300
4571,201806116208774,PRIN,29,28,100,505,50500.00,2018-06-11 06:20:00.877400
4572,201806116208775,PRIN,29,28,10,504,5040.00,2018-06-11 06:20:00.877500
4573,201806116208776,PRIN,53,28,250,504,126000.00,2018-06-11 06:20:00.877600
4574,201806116208777,PRIN,7,28,170,504,85680.00,2018-06-11 06:20:00.877700
4575,201806116208686,PRIN,39,19,100,507,50700.00,2018-06-11 06:20:00.868600
4576,201806106208214,PRIN,42,37,40,515,20600.00,2018-06-10 06:20:00.821400
4577,201806106208215,PRIN,7,37,100,514,51400.00,2018-06-10 06:20:00.821500
4578,201806106208216,PRIN,5,37,260,514,133640.00,2018-06-10 06:20:00.821600
4579,201806106207722,PRIN,39,57,50,516,25800.00,2018-06-10 06:20:00.772200
4580,201806106207723,PRIN,42,57,200,515,103000.00,2018-06-10 06:20:00.772300
4581,201806106207355,PRIN,53,28,50,516,25800.00,2018-06-10 06:20:00.735500
4582,201806106207217,PRIN,45,43,100,516,51600.00,2018-06-10 06:20:00.721700
4583,201806106207142,PRIN,49,57,100,516,51600.00,2018-06-10 06:20:00.714200
4584,201806106207092,PRIN,17,1,100,519,51900.00,2018-06-10 06:20:00.709200
4585,201806106207093,PRIN,17,28,20,520,10400.00,2018-06-10 06:20:00.709300
4586,201806106207094,PRIN,17,21,200,520,104000.00,2018-06-10 06:20:00.709400
4587,201806106207095,PRIN,17,28,250,520,130000.00,2018-06-10 06:20:00.709500
4588,201806106207096,PRIN,17,42,84,520,43680.00,2018-06-10 06:20:00.709600
4589,201806106206983,PRIN,49,43,50,518,25900.00,2018-06-10 06:20:00.698300
4590,201806106206878,PRIN,26,53,140,516,72240.00,2018-06-10 06:20:00.687800
4591,201806106206879,PRIN,14,53,50,516,25800.00,2018-06-10 06:20:00.687900
4592,201806106206880,PRIN,39,53,100,515,51500.00,2018-06-10 06:20:00.688000
4593,201806106206881,PRIN,42,53,760,515,391400.00,2018-06-10 06:20:00.688100
4594,201806106206680,PRIN,49,53,10,518,5180.00,2018-06-10 06:20:00.668000
4595,201806106206681,PRIN,41,53,100,517,51700.00,2018-06-10 06:20:00.668100
4596,201806106206682,PRIN,33,53,50,516,25800.00,2018-06-10 06:20:00.668200
4597,201806106206683,PRIN,26,53,360,516,185760.00,2018-06-10 06:20:00.668300
4598,201806106206570,PRIN,49,29,20,518,10360.00,2018-06-10 06:20:00.657000
4599,201806106206144,PRIN,46,28,10,520,5200.00,2018-06-10 06:20:00.614400
4600,201806106206133,PRIN,46,28,20,520,10400.00,2018-06-10 06:20:00.613300
4601,201806106205883,PRIN,57,35,57,520,29640.00,2018-06-10 06:20:00.588300
4602,201806106205679,PRIN,57,53,100,517,51700.00,2018-06-10 06:20:00.567900
4603,201806106205680,PRIN,33,53,200,517,103400.00,2018-06-10 06:20:00.568000
4604,201806106205681,PRIN,56,53,100,516,51600.00,2018-06-10 06:20:00.568100
4605,201806106205682,PRIN,43,53,50,516,25800.00,2018-06-10 06:20:00.568200
4606,201806106205683,PRIN,32,53,100,516,51600.00,2018-06-10 06:20:00.568300
4607,201806106205684,PRIN,55,53,400,516,206400.00,2018-06-10 06:20:00.568400
4608,201806106205380,PRIN,1,35,63,519,32697.00,2018-06-10 06:20:00.538000
4609,201806106205381,PRIN,7,35,30,519,15570.00,2018-06-10 06:20:00.538100
4610,201806106205350,PRIN,1,11,200,519,103800.00,2018-06-10 06:20:00.535000
4611,201806106205339,PRIN,33,11,100,520,52000.00,2018-06-10 06:20:00.533900
4612,201806106205159,PRIN,43,11,50,520,26000.00,2018-06-10 06:20:00.515900
4613,201806106204862,PRIN,1,7,237,519,123003.00,2018-06-10 06:20:00.486200
4614,201806106204667,PRIN,16,7,150,520,78000.00,2018-06-10 06:20:00.466700
4615,201806106204668,PRIN,29,7,100,520,52000.00,2018-06-10 06:20:00.466800
4616,201806106204669,PRIN,59,7,50,520,26000.00,2018-06-10 06:20:00.466900
4617,201806106204374,PRIN,16,36,50,520,26000.00,2018-06-10 06:20:00.437400
4618,201806106203740,PRIN,54,55,50,519,25950.00,2018-06-10 06:20:00.374000
4619,201806106203710,PRIN,32,49,44,518,22792.00,2018-06-10 06:20:00.371000
4620,201806106203497,PRIN,22,41,150,520,78000.00,2018-06-10 06:20:00.349700
4621,201806106203395,PRIN,13,41,50,520,26000.00,2018-06-10 06:20:00.339500
4622,201806106203321,PRIN,49,41,200,520,104000.00,2018-06-10 06:20:00.332100
4623,201806106203322,PRIN,29,41,10,520,5200.00,2018-06-10 06:20:00.332200
4624,201806106203323,PRIN,53,41,250,520,130000.00,2018-06-10 06:20:00.332300
4625,201806106203302,PRIN,38,53,100,529,52900.00,2018-06-10 06:20:00.330200
4626,201806106203303,PRIN,38,46,100,529,52900.00,2018-06-10 06:20:00.330300
4627,201806106203316,PRIN,22,46,200,521,104200.00,2018-06-10 06:20:00.331600
4628,201806106202801,PRIN,36,19,50,539,26950.00,2018-06-10 06:20:00.280100
4629,201806076202353,PRIN,38,13,451,532,239932.00,2018-06-07 06:20:00.235300
4630,201806076202354,PRIN,21,13,100,531,53100.00,2018-06-07 06:20:00.235400
4631,201806076202355,PRIN,32,13,200,531,106200.00,2018-06-07 06:20:00.235500
4632,201806076202356,PRIN,42,13,100,530,53000.00,2018-06-07 06:20:00.235600
4633,201806076202357,PRIN,28,13,100,530,53000.00,2018-06-07 06:20:00.235700
4634,201806076202358,PRIN,17,13,849,530,449970.00,2018-06-07 06:20:00.235800
4635,201806076202443,PRIN,17,47,10,530,5300.00,2018-06-07 06:20:00.244300
4636,201806076202263,PRIN,38,35,49,532,26068.00,2018-06-07 06:20:00.226300
4637,201806076202146,PRIN,32,34,100,532,53200.00,2018-06-07 06:20:00.214600
4638,201806076202147,PRIN,38,34,14,531,7434.00,2018-06-07 06:20:00.214700
4639,201806076202148,PRIN,28,34,35,531,18585.00,2018-06-07 06:20:00.214800
4640,201806076202149,PRIN,43,34,50,531,26550.00,2018-06-07 06:20:00.214900
4641,201806076202150,PRIN,41,34,1,536,536.00,2018-06-07 06:20:00.215000
4642,201806076202107,PRIN,28,26,15,531,7965.00,2018-06-07 06:20:00.210700
4643,201806076202005,PRIN,38,6,100,531,53100.00,2018-06-07 06:20:00.200500
4644,201806076202030,PRIN,28,26,50,531,26550.00,2018-06-07 06:20:00.203000
4645,201806076201984,PRIN,51,28,12,534,6408.00,2018-06-07 06:20:00.198400
4646,201806076201985,PRIN,35,28,30,533,15990.00,2018-06-07 06:20:00.198500
4647,201806076201986,PRIN,14,28,22,532,11704.00,2018-06-07 06:20:00.198600
4648,201806076201987,PRIN,38,28,86,531,45666.00,2018-06-07 06:20:00.198700
4649,201806076201743,PRIN,51,25,38,534,20292.00,2018-06-07 06:20:00.174300
4650,201806076201700,PRIN,6,32,60,534,32040.00,2018-06-07 06:20:00.170000
4651,201806076201701,PRIN,38,32,62,533,33046.00,2018-06-07 06:20:00.170100
4652,201806076201702,PRIN,14,32,50,533,26650.00,2018-06-07 06:20:00.170200
4653,201806076201703,PRIN,14,32,50,533,26650.00,2018-06-07 06:20:00.170300
4654,201806076201704,PRIN,14,32,30,532,15960.00,2018-06-07 06:20:00.170400
4655,201806076201705,PRIN,14,32,48,532,25536.00,2018-06-07 06:20:00.170500
4656,201806076201476,PRIN,38,56,58,533,30914.00,2018-06-07 06:20:00.147600
4657,201806076201422,PRIN,35,58,20,534,10680.00,2018-06-07 06:20:00.142200
4658,201806076201423,PRIN,38,58,80,533,42640.00,2018-06-07 06:20:00.142300
4659,201806076201375,PRIN,21,50,100,535,53500.00,2018-06-07 06:20:00.137500
4660,201806076201312,PRIN,19,21,13,536,6968.00,2018-06-07 06:20:00.131200
4661,201806076201313,PRIN,37,21,20,536,10720.00,2018-06-07 06:20:00.131300
4662,201806076201314,PRIN,57,21,100,535,53500.00,2018-06-07 06:20:00.131400
4663,201806076201315,PRIN,39,21,200,535,107000.00,2018-06-07 06:20:00.131500
4664,201806076201316,PRIN,47,21,100,535,53500.00,2018-06-07 06:20:00.131600
4665,201806076201243,PRIN,37,42,30,536,16080.00,2018-06-07 06:20:00.124300
4666,201806076201127,PRIN,19,6,87,536,46632.00,2018-06-07 06:20:00.112700
4667,201806076200689,PRIN,33,18,81,536,43416.00,2018-06-07 06:20:00.068900
4668,201806076200690,PRIN,6,18,200,536,107200.00,2018-06-07 06:20:00.069000
4669,201806076200691,PRIN,41,18,119,536,63784.00,2018-06-07 06:20:00.069100
4670,201806076199843,PRIN,33,21,19,536,10184.00,2018-06-07 06:19:00.984300
4671,201806076199763,PRIN,48,32,21,542,11382.00,2018-06-07 06:19:00.976300
4672,201806076199592,PRIN,40,32,100,542,54200.00,2018-06-07 06:19:00.959200
4673,201806076199281,PRIN,17,28,478,541,258598.00,2018-06-07 06:19:00.928100
4674,201806076199080,PRIN,37,33,21,537,11277.00,2018-06-07 06:19:00.908000
4675,201806076199081,PRIN,21,33,50,537,26850.00,2018-06-07 06:19:00.908100
4676,201806076199082,PRIN,42,33,100,535,53500.00,2018-06-07 06:19:00.908200
4677,201806076199083,PRIN,48,33,29,535,15515.00,2018-06-07 06:19:00.908300
4678,201806076198944,PRIN,41,16,119,540,64260.00,2018-06-07 06:19:00.894400
4679,201806076198785,PRIN,41,43,381,540,205740.00,2018-06-07 06:19:00.878500
4680,201806076197861,PRIN,21,44,100,542,54200.00,2018-06-07 06:19:00.786100
4681,201806076197862,PRIN,21,21,100,543,54300.00,2018-06-07 06:19:00.786200
4682,201806076197854,PRIN,21,44,100,542,54200.00,2018-06-07 06:19:00.785400
4683,201806076197583,PRIN,7,21,100,538,53800.00,2018-06-07 06:19:00.758300
4684,201806076197584,PRIN,32,21,100,537,53700.00,2018-06-07 06:19:00.758400
4685,201806076197585,PRIN,37,21,179,537,96123.00,2018-06-07 06:19:00.758500
4686,201806076197185,PRIN,28,25,99,542,53658.00,2018-06-07 06:19:00.718500
4687,201806076197077,PRIN,32,22,200,540,108000.00,2018-06-07 06:19:00.707700
4688,201806076196533,PRIN,25,41,30,542,16260.00,2018-06-07 06:19:00.653300
4689,201806076196284,PRIN,58,21,211,547,115417.00,2018-06-07 06:19:00.628400
4690,201806076196238,PRIN,38,17,181,546,98826.00,2018-06-07 06:19:00.623800
4691,201806076196239,PRIN,38,21,19,547,10393.00,2018-06-07 06:19:00.623900
4692,201806076196267,PRIN,26,21,30,547,16410.00,2018-06-07 06:19:00.626700
4693,201806076196056,PRIN,48,53,20,545,10900.00,2018-06-07 06:19:00.605600
4694,201806076196057,PRIN,39,53,100,544,54400.00,2018-06-07 06:19:00.605700
4695,201806076196058,PRIN,7,53,191,540,103140.00,2018-06-07 06:19:00.605800
4696,201806076196020,PRIN,28,10,20,545,10900.00,2018-06-07 06:19:00.602000
4697,201806076196021,PRIN,48,10,980,545,534100.00,2018-06-07 06:19:00.602100
4698,201806076195826,PRIN,22,51,70,548,38360.00,2018-06-07 06:19:00.582600
4699,201806076195772,PRIN,28,28,300,548,164400.00,2018-06-07 06:19:00.577200
4700,201806076195466,PRIN,38,28,485,549,266265.00,2018-06-07 06:19:00.546600
4701,201806076195449,PRIN,28,1,140,549,76860.00,2018-06-07 06:19:00.544900
4702,201806076195414,PRIN,19,47,150,550,82500.00,2018-06-07 06:19:00.541400
4703,201806076195417,PRIN,42,17,48,545,26160.00,2018-06-07 06:19:00.541700
4704,201806076195418,PRIN,42,17,20,545,10900.00,2018-06-07 06:19:00.541800
4705,201806076195407,PRIN,19,17,250,550,137500.00,2018-06-07 06:19:00.540700
4706,201806076195408,PRIN,19,19,100,550,55000.00,2018-06-07 06:19:00.540800
4707,201806076195399,PRIN,19,49,100,550,55000.00,2018-06-07 06:19:00.539900
4708,201806076195382,PRIN,51,28,50,551,27550.00,2018-06-07 06:19:00.538200
4709,201806076195383,PRIN,19,28,350,550,192500.00,2018-06-07 06:19:00.538300
4710,201806076195388,PRIN,19,48,50,550,27500.00,2018-06-07 06:19:00.538800
4711,201806076195347,PRIN,4,28,100,556,55600.00,2018-06-07 06:19:00.534700
4712,201806076195335,PRIN,4,43,90,556,50040.00,2018-06-07 06:19:00.533500
4713,201806076195326,PRIN,28,43,10,549,5490.00,2018-06-07 06:19:00.532600
4714,201806076195320,PRIN,42,16,52,545,28340.00,2018-06-07 06:19:00.532000
4715,201806066195007,PRIN,32,35,50,544,27200.00,2018-06-06 06:19:00.500700
4716,201806066195008,PRIN,52,35,36,543,19548.00,2018-06-06 06:19:00.500800
4717,201806066195009,PRIN,59,35,50,543,27150.00,2018-06-06 06:19:00.500900
4718,201806066195010,PRIN,42,35,50,543,27150.00,2018-06-06 06:19:00.501000
4719,201806066195011,PRIN,41,35,60,543,32580.00,2018-06-06 06:19:00.501100
4720,201806066195012,PRIN,7,35,500,543,271500.00,2018-06-06 06:19:00.501200
4721,201806066195013,PRIN,7,35,100,543,54300.00,2018-06-06 06:19:00.501300
4722,201806066195015,PRIN,51,35,50,543,27150.00,2018-06-06 06:19:00.501500
4723,201806066195016,PRIN,19,35,50,543,27150.00,2018-06-06 06:19:00.501600
4724,201806066195017,PRIN,37,35,300,543,162900.00,2018-06-06 06:19:00.501700
4725,201806066195018,PRIN,5,35,300,540,162000.00,2018-06-06 06:19:00.501800
4726,201806066195019,PRIN,47,35,90,535,48150.00,2018-06-06 06:19:00.501900
4727,201806066194566,PRIN,41,21,100,545,54500.00,2018-06-06 06:19:00.456600
4728,201806066194567,PRIN,45,21,90,543,48870.00,2018-06-06 06:19:00.456700
4729,201806066194568,PRIN,52,21,114,543,61902.00,2018-06-06 06:19:00.456800
4730,201806066194575,PRIN,32,16,300,543,162900.00,2018-06-06 06:19:00.457500
4731,201806066194298,PRIN,36,25,100,551,55100.00,2018-06-06 06:19:00.429800
4732,201806066194299,PRIN,51,38,62,551,34162.00,2018-06-06 06:19:00.429900
4733,201806066194300,PRIN,29,38,100,550,55000.00,2018-06-06 06:19:00.430000
4734,201806066194301,PRIN,51,38,50,550,27500.00,2018-06-06 06:19:00.430100
4735,201806066194302,PRIN,53,38,1500,550,825000.00,2018-06-06 06:19:00.430200
4736,201806066194218,PRIN,53,29,36,553,19908.00,2018-06-06 06:19:00.421800
4737,201806066193873,PRIN,40,25,100,555,55500.00,2018-06-06 06:19:00.387300
4738,201806066193794,PRIN,35,25,100,555,55500.00,2018-06-06 06:19:00.379400
4739,201806066193770,PRIN,42,25,10,561,5610.00,2018-06-06 06:19:00.377000
4740,201806066193653,PRIN,42,4,50,561,28050.00,2018-06-06 06:19:00.365300
4741,201806066193626,PRIN,42,4,1000,559,559000.00,2018-06-06 06:19:00.362600
4742,201806066193627,PRIN,42,14,100,560,56000.00,2018-06-06 06:19:00.362700
4743,201806066193628,PRIN,42,35,20,560,11200.00,2018-06-06 06:19:00.362800
4744,201806066193629,PRIN,42,34,100,561,56100.00,2018-06-06 06:19:00.362900
4745,201806066193630,PRIN,42,34,100,561,56100.00,2018-06-06 06:19:00.363000
4746,201806066193490,PRIN,53,16,14,553,7742.00,2018-06-06 06:19:00.349000
4747,201806066193491,PRIN,25,53,30,562,16860.00,2018-06-06 06:19:00.349100
4748,201806066193413,PRIN,28,6,150,563,84450.00,2018-06-06 06:19:00.341300
4749,201806066193419,PRIN,29,53,10,562,5620.00,2018-06-06 06:19:00.341900
4750,201806066193378,PRIN,58,34,90,562,50580.00,2018-06-06 06:19:00.337800
4751,201806066193345,PRIN,29,34,10,562,5620.00,2018-06-06 06:19:00.334500
4752,201806066193048,PRIN,53,53,150,553,82950.00,2018-06-06 06:19:00.304800
4753,201806066193018,PRIN,45,34,10,543,5430.00,2018-06-06 06:19:00.301800
4754,201806046192628,PRIN,22,50,100,533,53300.00,2018-06-04 06:19:00.262800
4755,201806046192487,PRIN,42,59,10,535,5350.00,2018-06-04 06:19:00.248700
4756,201806046192488,PRIN,21,59,50,535,26750.00,2018-06-04 06:19:00.248800
4757,201806046192367,PRIN,42,36,40,535,21400.00,2018-06-04 06:19:00.236700
4758,201806046192335,PRIN,34,50,400,540,216000.00,2018-06-04 06:19:00.233500
4759,201806046191841,PRIN,33,33,800,531,424800.00,2018-06-04 06:19:00.184100
4760,201806046191805,PRIN,6,33,40,540,21600.00,2018-06-04 06:19:00.180500
4761,201806046191727,PRIN,29,33,50,531,26550.00,2018-06-04 06:19:00.172700
4762,201806046191728,PRIN,41,33,100,531,53100.00,2018-06-04 06:19:00.172800
4763,201806046191729,PRIN,25,33,200,531,106200.00,2018-06-04 06:19:00.172900
4764,201806046191730,PRIN,22,33,200,531,106200.00,2018-06-04 06:19:00.173000
4765,201806046191731,PRIN,32,33,50,531,26550.00,2018-06-04 06:19:00.173100
4766,201806046191280,PRIN,41,41,57,535,30495.00,2018-06-04 06:19:00.128000
4767,201806046191235,PRIN,17,53,50,535,26750.00,2018-06-04 06:19:00.123500
4768,201806046191236,PRIN,47,53,40,535,21400.00,2018-06-04 06:19:00.123600
4769,201806046191237,PRIN,29,53,24,532,12768.00,2018-06-04 06:19:00.123700
4770,201806046191238,PRIN,11,53,100,532,53200.00,2018-06-04 06:19:00.123800
4771,201806046191239,PRIN,53,53,150,531,79650.00,2018-06-04 06:19:00.123900
4772,201806046191240,PRIN,44,53,36,530,19080.00,2018-06-04 06:19:00.124000
4773,201806046190449,PRIN,34,38,346,525,181650.00,2018-06-04 06:19:00.044900
4774,201806046190108,PRIN,29,40,76,532,40432.00,2018-06-04 06:19:00.010800
4775,201806046190121,PRIN,17,33,100,530,53000.00,2018-06-04 06:19:00.012100
4776,201806046190053,PRIN,22,25,200,530,106000.00,2018-06-04 06:19:00.005300
4777,201806046189810,PRIN,17,8,94,534,50196.00,2018-06-04 06:18:00.981000
4778,201806046189787,PRIN,6,32,99,527,52173.00,2018-06-04 06:18:00.978700
4779,201806046189777,PRIN,1,8,500,534,267000.00,2018-06-04 06:18:00.977700
4780,201806046189698,PRIN,17,8,100,534,53400.00,2018-06-04 06:18:00.969800
4781,201806046189699,PRIN,32,8,200,534,106800.00,2018-06-04 06:18:00.969900
4782,201806046189686,PRIN,45,33,100,535,53500.00,2018-06-04 06:18:00.968600
4783,201806046189573,PRIN,43,33,500,536,268000.00,2018-06-04 06:18:00.957300
4784,201806046189574,PRIN,54,33,200,535,107000.00,2018-06-04 06:18:00.957400
4785,201806046189524,PRIN,49,33,50,544,27200.00,2018-06-04 06:18:00.952400
4786,201806046189525,PRIN,42,33,10,542,5420.00,2018-06-04 06:18:00.952500
4787,201806046189526,PRIN,57,33,200,541,108200.00,2018-06-04 06:18:00.952600
4788,201806046189527,PRIN,59,33,400,540,216000.00,2018-06-04 06:18:00.952700
4789,201806046189512,PRIN,42,16,190,542,102980.00,2018-06-04 06:18:00.951200
4790,201806046189086,PRIN,59,34,83,545,45235.00,2018-06-04 06:18:00.908600
4791,201806046189129,PRIN,59,33,500,542,271000.00,2018-06-04 06:18:00.912900
4792,201806046189035,PRIN,59,51,317,545,172765.00,2018-06-04 06:18:00.903500
4793,201806046188881,PRIN,34,50,950,546,518700.00,2018-06-04 06:18:00.888100
4794,201806046188820,PRIN,17,50,50,550,27500.00,2018-06-04 06:18:00.882000
4795,201806046188821,PRIN,57,50,100,550,55000.00,2018-06-04 06:18:00.882100
4796,201806046188822,PRIN,34,50,1050,546,573300.00,2018-06-04 06:18:00.882200
4797,201806046188467,PRIN,41,41,95,554,52630.00,2018-06-04 06:18:00.846700
4798,201806046188468,PRIN,14,41,500,550,275000.00,2018-06-04 06:18:00.846800
4799,201806046188377,PRIN,41,33,37,554,20498.00,2018-06-04 06:18:00.837700
4800,201806046188276,PRIN,26,13,50,561,28050.00,2018-06-04 06:18:00.827600
4801,201806046188305,PRIN,33,58,238,554,131852.00,2018-06-04 06:18:00.830500
4802,201806046188237,PRIN,41,44,106,553,58618.00,2018-06-04 06:18:00.823700
4803,201806046188195,PRIN,57,26,200,546,109200.00,2018-06-04 06:18:00.819500
4804,201806046188196,PRIN,32,26,100,546,54600.00,2018-06-04 06:18:00.819600
4805,201806046188197,PRIN,59,26,100,545,54500.00,2018-06-04 06:18:00.819700
4806,201806046188062,PRIN,34,1,10,550,5500.00,2018-06-04 06:18:00.806200
4807,201806046187994,PRIN,53,8,100,544,54400.00,2018-06-04 06:18:00.799400
4808,201806046187999,PRIN,59,52,100,545,54500.00,2018-06-04 06:18:00.799900
4809,201806046187911,PRIN,34,16,100,540,54000.00,2018-06-04 06:18:00.791100
4810,201806046187651,PRIN,6,52,50,535,26750.00,2018-06-04 06:18:00.765100
4811,201806046187468,PRIN,49,33,100,535,53500.00,2018-06-04 06:18:00.746800
4812,201806046187469,PRIN,34,33,100,534,53400.00,2018-06-04 06:18:00.746900
4813,201806046187470,PRIN,29,33,20,534,10680.00,2018-06-04 06:18:00.747000
4814,201806036186980,PRIN,38,39,100,544,54400.00,2018-06-03 06:18:00.698000
4815,201806036186698,PRIN,22,46,50,546,27300.00,2018-06-03 06:18:00.669800
4816,201806036186699,PRIN,22,44,400,547,218800.00,2018-06-03 06:18:00.669900
4817,201806036186455,PRIN,40,51,200,548,109600.00,2018-06-03 06:18:00.645500
4818,201806036186456,PRIN,40,51,20,548,10960.00,2018-06-03 06:18:00.645600
4819,201806036186092,PRIN,38,50,25,544,13600.00,2018-06-03 06:18:00.609200
4820,201806036186123,PRIN,22,41,41,545,22345.00,2018-06-03 06:18:00.612300
4821,201806036186032,PRIN,38,33,1000,544,544000.00,2018-06-03 06:18:00.603200
4822,201806036185949,PRIN,10,41,59,545,32155.00,2018-06-03 06:18:00.594900
4823,201806036185950,PRIN,14,41,100,545,54500.00,2018-06-03 06:18:00.595000
4824,201806036185951,PRIN,44,41,100,545,54500.00,2018-06-03 06:18:00.595100
4825,201806036185952,PRIN,57,41,100,545,54500.00,2018-06-03 06:18:00.595200
4826,201806036185953,PRIN,57,41,100,545,54500.00,2018-06-03 06:18:00.595300
4827,201806036185968,PRIN,38,10,50,544,27200.00,2018-06-03 06:18:00.596800
4828,201806036185856,PRIN,10,59,35,545,19075.00,2018-06-03 06:18:00.585600
4829,201806036185567,PRIN,34,55,100,545,54500.00,2018-06-03 06:18:00.556700
4830,201806036185568,PRIN,10,55,10,545,5450.00,2018-06-03 06:18:00.556800
4831,201806036185548,PRIN,10,41,196,545,106820.00,2018-06-03 06:18:00.554800
4832,201806036185412,PRIN,6,50,21,550,11550.00,2018-06-03 06:18:00.541200
4833,201806036185413,PRIN,53,50,100,550,55000.00,2018-06-03 06:18:00.541300
4834,201806036185392,PRIN,17,16,221,550,121550.00,2018-06-03 06:18:00.539200
4835,201806036185393,PRIN,6,16,279,550,153450.00,2018-06-03 06:18:00.539300
4836,201806036185348,PRIN,17,42,79,550,43450.00,2018-06-03 06:18:00.534800
4837,201806036185155,PRIN,32,37,200,551,110200.00,2018-06-03 06:18:00.515500
4838,201806036184775,PRIN,43,21,20,553,11060.00,2018-06-03 06:18:00.477500
4839,201806036184776,PRIN,43,43,50,554,27700.00,2018-06-03 06:18:00.477600
4840,201806036184000,PRIN,22,25,200,550,110000.00,2018-06-03 06:18:00.400000
4841,201806036183239,PRIN,17,20,300,550,165000.00,2018-06-03 06:18:00.323900
4842,201806036183057,PRIN,39,38,20,543,10860.00,2018-06-03 06:18:00.305700
4843,201806036183058,PRIN,28,38,500,543,271500.00,2018-06-03 06:18:00.305800
4844,201806036183059,PRIN,43,38,70,542,37940.00,2018-06-03 06:18:00.305900
4845,201806036182984,PRIN,45,34,50,551,27550.00,2018-06-03 06:18:00.298400
4846,201806036182985,PRIN,13,34,10,545,5450.00,2018-06-03 06:18:00.298500
4847,201806036182986,PRIN,57,34,200,545,109000.00,2018-06-03 06:18:00.298600
4848,201806036182987,PRIN,39,34,280,543,152040.00,2018-06-03 06:18:00.298700
4849,201806036182652,PRIN,22,49,43,551,23693.00,2018-06-03 06:18:00.265200
4850,201806036182519,PRIN,6,26,50,552,27600.00,2018-06-03 06:18:00.251900
4851,201806036182520,PRIN,28,26,141,551,77691.00,2018-06-03 06:18:00.252000
4852,201806036182521,PRIN,22,26,29,551,15979.00,2018-06-03 06:18:00.252100
4853,201806036182523,PRIN,22,21,119,551,65569.00,2018-06-03 06:18:00.252300
4854,201806036182256,PRIN,53,35,100,552,55200.00,2018-06-03 06:18:00.225600
4855,201806036182006,PRIN,28,34,159,551,87609.00,2018-06-03 06:18:00.200600
4856,201806036181843,PRIN,17,37,452,561,253572.00,2018-06-03 06:18:00.184300
4857,201806036181844,PRIN,59,37,48,561,26928.00,2018-06-03 06:18:00.184400
4858,201806036181861,PRIN,59,32,452,561,253572.00,2018-06-03 06:18:00.186100
4859,201806036181826,PRIN,17,55,238,561,133518.00,2018-06-03 06:18:00.182600
4860,201806036181795,PRIN,19,50,50,565,28250.00,2018-06-03 06:18:00.179500
4861,201806036181796,PRIN,19,34,50,565,28250.00,2018-06-03 06:18:00.179600
4862,201806036181783,PRIN,21,50,50,565,28250.00,2018-06-03 06:18:00.178300
4863,201806036181761,PRIN,21,55,50,565,28250.00,2018-06-03 06:18:00.176100
4864,201806036181711,PRIN,28,28,100,564,56400.00,2018-06-03 06:18:00.171100
4865,201806036181712,PRIN,28,34,500,565,282500.00,2018-06-03 06:18:00.171200
4866,201806036181700,PRIN,33,28,300,564,169200.00,2018-06-03 06:18:00.170000
4867,201806036181657,PRIN,17,39,10,561,5610.00,2018-06-03 06:18:00.165700
4868,201806036181404,PRIN,56,39,17,541,9197.00,2018-06-03 06:18:00.140400
4869,201806036181405,PRIN,39,32,300,550,165000.00,2018-06-03 06:18:00.140500
4870,201806036180731,PRIN,34,59,200,541,108200.00,2018-06-03 06:18:00.073100
4871,201806036180732,PRIN,28,59,166,540,89640.00,2018-06-03 06:18:00.073200
4872,201806036180733,PRIN,39,59,200,540,108000.00,2018-06-03 06:18:00.073300
4873,201806036180734,PRIN,57,59,100,540,54000.00,2018-06-03 06:18:00.073400
4874,201806036180735,PRIN,21,59,50,539,26950.00,2018-06-03 06:18:00.073500
4875,201806036180736,PRIN,14,59,100,539,53900.00,2018-06-03 06:18:00.073600
4876,201806036180737,PRIN,51,59,100,532,53200.00,2018-06-03 06:18:00.073700
4877,201806036180738,PRIN,28,59,500,532,266000.00,2018-06-03 06:18:00.073800
4878,201806036180739,PRIN,22,59,84,531,44604.00,2018-06-03 06:18:00.073900
4879,201806036180542,PRIN,28,36,30,540,16200.00,2018-06-03 06:18:00.054200
4880,201806036180519,PRIN,14,40,30,550,16500.00,2018-06-03 06:18:00.051900
4881,201806036180520,PRIN,28,40,804,540,434160.00,2018-06-03 06:18:00.052000
4882,201806036180435,PRIN,35,36,50,550,27500.00,2018-06-03 06:18:00.043500
4883,201806036180436,PRIN,41,36,10,550,5500.00,2018-06-03 06:18:00.043600
4884,201805316179815,PRIN,51,53,33,560,18480.00,2018-05-31 06:17:00.981500
4885,201805316179816,PRIN,51,53,100,560,56000.00,2018-05-31 06:17:00.981600
4886,201805316179817,PRIN,57,53,45,560,25200.00,2018-05-31 06:17:00.981700
4887,201805316179824,PRIN,36,1,200,560,112000.00,2018-05-31 06:17:00.982400
4888,201805316179391,PRIN,44,36,37,562,20794.00,2018-05-31 06:17:00.939100
4889,201805316179392,PRIN,45,36,370,561,207570.00,2018-05-31 06:17:00.939200
4890,201805316179393,PRIN,49,36,100,561,56100.00,2018-05-31 06:17:00.939300
4891,201805316179402,PRIN,25,10,30,560,16800.00,2018-05-31 06:17:00.940200
4892,201805316179403,PRIN,37,10,200,560,112000.00,2018-05-31 06:17:00.940300
4893,201805316179404,PRIN,51,10,62,560,34720.00,2018-05-31 06:17:00.940400
4894,201805316179412,PRIN,41,36,149,561,83589.00,2018-05-31 06:17:00.941200
4895,201805316179301,PRIN,38,6,10,563,5630.00,2018-05-31 06:17:00.930100
4896,201805316179302,PRIN,49,6,27,562,15174.00,2018-05-31 06:17:00.930200
4897,201805316179303,PRIN,44,6,163,562,91606.00,2018-05-31 06:17:00.930300
4898,201805316179046,PRIN,38,21,190,563,106970.00,2018-05-31 06:17:00.904600
4899,201805316179049,PRIN,49,21,73,562,41026.00,2018-05-31 06:17:00.904900
4900,201805316179000,PRIN,38,10,100,563,56300.00,2018-05-31 06:17:00.900000
4901,201805316178891,PRIN,45,53,100,561,56100.00,2018-05-31 06:17:00.889100
4902,201805316178854,PRIN,44,48,20,562,11240.00,2018-05-31 06:17:00.885400
4903,201805316178855,PRIN,11,48,100,561,56100.00,2018-05-31 06:17:00.885500
4904,201805316178856,PRIN,38,48,50,561,28050.00,2018-05-31 06:17:00.885600
4905,201805316178857,PRIN,45,48,30,561,16830.00,2018-05-31 06:17:00.885700
4906,201805316178836,PRIN,21,10,110,563,61930.00,2018-05-31 06:17:00.883600
4907,201805316178820,PRIN,38,10,200,564,112800.00,2018-05-31 06:17:00.882000
4908,201805316178821,PRIN,51,10,50,564,28200.00,2018-05-31 06:17:00.882100
4909,201805316178822,PRIN,21,10,90,563,50670.00,2018-05-31 06:17:00.882200
4910,201805316178513,PRIN,21,10,100,566,56600.00,2018-05-31 06:17:00.851300
4911,201805316178514,PRIN,29,10,20,565,11300.00,2018-05-31 06:17:00.851400
4912,201805316178515,PRIN,53,10,1000,564,564000.00,2018-05-31 06:17:00.851500
4913,201805316178398,PRIN,26,20,40,567,22680.00,2018-05-31 06:17:00.839800
4914,201805316178399,PRIN,17,20,30,567,17010.00,2018-05-31 06:17:00.839900
4915,201805316178400,PRIN,45,20,300,566,169800.00,2018-05-31 06:17:00.840000
4916,201805316178375,PRIN,17,33,172,568,97696.00,2018-05-31 06:17:00.837500
4917,201805316178109,PRIN,39,51,10,574,5740.00,2018-05-31 06:17:00.810900
4918,201805316178003,PRIN,17,36,350,572,200200.00,2018-05-31 06:17:00.800300
4919,201805316178004,PRIN,17,32,300,573,171900.00,2018-05-31 06:17:00.800400
4920,201805316178005,PRIN,17,32,200,573,114600.00,2018-05-31 06:17:00.800500
4921,201805316178006,PRIN,17,28,478,574,274372.00,2018-05-31 06:17:00.800600
4922,201805316177815,PRIN,21,1,119,572,68068.00,2018-05-31 06:17:00.781500
4923,201805316177816,PRIN,17,16,100,570,57000.00,2018-05-31 06:17:00.781600
4924,201805316177767,PRIN,21,19,50,569,28450.00,2018-05-31 06:17:00.776700
4925,201805316177768,PRIN,21,42,28,570,15960.00,2018-05-31 06:17:00.776800
4926,201805316177769,PRIN,21,25,100,570,57000.00,2018-05-31 06:17:00.776900
4927,201805316177770,PRIN,21,6,76,570,43320.00,2018-05-31 06:17:00.777000
4928,201805316177771,PRIN,21,34,50,571,28550.00,2018-05-31 06:17:00.777100
4929,201805316177693,PRIN,49,28,200,569,113800.00,2018-05-31 06:17:00.769300
4930,201805316177607,PRIN,48,28,50,569,28450.00,2018-05-31 06:17:00.760700
4931,201805316177471,PRIN,26,25,10,567,5670.00,2018-05-31 06:17:00.747100
4932,201805316177184,PRIN,10,32,55,565,31075.00,2018-05-31 06:17:00.718400
4933,201805316177185,PRIN,10,34,500,565,282500.00,2018-05-31 06:17:00.718500
4934,201805316177186,PRIN,10,10,300,566,169800.00,2018-05-31 06:17:00.718600
4935,201805316176845,PRIN,49,49,2,566,1132.00,2018-05-31 06:17:00.684500
4936,201805316176543,PRIN,44,32,150,562,84300.00,2018-05-31 06:17:00.654300
4937,201805316176535,PRIN,28,58,300,562,168600.00,2018-05-31 06:17:00.653500
4938,201805316176536,PRIN,44,58,30,562,16860.00,2018-05-31 06:17:00.653600
4939,201805316176325,PRIN,46,58,20,566,11320.00,2018-05-31 06:17:00.632500
4940,201805316176281,PRIN,34,35,49,562,27538.00,2018-05-31 06:17:00.628100
4941,201805316176144,PRIN,14,10,250,565,141250.00,2018-05-31 06:17:00.614400
4942,201805316176072,PRIN,11,10,200,565,113000.00,2018-05-31 06:17:00.607200
4943,201805306175654,PRIN,19,36,40,566,22640.00,2018-05-30 06:17:00.565400
4944,201805306175655,PRIN,14,36,160,566,90560.00,2018-05-30 06:17:00.565500
4945,201805306175510,PRIN,49,37,40,565,22600.00,2018-05-30 06:17:00.551000
4946,201805306175402,PRIN,20,36,30,567,17010.00,2018-05-30 06:17:00.540200
4947,201805306175403,PRIN,6,36,20,567,11340.00,2018-05-30 06:17:00.540300
4948,201805306175404,PRIN,17,36,50,566,28300.00,2018-05-30 06:17:00.540400
4949,201805306175319,PRIN,17,57,100,566,56600.00,2018-05-30 06:17:00.531900
4950,201805306175351,PRIN,17,57,100,566,56600.00,2018-05-30 06:17:00.535100
4951,201805306174998,PRIN,26,37,10,572,5720.00,2018-05-30 06:17:00.499800
4952,201805306174999,PRIN,45,37,100,571,57100.00,2018-05-30 06:17:00.499900
4953,201805306174800,PRIN,26,40,100,574,57400.00,2018-05-30 06:17:00.480000
4954,201805306174736,PRIN,41,40,30,574,17220.00,2018-05-30 06:17:00.473600
4955,201805306174668,PRIN,45,10,200,571,114200.00,2018-05-30 06:17:00.466800
4956,201805306174191,PRIN,57,34,50,573,28650.00,2018-05-30 06:17:00.419100
4957,201805306174192,PRIN,51,34,100,573,57300.00,2018-05-30 06:17:00.419200
4958,201805306174193,PRIN,11,34,500,572,286000.00,2018-05-30 06:17:00.419300
4959,201805306174194,PRIN,17,34,100,571,57100.00,2018-05-30 06:17:00.419400
4960,201805306174195,PRIN,46,34,20,570,11400.00,2018-05-30 06:17:00.419500
4961,201805306174041,PRIN,1,32,100,577,57700.00,2018-05-30 06:17:00.404100
4962,201805306173778,PRIN,22,50,50,575,28750.00,2018-05-30 06:17:00.377800
4963,201805306173734,PRIN,17,57,150,573,85950.00,2018-05-30 06:17:00.373400
4964,201805306173735,PRIN,17,44,535,574,307090.00,2018-05-30 06:17:00.373500
4965,201805306172409,PRIN,58,58,80,569,45520.00,2018-05-30 06:17:00.240900
4966,201805306172292,PRIN,58,58,211,569,120059.00,2018-05-30 06:17:00.229200
4967,201805306172233,PRIN,57,44,200,571,114200.00,2018-05-30 06:17:00.223300
4968,201805306172234,PRIN,43,44,25,571,14275.00,2018-05-30 06:17:00.223400
4969,201805306172235,PRIN,11,44,200,570,114000.00,2018-05-30 06:17:00.223500
4970,201805306172236,PRIN,47,44,40,570,22800.00,2018-05-30 06:17:00.223600
4971,201805306172196,PRIN,44,45,100,575,57500.00,2018-05-30 06:17:00.219600
4972,201805306172180,PRIN,57,4,100,576,57600.00,2018-05-30 06:17:00.218000
4973,201805306171940,PRIN,56,29,35,576,20160.00,2018-05-30 06:17:00.194000
4974,201805306171941,PRIN,47,29,93,576,53568.00,2018-05-30 06:17:00.194100
4975,201805306171946,PRIN,57,26,75,578,43350.00,2018-05-30 06:17:00.194600
4976,201805306171947,PRIN,57,20,17,579,9843.00,2018-05-30 06:17:00.194700
4977,201805306171948,PRIN,57,22,100,580,58000.00,2018-05-30 06:17:00.194800
4978,201805306171680,PRIN,38,28,485,581,281785.00,2018-05-30 06:17:00.168000
4979,201805306171681,PRIN,38,55,60,581,34860.00,2018-05-30 06:17:00.168100
4980,201805306171645,PRIN,56,40,65,580,37700.00,2018-05-30 06:17:00.164500
4981,201805306171574,PRIN,36,58,100,580,58000.00,2018-05-30 06:17:00.157400
4982,201805306171577,PRIN,36,22,200,580,116000.00,2018-05-30 06:17:00.157700
4983,201805306171589,PRIN,36,40,350,580,203000.00,2018-05-30 06:17:00.158900
4984,201805306171549,PRIN,36,28,50,576,28800.00,2018-05-30 06:17:00.154900
4985,201805306171550,PRIN,36,6,100,578,57800.00,2018-05-30 06:17:00.155000
4986,201805306171551,PRIN,36,22,200,580,116000.00,2018-05-30 06:17:00.155100
4987,201805306171507,PRIN,1,8,50,574,28700.00,2018-05-30 06:17:00.150700
4988,201805306171518,PRIN,52,58,100,575,57500.00,2018-05-30 06:17:00.151800
4989,201805306171375,PRIN,38,57,1000,570,570000.00,2018-05-30 06:17:00.137500
4990,201805306171258,PRIN,8,41,150,574,86100.00,2018-05-30 06:17:00.125800
4991,201805306171231,PRIN,8,34,90,573,51570.00,2018-05-30 06:17:00.123100
4992,201805306171168,PRIN,47,34,10,573,5730.00,2018-05-30 06:17:00.116800
4993,201805306171081,PRIN,36,53,90,568,51120.00,2018-05-30 06:17:00.108100
4994,201805306171033,PRIN,47,53,10,568,5680.00,2018-05-30 06:17:00.103300
4995,201805306170919,PRIN,34,25,10,560,5600.00,2018-05-30 06:17:00.091900
4996,201805306170920,PRIN,34,56,100,562,56200.00,2018-05-30 06:17:00.092000
4997,201805306170650,PRIN,42,8,20,557,11140.00,2018-05-30 06:17:00.065000
4998,201805306170651,PRIN,51,8,100,552,55200.00,2018-05-30 06:17:00.065100
4999,201805306170652,PRIN,42,8,100,552,55200.00,2018-05-30 06:17:00.065200
5000,201805306170653,PRIN,26,8,30,551,16530.00,2018-05-30 06:17:00.065300
5001,201805306170654,PRIN,29,8,100,551,55100.00,2018-05-30 06:17:00.065400
5002,201805306170655,PRIN,22,8,70,551,38570.00,2018-05-30 06:17:00.065500
5003,201805306170585,PRIN,22,40,105,555,58275.00,2018-05-30 06:17:00.058500
5004,201805306170522,PRIN,14,46,120,557,66840.00,2018-05-30 06:17:00.052200
5005,201805306170479,PRIN,28,49,250,556,139000.00,2018-05-30 06:17:00.047900
5006,201805306170480,PRIN,14,49,100,555,55500.00,2018-05-30 06:17:00.048000
5007,201805306170481,PRIN,28,49,150,554,83100.00,2018-05-30 06:17:00.048100
5008,201805306170462,PRIN,57,46,30,560,16800.00,2018-05-30 06:17:00.046200
5009,201805306170463,PRIN,51,46,100,557,55700.00,2018-05-30 06:17:00.046300
5010,201805306170446,PRIN,14,21,100,565,56500.00,2018-05-30 06:17:00.044600
5011,201805306170430,PRIN,51,34,100,566,56600.00,2018-05-30 06:17:00.043000
5012,201805296170128,PRIN,7,7,48,567,27216.00,2018-05-29 06:17:00.012800
5013,201805296170129,PRIN,11,7,86,565,48590.00,2018-05-29 06:17:00.012900
5014,201805296170130,PRIN,16,7,220,565,124300.00,2018-05-29 06:17:00.013000
5015,201805296169730,PRIN,35,44,30,571,17130.00,2018-05-29 06:16:00.973000
5016,201805296169692,PRIN,46,29,50,570,28500.00,2018-05-29 06:16:00.969200
5017,201805296169715,PRIN,57,44,100,571,57100.00,2018-05-29 06:16:00.971500
5018,201805296169511,PRIN,28,7,86,570,49020.00,2018-05-29 06:16:00.951100
5019,201805296169512,PRIN,45,7,100,570,57000.00,2018-05-29 06:16:00.951200
5020,201805296169513,PRIN,50,7,100,570,57000.00,2018-05-29 06:16:00.951300
5021,201805296169514,PRIN,32,7,400,569,227600.00,2018-05-29 06:16:00.951400
5022,201805296169333,PRIN,4,53,100,573,57300.00,2018-05-29 06:16:00.933300
5023,201805296169334,PRIN,4,7,278,574,159572.00,2018-05-29 06:16:00.933400
5024,201805296169310,PRIN,4,44,200,572,114400.00,2018-05-29 06:16:00.931000
5025,201805296169259,PRIN,40,6,300,571,171300.00,2018-05-29 06:16:00.925900
5026,201805296169260,PRIN,40,22,300,572,171600.00,2018-05-29 06:16:00.926000
5027,201805296169178,PRIN,28,43,63,570,35910.00,2018-05-29 06:16:00.917800
5028,201805296169179,PRIN,28,59,101,570,57570.00,2018-05-29 06:16:00.917900
5029,201805296169180,PRIN,28,14,50,570,28500.00,2018-05-29 06:16:00.918000
5030,201805296169194,PRIN,28,7,140,570,79800.00,2018-05-29 06:16:00.919400
5031,201805296169129,PRIN,29,47,100,570,57000.00,2018-05-29 06:16:00.912900
5032,201805296169130,PRIN,29,43,137,570,78090.00,2018-05-29 06:16:00.913000
5033,201805296169077,PRIN,32,34,100,569,56900.00,2018-05-29 06:16:00.907700
5034,201805296169055,PRIN,7,36,202,567,114534.00,2018-05-29 06:16:00.905500
5035,201805296168949,PRIN,13,36,200,567,113400.00,2018-05-29 06:16:00.894900
5036,201805296168861,PRIN,38,36,100,567,56700.00,2018-05-29 06:16:00.886100
5037,201805296168827,PRIN,28,36,100,567,56700.00,2018-05-29 06:16:00.882700
5038,201805296168806,PRIN,28,57,100,565,56500.00,2018-05-29 06:16:00.880600
5039,201805296168772,PRIN,29,5,63,563,35469.00,2018-05-29 06:16:00.877200
5040,201805296168668,PRIN,51,20,60,565,33900.00,2018-05-29 06:16:00.866800
5041,201805296168669,PRIN,7,20,185,563,104155.00,2018-05-29 06:16:00.866900
5042,201805296168172,PRIN,10,34,200,565,113000.00,2018-05-29 06:16:00.817200
5043,201805296168173,PRIN,10,6,141,567,79947.00,2018-05-29 06:16:00.817300
5044,201805296168174,PRIN,10,32,1000,567,567000.00,2018-05-29 06:16:00.817400
5045,201805296168069,PRIN,5,39,50,562,28100.00,2018-05-29 06:16:00.806900
5046,201805296168070,PRIN,45,39,100,561,56100.00,2018-05-29 06:16:00.807000
5047,201805296168071,PRIN,16,39,572,560,320320.00,2018-05-29 06:16:00.807100
5048,201805296167864,PRIN,1,21,13,561,7293.00,2018-05-29 06:16:00.786400
5049,201805296167866,PRIN,1,39,187,561,104907.00,2018-05-29 06:16:00.786600
5050,201805296167833,PRIN,29,44,790,565,446350.00,2018-05-29 06:16:00.783300
5051,201805296167837,PRIN,29,39,90,560,50400.00,2018-05-29 06:16:00.783700
5052,201805296167838,PRIN,14,39,30,560,16800.00,2018-05-29 06:16:00.783800
5053,201805296167839,PRIN,49,39,100,560,56000.00,2018-05-29 06:16:00.783900
5054,201805296167840,PRIN,29,39,150,560,84000.00,2018-05-29 06:16:00.784000
5055,201805296167841,PRIN,16,39,200,560,112000.00,2018-05-29 06:16:00.784100
5056,201805296167842,PRIN,32,39,132,560,73920.00,2018-05-29 06:16:00.784200
5057,201805296167851,PRIN,32,39,168,560,94080.00,2018-05-29 06:16:00.785100
5058,201805296167852,PRIN,19,39,100,560,56000.00,2018-05-29 06:16:00.785200
5059,201805296167853,PRIN,29,39,1000,558,558000.00,2018-05-29 06:16:00.785300
5060,201805296167334,PRIN,16,49,50,565,28250.00,2018-05-29 06:16:00.733400
5061,201805296167329,PRIN,16,16,750,565,423750.00,2018-05-29 06:16:00.732900
5062,201805296167212,PRIN,19,40,100,565,56500.00,2018-05-29 06:16:00.721200
5063,201805296166957,PRIN,50,44,10,565,5650.00,2018-05-29 06:16:00.695700
5064,201805296166958,PRIN,48,44,100,565,56500.00,2018-05-29 06:16:00.695800
5065,201805296166959,PRIN,17,44,50,565,28250.00,2018-05-29 06:16:00.695900
5066,201805296166784,PRIN,42,53,60,567,34020.00,2018-05-29 06:16:00.678400
5067,201805296166743,PRIN,45,44,50,568,28400.00,2018-05-29 06:16:00.674300
5068,201805296166487,PRIN,16,16,100,570,57000.00,2018-05-29 06:16:00.648700
5069,201805296166497,PRIN,16,20,69,570,39330.00,2018-05-29 06:16:00.649700
5070,201805296166498,PRIN,34,20,20,570,11400.00,2018-05-29 06:16:00.649800
5071,201805296166460,PRIN,16,26,306,570,174420.00,2018-05-29 06:16:00.646000
5072,201805296166461,PRIN,16,29,25,570,14250.00,2018-05-29 06:16:00.646100
5073,201805296166462,PRIN,16,25,100,570,57000.00,2018-05-29 06:16:00.646200
5074,201805296166388,PRIN,55,26,50,572,28600.00,2018-05-29 06:16:00.638800
5075,201805296166389,PRIN,45,26,90,570,51300.00,2018-05-29 06:16:00.638900
5076,201805296166390,PRIN,58,26,30,570,17100.00,2018-05-29 06:16:00.639000
5077,201805296166352,PRIN,45,38,10,570,5700.00,2018-05-29 06:16:00.635200
5078,201805296166302,PRIN,49,38,50,570,28500.00,2018-05-29 06:16:00.630200
5079,201805296166303,PRIN,49,53,150,570,85500.00,2018-05-29 06:16:00.630300
5080,201805296166322,PRIN,42,53,50,570,28500.00,2018-05-29 06:16:00.632200
5081,201805296166323,PRIN,42,38,150,570,85500.00,2018-05-29 06:16:00.632300
5082,201805296166275,PRIN,32,26,200,565,113000.00,2018-05-29 06:16:00.627500
5083,201805296166276,PRIN,21,26,100,565,56500.00,2018-05-29 06:16:00.627600
5084,201805296166277,PRIN,53,26,100,562,56200.00,2018-05-29 06:16:00.627700
5085,201805296166278,PRIN,17,26,50,561,28050.00,2018-05-29 06:16:00.627800
5086,201805296166279,PRIN,13,26,100,561,56100.00,2018-05-29 06:16:00.627900
5087,201805296166280,PRIN,34,26,40,560,22400.00,2018-05-29 06:16:00.628000
5088,201805296166281,PRIN,49,26,200,560,112000.00,2018-05-29 06:16:00.628100
5089,201805296166282,PRIN,49,26,200,560,112000.00,2018-05-29 06:16:00.628200
5090,201805296166283,PRIN,29,26,10,560,5600.00,2018-05-29 06:16:00.628300
5091,201805296166242,PRIN,45,38,100,570,57000.00,2018-05-29 06:16:00.624200
5092,201805296166169,PRIN,29,44,100,570,57000.00,2018-05-29 06:16:00.616900
5093,201805296166170,PRIN,29,38,50,570,28500.00,2018-05-29 06:16:00.617000
5094,201805296166141,PRIN,28,43,100,568,56800.00,2018-05-29 06:16:00.614100
5095,201805296166142,PRIN,39,43,58,568,32944.00,2018-05-29 06:16:00.614200
5096,201805296166151,PRIN,7,44,100,570,57000.00,2018-05-29 06:16:00.615100
5097,201805296166109,PRIN,49,22,60,571,34260.00,2018-05-29 06:16:00.610900
5098,201805296166110,PRIN,49,38,40,571,22840.00,2018-05-29 06:16:00.611000
5099,201805296166120,PRIN,53,44,300,570,171000.00,2018-05-29 06:16:00.612000
5100,201805296166076,PRIN,53,29,60,570,34200.00,2018-05-29 06:16:00.607600
5101,201805296166088,PRIN,53,22,40,570,22800.00,2018-05-29 06:16:00.608800
5102,201805296166089,PRIN,55,22,60,570,34200.00,2018-05-29 06:16:00.608900
5103,201805296166094,PRIN,53,38,200,570,114000.00,2018-05-29 06:16:00.609400
5104,201805296166021,PRIN,57,44,60,571,34260.00,2018-05-29 06:16:00.602100
5105,201805296166022,PRIN,57,22,240,571,137040.00,2018-05-29 06:16:00.602200
5106,201805296165988,PRIN,39,39,242,568,137456.00,2018-05-29 06:16:00.598800
5107,201805296166012,PRIN,32,38,200,570,114000.00,2018-05-29 06:16:00.601200
5108,201805296165971,PRIN,26,53,100,569,56900.00,2018-05-29 06:16:00.597100
5109,201805296165972,PRIN,26,29,100,570,57000.00,2018-05-29 06:16:00.597200
5110,201805296165973,PRIN,26,38,200,570,114000.00,2018-05-29 06:16:00.597300
5111,201805296165928,PRIN,45,39,100,567,56700.00,2018-05-29 06:16:00.592800
5112,201805296165931,PRIN,28,25,200,567,113400.00,2018-05-29 06:16:00.593100
5113,201805296165932,PRIN,28,39,100,568,56800.00,2018-05-29 06:16:00.593200
5114,201805296165943,PRIN,3,42,100,569,56900.00,2018-05-29 06:16:00.594300
5115,201805296165944,PRIN,3,53,100,569,56900.00,2018-05-29 06:16:00.594400
5116,201805296165891,PRIN,29,39,100,567,56700.00,2018-05-29 06:16:00.589100
5117,201805296165840,PRIN,29,39,100,567,56700.00,2018-05-29 06:16:00.584000
5118,201805296165761,PRIN,55,44,100,565,56500.00,2018-05-29 06:16:00.576100
5119,201805296165762,PRIN,28,44,240,565,135600.00,2018-05-29 06:16:00.576200
5120,201805296165763,PRIN,28,13,38,565,21470.00,2018-05-29 06:16:00.576300
5121,201805296165764,PRIN,28,58,100,565,56500.00,2018-05-29 06:16:00.576400
5122,201805296165765,PRIN,28,25,50,567,28350.00,2018-05-29 06:16:00.576500
5123,201805296165766,PRIN,28,44,50,571,28550.00,2018-05-29 06:16:00.576600
5124,201805296165758,PRIN,29,44,160,565,90400.00,2018-05-29 06:16:00.575800
5125,201805296165741,PRIN,41,22,300,564,169200.00,2018-05-29 06:16:00.574100
5126,201805296165616,PRIN,29,36,40,560,22400.00,2018-05-29 06:16:00.561600
5127,201805296165575,PRIN,10,16,170,555,94350.00,2018-05-29 06:16:00.557500
5128,201805296165576,PRIN,10,50,50,560,28000.00,2018-05-29 06:16:00.557600
5129,201805296165577,PRIN,10,53,62,560,34720.00,2018-05-29 06:16:00.557700
5130,201805296165578,PRIN,10,38,20,560,11200.00,2018-05-29 06:16:00.557800
5131,201805296165579,PRIN,10,16,100,561,56100.00,2018-05-29 06:16:00.557900
5132,201805296165580,PRIN,10,44,100,561,56100.00,2018-05-29 06:16:00.558000
5133,201805296165541,PRIN,20,16,30,555,16650.00,2018-05-29 06:16:00.554100
5134,201805296165491,PRIN,38,51,55,550,30250.00,2018-05-29 06:16:00.549100
5135,201805296165394,PRIN,38,54,200,550,110000.00,2018-05-29 06:16:00.539400
5136,201805296165370,PRIN,48,58,100,552,55200.00,2018-05-29 06:16:00.537000
5137,201805296165371,PRIN,38,58,100,550,55000.00,2018-05-29 06:16:00.537100
5138,201805296165297,PRIN,46,39,221,555,122655.00,2018-05-29 06:16:00.529700
5139,201805296165298,PRIN,14,39,300,555,166500.00,2018-05-29 06:16:00.529800
5140,201805296165288,PRIN,53,26,71,556,39476.00,2018-05-29 06:16:00.528800
5141,201805296165289,PRIN,46,26,29,555,16095.00,2018-05-29 06:16:00.528900
5142,201805296165222,PRIN,53,41,29,556,16124.00,2018-05-29 06:16:00.522200
5143,201805296165149,PRIN,41,50,50,560,28000.00,2018-05-29 06:16:00.514900
5144,201805296165155,PRIN,41,53,38,560,21280.00,2018-05-29 06:16:00.515500
5145,201805296165156,PRIN,19,53,100,560,56000.00,2018-05-29 06:16:00.515600
5146,201805296165113,PRIN,33,53,88,561,49368.00,2018-05-29 06:16:00.511300
5147,201805296165114,PRIN,41,53,12,560,6720.00,2018-05-29 06:16:00.511400
5148,201805296165064,PRIN,33,58,30,561,16830.00,2018-05-29 06:16:00.506400
5149,201805296165069,PRIN,33,58,67,561,37587.00,2018-05-29 06:16:00.506900
5150,201805296165027,PRIN,50,44,50,567,28350.00,2018-05-29 06:16:00.502700
5151,201805296165032,PRIN,50,20,50,567,28350.00,2018-05-29 06:16:00.503200
5152,201805296165033,PRIN,48,20,435,562,244470.00,2018-05-29 06:16:00.503300
5153,201805296165034,PRIN,33,20,15,561,8415.00,2018-05-29 06:16:00.503400
5154,201805296165016,PRIN,19,39,100,567,56700.00,2018-05-29 06:16:00.501600
5155,201805296165017,PRIN,19,44,350,567,198450.00,2018-05-29 06:16:00.501700
5156,201805296165021,PRIN,42,44,100,567,56700.00,2018-05-29 06:16:00.502100
5157,201805296165022,PRIN,34,33,500,563,281500.00,2018-05-29 06:16:00.502200
5158,201805296164988,PRIN,10,44,500,565,282500.00,2018-05-29 06:16:00.498800
5159,201805296164873,PRIN,35,29,150,561,84150.00,2018-05-29 06:16:00.487300
5160,201805286164745,PRIN,19,39,20,560,11200.00,2018-05-28 06:16:00.474500
5161,201805286164746,PRIN,19,52,30,560,16800.00,2018-05-28 06:16:00.474600
5162,201805286164753,PRIN,17,17,100,560,56000.00,2018-05-28 06:16:00.475300
5163,201805286164754,PRIN,17,14,100,560,56000.00,2018-05-28 06:16:00.475400
5164,201805286164755,PRIN,17,52,270,560,151200.00,2018-05-28 06:16:00.475500
5165,201805286164807,PRIN,17,8,50,561,28050.00,2018-05-28 06:16:00.480700
5166,201805286164701,PRIN,17,17,100,558,55800.00,2018-05-28 06:16:00.470100
5167,201805286164719,PRIN,17,57,57,559,31863.00,2018-05-28 06:16:00.471900
5168,201805286164564,PRIN,28,17,218,558,121644.00,2018-05-28 06:16:00.456400
5169,201805286164565,PRIN,28,16,100,558,55800.00,2018-05-28 06:16:00.456500
5170,201805286164510,PRIN,45,22,100,556,55600.00,2018-05-28 06:16:00.451000
5171,201805286164547,PRIN,17,29,100,555,55500.00,2018-05-28 06:16:00.454700
5172,201805286164468,PRIN,57,22,200,556,111200.00,2018-05-28 06:16:00.446800
5173,201805286164373,PRIN,28,1,128,553,70784.00,2018-05-28 06:16:00.437300
5174,201805286164374,PRIN,28,32,357,553,197421.00,2018-05-28 06:16:00.437400
5175,201805286164398,PRIN,8,19,220,554,121880.00,2018-05-28 06:16:00.439800
5176,201805286164399,PRIN,8,22,200,554,110800.00,2018-05-28 06:16:00.439900
5177,201805286164324,PRIN,49,1,50,553,27650.00,2018-05-28 06:16:00.432400
5178,201805286164257,PRIN,25,47,100,552,55200.00,2018-05-28 06:16:00.425700
5179,201805286164211,PRIN,42,59,200,552,110400.00,2018-05-28 06:16:00.421100
5180,201805286164220,PRIN,36,39,100,553,55300.00,2018-05-28 06:16:00.422000
5181,201805286164221,PRIN,36,1,100,553,55300.00,2018-05-28 06:16:00.422100
5182,201805286164165,PRIN,42,38,300,552,165600.00,2018-05-28 06:16:00.416500
5183,201805286164139,PRIN,26,58,30,548,16440.00,2018-05-28 06:16:00.413900
5184,201805286164156,PRIN,41,1,100,551,55100.00,2018-05-28 06:16:00.415600
5185,201805286164096,PRIN,36,39,150,550,82500.00,2018-05-28 06:16:00.409600
5186,201805286164097,PRIN,36,53,100,550,55000.00,2018-05-28 06:16:00.409700
5187,201805286164098,PRIN,36,17,220,550,121000.00,2018-05-28 06:16:00.409800
5188,201805286164099,PRIN,36,21,13,550,7150.00,2018-05-28 06:16:00.409900
5189,201805286164100,PRIN,36,29,100,550,55000.00,2018-05-28 06:16:00.410000
5190,201805286164061,PRIN,43,1,50,549,27450.00,2018-05-28 06:16:00.406100
5191,201805286164073,PRIN,41,57,50,550,27500.00,2018-05-28 06:16:00.407300
5192,201805286164074,PRIN,41,39,50,550,27500.00,2018-05-28 06:16:00.407400
5193,201805286164016,PRIN,4,36,190,549,104310.00,2018-05-28 06:16:00.401600
5194,201805286163873,PRIN,16,44,190,549,104310.00,2018-05-28 06:16:00.387300
5195,201805286163799,PRIN,1,44,300,549,164700.00,2018-05-28 06:16:00.379900
5196,201805286163780,PRIN,34,44,472,549,259128.00,2018-05-28 06:16:00.378000
5197,201805286163748,PRIN,20,44,20,549,10980.00,2018-05-28 06:16:00.374800
5198,201805286163672,PRIN,51,44,200,549,109800.00,2018-05-28 06:16:00.367200
5199,201805286163537,PRIN,46,39,200,549,109800.00,2018-05-28 06:16:00.353700
5200,201805286163448,PRIN,49,44,40,549,21960.00,2018-05-28 06:16:00.344800
5201,201805286163016,PRIN,29,39,200,549,109800.00,2018-05-28 06:16:00.301600
5202,201805286162958,PRIN,40,39,200,549,109800.00,2018-05-28 06:16:00.295800
5203,201805286162899,PRIN,7,39,100,549,54900.00,2018-05-28 06:16:00.289900
5204,201805286162814,PRIN,49,39,60,547,32820.00,2018-05-28 06:16:00.281400
5205,201805286162815,PRIN,4,39,200,547,109400.00,2018-05-28 06:16:00.281500
5206,201805286162768,PRIN,4,45,100,547,54700.00,2018-05-28 06:16:00.276800
5207,201805286162725,PRIN,41,1,100,549,54900.00,2018-05-28 06:16:00.272500
5208,201805286162696,PRIN,41,25,100,549,54900.00,2018-05-28 06:16:00.269600
5209,201805286162465,PRIN,38,39,500,548,274000.00,2018-05-28 06:16:00.246500
5210,201805286162262,PRIN,4,34,190,547,103930.00,2018-05-28 06:16:00.226200
5211,201805286162028,PRIN,26,7,25,546,13650.00,2018-05-28 06:16:00.202800
5212,201805286162029,PRIN,50,7,100,545,54500.00,2018-05-28 06:16:00.202900
5213,201805286162030,PRIN,26,7,500,545,272500.00,2018-05-28 06:16:00.203000
5214,201805286162016,PRIN,21,1,50,546,27300.00,2018-05-28 06:16:00.201600
5215,201805286161918,PRIN,46,34,10,547,5470.00,2018-05-28 06:16:00.191800
5216,201805286161901,PRIN,7,34,300,547,164100.00,2018-05-28 06:16:00.190100
5217,201805286161815,PRIN,17,25,100,550,55000.00,2018-05-28 06:16:00.181500
5218,201805286161816,PRIN,17,22,200,550,110000.00,2018-05-28 06:16:00.181600
5219,201805286161789,PRIN,7,10,200,547,109400.00,2018-05-28 06:16:00.178900
5220,201805286161704,PRIN,10,7,200,548,109600.00,2018-05-28 06:16:00.170400
5221,201805286161705,PRIN,10,20,200,550,110000.00,2018-05-28 06:16:00.170500
5222,201805286161694,PRIN,10,22,600,550,330000.00,2018-05-28 06:16:00.169400
5223,201805286161695,PRIN,10,50,100,550,55000.00,2018-05-28 06:16:00.169500
5224,201805286161696,PRIN,10,42,100,550,55000.00,2018-05-28 06:16:00.169600
5225,201805286161653,PRIN,10,22,260,550,143000.00,2018-05-28 06:16:00.165300
5226,201805286161633,PRIN,38,51,25,547,13675.00,2018-05-28 06:16:00.163300
5227,201805286161634,PRIN,38,39,28,548,15344.00,2018-05-28 06:16:00.163400
5228,201805286161635,PRIN,38,26,242,549,132858.00,2018-05-28 06:16:00.163500
5229,201805286161636,PRIN,38,53,65,550,35750.00,2018-05-28 06:16:00.163600
5230,201805286161637,PRIN,38,22,140,550,77000.00,2018-05-28 06:16:00.163700
5231,201805286161250,PRIN,36,1,30,547,16410.00,2018-05-28 06:16:00.125000
5232,201805286161251,PRIN,16,1,50,546,27300.00,2018-05-28 06:16:00.125100
5233,201805286161225,PRIN,42,57,26,548,14248.00,2018-05-28 06:16:00.122500
5234,201805286161239,PRIN,36,57,24,547,13128.00,2018-05-28 06:16:00.123900
5235,201805286161155,PRIN,42,34,24,548,13152.00,2018-05-28 06:16:00.115500
5236,201805286161128,PRIN,32,53,35,550,19250.00,2018-05-28 06:16:00.112800
5237,201805286161094,PRIN,46,34,20,551,11020.00,2018-05-28 06:16:00.109400
5238,201805286161095,PRIN,39,34,100,551,55100.00,2018-05-28 06:16:00.109500
5239,201805286161096,PRIN,22,34,65,550,35750.00,2018-05-28 06:16:00.109600
5240,201805286161097,PRIN,22,34,150,550,82500.00,2018-05-28 06:16:00.109700
5241,201805286161098,PRIN,32,34,165,550,90750.00,2018-05-28 06:16:00.109800
5242,201805286161058,PRIN,21,59,300,552,165600.00,2018-05-28 06:16:00.105800
5243,201805286161034,PRIN,21,43,100,552,55200.00,2018-05-28 06:16:00.103400
5244,201805286161007,PRIN,28,48,70,555,38850.00,2018-05-28 06:16:00.100700
5245,201805286161015,PRIN,10,22,100,558,55800.00,2018-05-28 06:16:00.101500
5246,201805286161018,PRIN,28,43,30,555,16650.00,2018-05-28 06:16:00.101800
5247,201805286160961,PRIN,33,52,30,555,16650.00,2018-05-28 06:16:00.096100
5248,201805286160963,PRIN,59,48,10,555,5550.00,2018-05-28 06:16:00.096300
5249,201805286160964,PRIN,33,48,70,555,38850.00,2018-05-28 06:16:00.096400
5250,201805286160871,PRIN,17,56,200,555,111000.00,2018-05-28 06:16:00.087100
5251,201805286160872,PRIN,17,39,100,556,55600.00,2018-05-28 06:16:00.087200
5252,201805286160873,PRIN,17,59,100,557,55700.00,2018-05-28 06:16:00.087300
5253,201805286160874,PRIN,17,17,150,558,83700.00,2018-05-28 06:16:00.087400
5254,201805286160706,PRIN,22,50,200,550,110000.00,2018-05-28 06:16:00.070600
5255,201805286160674,PRIN,21,39,100,556,55600.00,2018-05-28 06:16:00.067400
5256,201805286160624,PRIN,45,35,100,552,55200.00,2018-05-28 06:16:00.062400
5257,201805286160626,PRIN,16,34,285,550,156750.00,2018-05-28 06:16:00.062600
5258,201805286160627,PRIN,22,34,35,550,19250.00,2018-05-28 06:16:00.062700
5259,201805286160628,PRIN,42,19,300,555,166500.00,2018-05-28 06:16:00.062800
5260,201805286160578,PRIN,16,48,214,550,117700.00,2018-05-28 06:16:00.057800
5261,201805286160579,PRIN,16,48,15,550,8250.00,2018-05-28 06:16:00.057900
5262,201805286160525,PRIN,45,32,50,552,27600.00,2018-05-28 06:16:00.052500
5263,201805286160526,PRIN,57,32,180,550,99000.00,2018-05-28 06:16:00.052600
5264,201805286160527,PRIN,16,32,286,550,157300.00,2018-05-28 06:16:00.052700
5265,201805286160514,PRIN,58,53,100,555,55500.00,2018-05-28 06:16:00.051400
5266,201805286160468,PRIN,48,32,264,555,146520.00,2018-05-28 06:16:00.046800
5267,201805286160419,PRIN,42,17,47,557,26179.00,2018-05-28 06:16:00.041900
5268,201805286160434,PRIN,48,50,36,555,19980.00,2018-05-28 06:16:00.043400
5269,201805286160395,PRIN,19,32,20,559,11180.00,2018-05-28 06:16:00.039500
5270,201805286160379,PRIN,41,32,200,559,111800.00,2018-05-28 06:16:00.037900
5271,201805286160374,PRIN,58,29,31,559,17329.00,2018-05-28 06:16:00.037400
5272,201805286160375,PRIN,58,8,76,559,42484.00,2018-05-28 06:16:00.037500
5273,201805286160327,PRIN,43,21,11,558,6138.00,2018-05-28 06:16:00.032700
5274,201805286160328,PRIN,43,29,189,559,105651.00,2018-05-28 06:16:00.032800
5275,201805286160304,PRIN,43,39,200,558,111600.00,2018-05-28 06:16:00.030400
5276,201805286160252,PRIN,25,58,11,559,6149.00,2018-05-28 06:16:00.025200
5277,201805286160271,PRIN,55,29,50,559,27950.00,2018-05-28 06:16:00.027100
5278,201805286160212,PRIN,19,22,50,550,27500.00,2018-05-28 06:16:00.021200
5279,201805286160216,PRIN,57,22,20,550,11000.00,2018-05-28 06:16:00.021600
5280,201805286160217,PRIN,57,39,100,550,55000.00,2018-05-28 06:16:00.021700
5281,201805286160174,PRIN,58,45,45,550,24750.00,2018-05-28 06:16:00.017400
5282,201805286160175,PRIN,58,14,47,550,25850.00,2018-05-28 06:16:00.017500
5283,201805286160183,PRIN,58,29,100,550,55000.00,2018-05-28 06:16:00.018300
5284,201805286160184,PRIN,58,22,130,550,71500.00,2018-05-28 06:16:00.018400
5285,201805286160203,PRIN,50,22,100,550,55000.00,2018-05-28 06:16:00.020300
5286,201805286160168,PRIN,58,19,20,549,10980.00,2018-05-28 06:16:00.016800
5287,201805286160125,PRIN,25,19,19,549,10431.00,2018-05-28 06:16:00.012500
5288,201805286159970,PRIN,20,57,100,539,53900.00,2018-05-28 06:15:00.997000
5289,201805286159972,PRIN,33,42,370,540,199800.00,2018-05-28 06:15:00.997200
5290,201805286159973,PRIN,33,45,130,540,70200.00,2018-05-28 06:15:00.997300
5291,201805286159942,PRIN,25,26,29,530,15370.00,2018-05-28 06:15:00.994200
5292,201805286159943,PRIN,25,41,419,530,222070.00,2018-05-28 06:15:00.994300
5293,201805286159944,PRIN,25,13,200,530,106000.00,2018-05-28 06:15:00.994400
5294,201805286159846,PRIN,58,25,119,520,61880.00,2018-05-28 06:15:00.984600
5295,201805286159753,PRIN,46,51,100,517,51700.00,2018-05-28 06:15:00.975300
5296,201805286159557,PRIN,43,41,71,523,37133.00,2018-05-28 06:15:00.955700
5297,201805286159559,PRIN,43,41,29,523,15167.00,2018-05-28 06:15:00.955900
5298,201805286159560,PRIN,52,41,100,522,52200.00,2018-05-28 06:15:00.956000
5299,201805286159561,PRIN,58,41,50,522,26100.00,2018-05-28 06:15:00.956100
5300,201805286159562,PRIN,5,41,300,522,156600.00,2018-05-28 06:15:00.956200
5301,201805286159563,PRIN,42,41,101,521,52621.00,2018-05-28 06:15:00.956300
5302,201805286159564,PRIN,54,41,100,521,52100.00,2018-05-28 06:15:00.956400
5303,201805286159565,PRIN,33,41,500,520,260000.00,2018-05-28 06:15:00.956500
5304,201805286159566,PRIN,58,41,50,520,26000.00,2018-05-28 06:15:00.956600
5305,201805286159446,PRIN,54,26,71,530,37630.00,2018-05-28 06:15:00.944600
5306,201805286159428,PRIN,54,13,29,530,15370.00,2018-05-28 06:15:00.942800
5307,201805286159405,PRIN,35,42,30,540,16200.00,2018-05-28 06:15:00.940500
5308,201805286159386,PRIN,26,22,20,545,10900.00,2018-05-28 06:15:00.938600
5309,201805286159387,PRIN,13,22,60,543,32580.00,2018-05-28 06:15:00.938700
5310,201805286159388,PRIN,29,22,300,542,162600.00,2018-05-28 06:15:00.938800
5311,201805286159390,PRIN,34,57,100,540,54000.00,2018-05-28 06:15:00.939000
5312,201805286159378,PRIN,26,1,230,545,125350.00,2018-05-28 06:15:00.937800
5313,201805286159374,PRIN,55,19,11,550,6050.00,2018-05-28 06:15:00.937400
5314,201805286159363,PRIN,55,36,59,550,32450.00,2018-05-28 06:15:00.936300
5315,201805286159364,PRIN,55,45,30,550,16500.00,2018-05-28 06:15:00.936400
5316,201805286159341,PRIN,39,37,10,550,5500.00,2018-05-28 06:15:00.934100
5317,201805276159280,PRIN,34,58,200,741,148200.00,2018-05-27 06:15:00.928000
5318,201805276159281,PRIN,21,25,60,740,44400.00,2018-05-27 06:15:00.928100
5319,201805276159282,PRIN,37,25,140,738,103320.00,2018-05-27 06:15:00.928200
5320,201805276159336,PRIN,34,34,200,742,148400.00,2018-05-27 06:15:00.933600
5321,201805276159123,PRIN,40,41,100,734,73400.00,2018-05-27 06:15:00.912300
5322,201805276159124,PRIN,58,41,200,733,146600.00,2018-05-27 06:15:00.912400
5323,201805276159125,PRIN,55,41,120,733,87960.00,2018-05-27 06:15:00.912500
5324,201805276159126,PRIN,36,41,100,732,73200.00,2018-05-27 06:15:00.912600
5325,201805276159127,PRIN,34,41,320,732,234240.00,2018-05-27 06:15:00.912700
5326,201805276159067,PRIN,49,41,100,740,74000.00,2018-05-27 06:15:00.906700
5327,201805276159074,PRIN,39,41,30,740,22200.00,2018-05-27 06:15:00.907400
5328,201805276159078,PRIN,14,25,50,735,36750.00,2018-05-27 06:15:00.907800
5329,201805276159079,PRIN,57,25,150,735,110250.00,2018-05-27 06:15:00.907900
5330,201805276159106,PRIN,28,25,50,734,36700.00,2018-05-27 06:15:00.910600
5331,201805276159107,PRIN,40,25,50,734,36700.00,2018-05-27 06:15:00.910700
5332,201805276159114,PRIN,39,41,379,740,280460.00,2018-05-27 06:15:00.911400
5333,201805276159115,PRIN,39,36,28,740,20720.00,2018-05-27 06:15:00.911500
5334,201805276159010,PRIN,36,44,59,741,43719.00,2018-05-27 06:15:00.901000
5335,201805276159026,PRIN,50,41,100,742,74200.00,2018-05-27 06:15:00.902600
5336,201805276159032,PRIN,36,41,30,742,22260.00,2018-05-27 06:15:00.903200
5337,201805276159038,PRIN,38,41,36,741,26676.00,2018-05-27 06:15:00.903800
5338,201805276159039,PRIN,36,41,51,741,37791.00,2018-05-27 06:15:00.903900
5339,201805276159040,PRIN,53,41,100,741,74100.00,2018-05-27 06:15:00.904000
5340,201805276159041,PRIN,48,41,100,741,74100.00,2018-05-27 06:15:00.904100
5341,201805276159042,PRIN,32,41,200,740,148000.00,2018-05-27 06:15:00.904200
5342,201805276159047,PRIN,21,41,50,740,37000.00,2018-05-27 06:15:00.904700
5343,201805276158949,PRIN,38,28,1174,740,868760.00,2018-05-27 06:15:00.894900
5344,201805276158961,PRIN,57,28,100,740,74000.00,2018-05-27 06:15:00.896100
5345,201805276158962,PRIN,38,28,14,740,10360.00,2018-05-27 06:15:00.896200
5346,201805276158884,PRIN,57,28,12,743,8916.00,2018-05-27 06:15:00.888400
5347,201805276158900,PRIN,22,41,30,742,22260.00,2018-05-27 06:15:00.890000
5348,201805276158911,PRIN,33,38,37,741,27417.00,2018-05-27 06:15:00.891100
5349,201805276158912,PRIN,41,38,27,740,19980.00,2018-05-27 06:15:00.891200
5350,201805276158913,PRIN,36,38,110,740,81400.00,2018-05-27 06:15:00.891300
5351,201805276158914,PRIN,38,38,126,740,93240.00,2018-05-27 06:15:00.891400
5352,201805276158814,PRIN,29,20,127,740,93980.00,2018-05-27 06:15:00.881400
5353,201805276158815,PRIN,19,20,100,740,74000.00,2018-05-27 06:15:00.881500
5354,201805276158816,PRIN,47,20,20,739,14780.00,2018-05-27 06:15:00.881600
5355,201805276158817,PRIN,47,20,100,739,73900.00,2018-05-27 06:15:00.881700
5356,201805276158818,PRIN,34,20,500,739,369500.00,2018-05-27 06:15:00.881800
5357,201805276158819,PRIN,36,20,200,736,147200.00,2018-05-27 06:15:00.881900
5358,201805276158820,PRIN,34,20,50,736,36800.00,2018-05-27 06:15:00.882000
5359,201805276158821,PRIN,34,20,100,735,73500.00,2018-05-27 06:15:00.882100
5360,201805276158822,PRIN,34,20,100,735,73500.00,2018-05-27 06:15:00.882200
5361,201805276158823,PRIN,36,20,100,735,73500.00,2018-05-27 06:15:00.882300
5362,201805276158824,PRIN,50,20,30,735,22050.00,2018-05-27 06:15:00.882400
5363,201805276158825,PRIN,50,20,200,735,147000.00,2018-05-27 06:15:00.882500
5364,201805276158826,PRIN,26,20,1000,735,735000.00,2018-05-27 06:15:00.882600
5365,201805276158828,PRIN,34,20,100,735,73500.00,2018-05-27 06:15:00.882800
5366,201805276158829,PRIN,28,20,200,735,147000.00,2018-05-27 06:15:00.882900
5367,201805276158830,PRIN,46,20,50,735,36750.00,2018-05-27 06:15:00.883000
5368,201805276158833,PRIN,41,20,23,735,16905.00,2018-05-27 06:15:00.883300
5369,201805276158837,PRIN,41,57,50,740,37000.00,2018-05-27 06:15:00.883700
5370,201805276158748,PRIN,45,33,191,740,141340.00,2018-05-27 06:15:00.874800
5371,201805276158749,PRIN,45,7,40,740,29600.00,2018-05-27 06:15:00.874900
5372,201805276158750,PRIN,45,5,19,740,14060.00,2018-05-27 06:15:00.875000
5373,201805276158761,PRIN,45,5,215,740,159100.00,2018-05-27 06:15:00.876100
5374,201805276158781,PRIN,57,50,100,740,74000.00,2018-05-27 06:15:00.878100
5375,201805276158786,PRIN,29,7,103,740,76220.00,2018-05-27 06:15:00.878600
5376,201805276158683,PRIN,41,58,128,740,94720.00,2018-05-27 06:15:00.868300
5377,201805276158684,PRIN,50,58,50,740,37000.00,2018-05-27 06:15:00.868400
5378,201805276158685,PRIN,7,58,60,740,44400.00,2018-05-27 06:15:00.868500
5379,201805276158694,PRIN,7,13,58,740,42920.00,2018-05-27 06:15:00.869400
5380,201805276158702,PRIN,7,32,82,740,60680.00,2018-05-27 06:15:00.870200
5381,201805276158703,PRIN,33,32,129,740,95460.00,2018-05-27 06:15:00.870300
5382,201805276158719,PRIN,32,7,50,740,37000.00,2018-05-27 06:15:00.871900
5383,201805276158734,PRIN,32,7,100,740,74000.00,2018-05-27 06:15:00.873400
5384,201805276158656,PRIN,22,20,20,741,14820.00,2018-05-27 06:15:00.865600
5385,201805276158657,PRIN,41,20,480,740,355200.00,2018-05-27 06:15:00.865700
5386,201805276158669,PRIN,41,41,100,740,74000.00,2018-05-27 06:15:00.866900
5387,201805276158623,PRIN,6,41,77,741,57057.00,2018-05-27 06:15:00.862300
5388,201805276158624,PRIN,37,41,100,741,74100.00,2018-05-27 06:15:00.862400
5389,201805276158625,PRIN,41,41,223,740,165020.00,2018-05-27 06:15:00.862500
5390,201805276158637,PRIN,22,37,80,741,59280.00,2018-05-27 06:15:00.863700
5391,201805276158613,PRIN,6,43,119,741,88179.00,2018-05-27 06:15:00.861300
5392,201805276158581,PRIN,51,28,14,741,10374.00,2018-05-27 06:15:00.858100
5393,201805276158586,PRIN,32,20,100,742,74200.00,2018-05-27 06:15:00.858600
5394,201805276158587,PRIN,51,20,36,741,26676.00,2018-05-27 06:15:00.858700
5395,201805276158588,PRIN,43,20,60,741,44460.00,2018-05-27 06:15:00.858800
5396,201805276158589,PRIN,6,20,804,741,595764.00,2018-05-27 06:15:00.858900
5397,201805276158507,PRIN,19,7,50,744,37200.00,2018-05-27 06:15:00.850700
5398,201805276158522,PRIN,28,20,50,741,37050.00,2018-05-27 06:15:00.852200
5399,201805276158523,PRIN,36,20,15,740,11100.00,2018-05-27 06:15:00.852300
5400,201805276158524,PRIN,33,20,16,740,11840.00,2018-05-27 06:15:00.852400
5401,201805276158525,PRIN,47,20,20,740,14800.00,2018-05-27 06:15:00.852500
5402,201805276158526,PRIN,41,20,69,740,51060.00,2018-05-27 06:15:00.852600
5403,201805276158534,PRIN,57,7,50,744,37200.00,2018-05-27 06:15:00.853400
5404,201805276158477,PRIN,28,20,72,746,53712.00,2018-05-27 06:15:00.847700
5405,201805276158479,PRIN,34,58,50,744,37200.00,2018-05-27 06:15:00.847900
5406,201805276158480,PRIN,1,58,100,744,74400.00,2018-05-27 06:15:00.848000
5407,201805276158481,PRIN,43,58,100,743,74300.00,2018-05-27 06:15:00.848100
5408,201805276158482,PRIN,43,58,100,743,74300.00,2018-05-27 06:15:00.848200
5409,201805276158483,PRIN,14,58,50,742,37100.00,2018-05-27 06:15:00.848300
5410,201805276158484,PRIN,26,58,50,742,37100.00,2018-05-27 06:15:00.848400
5411,201805276158485,PRIN,34,58,50,742,37100.00,2018-05-27 06:15:00.848500
5412,201805276158486,PRIN,57,58,500,742,371000.00,2018-05-27 06:15:00.848600
5413,201805276158487,PRIN,58,58,400,741,296400.00,2018-05-27 06:15:00.848700
5414,201805276158488,PRIN,58,58,50,741,37050.00,2018-05-27 06:15:00.848800
5415,201805276158489,PRIN,14,58,10,740,7400.00,2018-05-27 06:15:00.848900
5416,201805276158490,PRIN,36,58,100,740,74000.00,2018-05-27 06:15:00.849000
5417,201805276158491,PRIN,36,58,85,740,62900.00,2018-05-27 06:15:00.849100
5418,201805276158495,PRIN,42,20,30,745,22350.00,2018-05-27 06:15:00.849500
5419,201805276158446,PRIN,36,34,35,746,26110.00,2018-05-27 06:15:00.844600
5420,201805276158447,PRIN,7,34,100,745,74500.00,2018-05-27 06:15:00.844700
5421,201805276158448,PRIN,34,34,200,745,149000.00,2018-05-27 06:15:00.844800
5422,201805276158449,PRIN,45,34,20,745,14900.00,2018-05-27 06:15:00.844900
5423,201805276158455,PRIN,47,33,100,745,74500.00,2018-05-27 06:15:00.845500
5424,201805276158456,PRIN,53,33,400,745,298000.00,2018-05-27 06:15:00.845600
5425,201805276158458,PRIN,50,33,48,745,35760.00,2018-05-27 06:15:00.845800
5426,201805276158459,PRIN,28,33,28,745,20860.00,2018-05-27 06:15:00.845900
5427,201805276158391,PRIN,57,32,64,746,47744.00,2018-05-27 06:15:00.839100
5428,201805276158351,PRIN,22,53,1,750,750.00,2018-05-27 06:15:00.835100
5429,201805276158335,PRIN,46,47,67,747,50049.00,2018-05-27 06:15:00.833500
5430,201805276158336,PRIN,55,47,100,747,74700.00,2018-05-27 06:15:00.833600
5431,201805276158340,PRIN,29,47,197,746,146962.00,2018-05-27 06:15:00.834000
5432,201805276158341,PRIN,57,47,136,746,101456.00,2018-05-27 06:15:00.834100
5433,201805276158283,PRIN,46,17,100,747,74700.00,2018-05-27 06:15:00.828300
5434,201805276158308,PRIN,39,46,150,749,112350.00,2018-05-27 06:15:00.830800
5435,201805276158309,PRIN,39,58,40,749,29960.00,2018-05-27 06:15:00.830900
5436,201805276158310,PRIN,39,7,110,749,82390.00,2018-05-27 06:15:00.831000
5437,201805276158261,PRIN,59,22,50,748,37400.00,2018-05-27 06:15:00.826100
5438,201805276158279,PRIN,57,22,50,748,37400.00,2018-05-27 06:15:00.827900
5439,201805276158251,PRIN,29,22,100,748,74800.00,2018-05-27 06:15:00.825100
5440,201805276158204,PRIN,29,14,103,746,76838.00,2018-05-27 06:15:00.820400
5441,201805276158206,PRIN,20,46,20,749,14980.00,2018-05-27 06:15:00.820600
5442,201805276158220,PRIN,46,42,14,747,10458.00,2018-05-27 06:15:00.822000
5443,201805276158222,PRIN,46,52,19,747,14193.00,2018-05-27 06:15:00.822200
5444,201805276158191,PRIN,29,45,200,746,149200.00,2018-05-27 06:15:00.819100
5445,201805276158192,PRIN,45,29,100,747,74700.00,2018-05-27 06:15:00.819200
5446,201805276158195,PRIN,38,34,70,749,52430.00,2018-05-27 06:15:00.819500
5447,201805276158196,PRIN,38,46,30,749,22470.00,2018-05-27 06:15:00.819600
5448,201805276158127,PRIN,33,58,300,748,224400.00,2018-05-27 06:15:00.812700
5449,201805276158151,PRIN,22,29,100,748,74800.00,2018-05-27 06:15:00.815100
5450,201805276158052,PRIN,7,34,60,749,44940.00,2018-05-27 06:15:00.805200
5451,201805276158044,PRIN,32,39,90,746,67140.00,2018-05-27 06:15:00.804400
5452,201805276158045,PRIN,33,39,153,745,113985.00,2018-05-27 06:15:00.804500
5453,201805276158046,PRIN,47,39,12,745,8940.00,2018-05-27 06:15:00.804600
5454,201805276157974,PRIN,14,6,10,747,7470.00,2018-05-27 06:15:00.797400
5455,201805276157975,PRIN,13,6,190,746,141740.00,2018-05-27 06:15:00.797500
5456,201805276158002,PRIN,13,41,10,746,7460.00,2018-05-27 06:15:00.800200
5457,201805276158003,PRIN,38,41,200,746,149200.00,2018-05-27 06:15:00.800300
5458,201805276158004,PRIN,47,41,55,745,40975.00,2018-05-27 06:15:00.800400
5459,201805276158005,PRIN,50,41,100,745,74500.00,2018-05-27 06:15:00.800500
5460,201805276158006,PRIN,55,41,10,745,7450.00,2018-05-27 06:15:00.800600
5461,201805276158007,PRIN,33,41,47,745,35015.00,2018-05-27 06:15:00.800700
5462,201805276158020,PRIN,21,34,10,749,7490.00,2018-05-27 06:15:00.802000
5463,201805276157952,PRIN,7,34,60,749,44940.00,2018-05-27 06:15:00.795200
5464,201805276157880,PRIN,32,34,90,750,67500.00,2018-05-27 06:15:00.788000
5465,201805276157881,PRIN,42,34,50,750,37500.00,2018-05-27 06:15:00.788100
5466,201805276157882,PRIN,55,34,100,750,75000.00,2018-05-27 06:15:00.788200
5467,201805276157823,PRIN,32,57,80,750,60000.00,2018-05-27 06:15:00.782300
5468,201805276157782,PRIN,54,52,200,747,149400.00,2018-05-27 06:15:00.778200
5469,201805276157783,PRIN,6,52,100,747,74700.00,2018-05-27 06:15:00.778300
5470,201805276157787,PRIN,32,52,30,750,22500.00,2018-05-27 06:15:00.778700
5471,201805276157692,PRIN,45,34,20,753,15060.00,2018-05-27 06:15:00.769200
5472,201805276157693,PRIN,37,34,10,753,7530.00,2018-05-27 06:15:00.769300
5473,201805276157694,PRIN,57,34,260,750,195000.00,2018-05-27 06:15:00.769400
5474,201805276157695,PRIN,28,34,100,750,75000.00,2018-05-27 06:15:00.769500
5475,201805276157696,PRIN,14,34,200,750,150000.00,2018-05-27 06:15:00.769600
5476,201805276157697,PRIN,7,34,200,750,150000.00,2018-05-27 06:15:00.769700
5477,201805276157698,PRIN,43,34,40,750,30000.00,2018-05-27 06:15:00.769800
5478,201805276157699,PRIN,20,34,100,750,75000.00,2018-05-27 06:15:00.769900
5479,201805276157700,PRIN,26,34,100,750,75000.00,2018-05-27 06:15:00.770000
5480,201805276157701,PRIN,19,34,200,750,150000.00,2018-05-27 06:15:00.770100
5481,201805276157702,PRIN,20,34,300,750,225000.00,2018-05-27 06:15:00.770200
5482,201805276157703,PRIN,17,34,100,750,75000.00,2018-05-27 06:15:00.770300
5483,201805276157704,PRIN,47,34,30,750,22500.00,2018-05-27 06:15:00.770400
5484,201805276157705,PRIN,39,34,1000,750,750000.00,2018-05-27 06:15:00.770500
5485,201805276157706,PRIN,34,34,2340,750,1755000.00,2018-05-27 06:15:00.770600
5486,201805276157713,PRIN,34,52,160,750,120000.00,2018-05-27 06:15:00.771300
5487,201805276157648,PRIN,45,52,119,753,89607.00,2018-05-27 06:15:00.764800
5488,201805276157605,PRIN,36,52,53,751,39803.00,2018-05-27 06:15:00.760500
5489,201805276157610,PRIN,45,52,363,751,272613.00,2018-05-27 06:15:00.761000
5490,201805276157611,PRIN,45,56,19,753,14307.00,2018-05-27 06:15:00.761100
5491,201805276157612,PRIN,45,41,89,753,67017.00,2018-05-27 06:15:00.761200
5492,201805276157591,PRIN,49,54,72,751,54072.00,2018-05-27 06:15:00.759100
5493,201805276157592,PRIN,36,54,47,751,35297.00,2018-05-27 06:15:00.759200
5494,201805276157526,PRIN,39,7,205,751,153955.00,2018-05-27 06:15:00.752600
5495,201805276157527,PRIN,49,7,128,751,96128.00,2018-05-27 06:15:00.752700
5496,201805276157520,PRIN,13,26,25,751,18775.00,2018-05-27 06:15:00.752000
5497,201805276157521,PRIN,5,26,180,751,135180.00,2018-05-27 06:15:00.752100
5498,201805276157522,PRIN,39,26,295,751,221545.00,2018-05-27 06:15:00.752200
5499,201805276157483,PRIN,34,56,31,752,23312.00,2018-05-27 06:15:00.748300
5500,201805276157448,PRIN,34,54,119,752,89488.00,2018-05-27 06:15:00.744800
5501,201805276157439,PRIN,34,5,50,752,37600.00,2018-05-27 06:15:00.743900
5502,201805276157426,PRIN,36,28,40,752,30080.00,2018-05-27 06:15:00.742600
5503,201805276157328,PRIN,37,28,50,752,37600.00,2018-05-27 06:15:00.732800
5504,201805276157329,PRIN,19,28,10,752,7520.00,2018-05-27 06:15:00.732900
5505,201805276157185,PRIN,39,58,168,755,126840.00,2018-05-27 06:15:00.718500
5506,201805276157174,PRIN,58,40,50,752,37600.00,2018-05-27 06:15:00.717400
5507,201805276157175,PRIN,21,40,20,752,15040.00,2018-05-27 06:15:00.717500
5508,201805276157176,PRIN,57,40,175,751,131425.00,2018-05-27 06:15:00.717600
5509,201805276157178,PRIN,57,45,25,751,18775.00,2018-05-27 06:15:00.717800
5510,201805276157179,PRIN,13,45,175,751,131425.00,2018-05-27 06:15:00.717900
5511,201805276157120,PRIN,14,33,11,755,8305.00,2018-05-27 06:15:00.712000
5512,201805276157121,PRIN,39,33,82,755,61910.00,2018-05-27 06:15:00.712100
5513,201805276157122,PRIN,29,33,50,755,37750.00,2018-05-27 06:15:00.712200
5514,201805276157123,PRIN,39,33,100,755,75500.00,2018-05-27 06:15:00.712300
5515,201805276157124,PRIN,1,33,400,755,302000.00,2018-05-27 06:15:00.712400
5516,201805276157125,PRIN,58,33,400,754,301600.00,2018-05-27 06:15:00.712500
5517,201805276157126,PRIN,47,33,53,753,39909.00,2018-05-27 06:15:00.712600
5518,201805276157127,PRIN,26,33,100,753,75300.00,2018-05-27 06:15:00.712700
5519,201805276157128,PRIN,1,33,50,753,37650.00,2018-05-27 06:15:00.712800
5520,201805276157129,PRIN,22,33,104,752,78208.00,2018-05-27 06:15:00.712900
5521,201805276156985,PRIN,39,45,418,755,315590.00,2018-05-27 06:15:00.698500
5522,201805276156944,PRIN,45,22,100,755,75500.00,2018-05-27 06:15:00.694400
5523,201805276156945,PRIN,45,22,100,755,75500.00,2018-05-27 06:15:00.694500
5524,201805276156946,PRIN,45,22,300,755,226500.00,2018-05-27 06:15:00.694600
5525,201805276156952,PRIN,58,32,100,754,75400.00,2018-05-27 06:15:00.695200
5526,201805276156894,PRIN,49,34,50,755,37750.00,2018-05-27 06:15:00.689400
5527,201805276156839,PRIN,49,48,250,755,188750.00,2018-05-27 06:15:00.683900
5528,201805276156840,PRIN,49,55,200,755,151000.00,2018-05-27 06:15:00.684000
5529,201805276156834,PRIN,58,34,207,754,156078.00,2018-05-27 06:15:00.683400
5530,201805276156730,PRIN,47,33,47,753,35391.00,2018-05-27 06:15:00.673000
5531,201805276156732,PRIN,57,48,50,755,37750.00,2018-05-27 06:15:00.673200
5532,201805276156734,PRIN,35,48,22,755,16610.00,2018-05-27 06:15:00.673400
5533,201805276156710,PRIN,35,57,20,754,15080.00,2018-05-27 06:15:00.671000
5534,201805276156661,PRIN,44,57,30,754,22620.00,2018-05-27 06:15:00.666100
5535,201805276156639,PRIN,44,44,23,754,17342.00,2018-05-27 06:15:00.663900
5536,201805276156641,PRIN,18,48,143,755,107965.00,2018-05-27 06:15:00.664100
5537,201805276156634,PRIN,44,44,47,754,35438.00,2018-05-27 06:15:00.663400
5538,201805276156558,PRIN,37,48,28,755,21140.00,2018-05-27 06:15:00.655800
5539,201805276156542,PRIN,57,48,53,755,40015.00,2018-05-27 06:15:00.654200
5540,201805276156514,PRIN,6,7,200,754,150800.00,2018-05-27 06:15:00.651400
5541,201805276156482,PRIN,22,39,200,752,150400.00,2018-05-27 06:15:00.648200
5542,201805276156452,PRIN,22,5,90,752,67680.00,2018-05-27 06:15:00.645200
5543,201805276156397,PRIN,39,7,41,752,30832.00,2018-05-27 06:15:00.639700
5544,201805276156398,PRIN,14,7,10,752,7520.00,2018-05-27 06:15:00.639800
5545,201805276156399,PRIN,57,7,446,752,335392.00,2018-05-27 06:15:00.639900
5546,201805276156400,PRIN,22,7,99,752,74448.00,2018-05-27 06:15:00.640000
5547,201805276156387,PRIN,57,34,10,754,7540.00,2018-05-27 06:15:00.638700
5548,201805276156388,PRIN,26,34,30,754,22620.00,2018-05-27 06:15:00.638800
5549,201805276156389,PRIN,21,34,10,754,7540.00,2018-05-27 06:15:00.638900
5550,201805276156390,PRIN,32,34,50,754,37700.00,2018-05-27 06:15:00.639000
5551,201805276156344,PRIN,22,48,50,755,37750.00,2018-05-27 06:15:00.634400
5552,201805276156000,PRIN,57,22,90,754,67860.00,2018-05-27 06:15:00.600000
5553,201805276155960,PRIN,25,22,130,754,98020.00,2018-05-27 06:15:00.596000
5554,201805276155965,PRIN,19,22,50,754,37700.00,2018-05-27 06:15:00.596500
5555,201805276155952,PRIN,10,22,30,754,22620.00,2018-05-27 06:15:00.595200
5556,201805276155913,PRIN,39,46,100,752,75200.00,2018-05-27 06:15:00.591300
5557,201805276155860,PRIN,57,50,374,755,282370.00,2018-05-27 06:15:00.586000
5558,201805276155861,PRIN,57,34,180,755,135900.00,2018-05-27 06:15:00.586100
5559,201805276155813,PRIN,6,50,104,755,78520.00,2018-05-27 06:15:00.581300
5560,201805276155817,PRIN,39,58,59,752,44368.00,2018-05-27 06:15:00.581700
5561,201805276155804,PRIN,21,50,10,755,7550.00,2018-05-27 06:15:00.580400
5562,201805276155790,PRIN,37,16,30,754,22620.00,2018-05-27 06:15:00.579000
5563,201805276155791,PRIN,21,16,20,754,15080.00,2018-05-27 06:15:00.579100
5564,201805276155792,PRIN,57,16,100,753,75300.00,2018-05-27 06:15:00.579200
5565,201805276155793,PRIN,29,16,60,752,45120.00,2018-05-27 06:15:00.579300
5566,201805276155794,PRIN,22,16,50,752,37600.00,2018-05-27 06:15:00.579400
5567,201805276155795,PRIN,49,16,100,752,75200.00,2018-05-27 06:15:00.579500
5568,201805276155796,PRIN,39,16,40,751,30040.00,2018-05-27 06:15:00.579600
5569,201805276155797,PRIN,49,16,50,750,37500.00,2018-05-27 06:15:00.579700
5570,201805276155798,PRIN,37,16,40,750,30000.00,2018-05-27 06:15:00.579800
5571,201805276155799,PRIN,42,16,200,750,150000.00,2018-05-27 06:15:00.579900
5572,201805276155800,PRIN,42,16,30,750,22500.00,2018-05-27 06:15:00.580000
5573,201805276155801,PRIN,57,16,240,750,180000.00,2018-05-27 06:15:00.580100
5574,201805276155733,PRIN,49,50,1,754,754.00,2018-05-27 06:15:00.573300
5575,201805276155679,PRIN,21,16,12,757,9084.00,2018-05-27 06:15:00.567900
5576,201805276155601,PRIN,39,17,59,754,44486.00,2018-05-27 06:15:00.560100
5577,201805276155602,PRIN,39,47,1000,755,755000.00,2018-05-27 06:15:00.560200
5578,201805276155526,PRIN,49,59,100,750,75000.00,2018-05-27 06:15:00.552600
5579,201805276155485,PRIN,42,6,200,750,150000.00,2018-05-27 06:15:00.548500
5580,201805276155478,PRIN,45,47,100,755,75500.00,2018-05-27 06:15:00.547800
5581,201805276155454,PRIN,49,58,350,750,262500.00,2018-05-27 06:15:00.545400
5582,201805276155444,PRIN,51,36,341,751,256091.00,2018-05-27 06:15:00.544400
5583,201805276155445,PRIN,51,36,100,751,75100.00,2018-05-27 06:15:00.544500
5584,201805276155446,PRIN,38,36,50,751,37550.00,2018-05-27 06:15:00.544600
5585,201805276155447,PRIN,16,36,150,750,112500.00,2018-05-27 06:15:00.544700
5586,201805276155448,PRIN,22,36,99,750,74250.00,2018-05-27 06:15:00.544800
5587,201805276155382,PRIN,19,47,50,753,37650.00,2018-05-27 06:15:00.538200
5588,201805276155383,PRIN,17,47,35,753,26355.00,2018-05-27 06:15:00.538300
5589,201805276155384,PRIN,17,47,100,753,75300.00,2018-05-27 06:15:00.538400
5590,201805276155385,PRIN,39,47,156,752,117312.00,2018-05-27 06:15:00.538500
5591,201805276155386,PRIN,17,47,50,752,37600.00,2018-05-27 06:15:00.538600
5592,201805276155387,PRIN,57,47,100,752,75200.00,2018-05-27 06:15:00.538700
5593,201805276155388,PRIN,29,47,100,751,75100.00,2018-05-27 06:15:00.538800
5594,201805276155389,PRIN,39,47,50,751,37550.00,2018-05-27 06:15:00.538900
5595,201805276155390,PRIN,52,47,100,751,75100.00,2018-05-27 06:15:00.539000
5596,201805276155391,PRIN,51,47,159,751,119409.00,2018-05-27 06:15:00.539100
5597,201805276155227,PRIN,22,26,20,755,15100.00,2018-05-27 06:15:00.522700
5598,201805276155228,PRIN,39,26,44,752,33088.00,2018-05-27 06:15:00.522800
5599,201805276155116,PRIN,49,33,200,754,150800.00,2018-05-27 06:15:00.511600
5600,201805276155044,PRIN,4,38,151,755,114005.00,2018-05-27 06:15:00.504400
5601,201805276155045,PRIN,36,38,50,754,37700.00,2018-05-27 06:15:00.504500
5602,201805276155046,PRIN,49,38,99,754,74646.00,2018-05-27 06:15:00.504600
5603,201805276155038,PRIN,28,32,10,760,7600.00,2018-05-27 06:15:00.503800
5604,201805276155005,PRIN,34,41,50,756,37800.00,2018-05-27 06:15:00.500500
5605,201805276155006,PRIN,54,41,20,755,15100.00,2018-05-27 06:15:00.500600
5606,201805276155007,PRIN,4,41,49,755,36995.00,2018-05-27 06:15:00.500700
5607,201805276154971,PRIN,57,39,84,760,63840.00,2018-05-27 06:15:00.497100
5608,201805276154966,PRIN,57,51,150,760,114000.00,2018-05-27 06:15:00.496600
5609,201805276154932,PRIN,29,28,35,761,26635.00,2018-05-27 06:15:00.493200
5610,201805276154933,PRIN,58,28,19,760,14440.00,2018-05-27 06:15:00.493300
5611,201805276154934,PRIN,57,28,266,760,202160.00,2018-05-27 06:15:00.493400
5612,201805276154886,PRIN,29,50,15,761,11415.00,2018-05-27 06:15:00.488600
5613,201805276154773,PRIN,44,39,100,765,76500.00,2018-05-27 06:15:00.477300
5614,201805276154628,PRIN,13,13,50,767,38350.00,2018-05-27 06:15:00.462800
5615,201805246154356,PRIN,14,32,423,765,323595.00,2018-05-24 06:15:00.435600
5616,201805246154280,PRIN,58,32,200,760,152000.00,2018-05-24 06:15:00.428000
5617,201805246154307,PRIN,39,13,500,762,381000.00,2018-05-24 06:15:00.430700
5618,201805246154235,PRIN,32,20,30,760,22800.00,2018-05-24 06:15:00.423500
5619,201805246154236,PRIN,35,20,20,760,15200.00,2018-05-24 06:15:00.423600
5620,201805246154237,PRIN,48,20,50,759,37950.00,2018-05-24 06:15:00.423700
5621,201805246154245,PRIN,39,21,490,764,374360.00,2018-05-24 06:15:00.424500
5622,201805246153977,PRIN,5,32,30,765,22950.00,2018-05-24 06:15:00.397700
5623,201805246153983,PRIN,32,26,20,760,15200.00,2018-05-24 06:15:00.398300
5624,201805246153635,PRIN,28,52,170,764,129880.00,2018-05-24 06:15:00.363500
5625,201805246153639,PRIN,32,41,100,761,76100.00,2018-05-24 06:15:00.363900
5626,201805246153640,PRIN,22,41,100,760,76000.00,2018-05-24 06:15:00.364000
5627,201805246153641,PRIN,50,41,170,759,129030.00,2018-05-24 06:15:00.364100
5628,201805246153517,PRIN,21,32,24,760,18240.00,2018-05-24 06:15:00.351700
5629,201805246153490,PRIN,44,17,200,762,152400.00,2018-05-24 06:15:00.349000
5630,201805246153491,PRIN,29,17,38,761,28918.00,2018-05-24 06:15:00.349100
5631,201805246153501,PRIN,29,41,62,761,47182.00,2018-05-24 06:15:00.350100
5632,201805246153502,PRIN,14,41,10,761,7610.00,2018-05-24 06:15:00.350200
5633,201805246153503,PRIN,21,41,22,760,16720.00,2018-05-24 06:15:00.350300
5634,201805246153504,PRIN,41,41,100,760,76000.00,2018-05-24 06:15:00.350400
5635,201805246153505,PRIN,33,41,180,760,136800.00,2018-05-24 06:15:00.350500
5636,201805246153506,PRIN,42,41,100,760,76000.00,2018-05-24 06:15:00.350600
5637,201805246153507,PRIN,16,41,300,760,228000.00,2018-05-24 06:15:00.350700
5638,201805246153508,PRIN,21,41,76,760,57760.00,2018-05-24 06:15:00.350800
5639,201805246153395,PRIN,59,52,30,764,22920.00,2018-05-24 06:15:00.339500
5640,201805246153396,PRIN,25,52,100,762,76200.00,2018-05-24 06:15:00.339600
5641,201805246153226,PRIN,32,32,50,765,38250.00,2018-05-24 06:15:00.322600
5642,201805246153113,PRIN,42,7,50,764,38200.00,2018-05-24 06:15:00.311300
5643,201805246153114,PRIN,44,7,241,763,183883.00,2018-05-24 06:15:00.311400
5644,201805246153074,PRIN,37,32,200,766,153200.00,2018-05-24 06:15:00.307400
5645,201805246153075,PRIN,45,32,40,765,30600.00,2018-05-24 06:15:00.307500
5646,201805246153076,PRIN,58,32,50,765,38250.00,2018-05-24 06:15:00.307600
5647,201805246153077,PRIN,50,32,33,765,25245.00,2018-05-24 06:15:00.307700
5648,201805246153078,PRIN,44,32,300,765,229500.00,2018-05-24 06:15:00.307800
5649,201805246153079,PRIN,21,32,100,765,76500.00,2018-05-24 06:15:00.307900
5650,201805246153080,PRIN,19,32,50,765,38250.00,2018-05-24 06:15:00.308000
5651,201805246153081,PRIN,22,32,100,765,76500.00,2018-05-24 06:15:00.308100
5652,201805246152983,PRIN,41,32,50,766,38300.00,2018-05-24 06:15:00.298300
5653,201805246152998,PRIN,29,33,60,767,46020.00,2018-05-24 06:15:00.299800
5654,201805246152999,PRIN,45,33,140,765,107100.00,2018-05-24 06:15:00.299900
5655,201805246153001,PRIN,25,40,100,768,76800.00,2018-05-24 06:15:00.300100
5656,201805246152846,PRIN,22,25,300,768,230400.00,2018-05-24 06:15:00.284600
5657,201805246152847,PRIN,22,32,100,768,76800.00,2018-05-24 06:15:00.284700
5658,201805246152848,PRIN,22,40,100,768,76800.00,2018-05-24 06:15:00.284800
5659,201805246152720,PRIN,42,25,100,768,76800.00,2018-05-24 06:15:00.272000
5660,201805246152728,PRIN,57,25,100,768,76800.00,2018-05-24 06:15:00.272800
5661,201805246152636,PRIN,42,22,100,768,76800.00,2018-05-24 06:15:00.263600
5662,201805246152424,PRIN,45,22,120,765,91800.00,2018-05-24 06:15:00.242400
5663,201805246152363,PRIN,37,57,50,768,38400.00,2018-05-24 06:15:00.236300
5664,201805246152289,PRIN,57,7,213,768,163584.00,2018-05-24 06:15:00.228900
5665,201805246152260,PRIN,57,22,163,768,125184.00,2018-05-24 06:15:00.226000
5666,201805246152261,PRIN,42,22,300,768,230400.00,2018-05-24 06:15:00.226100
5667,201805246152262,PRIN,1,22,50,768,38400.00,2018-05-24 06:15:00.226200
5668,201805246152263,PRIN,57,22,187,768,143616.00,2018-05-24 06:15:00.226300
5669,201805246152247,PRIN,20,35,86,770,66220.00,2018-05-24 06:15:00.224700
5670,201805246152248,PRIN,20,38,14,770,10780.00,2018-05-24 06:15:00.224800
5671,201805246152255,PRIN,49,49,200,769,153800.00,2018-05-24 06:15:00.225500
5672,201805246152214,PRIN,57,44,337,768,258816.00,2018-05-24 06:15:00.221400
5673,201805246152177,PRIN,34,35,14,770,10780.00,2018-05-24 06:15:00.217700
5674,201805246152152,PRIN,34,13,1000,770,770000.00,2018-05-24 06:15:00.215200
5675,201805246152145,PRIN,34,21,100,770,77000.00,2018-05-24 06:15:00.214500
5676,201805246152146,PRIN,34,28,323,770,248710.00,2018-05-24 06:15:00.214600
5677,201805246152127,PRIN,50,44,32,771,24672.00,2018-05-24 06:15:00.212700
5678,201805246152128,PRIN,58,44,100,771,77100.00,2018-05-24 06:15:00.212800
5679,201805246152129,PRIN,50,44,31,771,23901.00,2018-05-24 06:15:00.212900
5680,201805246152135,PRIN,44,18,200,770,154000.00,2018-05-24 06:15:00.213500
5681,201805246152136,PRIN,42,18,100,770,77000.00,2018-05-24 06:15:00.213600
5682,201805246152137,PRIN,34,18,63,770,48510.00,2018-05-24 06:15:00.213700
5683,201805246151932,PRIN,37,7,18,772,13896.00,2018-05-24 06:15:00.193200
5684,201805246151933,PRIN,14,7,10,772,7720.00,2018-05-24 06:15:00.193300
5685,201805246151934,PRIN,26,7,100,771,77100.00,2018-05-24 06:15:00.193400
5686,201805246151935,PRIN,50,7,72,771,55512.00,2018-05-24 06:15:00.193500
5687,201805246151846,PRIN,26,1,116,772,89552.00,2018-05-24 06:15:00.184600
5688,201805246151847,PRIN,26,33,114,773,88122.00,2018-05-24 06:15:00.184700
5689,201805246151848,PRIN,26,50,200,773,154600.00,2018-05-24 06:15:00.184800
5690,201805246151849,PRIN,26,42,70,773,54110.00,2018-05-24 06:15:00.184900
5691,201805246151850,PRIN,44,42,30,771,23130.00,2018-05-24 06:15:00.185000
5692,201805246151830,PRIN,14,1,84,772,64848.00,2018-05-24 06:15:00.183000
5693,201805246151778,PRIN,14,22,249,772,192228.00,2018-05-24 06:15:00.177800
5694,201805246151725,PRIN,34,33,200,773,154600.00,2018-05-24 06:15:00.172500
5695,201805246151734,PRIN,34,33,100,773,77300.00,2018-05-24 06:15:00.173400
5696,201805246151642,PRIN,39,33,20,773,15460.00,2018-05-24 06:15:00.164200
5697,201805246151534,PRIN,26,17,50,774,38700.00,2018-05-24 06:15:00.153400
5698,201805246151513,PRIN,22,33,10,773,7730.00,2018-05-24 06:15:00.151300
5699,201805246151514,PRIN,14,33,456,772,352032.00,2018-05-24 06:15:00.151400
5700,201805246151358,PRIN,22,22,30,773,23190.00,2018-05-24 06:15:00.135800
5701,201805246151309,PRIN,14,56,31,772,23932.00,2018-05-24 06:15:00.130900
5702,201805246151311,PRIN,20,39,196,774,151704.00,2018-05-24 06:15:00.131100
5703,201805246151292,PRIN,14,58,180,772,138960.00,2018-05-24 06:15:00.129200
5704,201805246151159,PRIN,34,58,20,772,15440.00,2018-05-24 06:15:00.115900
5705,201805246150942,PRIN,34,35,40,772,30880.00,2018-05-24 06:15:00.094200
5706,201805246150943,PRIN,38,35,100,772,77200.00,2018-05-24 06:15:00.094300
5707,201805246150944,PRIN,34,35,80,772,61760.00,2018-05-24 06:15:00.094400
5708,201805246150808,PRIN,34,35,20,772,15440.00,2018-05-24 06:15:00.080800
5709,201805246150809,PRIN,29,35,50,772,38600.00,2018-05-24 06:15:00.080900
5710,201805246150810,PRIN,34,35,960,772,741120.00,2018-05-24 06:15:00.081000
5711,201805246150741,PRIN,34,13,172,772,132784.00,2018-05-24 06:15:00.074100
5712,201805246150742,PRIN,34,13,480,772,370560.00,2018-05-24 06:15:00.074200
5713,201805246150715,PRIN,34,36,28,772,21616.00,2018-05-24 06:15:00.071500
5714,201805246150701,PRIN,47,33,14,775,10850.00,2018-05-24 06:15:00.070100
5715,201805246150702,PRIN,29,33,20,775,15500.00,2018-05-24 06:15:00.070200
5716,201805246150685,PRIN,29,58,100,775,77500.00,2018-05-24 06:15:00.068500
5717,201805246150671,PRIN,47,3,36,775,27900.00,2018-05-24 06:15:00.067100
5718,201805246150615,PRIN,50,17,36,775,27900.00,2018-05-24 06:15:00.061500
5719,201805246150616,PRIN,50,3,64,775,49600.00,2018-05-24 06:15:00.061600
5720,201805246150588,PRIN,29,17,300,775,232500.00,2018-05-24 06:15:00.058800
5721,201805246150547,PRIN,44,56,200,775,155000.00,2018-05-24 06:15:00.054700
5722,201805246150551,PRIN,44,3,100,775,77500.00,2018-05-24 06:15:00.055100
5723,201805246150343,PRIN,20,48,110,774,85140.00,2018-05-24 06:15:00.034300
5724,201805246150344,PRIN,20,56,90,775,69750.00,2018-05-24 06:15:00.034400
5725,201805246150214,PRIN,59,56,100,775,77500.00,2018-05-24 06:15:00.021400
5726,201805246150188,PRIN,11,22,16,770,12320.00,2018-05-24 06:15:00.018800
5727,201805246150189,PRIN,45,22,50,770,38500.00,2018-05-24 06:15:00.018900
5728,201805246150190,PRIN,48,22,300,770,231000.00,2018-05-24 06:15:00.019000
5729,201805246150191,PRIN,39,22,334,770,257180.00,2018-05-24 06:15:00.019100
5730,201805246150163,PRIN,55,56,400,771,308400.00,2018-05-24 06:15:00.016300
5731,201805246150081,PRIN,39,39,163,775,126325.00,2018-05-24 06:15:00.008100
5732,201805246150075,PRIN,39,39,500,775,387500.00,2018-05-24 06:15:00.007500
5733,201805236149708,PRIN,39,40,357,773,275961.00,2018-05-23 06:14:00.970800
5734,201805236149709,PRIN,39,26,100,773,77300.00,2018-05-23 06:14:00.970900
5735,201805236149710,PRIN,39,22,448,774,346752.00,2018-05-23 06:14:00.971000
5736,201805236149579,PRIN,39,57,622,772,480184.00,2018-05-23 06:14:00.957900
5737,201805236149580,PRIN,39,19,200,772,154400.00,2018-05-23 06:14:00.958000
5738,201805236149497,PRIN,58,22,45,770,34650.00,2018-05-23 06:14:00.949700
5739,201805236149498,PRIN,58,22,200,770,154000.00,2018-05-23 06:14:00.949800
5740,201805236149499,PRIN,58,42,200,770,154000.00,2018-05-23 06:14:00.949900
5741,201805236149500,PRIN,58,52,200,770,154000.00,2018-05-23 06:14:00.950000
5742,201805236149501,PRIN,58,37,230,770,177100.00,2018-05-23 06:14:00.950100
5743,201805236149239,PRIN,36,22,70,770,53900.00,2018-05-23 06:14:00.923900
5744,201805236149214,PRIN,45,22,15,770,11550.00,2018-05-23 06:14:00.921400
5745,201805236149201,PRIN,55,52,100,768,76800.00,2018-05-23 06:14:00.920100
5746,201805236149045,PRIN,25,52,18,769,13842.00,2018-05-23 06:14:00.904500
5747,201805236149046,PRIN,32,52,180,769,138420.00,2018-05-23 06:14:00.904600
5748,201805236149047,PRIN,59,52,30,769,23070.00,2018-05-23 06:14:00.904700
5749,201805236149048,PRIN,59,52,30,769,23070.00,2018-05-23 06:14:00.904800
5750,201805236149049,PRIN,59,52,30,769,23070.00,2018-05-23 06:14:00.904900
5751,201805236149050,PRIN,55,52,27,768,20736.00,2018-05-23 06:14:00.905000
5752,201805236148972,PRIN,19,22,20,770,15400.00,2018-05-23 06:14:00.897200
5753,201805236148810,PRIN,32,26,20,769,15380.00,2018-05-23 06:14:00.881000
5754,201805236148740,PRIN,17,22,20,770,15400.00,2018-05-23 06:14:00.874000
5755,201805236148493,PRIN,59,22,30,770,23100.00,2018-05-23 06:14:00.849300
5756,201805236148454,PRIN,55,1,100,770,77000.00,2018-05-23 06:14:00.845400
5757,201805236148115,PRIN,32,51,80,769,61520.00,2018-05-23 06:14:00.811500
5758,201805236148116,PRIN,25,51,32,769,24608.00,2018-05-23 06:14:00.811600
5759,201805236148029,PRIN,22,37,50,770,38500.00,2018-05-23 06:14:00.802900
5760,201805236148030,PRIN,25,37,40,770,30800.00,2018-05-23 06:14:00.803000
5761,201805236148031,PRIN,50,37,50,770,38500.00,2018-05-23 06:14:00.803100
5762,201805236148017,PRIN,58,58,50,771,38550.00,2018-05-23 06:14:00.801700
5763,201805236147815,PRIN,45,13,50,772,38600.00,2018-05-23 06:14:00.781500
5764,201805236147805,PRIN,36,37,30,773,23190.00,2018-05-23 06:14:00.780500
5765,201805236147684,PRIN,34,44,285,773,220305.00,2018-05-23 06:14:00.768400
5766,201805236147661,PRIN,18,44,15,773,11595.00,2018-05-23 06:14:00.766100
5767,201805236147538,PRIN,32,22,120,769,92280.00,2018-05-23 06:14:00.753800
5768,201805236147508,PRIN,14,22,55,770,42350.00,2018-05-23 06:14:00.750800
5769,201805236147509,PRIN,17,22,25,770,19250.00,2018-05-23 06:14:00.750900
5770,201805236147486,PRIN,36,44,100,772,77200.00,2018-05-23 06:14:00.748600
5771,201805236147487,PRIN,35,44,100,772,77200.00,2018-05-23 06:14:00.748700
5772,201805236147488,PRIN,47,44,55,770,42350.00,2018-05-23 06:14:00.748800
5773,201805236147489,PRIN,14,44,245,770,188650.00,2018-05-23 06:14:00.748900
5774,201805236147438,PRIN,16,51,45,774,34830.00,2018-05-23 06:14:00.743800
5775,201805236147330,PRIN,47,59,11,770,8470.00,2018-05-23 06:14:00.733000
5776,201805236147319,PRIN,36,51,100,774,77400.00,2018-05-23 06:14:00.731900
5777,201805236147223,PRIN,35,51,100,771,77100.00,2018-05-23 06:14:00.722300
5778,201805236147076,PRIN,22,37,100,772,77200.00,2018-05-23 06:14:00.707600
5779,201805236146927,PRIN,47,45,34,770,26180.00,2018-05-23 06:14:00.692700
5780,201805236146862,PRIN,41,45,16,771,12336.00,2018-05-23 06:14:00.686200
5781,201805236146863,PRIN,49,45,100,770,77000.00,2018-05-23 06:14:00.686300
5782,201805236146828,PRIN,41,58,14,771,10794.00,2018-05-23 06:14:00.682800
5783,201805236146510,PRIN,51,41,70,770,53900.00,2018-05-23 06:14:00.651000
5784,201805236146432,PRIN,41,33,21,772,16212.00,2018-05-23 06:14:00.643200
5785,201805236146433,PRIN,41,33,25,772,19300.00,2018-05-23 06:14:00.643300
5786,201805236146369,PRIN,47,52,100,770,77000.00,2018-05-23 06:14:00.636900
5787,201805236146348,PRIN,42,25,21,773,16233.00,2018-05-23 06:14:00.634800
5788,201805236146351,PRIN,42,33,29,773,22417.00,2018-05-23 06:14:00.635100
5789,201805236146352,PRIN,51,33,35,773,27055.00,2018-05-23 06:14:00.635200
5790,201805236146353,PRIN,45,33,40,772,30880.00,2018-05-23 06:14:00.635300
5791,201805236146354,PRIN,58,33,50,772,38600.00,2018-05-23 06:14:00.635400
5792,201805236146323,PRIN,58,58,50,772,38600.00,2018-05-23 06:14:00.632300
5793,201805236146306,PRIN,1,36,20,773,15460.00,2018-05-23 06:14:00.630600
5794,201805236146307,PRIN,45,36,60,772,46320.00,2018-05-23 06:14:00.630700
5795,201805226146065,PRIN,1,3,100,773,77300.00,2018-05-22 06:14:00.606500
5796,201805226146066,PRIN,28,3,50,772,38600.00,2018-05-22 06:14:00.606600
5797,201805226146067,PRIN,20,3,69,771,53199.00,2018-05-22 06:14:00.606700
5798,201805226145703,PRIN,19,25,50,772,38600.00,2018-05-22 06:14:00.570300
5799,201805226145704,PRIN,29,25,100,772,77200.00,2018-05-22 06:14:00.570400
5800,201805226145705,PRIN,29,25,500,772,386000.00,2018-05-22 06:14:00.570500
5801,201805226145706,PRIN,56,25,47,772,36284.00,2018-05-22 06:14:00.570600
5802,201805226145707,PRIN,52,25,100,771,77100.00,2018-05-22 06:14:00.570700
5803,201805226145708,PRIN,20,25,203,771,156513.00,2018-05-22 06:14:00.570800
5804,201805226145601,PRIN,34,44,24,778,18672.00,2018-05-22 06:14:00.560100
5805,201805226145561,PRIN,17,44,50,778,38900.00,2018-05-22 06:14:00.556100
5806,201805226145225,PRIN,59,34,100,777,77700.00,2018-05-22 06:14:00.522500
5807,201805226145042,PRIN,19,44,70,778,54460.00,2018-05-22 06:14:00.504200
5808,201805226145000,PRIN,36,34,100,777,77700.00,2018-05-22 06:14:00.500000
5809,201805226144421,PRIN,19,36,30,771,23130.00,2018-05-22 06:14:00.442100
5810,201805226144395,PRIN,46,36,70,775,54250.00,2018-05-22 06:14:00.439500
5811,201805226144396,PRIN,44,36,100,774,77400.00,2018-05-22 06:14:00.439600
5812,201805226144397,PRIN,57,36,1000,773,773000.00,2018-05-22 06:14:00.439700
5813,201805226144398,PRIN,51,36,100,771,77100.00,2018-05-22 06:14:00.439800
5814,201805226144359,PRIN,46,33,30,775,23250.00,2018-05-22 06:14:00.435900
5815,201805226144288,PRIN,44,32,1000,774,774000.00,2018-05-22 06:14:00.428800
5816,201805226144266,PRIN,14,33,20,777,15540.00,2018-05-22 06:14:00.426600
5817,201805226144267,PRIN,36,33,100,777,77700.00,2018-05-22 06:14:00.426700
5818,201805226144268,PRIN,42,33,100,777,77700.00,2018-05-22 06:14:00.426800
5819,201805226144269,PRIN,47,33,100,775,77500.00,2018-05-22 06:14:00.426900
5820,201805226144270,PRIN,46,33,50,775,38750.00,2018-05-22 06:14:00.427000
5821,201805226144271,PRIN,28,33,100,775,77500.00,2018-05-22 06:14:00.427100
5822,201805226144236,PRIN,46,50,200,778,155600.00,2018-05-22 06:14:00.423600
5823,201805226143636,PRIN,46,44,200,778,155600.00,2018-05-22 06:14:00.363600
5824,201805226143573,PRIN,51,50,25,780,19500.00,2018-05-22 06:14:00.357300
5825,201805226143574,PRIN,35,50,30,780,23400.00,2018-05-22 06:14:00.357400
5826,201805226143575,PRIN,19,50,200,780,156000.00,2018-05-22 06:14:00.357500
5827,201805226143576,PRIN,55,50,200,779,155800.00,2018-05-22 06:14:00.357600
5828,201805226143026,PRIN,58,36,20,785,15700.00,2018-05-22 06:14:00.302600
5829,201805226142725,PRIN,51,28,25,781,19525.00,2018-05-22 06:14:00.272500
5830,201805226142495,PRIN,36,36,20,783,15660.00,2018-05-22 06:14:00.249500
5831,201805226142496,PRIN,51,36,50,782,39100.00,2018-05-22 06:14:00.249600
5832,201805226142497,PRIN,6,36,200,781,156200.00,2018-05-22 06:14:00.249700
5833,201805226142382,PRIN,29,42,100,784,78400.00,2018-05-22 06:14:00.238200
5834,201805226142383,PRIN,51,42,50,782,39100.00,2018-05-22 06:14:00.238300
5835,201805226142359,PRIN,29,1,50,784,39200.00,2018-05-22 06:14:00.235900
5836,201805226142355,PRIN,29,8,150,788,118200.00,2018-05-22 06:14:00.235500
5837,201805226142279,PRIN,47,58,70,799,55930.00,2018-05-22 06:14:00.227900
5838,201805226142273,PRIN,47,53,30,795,23850.00,2018-05-22 06:14:00.227300
5839,201805216142078,PRIN,57,32,500,785,392500.00,2018-05-21 06:14:00.207800
5840,201805216142111,PRIN,57,22,113,785,88705.00,2018-05-21 06:14:00.211100
5841,201805216141954,PRIN,36,19,33,784,25872.00,2018-05-21 06:14:00.195400
5842,201805216141955,PRIN,36,32,350,785,274750.00,2018-05-21 06:14:00.195500
5843,201805216141956,PRIN,36,19,30,786,23580.00,2018-05-21 06:14:00.195600
5844,201805216141957,PRIN,36,22,87,786,68382.00,2018-05-21 06:14:00.195700
5845,201805216141743,PRIN,58,25,110,783,86130.00,2018-05-21 06:14:00.174300
5846,201805216141665,PRIN,5,25,200,785,157000.00,2018-05-21 06:14:00.166500
5847,201805216141666,PRIN,38,25,90,783,70470.00,2018-05-21 06:14:00.166600
5848,201805216141667,PRIN,37,25,100,783,78300.00,2018-05-21 06:14:00.166700
5849,201805216141682,PRIN,8,32,100,782,78200.00,2018-05-21 06:14:00.168200
5850,201805216141683,PRIN,57,32,50,781,39050.00,2018-05-21 06:14:00.168300
5851,201805216141684,PRIN,29,32,1000,781,781000.00,2018-05-21 06:14:00.168400
5852,201805216141629,PRIN,33,19,20,786,15720.00,2018-05-21 06:14:00.162900
5853,201805216141483,PRIN,58,56,100,785,78500.00,2018-05-21 06:14:00.148300
5854,201805216140976,PRIN,29,32,318,787,250266.00,2018-05-21 06:14:00.097600
5855,201805216140686,PRIN,40,20,100,785,78500.00,2018-05-21 06:14:00.068600
5856,201805216140535,PRIN,21,44,10,784,7840.00,2018-05-21 06:14:00.053500
5857,201805216140548,PRIN,58,44,100,783,78300.00,2018-05-21 06:14:00.054800
5858,201805216140549,PRIN,38,44,10,783,7830.00,2018-05-21 06:14:00.054900
5859,201805216140508,PRIN,4,44,50,784,39200.00,2018-05-21 06:14:00.050800
5860,201805216140509,PRIN,45,44,30,784,23520.00,2018-05-21 06:14:00.050900
5861,201805216140493,PRIN,4,21,150,784,117600.00,2018-05-21 06:14:00.049300
5862,201805216139876,PRIN,22,33,25,785,19625.00,2018-05-21 06:13:00.987600
5863,201805216139877,PRIN,22,39,20,788,15760.00,2018-05-21 06:13:00.987700
5864,201805216139878,PRIN,22,32,55,790,43450.00,2018-05-21 06:13:00.987800
5865,201805216139760,PRIN,35,33,14,785,10990.00,2018-05-21 06:13:00.976000
5866,201805216139762,PRIN,14,39,30,784,23520.00,2018-05-21 06:13:00.976200
5867,201805216139750,PRIN,51,33,50,786,39300.00,2018-05-21 06:13:00.975000
5868,201805216139751,PRIN,49,33,100,785,78500.00,2018-05-21 06:13:00.975100
5869,201805216139752,PRIN,42,33,50,785,39250.00,2018-05-21 06:13:00.975200
5870,201805216139466,PRIN,35,47,13,790,10270.00,2018-05-21 06:13:00.946600
5871,201805216139467,PRIN,35,32,35,790,27650.00,2018-05-21 06:13:00.946700
5872,201805216139413,PRIN,55,53,300,787,236100.00,2018-05-21 06:13:00.941300
5873,201805216139394,PRIN,32,32,10,790,7900.00,2018-05-21 06:13:00.939400
5874,201805206138190,PRIN,8,11,178,790,140620.00,2018-05-20 06:13:00.819000
5875,201805206138096,PRIN,8,53,120,790,94800.00,2018-05-20 06:13:00.809600
5876,201805206137925,PRIN,40,14,100,793,79300.00,2018-05-20 06:13:00.792500
5877,201805206137928,PRIN,16,38,10,793,7930.00,2018-05-20 06:13:00.792800
5878,201805206137929,PRIN,40,38,100,793,79300.00,2018-05-20 06:13:00.792900
5879,201805206137937,PRIN,49,1,50,790,39500.00,2018-05-20 06:13:00.793700
5880,201805206137729,PRIN,5,14,200,790,158000.00,2018-05-20 06:13:00.772900
5881,201805206137673,PRIN,5,16,158,790,124820.00,2018-05-20 06:13:00.767300
5882,201805206137674,PRIN,29,16,100,790,79000.00,2018-05-20 06:13:00.767400
5883,201805206137675,PRIN,42,16,100,790,79000.00,2018-05-20 06:13:00.767500
5884,201805206137676,PRIN,50,16,20,790,15800.00,2018-05-20 06:13:00.767600
5885,201805206137604,PRIN,32,32,50,791,39550.00,2018-05-20 06:13:00.760400
5886,201805206137498,PRIN,46,53,100,791,79100.00,2018-05-20 06:13:00.749800
5887,201805206137272,PRIN,50,17,80,792,63360.00,2018-05-20 06:13:00.727200
5888,201805206137273,PRIN,50,32,20,792,15840.00,2018-05-20 06:13:00.727300
5889,201805206137274,PRIN,44,32,1000,791,791000.00,2018-05-20 06:13:00.727400
5890,201805206137149,PRIN,34,16,300,792,237600.00,2018-05-20 06:13:00.714900
5891,201805206137113,PRIN,50,22,100,792,79200.00,2018-05-20 06:13:00.711300
5892,201805206137044,PRIN,43,16,100,792,79200.00,2018-05-20 06:13:00.704400
5893,201805206137045,PRIN,50,16,200,792,158400.00,2018-05-20 06:13:00.704500
5894,201805206137046,PRIN,50,5,400,792,316800.00,2018-05-20 06:13:00.704600
5895,201805206137042,PRIN,19,53,24,795,19080.00,2018-05-20 06:13:00.704200
5896,201805206136936,PRIN,21,29,100,794,79400.00,2018-05-20 06:13:00.693600
5897,201805206136854,PRIN,41,53,76,795,60420.00,2018-05-20 06:13:00.685400
5898,201805206136839,PRIN,44,28,100,796,79600.00,2018-05-20 06:13:00.683900
5899,201805206136812,PRIN,48,8,100,796,79600.00,2018-05-20 06:13:00.681200
5900,201805206136813,PRIN,57,8,36,795,28620.00,2018-05-20 06:13:00.681300
5901,201805206136814,PRIN,41,8,14,795,11130.00,2018-05-20 06:13:00.681400
5902,201805206136607,PRIN,32,16,100,796,79600.00,2018-05-20 06:13:00.660700
5903,201805206136538,PRIN,50,32,52,798,41496.00,2018-05-20 06:13:00.653800
5904,201805206136494,PRIN,1,56,116,798,92568.00,2018-05-20 06:13:00.649400
5905,201805206136495,PRIN,1,18,200,798,159600.00,2018-05-20 06:13:00.649500
5906,201805206136496,PRIN,1,32,84,798,67032.00,2018-05-20 06:13:00.649600
5907,201805206136462,PRIN,41,32,100,796,79600.00,2018-05-20 06:13:00.646200
5908,201805206136463,PRIN,54,32,200,796,159200.00,2018-05-20 06:13:00.646300
5909,201805206136450,PRIN,41,53,62,798,49476.00,2018-05-20 06:13:00.645000
5910,201805206136451,PRIN,41,56,38,798,30324.00,2018-05-20 06:13:00.645100
5911,201805206136417,PRIN,50,32,270,797,215190.00,2018-05-20 06:13:00.641700
5912,201805206136418,PRIN,50,26,90,797,71730.00,2018-05-20 06:13:00.641800
5913,201805206136393,PRIN,57,20,50,797,39850.00,2018-05-20 06:13:00.639300
5914,201805206136394,PRIN,57,32,30,797,23910.00,2018-05-20 06:13:00.639400
5915,201805206136366,PRIN,57,20,50,797,39850.00,2018-05-20 06:13:00.636600
5916,201805206136327,PRIN,57,53,60,796,47760.00,2018-05-20 06:13:00.632700
5917,201805206136328,PRIN,22,53,20,796,15920.00,2018-05-20 06:13:00.632800
5918,201805206136267,PRIN,22,21,80,796,63680.00,2018-05-20 06:13:00.626700
5919,201805206136255,PRIN,57,45,90,796,71640.00,2018-05-20 06:13:00.625500
5920,201805206136009,PRIN,19,56,47,796,37412.00,2018-05-20 06:13:00.600900
5921,201805206135920,PRIN,42,45,10,796,7960.00,2018-05-20 06:13:00.592000
5922,201805206135861,PRIN,57,59,14,795,11130.00,2018-05-20 06:13:00.586100
5923,201805206135647,PRIN,39,1,100,794,79400.00,2018-05-20 06:13:00.564700
5924,201805206135594,PRIN,50,14,96,792,76032.00,2018-05-20 06:13:00.559400
5925,201805206135565,PRIN,28,14,97,792,76824.00,2018-05-20 06:13:00.556500
5926,201805206135522,PRIN,39,39,993,792,786456.00,2018-05-20 06:13:00.552200
5927,201805206135540,PRIN,50,33,200,792,158400.00,2018-05-20 06:13:00.554000
5928,201805206135453,PRIN,58,21,211,799,168589.00,2018-05-20 06:13:00.545300
5929,201805206135457,PRIN,58,21,51,799,40749.00,2018-05-20 06:13:00.545700
5930,201805206135461,PRIN,58,53,38,799,30362.00,2018-05-20 06:13:00.546100
5931,201805206135443,PRIN,58,22,200,798,159600.00,2018-05-20 06:13:00.544300
5932,201805206135366,PRIN,20,57,50,795,39750.00,2018-05-20 06:13:00.536600
5933,201805206135367,PRIN,20,38,200,795,159000.00,2018-05-20 06:13:00.536700
5934,201805206135368,PRIN,20,10,600,797,478200.00,2018-05-20 06:13:00.536800
5935,201805206135369,PRIN,20,26,22,798,17556.00,2018-05-20 06:13:00.536900
5936,201805206135370,PRIN,20,25,500,798,399000.00,2018-05-20 06:13:00.537000
5937,201805206135374,PRIN,20,44,500,799,399500.00,2018-05-20 06:13:00.537400
5938,201805206135375,PRIN,20,42,38,799,30362.00,2018-05-20 06:13:00.537500
5939,201805206135376,PRIN,20,41,10,800,8000.00,2018-05-20 06:13:00.537600
5940,201805206135377,PRIN,20,37,500,800,400000.00,2018-05-20 06:13:00.537700
5941,201805206135378,PRIN,20,7,100,800,80000.00,2018-05-20 06:13:00.537800
5942,201805206135379,PRIN,20,32,480,800,384000.00,2018-05-20 06:13:00.537900
5943,201805206135345,PRIN,7,49,190,791,150290.00,2018-05-20 06:13:00.534500
5944,201805206135321,PRIN,5,50,42,790,33180.00,2018-05-20 06:13:00.532100
5945,201805206135299,PRIN,1,52,100,789,78900.00,2018-05-20 06:13:00.529900
5946,201805206135262,PRIN,20,50,500,790,395000.00,2018-05-20 06:13:00.526200
5947,201805206135230,PRIN,32,50,50,790,39500.00,2018-05-20 06:13:00.523000
5948,201805206135193,PRIN,6,25,14,787,11018.00,2018-05-20 06:13:00.519300
5949,201805206135194,PRIN,28,25,60,787,47220.00,2018-05-20 06:13:00.519400
5950,201805206135195,PRIN,36,25,100,787,78700.00,2018-05-20 06:13:00.519500
5951,201805206135196,PRIN,21,25,26,786,20436.00,2018-05-20 06:13:00.519600
5952,201805206135179,PRIN,41,37,100,787,78700.00,2018-05-20 06:13:00.517900
5953,201805206135180,PRIN,6,37,100,787,78700.00,2018-05-20 06:13:00.518000
5954,201805206135121,PRIN,6,21,186,787,146382.00,2018-05-20 06:13:00.512100
5955,201805206135077,PRIN,26,52,50,788,39400.00,2018-05-20 06:13:00.507700
5956,201805206135018,PRIN,44,14,200,789,157800.00,2018-05-20 06:13:00.501800
5957,201805206135040,PRIN,44,49,210,789,165690.00,2018-05-20 06:13:00.504000
5958,201805206135001,PRIN,21,18,10,791,7910.00,2018-05-20 06:13:00.500100
5959,201805206135002,PRIN,44,18,590,789,465510.00,2018-05-20 06:13:00.500200
5960,201805206134972,PRIN,32,32,900,790,711000.00,2018-05-20 06:13:00.497200
5961,201805206134982,PRIN,7,21,39,791,30849.00,2018-05-20 06:13:00.498200
5962,201805206134983,PRIN,29,21,25,791,19775.00,2018-05-20 06:13:00.498300
5963,201805206134984,PRIN,40,21,150,791,118650.00,2018-05-20 06:13:00.498400
5964,201805206134737,PRIN,32,59,100,795,79500.00,2018-05-20 06:13:00.473700
5965,201805206134741,PRIN,41,39,116,790,91640.00,2018-05-20 06:13:00.474100
5966,201805206134743,PRIN,57,21,25,790,19750.00,2018-05-20 06:13:00.474300
5967,201805206134744,PRIN,32,21,100,790,79000.00,2018-05-20 06:13:00.474400
5968,201805206134745,PRIN,32,21,30,790,23700.00,2018-05-20 06:13:00.474500
5969,201805206134746,PRIN,59,21,100,790,79000.00,2018-05-20 06:13:00.474600
5970,201805206134747,PRIN,41,21,84,790,66360.00,2018-05-20 06:13:00.474700
5971,201805206134748,PRIN,22,21,1000,790,790000.00,2018-05-20 06:13:00.474800
5972,201805206134764,PRIN,7,21,61,790,48190.00,2018-05-20 06:13:00.476400
5973,201805206134733,PRIN,7,21,300,791,237300.00,2018-05-20 06:13:00.473300
5974,201805206134633,PRIN,22,39,250,795,198750.00,2018-05-20 06:13:00.463300
5975,201805206134607,PRIN,49,49,100,799,79900.00,2018-05-20 06:13:00.460700
5976,201805206134616,PRIN,58,39,100,796,79600.00,2018-05-20 06:13:00.461600
5977,201805206134617,PRIN,41,39,300,796,238800.00,2018-05-20 06:13:00.461700
5978,201805206134580,PRIN,58,44,65,797,51805.00,2018-05-20 06:13:00.458000
5979,201805206134581,PRIN,7,44,100,797,79700.00,2018-05-20 06:13:00.458100
5980,201805206134582,PRIN,34,44,200,797,159400.00,2018-05-20 06:13:00.458200
5981,201805206134589,PRIN,39,44,100,797,79700.00,2018-05-20 06:13:00.458900
5982,201805206134597,PRIN,26,44,30,797,23910.00,2018-05-20 06:13:00.459700
5983,201805206134601,PRIN,7,44,155,797,123535.00,2018-05-20 06:13:00.460100
5984,201805206134538,PRIN,58,47,35,797,27895.00,2018-05-20 06:13:00.453800
5985,201805206134526,PRIN,10,44,50,800,40000.00,2018-05-20 06:13:00.452600
5986,201805206134518,PRIN,41,39,100,797,79700.00,2018-05-20 06:13:00.451800
5987,201805206134481,PRIN,41,53,100,800,80000.00,2018-05-20 06:13:00.448100
5988,201805206134464,PRIN,57,44,150,800,120000.00,2018-05-20 06:13:00.446400
5989,201805206134461,PRIN,39,44,50,801,40050.00,2018-05-20 06:13:00.446100
5990,201805206134462,PRIN,35,44,50,800,40000.00,2018-05-20 06:13:00.446200
5991,201805206134463,PRIN,42,44,50,800,40000.00,2018-05-20 06:13:00.446300
5992,201805206134381,PRIN,41,48,322,805,259210.00,2018-05-20 06:13:00.438100
5993,201805206134364,PRIN,32,26,300,800,240000.00,2018-05-20 06:13:00.436400
5994,201805206134367,PRIN,19,26,100,800,80000.00,2018-05-20 06:13:00.436700
5995,201805206134371,PRIN,22,26,50,800,40000.00,2018-05-20 06:13:00.437100
5996,201805206134372,PRIN,22,51,50,801,40050.00,2018-05-20 06:13:00.437200
5997,201805206134373,PRIN,22,37,150,801,120150.00,2018-05-20 06:13:00.437300
5998,201805206134355,PRIN,39,37,50,795,39750.00,2018-05-20 06:13:00.435500
5999,201805206134356,PRIN,39,26,50,800,40000.00,2018-05-20 06:13:00.435600
6000,201805206134354,PRIN,52,35,15,799,11985.00,2018-05-20 06:13:00.435400
6001,201805176134256,PRIN,17,44,90,785,70650.00,2018-05-17 06:13:00.425600
6002,201805176134257,PRIN,17,53,78,786,61308.00,2018-05-17 06:13:00.425700
6003,201805176134180,PRIN,47,33,100,781,78100.00,2018-05-17 06:13:00.418000
6004,201805176134181,PRIN,35,33,48,780,37440.00,2018-05-17 06:13:00.418100
6005,201805176134182,PRIN,50,33,52,780,40560.00,2018-05-17 06:13:00.418200
6006,201805176134109,PRIN,29,21,100,786,78600.00,2018-05-17 06:13:00.410900
6007,201805176134130,PRIN,29,53,30,786,23580.00,2018-05-17 06:13:00.413000
6008,201805176133976,PRIN,7,40,72,787,56664.00,2018-05-17 06:13:00.397600
6009,201805176133977,PRIN,7,38,27,787,21249.00,2018-05-17 06:13:00.397700
6010,201805176133978,PRIN,7,25,100,787,78700.00,2018-05-17 06:13:00.397800
6011,201805176133979,PRIN,7,17,50,787,39350.00,2018-05-17 06:13:00.397900
6012,201805176133939,PRIN,29,50,50,785,39250.00,2018-05-17 06:13:00.393900
6013,201805176133940,PRIN,29,29,70,785,54950.00,2018-05-17 06:13:00.394000
6014,201805176133941,PRIN,29,28,50,786,39300.00,2018-05-17 06:13:00.394100
6015,201805176133942,PRIN,29,13,100,786,78600.00,2018-05-17 06:13:00.394200
6016,201805176133959,PRIN,29,32,100,786,78600.00,2018-05-17 06:13:00.395900
6017,201805176133831,PRIN,58,14,114,784,89376.00,2018-05-17 06:13:00.383100
6018,201805176133832,PRIN,19,14,70,783,54810.00,2018-05-17 06:13:00.383200
6019,201805176133833,PRIN,38,14,200,783,156600.00,2018-05-17 06:13:00.383300
6020,201805176133834,PRIN,32,14,100,783,78300.00,2018-05-17 06:13:00.383400
6021,201805176133835,PRIN,58,14,200,783,156600.00,2018-05-17 06:13:00.383500
6022,201805176133844,PRIN,54,28,50,786,39300.00,2018-05-17 06:13:00.384400
6023,201805176133785,PRIN,58,58,70,784,54880.00,2018-05-17 06:13:00.378500
6024,201805176133763,PRIN,29,50,150,785,117750.00,2018-05-17 06:13:00.376300
6025,201805176133772,PRIN,29,21,50,785,39250.00,2018-05-17 06:13:00.377200
6026,201805176133773,PRIN,34,21,53,784,41552.00,2018-05-17 06:13:00.377300
6027,201805176133774,PRIN,58,21,116,784,90944.00,2018-05-17 06:13:00.377400
6028,201805176133653,PRIN,5,16,25,786,19650.00,2018-05-17 06:13:00.365300
6029,201805176133654,PRIN,6,16,175,786,137550.00,2018-05-17 06:13:00.365400
6030,201805176133671,PRIN,6,53,92,786,72312.00,2018-05-17 06:13:00.367100
6031,201805176133642,PRIN,6,47,139,785,109115.00,2018-05-17 06:13:00.364200
6032,201805176133643,PRIN,6,22,94,786,73884.00,2018-05-17 06:13:00.364300
6033,201805176133510,PRIN,6,53,200,786,157200.00,2018-05-17 06:13:00.351000
6034,201805176133511,PRIN,6,44,100,787,78700.00,2018-05-17 06:13:00.351100
6035,201805176133512,PRIN,6,26,200,787,157400.00,2018-05-17 06:13:00.351200
6036,201805176133467,PRIN,39,21,100,786,78600.00,2018-05-17 06:13:00.346700
6037,201805176133468,PRIN,39,44,100,787,78700.00,2018-05-17 06:13:00.346800
6038,201805176133469,PRIN,39,44,100,787,78700.00,2018-05-17 06:13:00.346900
6039,201805176133438,PRIN,58,25,100,786,78600.00,2018-05-17 06:13:00.343800
6040,201805176133406,PRIN,7,57,81,786,63666.00,2018-05-17 06:13:00.340600
6041,201805176133407,PRIN,7,54,19,786,14934.00,2018-05-17 06:13:00.340700
6042,201805176133410,PRIN,28,54,181,786,142266.00,2018-05-17 06:13:00.341000
6043,201805176133411,PRIN,28,29,100,786,78600.00,2018-05-17 06:13:00.341100
6044,201805176133373,PRIN,34,13,97,784,76048.00,2018-05-17 06:13:00.337300
6045,201805176133342,PRIN,7,22,81,785,63585.00,2018-05-17 06:13:00.334200
6046,201805176133343,PRIN,58,22,48,785,37680.00,2018-05-17 06:13:00.334300
6047,201805176133312,PRIN,41,5,81,785,63585.00,2018-05-17 06:13:00.331200
6048,201805176133321,PRIN,7,5,19,785,14915.00,2018-05-17 06:13:00.332100
6049,201805176133305,PRIN,58,5,100,785,78500.00,2018-05-17 06:13:00.330500
6050,201805176133151,PRIN,58,41,100,785,78500.00,2018-05-17 06:13:00.315100
6051,201805176133107,PRIN,7,50,100,785,78500.00,2018-05-17 06:13:00.310700
6052,201805176132913,PRIN,11,45,200,785,157000.00,2018-05-17 06:13:00.291300
6053,201805176132921,PRIN,32,45,30,785,23550.00,2018-05-17 06:13:00.292100
6054,201805176132922,PRIN,32,38,100,785,78500.00,2018-05-17 06:13:00.292200
6055,201805176132806,PRIN,6,38,20,787,15740.00,2018-05-17 06:13:00.280600
6056,201805176132807,PRIN,41,38,67,785,52595.00,2018-05-17 06:13:00.280700
6057,201805176132819,PRIN,45,45,70,785,54950.00,2018-05-17 06:13:00.281900
6058,201805176132675,PRIN,59,51,50,788,39400.00,2018-05-17 06:13:00.267500
6059,201805176132610,PRIN,58,34,50,788,39400.00,2018-05-17 06:13:00.261000
6060,201805176132560,PRIN,41,43,133,788,104804.00,2018-05-17 06:13:00.256000
6061,201805176132519,PRIN,35,34,38,782,29716.00,2018-05-17 06:13:00.251900
6062,201805176132504,PRIN,35,16,14,782,10948.00,2018-05-17 06:13:00.250400
6063,201805176132494,PRIN,47,43,17,785,13345.00,2018-05-17 06:13:00.249400
6064,201805176132495,PRIN,35,43,50,785,39250.00,2018-05-17 06:13:00.249500
6065,201805176132473,PRIN,47,34,23,785,18055.00,2018-05-17 06:13:00.247300
6066,201805176132464,PRIN,47,21,10,785,7850.00,2018-05-17 06:13:00.246400
6067,201805176132420,PRIN,21,38,50,790,39500.00,2018-05-17 06:13:00.242000
6068,201805176132390,PRIN,34,22,50,790,39500.00,2018-05-17 06:13:00.239000
6069,201805176132391,PRIN,34,53,50,790,39500.00,2018-05-17 06:13:00.239100
6070,201805176132392,PRIN,34,14,100,790,79000.00,2018-05-17 06:13:00.239200
6071,201805176132381,PRIN,58,22,50,790,39500.00,2018-05-17 06:13:00.238100
6072,201805176132385,PRIN,13,22,54,788,42552.00,2018-05-17 06:13:00.238500
6073,201805176132386,PRIN,19,22,100,790,79000.00,2018-05-17 06:13:00.238600
6074,201805176132375,PRIN,13,25,100,787,78700.00,2018-05-17 06:13:00.237500
6075,201805176132376,PRIN,13,32,146,787,114902.00,2018-05-17 06:13:00.237600
6076,201805176132378,PRIN,13,32,200,788,157600.00,2018-05-17 06:13:00.237800
6077,201805176132363,PRIN,7,58,540,786,424440.00,2018-05-17 06:13:00.236300
6078,201805176132312,PRIN,32,32,1,770,770.00,2018-05-17 06:13:00.231200
6079,201805176132270,PRIN,7,22,51,782,39882.00,2018-05-17 06:13:00.227000
6080,201805176132271,PRIN,7,1,100,784,78400.00,2018-05-17 06:13:00.227100
6081,201805176132272,PRIN,7,26,100,784,78400.00,2018-05-17 06:13:00.227200
6082,201805176132273,PRIN,7,32,100,785,78500.00,2018-05-17 06:13:00.227300
6083,201805176132274,PRIN,7,32,150,785,117750.00,2018-05-17 06:13:00.227400
6084,201805176132241,PRIN,6,29,100,780,78000.00,2018-05-17 06:13:00.224100
6085,201805176132242,PRIN,6,34,200,781,156200.00,2018-05-17 06:13:00.224200
6086,201805176132225,PRIN,45,57,340,779,264860.00,2018-05-17 06:13:00.222500
6087,201805176132226,PRIN,45,41,90,780,70200.00,2018-05-17 06:13:00.222600
6088,201805176132204,PRIN,7,11,178,777,138306.00,2018-05-17 06:13:00.220400
6089,201805176132205,PRIN,7,1,100,778,77800.00,2018-05-17 06:13:00.220500
6090,201805176132155,PRIN,19,58,593,776,460168.00,2018-05-17 06:13:00.215500
6091,201805176131950,PRIN,36,33,20,776,15520.00,2018-05-17 06:13:00.195000
6092,201805176131951,PRIN,39,33,178,773,137594.00,2018-05-17 06:13:00.195100
6093,201805176131952,PRIN,19,33,110,772,84920.00,2018-05-17 06:13:00.195200
6094,201805176131953,PRIN,5,33,200,772,154400.00,2018-05-17 06:13:00.195300
6095,201805176131954,PRIN,10,33,200,771,154200.00,2018-05-17 06:13:00.195400
6096,201805176131955,PRIN,45,33,437,770,336490.00,2018-05-17 06:13:00.195500
6097,201805176131819,PRIN,50,57,50,778,38900.00,2018-05-17 06:13:00.181900
6098,201805176131820,PRIN,42,57,10,777,7770.00,2018-05-17 06:13:00.182000
6099,201805176131821,PRIN,39,57,100,777,77700.00,2018-05-17 06:13:00.182100
6100,201805176131528,PRIN,39,58,50,780,39000.00,2018-05-17 06:13:00.152800
6101,201805176131529,PRIN,39,34,50,783,39150.00,2018-05-17 06:13:00.152900
6102,201805176131387,PRIN,57,58,100,778,77800.00,2018-05-17 06:13:00.138700
6103,201805176131388,PRIN,43,58,50,778,38900.00,2018-05-17 06:13:00.138800
6104,201805176131373,PRIN,35,58,50,780,39000.00,2018-05-17 06:13:00.137300
6105,201805176131357,PRIN,35,19,50,780,39000.00,2018-05-17 06:13:00.135700
6106,201805176131239,PRIN,39,33,100,783,78300.00,2018-05-17 06:13:00.123900
6107,201805176131240,PRIN,39,33,155,785,121675.00,2018-05-17 06:13:00.124000
6108,201805176131013,PRIN,14,58,29,773,22417.00,2018-05-17 06:13:00.101300
6109,201805176131014,PRIN,14,32,100,777,77700.00,2018-05-17 06:13:00.101400
6110,201805176131015,PRIN,14,33,200,780,156000.00,2018-05-17 06:13:00.101500
6111,201805176131016,PRIN,14,57,40,781,31240.00,2018-05-17 06:13:00.101600
6112,201805176131017,PRIN,14,34,100,781,78100.00,2018-05-17 06:13:00.101700
6113,201805176130997,PRIN,39,43,28,772,21616.00,2018-05-17 06:13:00.099700
6114,201805176130821,PRIN,58,34,11,762,8382.00,2018-05-17 06:13:00.082100
6115,201805176130629,PRIN,5,5,29,766,22214.00,2018-05-17 06:13:00.062900
6116,201805166130580,PRIN,59,14,74,766,56684.00,2018-05-16 06:13:00.058000
6117,201805166130437,PRIN,50,14,26,768,19968.00,2018-05-16 06:13:00.043700
6118,201805166130438,PRIN,47,14,300,768,230400.00,2018-05-16 06:13:00.043800
6119,201805166130338,PRIN,50,39,24,768,18432.00,2018-05-16 06:13:00.033800
6120,201805166130144,PRIN,28,36,160,764,122240.00,2018-05-16 06:13:00.014400
6121,201805166130145,PRIN,19,36,40,764,30560.00,2018-05-16 06:13:00.014500
6122,201805166130072,PRIN,14,33,310,768,238080.00,2018-05-16 06:13:00.007200
6123,201805166130002,PRIN,13,57,60,764,45840.00,2018-05-16 06:13:00.000200
6124,201805166130003,PRIN,28,57,340,764,259760.00,2018-05-16 06:13:00.000300
6125,201805166129933,PRIN,11,33,40,768,30720.00,2018-05-16 06:12:00.993300
6126,201805166129710,PRIN,19,14,300,765,229500.00,2018-05-16 06:12:00.971000
6127,201805166129692,PRIN,57,14,200,765,153000.00,2018-05-16 06:12:00.969200
6128,201805166129637,PRIN,32,14,100,765,76500.00,2018-05-16 06:12:00.963700
6129,201805166129204,PRIN,22,48,17,762,12954.00,2018-05-16 06:12:00.920400
6130,201805166129144,PRIN,32,48,100,765,76500.00,2018-05-16 06:12:00.914400
6131,201805166129145,PRIN,41,48,50,765,38250.00,2018-05-16 06:12:00.914500
6132,201805166129146,PRIN,44,48,200,764,152800.00,2018-05-16 06:12:00.914600
6133,201805166129147,PRIN,39,48,40,764,30560.00,2018-05-16 06:12:00.914700
6134,201805166129153,PRIN,8,8,4,760,3040.00,2018-05-16 06:12:00.915300
6135,201805166129154,PRIN,45,48,50,763,38150.00,2018-05-16 06:12:00.915400
6136,201805166129155,PRIN,44,48,100,763,76300.00,2018-05-16 06:12:00.915500
6137,201805166129156,PRIN,19,48,39,762,29718.00,2018-05-16 06:12:00.915600
6138,201805166129034,PRIN,57,33,150,770,115500.00,2018-05-16 06:12:00.903400
6139,201805166128951,PRIN,28,28,192,769,147648.00,2018-05-16 06:12:00.895100
6140,201805166128711,PRIN,57,8,5,764,3820.00,2018-05-16 06:12:00.871100
6141,201805166128694,PRIN,57,8,24,764,18336.00,2018-05-16 06:12:00.869400
6142,201805166128506,PRIN,19,48,50,766,38300.00,2018-05-16 06:12:00.850600
6143,201805166128507,PRIN,11,48,185,765,141525.00,2018-05-16 06:12:00.850700
6144,201805166128508,PRIN,32,48,100,764,76400.00,2018-05-16 06:12:00.850800
6145,201805166128509,PRIN,33,48,200,763,152600.00,2018-05-16 06:12:00.850900
6146,201805166128510,PRIN,19,48,61,762,46482.00,2018-05-16 06:12:00.851000
6147,201805156127615,PRIN,32,58,54,775,41850.00,2018-05-15 06:12:00.761500
6148,201805156127479,PRIN,17,58,200,775,155000.00,2018-05-15 06:12:00.747900
6149,201805156127438,PRIN,39,51,50,774,38700.00,2018-05-15 06:12:00.743800
6150,201805156127272,PRIN,50,44,19,771,14649.00,2018-05-15 06:12:00.727200
6151,201805156127186,PRIN,32,58,46,775,35650.00,2018-05-15 06:12:00.718600
6152,201805156126952,PRIN,57,34,100,770,77000.00,2018-05-15 06:12:00.695200
6153,201805156126955,PRIN,32,50,100,775,77500.00,2018-05-15 06:12:00.695500
6154,201805156126935,PRIN,28,45,200,772,154400.00,2018-05-15 06:12:00.693500
6155,201805156126936,PRIN,44,45,200,771,154200.00,2018-05-15 06:12:00.693600
6156,201805156126937,PRIN,45,45,50,770,38500.00,2018-05-15 06:12:00.693700
6157,201805156126938,PRIN,57,45,150,770,115500.00,2018-05-15 06:12:00.693800
6158,201805156126930,PRIN,55,50,100,774,77400.00,2018-05-15 06:12:00.693000
6159,201805156126901,PRIN,35,5,30,776,23280.00,2018-05-15 06:12:00.690100
6160,201805156126902,PRIN,33,5,65,775,50375.00,2018-05-15 06:12:00.690200
6161,201805156126903,PRIN,32,5,100,775,77500.00,2018-05-15 06:12:00.690300
6162,201805146125970,PRIN,39,21,200,775,155000.00,2018-05-14 06:12:00.597000
6163,201805146125971,PRIN,39,25,100,775,77500.00,2018-05-14 06:12:00.597100
6164,201805146125972,PRIN,39,58,300,776,232800.00,2018-05-14 06:12:00.597200
6165,201805146125699,PRIN,5,35,100,774,77400.00,2018-05-14 06:12:00.569900
6166,201805146125740,PRIN,5,58,100,775,77500.00,2018-05-14 06:12:00.574000
6167,201805146125648,PRIN,39,39,1143,770,880110.00,2018-05-14 06:12:00.564800
6168,201805146125436,PRIN,57,58,50,774,38700.00,2018-05-14 06:12:00.543600
6169,201805146124538,PRIN,32,7,50,771,38550.00,2018-05-14 06:12:00.453800
6170,201805146124539,PRIN,33,7,200,771,154200.00,2018-05-14 06:12:00.453900
6171,201805146124540,PRIN,28,7,100,770,77000.00,2018-05-14 06:12:00.454000
6172,201805146124541,PRIN,53,7,150,770,115500.00,2018-05-14 06:12:00.454100
6173,201805146124429,PRIN,53,53,2,770,1540.00,2018-05-14 06:12:00.442900
6174,201805146124276,PRIN,17,55,50,773,38650.00,2018-05-14 06:12:00.427600
6175,201805146124277,PRIN,40,55,100,772,77200.00,2018-05-14 06:12:00.427700
6176,201805146124278,PRIN,55,55,100,772,77200.00,2018-05-14 06:12:00.427800
6177,201805146124279,PRIN,32,55,50,771,38550.00,2018-05-14 06:12:00.427900
6178,201805146123921,PRIN,53,44,50,772,38600.00,2018-05-14 06:12:00.392100
6179,201805146123863,PRIN,21,44,100,772,77200.00,2018-05-14 06:12:00.386300
6180,201805146123864,PRIN,1,44,50,772,38600.00,2018-05-14 06:12:00.386400
6181,201805146123731,PRIN,32,53,100,775,77500.00,2018-05-14 06:12:00.373100
6182,201805146123374,PRIN,16,53,200,774,154800.00,2018-05-14 06:12:00.337400
6183,201805146123380,PRIN,14,22,100,773,77300.00,2018-05-14 06:12:00.338000
6184,201805146123190,PRIN,28,58,140,776,108640.00,2018-05-14 06:12:00.319000
6185,201805146122957,PRIN,21,58,60,776,46560.00,2018-05-14 06:12:00.295700
6186,201805146122961,PRIN,21,58,100,776,77600.00,2018-05-14 06:12:00.296100
6187,201805146122848,PRIN,43,16,119,775,92225.00,2018-05-14 06:12:00.284800
6188,201805146122756,PRIN,39,28,93,772,71796.00,2018-05-14 06:12:00.275600
6189,201805146121622,PRIN,38,58,70,777,54390.00,2018-05-14 06:12:00.162200
6190,201805146121230,PRIN,10,26,220,766,168520.00,2018-05-14 06:12:00.123000
6191,201805146121198,PRIN,42,26,100,774,77400.00,2018-05-14 06:12:00.119800
6192,201805146121199,PRIN,45,26,10,772,7720.00,2018-05-14 06:12:00.119900
6193,201805146121200,PRIN,28,26,50,772,38600.00,2018-05-14 06:12:00.120000
6194,201805146121201,PRIN,42,26,20,770,15400.00,2018-05-14 06:12:00.120100
6195,201805146121202,PRIN,19,26,50,770,38500.00,2018-05-14 06:12:00.120200
6196,201805146121203,PRIN,56,26,50,770,38500.00,2018-05-14 06:12:00.120300
6197,201805146121179,PRIN,49,58,70,775,54250.00,2018-05-14 06:12:00.117900
6198,201805146121180,PRIN,6,58,100,775,77500.00,2018-05-14 06:12:00.118000
6199,201805146121181,PRIN,44,58,500,775,387500.00,2018-05-14 06:12:00.118100
6200,201805146120908,PRIN,14,7,150,779,116850.00,2018-05-14 06:12:00.090800
6201,201805146120909,PRIN,14,53,200,779,155800.00,2018-05-14 06:12:00.090900
6202,201805146120724,PRIN,32,22,50,779,38950.00,2018-05-14 06:12:00.072400
6203,201805146120729,PRIN,22,22,50,779,38950.00,2018-05-14 06:12:00.072900
6204,201805146119812,PRIN,10,58,200,777,155400.00,2018-05-14 06:11:00.981200
6205,201805146119813,PRIN,17,58,20,776,15520.00,2018-05-14 06:11:00.981300
6206,201805146119814,PRIN,21,58,250,775,193750.00,2018-05-14 06:11:00.981400
6207,201805146119815,PRIN,39,58,65,775,50375.00,2018-05-14 06:11:00.981500
6208,201805146119816,PRIN,13,58,100,775,77500.00,2018-05-14 06:11:00.981600
6209,201805146119817,PRIN,28,58,100,774,77400.00,2018-05-14 06:11:00.981700
6210,201805146119676,PRIN,10,53,116,786,91176.00,2018-05-14 06:11:00.967600
6211,201805146119641,PRIN,17,47,30,780,23400.00,2018-05-14 06:11:00.964100
6212,201805146119594,PRIN,59,58,100,780,78000.00,2018-05-14 06:11:00.959400
6213,201805106119304,PRIN,22,35,50,775,38750.00,2018-05-10 06:11:00.930400
6214,201805106119128,PRIN,59,41,30,770,23100.00,2018-05-10 06:11:00.912800
6215,201805106119148,PRIN,33,10,430,770,331100.00,2018-05-10 06:11:00.914800
6216,201805106119149,PRIN,29,10,64,769,49216.00,2018-05-10 06:11:00.914900
6217,201805106119150,PRIN,13,10,50,769,38450.00,2018-05-10 06:11:00.915000
6218,201805106119151,PRIN,53,10,70,766,53620.00,2018-05-10 06:11:00.915100
6219,201805106119152,PRIN,37,10,200,765,153000.00,2018-05-10 06:11:00.915200
6220,201805106119153,PRIN,33,10,100,765,76500.00,2018-05-10 06:11:00.915300
6221,201805106119154,PRIN,58,10,1657,765,1267605.00,2018-05-10 06:11:00.915400
6222,201805106119008,PRIN,33,40,70,770,53900.00,2018-05-10 06:11:00.900800
6223,201805106118740,PRIN,22,16,100,771,77100.00,2018-05-10 06:11:00.874000
6224,201805106118741,PRIN,59,16,67,770,51590.00,2018-05-10 06:11:00.874100
6225,201805106118003,PRIN,14,53,50,773,38650.00,2018-05-10 06:11:00.800300
6226,201805106118004,PRIN,14,53,230,773,177790.00,2018-05-10 06:11:00.800400
6227,201805106118005,PRIN,14,41,300,774,232200.00,2018-05-10 06:11:00.800500
6228,201805106117966,PRIN,59,50,200,770,154000.00,2018-05-10 06:11:00.796600
6229,201805106117891,PRIN,53,28,130,766,99580.00,2018-05-10 06:11:00.789100
6230,201805106117897,PRIN,29,25,15,769,11535.00,2018-05-10 06:11:00.789700
6231,201805106117898,PRIN,29,17,21,769,16149.00,2018-05-10 06:11:00.789800
6232,201805106117457,PRIN,22,25,50,766,38300.00,2018-05-10 06:11:00.745700
6233,201805106117458,PRIN,55,25,100,765,76500.00,2018-05-10 06:11:00.745800
6234,201805106117058,PRIN,22,20,51,760,38760.00,2018-05-10 06:11:00.705800
6235,201805106117003,PRIN,6,20,39,762,29718.00,2018-05-10 06:11:00.700300
6236,201805106117022,PRIN,53,20,200,763,152600.00,2018-05-10 06:11:00.702200
6237,201805106117023,PRIN,6,20,61,762,46482.00,2018-05-10 06:11:00.702300
6238,201805106117024,PRIN,29,20,100,762,76200.00,2018-05-10 06:11:00.702400
6239,201805106117025,PRIN,29,20,100,762,76200.00,2018-05-10 06:11:00.702500
6240,201805106117026,PRIN,58,20,1000,761,761000.00,2018-05-10 06:11:00.702600
6241,201805106117027,PRIN,44,20,100,761,76100.00,2018-05-10 06:11:00.702700
6242,201805106117028,PRIN,44,20,90,761,68490.00,2018-05-10 06:11:00.702800
6243,201805106117029,PRIN,48,20,31,761,23591.00,2018-05-10 06:11:00.702900
6244,201805106117030,PRIN,57,20,100,760,76000.00,2018-05-10 06:11:00.703000
6245,201805106117031,PRIN,32,20,100,760,76000.00,2018-05-10 06:11:00.703100
6246,201805106117032,PRIN,53,20,118,760,89680.00,2018-05-10 06:11:00.703200
6247,201805106116997,PRIN,32,20,100,764,76400.00,2018-05-10 06:11:00.699700
6248,201805106116998,PRIN,46,20,50,764,38200.00,2018-05-10 06:11:00.699800
6249,201805106116999,PRIN,17,20,20,764,15280.00,2018-05-10 06:11:00.699900
6250,201805106116956,PRIN,58,49,51,765,39015.00,2018-05-10 06:11:00.695600
6251,201805106116929,PRIN,43,49,14,768,10752.00,2018-05-10 06:11:00.692900
6252,201805106116930,PRIN,32,49,100,767,76700.00,2018-05-10 06:11:00.693000
6253,201805106116931,PRIN,45,49,125,766,95750.00,2018-05-10 06:11:00.693100
6254,201805106116936,PRIN,45,49,10,765,7650.00,2018-05-10 06:11:00.693600
6255,201805106116937,PRIN,45,49,20,765,15300.00,2018-05-10 06:11:00.693700
6256,201805106116938,PRIN,34,49,100,765,76500.00,2018-05-10 06:11:00.693800
6257,201805106116939,PRIN,17,49,200,765,153000.00,2018-05-10 06:11:00.693900
6258,201805106116940,PRIN,57,49,100,765,76500.00,2018-05-10 06:11:00.694000
6259,201805106116672,PRIN,58,20,500,767,383500.00,2018-05-10 06:11:00.667200
6260,201805106116647,PRIN,43,17,186,768,142848.00,2018-05-10 06:11:00.664700
6261,201805106116505,PRIN,20,20,40,767,30680.00,2018-05-10 06:11:00.650500
6262,201805106116519,PRIN,58,20,160,767,122720.00,2018-05-10 06:11:00.651900
6263,201805106116257,PRIN,32,20,12,764,9168.00,2018-05-10 06:11:00.625700
6264,201805106116242,PRIN,58,20,10,766,7660.00,2018-05-10 06:11:00.624200
6265,201805106116243,PRIN,41,20,150,765,114750.00,2018-05-10 06:11:00.624300
6266,201805106116244,PRIN,45,20,90,765,68850.00,2018-05-10 06:11:00.624400
6267,201805106116069,PRIN,29,20,48,769,36912.00,2018-05-10 06:11:00.606900
6268,201805106116070,PRIN,22,20,20,768,15360.00,2018-05-10 06:11:00.607000
6269,201805106116071,PRIN,16,20,100,767,76700.00,2018-05-10 06:11:00.607100
6270,201805106116072,PRIN,14,20,20,767,15340.00,2018-05-10 06:11:00.607200
6271,201805106116073,PRIN,44,20,200,766,153200.00,2018-05-10 06:11:00.607300
6272,201805106116074,PRIN,50,20,100,766,76600.00,2018-05-10 06:11:00.607400
6273,201805106116075,PRIN,45,20,300,765,229500.00,2018-05-10 06:11:00.607500
6274,201805106116076,PRIN,45,20,100,765,76500.00,2018-05-10 06:11:00.607600
6275,201805106115997,PRIN,29,5,95,769,73055.00,2018-05-10 06:11:00.599700
6276,201805106115772,PRIN,55,17,65,776,50440.00,2018-05-10 06:11:00.577200
6277,201805106115773,PRIN,51,17,35,775,27125.00,2018-05-10 06:11:00.577300
6278,201805106115774,PRIN,57,17,100,771,77100.00,2018-05-10 06:11:00.577400
6279,201805106115775,PRIN,57,17,50,771,38550.00,2018-05-10 06:11:00.577500
6280,201805106115776,PRIN,44,17,100,770,77000.00,2018-05-10 06:11:00.577600
6281,201805106115729,PRIN,55,20,300,777,233100.00,2018-05-10 06:11:00.572900
6282,201805106115712,PRIN,55,20,235,776,182360.00,2018-05-10 06:11:00.571200
6283,201805106115568,PRIN,29,17,100,780,78000.00,2018-05-10 06:11:00.556800
6284,201805106114542,PRIN,57,17,50,770,38500.00,2018-05-10 06:11:00.454200
6285,201805106114543,PRIN,1,17,100,770,77000.00,2018-05-10 06:11:00.454300
6286,201805106114544,PRIN,37,17,50,770,38500.00,2018-05-10 06:11:00.454400
6287,201805096113790,PRIN,44,53,200,779,155800.00,2018-05-09 06:11:00.379000
6288,201805096113557,PRIN,45,25,100,780,78000.00,2018-05-09 06:11:00.355700
6289,201805096113434,PRIN,45,40,31,781,24211.00,2018-05-09 06:11:00.343400
6290,201805096113079,PRIN,44,53,55,779,42845.00,2018-05-09 06:11:00.307900
6291,201805096113013,PRIN,57,50,200,781,156200.00,2018-05-09 06:11:00.301300
6292,201805096113018,PRIN,44,45,59,779,45961.00,2018-05-09 06:11:00.301800
6293,201805096112977,PRIN,57,7,100,781,78100.00,2018-05-09 06:11:00.297700
6294,201805096112739,PRIN,55,45,10,781,7810.00,2018-05-09 06:11:00.273900
6295,201805096112740,PRIN,38,45,100,779,77900.00,2018-05-09 06:11:00.274000
6296,201805096111762,PRIN,53,8,100,779,77900.00,2018-05-09 06:11:00.176200
6297,201805096111763,PRIN,6,8,50,778,38900.00,2018-05-09 06:11:00.176300
6298,201805096111764,PRIN,57,8,50,778,38900.00,2018-05-09 06:11:00.176400
6299,201805096111615,PRIN,32,8,100,780,78000.00,2018-05-09 06:11:00.161500
6300,201805096111579,PRIN,43,17,100,780,78000.00,2018-05-09 06:11:00.157900
6301,201805096111533,PRIN,21,41,100,781,78100.00,2018-05-09 06:11:00.153300
6302,201805096111558,PRIN,21,48,100,781,78100.00,2018-05-09 06:11:00.155800
6303,201805096111241,PRIN,44,47,521,782,407422.00,2018-05-09 06:11:00.124100
6304,201805096111248,PRIN,43,47,50,782,39100.00,2018-05-09 06:11:00.124800
6305,201805096111231,PRIN,44,53,35,782,27370.00,2018-05-09 06:11:00.123100
6306,201805096111189,PRIN,6,33,56,783,43848.00,2018-05-09 06:11:00.118900
6307,201805096111190,PRIN,44,33,444,782,347208.00,2018-05-09 06:11:00.119000
6308,201805096111157,PRIN,6,25,10,783,7830.00,2018-05-09 06:11:00.115700
6309,201805096110934,PRIN,53,21,100,785,78500.00,2018-05-09 06:11:00.093400
6310,201805096110578,PRIN,6,35,10,781,7810.00,2018-05-09 06:11:00.057800
6311,201805096110479,PRIN,6,48,29,780,22620.00,2018-05-09 06:11:00.047900
6312,201805096110480,PRIN,6,32,40,780,31200.00,2018-05-09 06:11:00.048000
6313,201805096110481,PRIN,6,7,35,780,27300.00,2018-05-09 06:11:00.048100
6314,201805096110482,PRIN,6,6,120,781,93720.00,2018-05-09 06:11:00.048200
6315,201805096110501,PRIN,53,42,500,781,390500.00,2018-05-09 06:11:00.050100
6316,201805096110502,PRIN,53,33,200,782,156400.00,2018-05-09 06:11:00.050200
6317,201805096110503,PRIN,53,32,500,782,391000.00,2018-05-09 06:11:00.050300
6318,201805096109928,PRIN,7,48,80,780,62400.00,2018-05-09 06:10:00.992800
6319,201805096109935,PRIN,32,48,10,780,7800.00,2018-05-09 06:10:00.993500
6320,201805096109840,PRIN,33,46,100,780,78000.00,2018-05-09 06:10:00.984000
6321,201805096109841,PRIN,33,51,100,780,78000.00,2018-05-09 06:10:00.984100
6322,201805096109445,PRIN,38,38,238,778,185164.00,2018-05-09 06:10:00.944500
6323,201805096109176,PRIN,14,50,100,779,77900.00,2018-05-09 06:10:00.917600
6324,201805086107976,PRIN,37,33,200,771,154200.00,2018-05-08 06:10:00.797600
6325,201805086107994,PRIN,53,44,20,782,15640.00,2018-05-08 06:10:00.799400
6326,201805086107938,PRIN,44,45,100,770,77000.00,2018-05-08 06:10:00.793800
6327,201805086107854,PRIN,53,28,81,780,63180.00,2018-05-08 06:10:00.785400
6328,201805086107855,PRIN,53,28,50,780,39000.00,2018-05-08 06:10:00.785500
6329,201805086107856,PRIN,44,28,100,778,77800.00,2018-05-08 06:10:00.785600
6330,201805086107857,PRIN,53,28,61,777,47397.00,2018-05-08 06:10:00.785700
6331,201805086107858,PRIN,28,28,30,777,23310.00,2018-05-08 06:10:00.785800
6332,201805086107859,PRIN,59,28,20,777,15540.00,2018-05-08 06:10:00.785900
6333,201805086107860,PRIN,41,28,50,775,38750.00,2018-05-08 06:10:00.786000
6334,201805086107861,PRIN,36,28,56,774,43344.00,2018-05-08 06:10:00.786100
6335,201805086107862,PRIN,50,28,100,774,77400.00,2018-05-08 06:10:00.786200
6336,201805086107863,PRIN,49,28,50,772,38600.00,2018-05-08 06:10:00.786300
6337,201805086107864,PRIN,44,28,50,771,38550.00,2018-05-08 06:10:00.786400
6338,201805086107865,PRIN,54,28,200,771,154200.00,2018-05-08 06:10:00.786500
6339,201805086107866,PRIN,41,28,152,770,117040.00,2018-05-08 06:10:00.786600
6340,201805086107802,PRIN,53,45,119,780,92820.00,2018-05-08 06:10:00.780200
6341,201805086107753,PRIN,25,52,50,780,39000.00,2018-05-08 06:10:00.775300
6342,201805086107423,PRIN,45,44,50,785,39250.00,2018-05-08 06:10:00.742300
6343,201805086107393,PRIN,41,6,50,782,39100.00,2018-05-08 06:10:00.739300
6344,201805086107412,PRIN,45,25,100,783,78300.00,2018-05-08 06:10:00.741200
6345,201805086107413,PRIN,45,51,50,785,39250.00,2018-05-08 06:10:00.741300
6346,201805086107152,PRIN,16,6,150,780,117000.00,2018-05-08 06:10:00.715200
6347,201805086106926,PRIN,53,5,100,777,77700.00,2018-05-08 06:10:00.692600
6348,201805086106927,PRIN,53,11,39,777,30303.00,2018-05-08 06:10:00.692700
6349,201805086106577,PRIN,36,33,144,774,111456.00,2018-05-08 06:10:00.657700
6350,201805086106374,PRIN,32,39,50,776,38800.00,2018-05-08 06:10:00.637400
6351,201805086106165,PRIN,32,53,100,776,77600.00,2018-05-08 06:10:00.616500
6352,201805086106185,PRIN,20,48,314,775,243350.00,2018-05-08 06:10:00.618500
6353,201805086106186,PRIN,20,53,146,776,113296.00,2018-05-08 06:10:00.618600
6354,201805086106205,PRIN,32,53,142,776,110192.00,2018-05-08 06:10:00.620500
6355,201805086106103,PRIN,20,6,540,774,417960.00,2018-05-08 06:10:00.610300
6356,201805086106083,PRIN,32,48,200,773,154600.00,2018-05-08 06:10:00.608300
6357,201805086105998,PRIN,50,6,200,774,154800.00,2018-05-08 06:10:00.599800
6358,201805086105860,PRIN,43,38,50,773,38650.00,2018-05-08 06:10:00.586000
6359,201805086105861,PRIN,44,38,50,773,38650.00,2018-05-08 06:10:00.586100
6360,201805086105862,PRIN,37,38,100,772,77200.00,2018-05-08 06:10:00.586200
6361,201805086105863,PRIN,48,38,100,772,77200.00,2018-05-08 06:10:00.586300
6362,201805086105613,PRIN,43,6,50,775,38750.00,2018-05-08 06:10:00.561300
6363,201805086105504,PRIN,54,37,172,775,133300.00,2018-05-08 06:10:00.550400
6364,201805086105505,PRIN,54,59,48,775,37200.00,2018-05-08 06:10:00.550500
6365,201805086105363,PRIN,32,48,93,774,71982.00,2018-05-08 06:10:00.536300
6366,201805086105364,PRIN,46,48,100,774,77400.00,2018-05-08 06:10:00.536400
6367,201805086105365,PRIN,57,48,90,773,69570.00,2018-05-08 06:10:00.536500
6368,201805086105366,PRIN,8,48,100,773,77300.00,2018-05-08 06:10:00.536600
6369,201805086105367,PRIN,48,48,250,773,193250.00,2018-05-08 06:10:00.536700
6370,201805086105303,PRIN,49,59,11,775,8525.00,2018-05-08 06:10:00.530300
6371,201805086104687,PRIN,44,48,100,775,77500.00,2018-05-08 06:10:00.468700
6372,201805086104548,PRIN,44,53,100,776,77600.00,2018-05-08 06:10:00.454800
6373,201805086104128,PRIN,17,25,110,774,85140.00,2018-05-08 06:10:00.412800
6374,201805086104129,PRIN,32,25,57,774,44118.00,2018-05-08 06:10:00.412900
6375,201805086103691,PRIN,50,50,100,775,77500.00,2018-05-08 06:10:00.369100
6376,201805086103441,PRIN,22,42,10,774,7740.00,2018-05-08 06:10:00.344100
6377,201805086103442,PRIN,57,42,10,773,7730.00,2018-05-08 06:10:00.344200
6378,201805086102840,PRIN,14,43,200,772,154400.00,2018-05-08 06:10:00.284000
6379,201805086102714,PRIN,35,25,50,778,38900.00,2018-05-08 06:10:00.271400
6380,201805086102715,PRIN,6,25,200,776,155200.00,2018-05-08 06:10:00.271500
6381,201805086102716,PRIN,32,25,200,775,155000.00,2018-05-08 06:10:00.271600
6382,201805086102603,PRIN,57,21,100,780,78000.00,2018-05-08 06:10:00.260300
6383,201805086101796,PRIN,46,8,250,787,196750.00,2018-05-08 06:10:00.179600
6384,201805076101630,PRIN,58,58,226,772,174472.00,2018-05-07 06:10:00.163000
6385,201805076101427,PRIN,46,16,12,772,9264.00,2018-05-07 06:10:00.142700
6386,201805076101428,PRIN,13,16,100,772,77200.00,2018-05-07 06:10:00.142800
6387,201805076101429,PRIN,32,16,88,772,67936.00,2018-05-07 06:10:00.142900
6388,201805076101401,PRIN,38,16,12,773,9276.00,2018-05-07 06:10:00.140100
6389,201805076101402,PRIN,26,16,200,773,154600.00,2018-05-07 06:10:00.140200
6390,201805076101403,PRIN,28,16,200,772,154400.00,2018-05-07 06:10:00.140300
6391,201805076101404,PRIN,46,16,88,772,67936.00,2018-05-07 06:10:00.140400
6392,201805076101073,PRIN,38,16,121,773,93533.00,2018-05-07 06:10:00.107300
6393,201805076100756,PRIN,45,16,29,775,22475.00,2018-05-07 06:10:00.075600
6394,201805076100757,PRIN,17,16,50,774,38700.00,2018-05-07 06:10:00.075700
6395,201805076100758,PRIN,32,16,100,774,77400.00,2018-05-07 06:10:00.075800
6396,201805076100759,PRIN,44,16,100,773,77300.00,2018-05-07 06:10:00.075900
6397,201805076100760,PRIN,22,16,50,773,38650.00,2018-05-07 06:10:00.076000
6398,201805076100543,PRIN,42,32,79,775,61225.00,2018-05-07 06:10:00.054300
6399,201805076100544,PRIN,49,32,100,775,77500.00,2018-05-07 06:10:00.054400
6400,201805076100545,PRIN,45,32,21,775,16275.00,2018-05-07 06:10:00.054500
6401,201805076100058,PRIN,44,58,10,775,7750.00,2018-05-07 06:10:00.005800
6402,201805076099989,PRIN,58,58,314,772,242408.00,2018-05-07 06:09:00.998900
6403,201805076099955,PRIN,32,58,90,775,69750.00,2018-05-07 06:09:00.995500
6404,201805076099978,PRIN,50,48,96,774,74304.00,2018-05-07 06:09:00.997800
6405,201805076099909,PRIN,32,47,10,775,7750.00,2018-05-07 06:09:00.990900
6406,201805076099843,PRIN,51,47,40,776,31040.00,2018-05-07 06:09:00.984300
6407,201805076099812,PRIN,51,6,10,776,7760.00,2018-05-07 06:09:00.981200
6408,201805076099748,PRIN,33,47,100,776,77600.00,2018-05-07 06:09:00.974800
6409,201805076099489,PRIN,41,33,50,775,38750.00,2018-05-07 06:09:00.948900
6410,201805076099490,PRIN,45,33,200,775,155000.00,2018-05-07 06:09:00.949000
6411,201805076099491,PRIN,59,33,30,775,23250.00,2018-05-07 06:09:00.949100
6412,201805076099492,PRIN,43,33,100,775,77500.00,2018-05-07 06:09:00.949200
6413,201805076099461,PRIN,41,21,30,775,23250.00,2018-05-07 06:09:00.946100
6414,201805076099287,PRIN,34,16,50,779,38950.00,2018-05-07 06:09:00.928700
6415,201805076099047,PRIN,34,17,100,776,77600.00,2018-05-07 06:09:00.904700
6416,201805076098629,PRIN,41,21,20,775,15500.00,2018-05-07 06:09:00.862900
6417,201805076098541,PRIN,33,51,35,778,27230.00,2018-05-07 06:09:00.854100
6418,201805076098542,PRIN,33,22,100,778,77800.00,2018-05-07 06:09:00.854200
6419,201805076098435,PRIN,32,58,300,777,233100.00,2018-05-07 06:09:00.843500
6420,201805076098355,PRIN,45,16,25,775,19375.00,2018-05-07 06:09:00.835500
6421,201805076098370,PRIN,41,32,60,774,46440.00,2018-05-07 06:09:00.837000
6422,201805076098371,PRIN,41,16,175,775,135625.00,2018-05-07 06:09:00.837100
6423,201805076098372,PRIN,41,16,87,775,67425.00,2018-05-07 06:09:00.837200
6424,201805076098373,PRIN,41,41,478,776,370928.00,2018-05-07 06:09:00.837300
6425,201805076098153,PRIN,46,33,100,774,77400.00,2018-05-07 06:09:00.815300
6426,201805076098143,PRIN,52,16,100,775,77500.00,2018-05-07 06:09:00.814300
6427,201805076098019,PRIN,52,22,100,775,77500.00,2018-05-07 06:09:00.801900
6428,201805076097968,PRIN,22,41,150,776,116400.00,2018-05-07 06:09:00.796800
6429,201805076097631,PRIN,26,55,150,775,116250.00,2018-05-07 06:09:00.763100
6430,201805076097632,PRIN,52,55,20,775,15500.00,2018-05-07 06:09:00.763200
6431,201805076097585,PRIN,26,28,50,775,38750.00,2018-05-07 06:09:00.758500
6432,201805076097471,PRIN,58,58,700,776,543200.00,2018-05-07 06:09:00.747100
6433,201805076097155,PRIN,44,33,500,776,388000.00,2018-05-07 06:09:00.715500
6434,201805076097051,PRIN,18,51,15,778,11670.00,2018-05-07 06:09:00.705100
6435,201805076096573,PRIN,6,8,100,775,77500.00,2018-05-07 06:09:00.657300
6436,201805066095164,PRIN,41,45,200,781,156200.00,2018-05-06 06:09:00.516400
6437,201805066095022,PRIN,50,26,50,783,39150.00,2018-05-06 06:09:00.502200
6438,201805066094935,PRIN,50,58,50,783,39150.00,2018-05-06 06:09:00.493500
6439,201805066094883,PRIN,50,58,50,783,39150.00,2018-05-06 06:09:00.488300
6440,201805066094884,PRIN,33,58,100,783,78300.00,2018-05-06 06:09:00.488400
6441,201805066094912,PRIN,44,52,234,780,182520.00,2018-05-06 06:09:00.491200
6442,201805066094586,PRIN,50,46,100,783,78300.00,2018-05-06 06:09:00.458600
6443,201805066094575,PRIN,50,58,100,783,78300.00,2018-05-06 06:09:00.457500
6444,201805066094320,PRIN,33,43,150,783,117450.00,2018-05-06 06:09:00.432000
6445,201805066094321,PRIN,50,43,50,783,39150.00,2018-05-06 06:09:00.432100
6446,201805066094021,PRIN,44,58,264,785,207240.00,2018-05-06 06:09:00.402100
6447,201805066094005,PRIN,50,55,100,786,78600.00,2018-05-06 06:09:00.400500
6448,201805066094006,PRIN,44,55,186,785,146010.00,2018-05-06 06:09:00.400600
6449,201805066093798,PRIN,44,51,50,785,39250.00,2018-05-06 06:09:00.379800
6450,201805066093711,PRIN,33,53,50,783,39150.00,2018-05-06 06:09:00.371100
6451,201805066093612,PRIN,42,34,100,789,78900.00,2018-05-06 06:09:00.361200
6452,201805066093613,PRIN,42,22,100,790,79000.00,2018-05-06 06:09:00.361300
6453,201805066092357,PRIN,33,53,10,785,7850.00,2018-05-06 06:09:00.235700
6454,201805066092291,PRIN,25,21,150,783,117450.00,2018-05-06 06:09:00.229100
6455,201805066092292,PRIN,44,21,50,782,39100.00,2018-05-06 06:09:00.229200
6456,201805066092158,PRIN,25,21,50,783,39150.00,2018-05-06 06:09:00.215800
6457,201805066091154,PRIN,33,53,10,785,7850.00,2018-05-06 06:09:00.115400
6458,201805066090927,PRIN,33,29,110,785,86350.00,2018-05-06 06:09:00.092700
6459,201805066090910,PRIN,33,5,100,785,78500.00,2018-05-06 06:09:00.091000
6460,201805066090858,PRIN,32,47,40,785,31400.00,2018-05-06 06:09:00.085800
6461,201805066090859,PRIN,42,47,100,785,78500.00,2018-05-06 06:09:00.085900
6462,201805066090860,PRIN,33,47,80,785,62800.00,2018-05-06 06:09:00.086000
6463,201805066090768,PRIN,32,53,10,785,7850.00,2018-05-06 06:09:00.076800
6464,201805066090378,PRIN,53,50,250,793,198250.00,2018-05-06 06:09:00.037800
6465,201805066090188,PRIN,14,8,40,789,31560.00,2018-05-06 06:09:00.018800
6466,201805066090160,PRIN,14,21,115,788,90620.00,2018-05-06 06:09:00.016000
6467,201805066089794,PRIN,10,5,107,788,84316.00,2018-05-06 06:08:00.979400
6468,201805066089765,PRIN,33,50,100,784,78400.00,2018-05-06 06:08:00.976500
6469,201805066089766,PRIN,33,41,134,785,105190.00,2018-05-06 06:08:00.976600
6470,201805066089723,PRIN,32,32,100,780,78000.00,2018-05-06 06:08:00.972300
6471,201805066089657,PRIN,5,53,50,784,39200.00,2018-05-06 06:08:00.965700
6472,201805066089525,PRIN,45,53,200,780,156000.00,2018-05-06 06:08:00.952500
6473,201805066088661,PRIN,10,53,15,778,11670.00,2018-05-06 06:08:00.866100
6474,201805066088632,PRIN,59,22,15,778,11670.00,2018-05-06 06:08:00.863200
6475,201805036088354,PRIN,47,28,50,777,38850.00,2018-05-03 06:08:00.835400
6476,201805036088355,PRIN,44,28,150,776,116400.00,2018-05-03 06:08:00.835500
6477,201805036088406,PRIN,45,50,160,778,124480.00,2018-05-03 06:08:00.840600
6478,201805036088220,PRIN,25,50,100,779,77900.00,2018-05-03 06:08:00.822000
6479,201805036088221,PRIN,44,50,40,778,31120.00,2018-05-03 06:08:00.822100
6480,201805036088222,PRIN,40,50,100,778,77800.00,2018-05-03 06:08:00.822200
6481,201805036088223,PRIN,40,50,100,778,77800.00,2018-05-03 06:08:00.822300
6482,201805036088161,PRIN,11,53,43,780,33540.00,2018-05-03 06:08:00.816100
6483,201805036088162,PRIN,44,53,57,778,44346.00,2018-05-03 06:08:00.816200
6484,201805036088056,PRIN,44,16,403,778,313534.00,2018-05-03 06:08:00.805600
6485,201805036088138,PRIN,11,56,107,780,83460.00,2018-05-03 06:08:00.813800
6486,201805036087912,PRIN,8,53,160,780,124800.00,2018-05-03 06:08:00.791200
6487,201805036087774,PRIN,11,51,50,777,38850.00,2018-05-03 06:08:00.777400
6488,201805036087585,PRIN,25,53,40,780,31200.00,2018-05-03 06:08:00.758500
6489,201805036087430,PRIN,25,51,50,780,39000.00,2018-05-03 06:08:00.743000
6490,201805036087455,PRIN,25,52,10,780,7800.00,2018-05-03 06:08:00.745500
6491,201805036087458,PRIN,25,6,100,780,78000.00,2018-05-03 06:08:00.745800
6492,201805036087385,PRIN,59,52,40,781,31240.00,2018-05-03 06:08:00.738500
6493,201805036087393,PRIN,59,52,20,781,15620.00,2018-05-03 06:08:00.739300
6494,201805036087413,PRIN,59,52,40,781,31240.00,2018-05-03 06:08:00.741300
6495,201805036087343,PRIN,44,16,171,782,133722.00,2018-05-03 06:08:00.734300
6496,201805036087300,PRIN,44,53,22,782,17204.00,2018-05-03 06:08:00.730000
6497,201805036087301,PRIN,44,53,178,782,139196.00,2018-05-03 06:08:00.730100
6498,201805036087315,PRIN,44,16,400,782,312800.00,2018-05-03 06:08:00.731500
6499,201805036087196,PRIN,38,29,100,783,78300.00,2018-05-03 06:08:00.719600
6500,201805036087226,PRIN,38,41,400,783,313200.00,2018-05-03 06:08:00.722600
6501,201805036087116,PRIN,44,45,200,783,156600.00,2018-05-03 06:08:00.711600
6502,201805036086977,PRIN,44,16,300,785,235500.00,2018-05-03 06:08:00.697700
6503,201805036086821,PRIN,44,8,200,782,156400.00,2018-05-03 06:08:00.682100
6504,201805036085980,PRIN,28,13,200,788,157600.00,2018-05-03 06:08:00.598000
6505,201805036085981,PRIN,28,8,100,789,78900.00,2018-05-03 06:08:00.598100
6506,201805036085985,PRIN,44,32,100,785,78500.00,2018-05-03 06:08:00.598500
6507,201805036085986,PRIN,44,32,300,783,234900.00,2018-05-03 06:08:00.598600
6508,201805036085484,PRIN,44,16,59,791,46669.00,2018-05-03 06:08:00.548400
6509,201805036085449,PRIN,44,50,218,791,172438.00,2018-05-03 06:08:00.544900
6510,201805036085450,PRIN,44,21,200,791,158200.00,2018-05-03 06:08:00.545000
6511,201805036085466,PRIN,44,6,23,791,18193.00,2018-05-03 06:08:00.546600
6512,201805036085188,PRIN,44,45,49,787,38563.00,2018-05-03 06:08:00.518800
6513,201805036085189,PRIN,44,42,30,788,23640.00,2018-05-03 06:08:00.518900
6514,201805036085190,PRIN,44,36,150,788,118200.00,2018-05-03 06:08:00.519000
6515,201805036085191,PRIN,44,1,200,789,157800.00,2018-05-03 06:08:00.519100
6516,201805036085192,PRIN,44,36,200,790,158000.00,2018-05-03 06:08:00.519200
6517,201805036085193,PRIN,44,16,100,790,79000.00,2018-05-03 06:08:00.519300
6518,201805036085194,PRIN,44,22,200,790,158000.00,2018-05-03 06:08:00.519400
6519,201805036085195,PRIN,44,52,100,790,79000.00,2018-05-03 06:08:00.519500
6520,201805036085196,PRIN,44,59,238,790,188020.00,2018-05-03 06:08:00.519600
6521,201805036085197,PRIN,44,21,35,790,27650.00,2018-05-03 06:08:00.519700
6522,201805036085198,PRIN,44,40,25,790,19750.00,2018-05-03 06:08:00.519800
6523,201805036085105,PRIN,45,1,50,785,39250.00,2018-05-03 06:08:00.510500
6524,201805036084851,PRIN,44,36,123,784,96432.00,2018-05-03 06:08:00.485100
6525,201805036084852,PRIN,44,28,55,785,43175.00,2018-05-03 06:08:00.485200
6526,201805036084853,PRIN,44,53,100,785,78500.00,2018-05-03 06:08:00.485300
6527,201805036084820,PRIN,22,49,119,782,93058.00,2018-05-03 06:08:00.482000
6528,201805036084777,PRIN,22,50,178,782,139196.00,2018-05-03 06:08:00.477700
6529,201805036084199,PRIN,26,36,100,781,78100.00,2018-05-03 06:08:00.419900
6530,201805036084200,PRIN,44,36,330,780,257400.00,2018-05-03 06:08:00.420000
6531,201805036084129,PRIN,39,45,100,785,78500.00,2018-05-03 06:08:00.412900
6532,201805036083812,PRIN,4,22,100,787,78700.00,2018-05-03 06:08:00.381200
6533,201805036083813,PRIN,39,39,1043,785,818755.00,2018-05-03 06:08:00.381300
6534,201805036083735,PRIN,53,14,100,785,78500.00,2018-05-03 06:08:00.373500
6535,201805036083693,PRIN,53,39,100,782,78200.00,2018-05-03 06:08:00.369300
6536,201805036083701,PRIN,53,47,50,785,39250.00,2018-05-03 06:08:00.370100
6537,201805036083712,PRIN,42,38,100,785,78500.00,2018-05-03 06:08:00.371200
6538,201805036083683,PRIN,58,17,26,778,20228.00,2018-05-03 06:08:00.368300
6539,201805036083684,PRIN,53,17,274,778,213172.00,2018-05-03 06:08:00.368400
6540,201805036083685,PRIN,53,48,300,779,233700.00,2018-05-03 06:08:00.368500
6541,201805036083686,PRIN,53,45,100,780,78000.00,2018-05-03 06:08:00.368600
6542,201805036083687,PRIN,53,35,20,780,15600.00,2018-05-03 06:08:00.368700
6543,201805036083688,PRIN,53,28,100,780,78000.00,2018-05-03 06:08:00.368800
6544,201805036083166,PRIN,1,52,100,776,77600.00,2018-05-03 06:08:00.316600
6545,201805036083167,PRIN,57,52,26,775,20150.00,2018-05-03 06:08:00.316700
6546,201805036083168,PRIN,58,52,74,775,57350.00,2018-05-03 06:08:00.316800
6547,201805036083171,PRIN,46,45,20,780,15600.00,2018-05-03 06:08:00.317100
6548,201805036083135,PRIN,58,45,200,775,155000.00,2018-05-03 06:08:00.313500
6549,201805036083124,PRIN,21,52,76,778,59128.00,2018-05-03 06:08:00.312400
6550,201805036083125,PRIN,22,52,50,778,38900.00,2018-05-03 06:08:00.312500
6551,201805036083126,PRIN,21,52,50,778,38900.00,2018-05-03 06:08:00.312600
6552,201805036083127,PRIN,20,52,50,777,38850.00,2018-05-03 06:08:00.312700
6553,201805036083128,PRIN,40,52,50,775,38750.00,2018-05-03 06:08:00.312800
6554,201805036083129,PRIN,57,52,74,775,57350.00,2018-05-03 06:08:00.312900
6555,201805036082745,PRIN,36,45,180,780,140400.00,2018-05-03 06:08:00.274500
6556,201805036082665,PRIN,36,51,20,780,15600.00,2018-05-03 06:08:00.266500
6557,201805036082446,PRIN,57,17,200,780,156000.00,2018-05-03 06:08:00.244600
6558,201805036082447,PRIN,57,6,238,781,185878.00,2018-05-03 06:08:00.244700
6559,201805036082355,PRIN,43,35,100,780,78000.00,2018-05-03 06:08:00.235500
6560,201805036082201,PRIN,32,17,50,780,39000.00,2018-05-03 06:08:00.220100
6561,201805036082202,PRIN,32,17,50,780,39000.00,2018-05-03 06:08:00.220200
6562,201805036082225,PRIN,21,22,24,778,18672.00,2018-05-03 06:08:00.222500
6563,201805036081805,PRIN,45,53,50,780,39000.00,2018-05-03 06:08:00.180500
6564,201805036081758,PRIN,49,53,50,780,39000.00,2018-05-03 06:08:00.175800
6565,201805036081667,PRIN,53,21,100,783,78300.00,2018-05-03 06:08:00.166700
6566,201805036081668,PRIN,53,52,100,785,78500.00,2018-05-03 06:08:00.166800
6567,201805036081669,PRIN,53,22,100,785,78500.00,2018-05-03 06:08:00.166900
6568,201805036081634,PRIN,19,22,100,780,78000.00,2018-05-03 06:08:00.163400
6569,201805036081644,PRIN,49,58,25,780,19500.00,2018-05-03 06:08:00.164400
6570,201805036081079,PRIN,44,58,100,777,77700.00,2018-05-03 06:08:00.107900
6571,201805036081080,PRIN,22,58,100,777,77700.00,2018-05-03 06:08:00.108000
6572,201805036081081,PRIN,19,58,1000,776,776000.00,2018-05-03 06:08:00.108100
6573,201805036081082,PRIN,57,58,1000,775,775000.00,2018-05-03 06:08:00.108200
6574,201805036080978,PRIN,4,58,200,783,156600.00,2018-05-03 06:08:00.097800
6575,201805036080984,PRIN,16,58,70,782,54740.00,2018-05-03 06:08:00.098400
6576,201805036080950,PRIN,16,28,200,782,156400.00,2018-05-03 06:08:00.095000
6577,201805036080922,PRIN,16,32,100,788,78800.00,2018-05-03 06:08:00.092200
6578,201805036080923,PRIN,16,50,130,790,102700.00,2018-05-03 06:08:00.092300
6579,201805036080718,PRIN,48,22,119,785,93415.00,2018-05-03 06:08:00.071800
6580,201805036080719,PRIN,48,52,10,785,7850.00,2018-05-03 06:08:00.071900
6581,201805026080672,PRIN,52,52,134,770,103180.00,2018-05-02 06:08:00.067200
6582,201805026080622,PRIN,52,52,50,770,38500.00,2018-05-02 06:08:00.062200
6583,201805026080639,PRIN,52,52,50,770,38500.00,2018-05-02 06:08:00.063900
6584,201805026080649,PRIN,57,52,100,770,77000.00,2018-05-02 06:08:00.064900
6585,201805026080662,PRIN,52,52,20,770,15400.00,2018-05-02 06:08:00.066200
6586,201805026080606,PRIN,13,52,246,770,189420.00,2018-05-02 06:08:00.060600
6587,201805026080548,PRIN,13,47,165,779,128535.00,2018-05-02 06:08:00.054800
6588,201805026080549,PRIN,13,50,89,780,69420.00,2018-05-02 06:08:00.054900
6589,201805026080481,PRIN,53,43,89,780,69420.00,2018-05-02 06:08:00.048100
6590,201805026080483,PRIN,53,50,33,780,25740.00,2018-05-02 06:08:00.048300
6591,201805026080430,PRIN,53,47,40,777,31080.00,2018-05-02 06:08:00.043000
6592,201805026080431,PRIN,53,22,100,778,77800.00,2018-05-02 06:08:00.043100
6593,201805026080432,PRIN,53,33,38,779,29602.00,2018-05-02 06:08:00.043200
6594,201805026080433,PRIN,53,57,200,780,156000.00,2018-05-02 06:08:00.043300
6595,201805026080372,PRIN,26,47,50,766,38300.00,2018-05-02 06:08:00.037200
6596,201805026080373,PRIN,38,47,500,766,383000.00,2018-05-02 06:08:00.037300
6597,201805026080232,PRIN,53,1,100,772,77200.00,2018-05-02 06:08:00.023200
6598,201805026080237,PRIN,38,41,500,774,387000.00,2018-05-02 06:08:00.023700
6599,201805026080268,PRIN,52,33,100,774,77400.00,2018-05-02 06:08:00.026800
6600,201805026080230,PRIN,45,47,10,772,7720.00,2018-05-02 06:08:00.023000
6601,201805026080196,PRIN,45,22,40,772,30880.00,2018-05-02 06:08:00.019600
6602,201805026080107,PRIN,41,14,50,770,38500.00,2018-05-02 06:08:00.010700
6603,201805026080108,PRIN,41,6,50,770,38500.00,2018-05-02 06:08:00.010800
6604,201805026079674,PRIN,53,57,200,770,154000.00,2018-05-02 06:07:00.967400
6605,201805026079592,PRIN,53,49,50,765,38250.00,2018-05-02 06:07:00.959200
6606,201805026079601,PRIN,53,6,50,768,38400.00,2018-05-02 06:07:00.960100
6607,201805026078582,PRIN,58,41,500,759,379500.00,2018-05-02 06:07:00.858200
6608,201805026078483,PRIN,41,14,100,756,75600.00,2018-05-02 06:07:00.848300
6609,201805026078484,PRIN,41,52,100,757,75700.00,2018-05-02 06:07:00.848400
6610,201805026078324,PRIN,38,57,200,754,150800.00,2018-05-02 06:07:00.832400
6611,201805026078254,PRIN,51,22,100,754,75400.00,2018-05-02 06:07:00.825400
6612,201805026077818,PRIN,50,43,100,754,75400.00,2018-05-02 06:07:00.781800
6613,201805026077475,PRIN,17,35,200,750,150000.00,2018-05-02 06:07:00.747500
6614,201805026077476,PRIN,17,52,100,752,75200.00,2018-05-02 06:07:00.747600
6615,201805026077445,PRIN,53,35,100,750,75000.00,2018-05-02 06:07:00.744500
6616,201805026077430,PRIN,22,35,100,750,75000.00,2018-05-02 06:07:00.743000
6617,201805026077260,PRIN,45,35,100,750,75000.00,2018-05-02 06:07:00.726000
6618,201805026076885,PRIN,20,35,100,750,75000.00,2018-05-02 06:07:00.688500
6619,201805026076886,PRIN,20,22,50,750,37500.00,2018-05-02 06:07:00.688600
6620,201805026076889,PRIN,58,58,320,746,238720.00,2018-05-02 06:07:00.688900
6621,201805026076301,PRIN,16,34,52,743,38636.00,2018-05-02 06:07:00.630100
6622,201805026076160,PRIN,47,10,300,749,224700.00,2018-05-02 06:07:00.616000
6623,201805026076161,PRIN,47,19,310,750,232500.00,2018-05-02 06:07:00.616100
6624,201805026076083,PRIN,32,19,100,745,74500.00,2018-05-02 06:07:00.608300
6625,201805026075960,PRIN,53,19,40,745,29800.00,2018-05-02 06:07:00.596000
6626,201805026075726,PRIN,53,47,60,745,44700.00,2018-05-02 06:07:00.572600
6627,201804296075016,PRIN,34,35,10,756,7560.00,2018-04-29 06:07:00.501600
6628,201804296075017,PRIN,49,35,190,756,143640.00,2018-04-29 06:07:00.501700
6629,201804296074894,PRIN,34,33,90,756,68040.00,2018-04-29 06:07:00.489400
6630,201804296074860,PRIN,41,35,50,757,37850.00,2018-04-29 06:07:00.486000
6631,201804296074744,PRIN,45,19,200,760,152000.00,2018-04-29 06:07:00.474400
6632,201804296074291,PRIN,51,25,50,754,37700.00,2018-04-29 06:07:00.429100
6633,201804296074292,PRIN,45,25,100,754,75400.00,2018-04-29 06:07:00.429200
6634,201804296074293,PRIN,36,25,150,754,113100.00,2018-04-29 06:07:00.429300
6635,201804296074309,PRIN,58,58,500,756,378000.00,2018-04-29 06:07:00.430900
6636,201804296074246,PRIN,58,46,25,758,18950.00,2018-04-29 06:07:00.424600
6637,201804296074220,PRIN,36,46,20,760,15200.00,2018-04-29 06:07:00.422000
6638,201804296074221,PRIN,32,46,35,758,26530.00,2018-04-29 06:07:00.422100
6639,201804296074004,PRIN,32,45,100,760,76000.00,2018-04-29 06:07:00.400400
6640,201804296073722,PRIN,20,39,100,764,76400.00,2018-04-29 06:07:00.372200
6641,201804296073716,PRIN,11,46,20,766,15320.00,2018-04-29 06:07:00.371600
6642,201804296073717,PRIN,33,46,200,766,153200.00,2018-04-29 06:07:00.371700
6643,201804296073627,PRIN,28,26,50,766,38300.00,2018-04-29 06:07:00.362700
6644,201804296073473,PRIN,45,47,200,764,152800.00,2018-04-29 06:07:00.347300
6645,201804296073474,PRIN,45,43,200,764,152800.00,2018-04-29 06:07:00.347400
6646,201804296073475,PRIN,45,6,100,765,76500.00,2018-04-29 06:07:00.347500
6647,201804296073452,PRIN,57,57,38,763,28994.00,2018-04-29 06:07:00.345200
6648,201804296073411,PRIN,36,29,10,760,7600.00,2018-04-29 06:07:00.341100
6649,201804296072721,PRIN,50,39,100,752,75200.00,2018-04-29 06:07:00.272100
6650,201804296072722,PRIN,45,39,300,751,225300.00,2018-04-29 06:07:00.272200
6651,201804296072215,PRIN,45,55,50,749,37450.00,2018-04-29 06:07:00.221500
6652,201804296072205,PRIN,21,55,14,750,10500.00,2018-04-29 06:07:00.220500
6653,201804296072145,PRIN,47,7,100,755,75500.00,2018-04-29 06:07:00.214500
6654,201804296072146,PRIN,32,7,30,754,22620.00,2018-04-29 06:07:00.214600
6655,201804296072147,PRIN,33,7,150,753,112950.00,2018-04-29 06:07:00.214700
6656,201804296072148,PRIN,45,7,130,752,97760.00,2018-04-29 06:07:00.214800
6657,201804296072149,PRIN,49,7,300,752,225600.00,2018-04-29 06:07:00.214900
6658,201804296072150,PRIN,58,7,642,752,482784.00,2018-04-29 06:07:00.215000
6659,201804296072151,PRIN,19,7,100,752,75200.00,2018-04-29 06:07:00.215100
6660,201804296072152,PRIN,14,7,948,751,711948.00,2018-04-29 06:07:00.215200
6661,201804296072158,PRIN,14,7,52,751,39052.00,2018-04-29 06:07:00.215800
6662,201804296072159,PRIN,21,7,48,750,36000.00,2018-04-29 06:07:00.215900
6663,201804296072084,PRIN,26,22,20,761,15220.00,2018-04-29 06:07:00.208400
6664,201804296072085,PRIN,57,22,50,760,38000.00,2018-04-29 06:07:00.208500
6665,201804296071744,PRIN,29,41,100,765,76500.00,2018-04-29 06:07:00.174400
6666,201804296071629,PRIN,38,55,14,775,10850.00,2018-04-29 06:07:00.162900
6667,201804296071609,PRIN,38,58,36,775,27900.00,2018-04-29 06:07:00.160900
6668,201804296071568,PRIN,50,58,14,775,10850.00,2018-04-29 06:07:00.156800
6669,201804296071182,PRIN,58,1,108,766,82728.00,2018-04-29 06:07:00.118200
6670,201804296071183,PRIN,58,41,100,766,76600.00,2018-04-29 06:07:00.118300
6671,201804296071184,PRIN,58,32,50,767,38350.00,2018-04-29 06:07:00.118400
6672,201804296071185,PRIN,58,19,100,767,76700.00,2018-04-29 06:07:00.118500
6673,201804296071148,PRIN,42,17,50,760,38000.00,2018-04-29 06:07:00.114800
6674,201804296071158,PRIN,33,17,200,760,152000.00,2018-04-29 06:07:00.115800
6675,201804296071159,PRIN,58,17,50,760,38000.00,2018-04-29 06:07:00.115900
6676,201804296071160,PRIN,58,33,100,760,76000.00,2018-04-29 06:07:00.116000
6677,201804296071112,PRIN,10,17,300,760,228000.00,2018-04-29 06:07:00.111200
6678,201804296071010,PRIN,32,17,400,760,304000.00,2018-04-29 06:07:00.101000
6679,201804296070870,PRIN,50,32,300,755,226500.00,2018-04-29 06:07:00.087000
6680,201804296070896,PRIN,49,32,200,755,151000.00,2018-04-29 06:07:00.089600
6681,201804296070757,PRIN,21,49,238,750,178500.00,2018-04-29 06:07:00.075700
6682,201804296070722,PRIN,53,29,50,750,37500.00,2018-04-29 06:07:00.072200
6683,201804296070706,PRIN,33,29,100,750,75000.00,2018-04-29 06:07:00.070600
6684,201804296070707,PRIN,21,29,50,750,37500.00,2018-04-29 06:07:00.070700
6685,201804296070696,PRIN,33,19,100,755,75500.00,2018-04-29 06:07:00.069600
6686,201804296070519,PRIN,52,47,100,755,75500.00,2018-04-29 06:07:00.051900
6687,201804296070520,PRIN,52,47,250,755,188750.00,2018-04-29 06:07:00.052000
6688,201804296070513,PRIN,52,38,100,752,75200.00,2018-04-29 06:07:00.051300
6689,201804296070465,PRIN,57,39,199,753,149847.00,2018-04-29 06:07:00.046500
6690,201804296070414,PRIN,57,39,10,755,7550.00,2018-04-29 06:07:00.041400
6691,201804296070415,PRIN,57,39,44,755,33220.00,2018-04-29 06:07:00.041500
6692,201804296070397,PRIN,57,58,83,753,62499.00,2018-04-29 06:07:00.039700
6693,201804296070398,PRIN,57,1,107,754,80678.00,2018-04-29 06:07:00.039800
6694,201804296070384,PRIN,57,39,100,745,74500.00,2018-04-29 06:07:00.038400
6695,201804296070242,PRIN,49,49,500,752,376000.00,2018-04-29 06:07:00.024200
6696,201804296070214,PRIN,1,50,57,746,42522.00,2018-04-29 06:07:00.021400
6697,201804296070215,PRIN,57,50,43,745,32035.00,2018-04-29 06:07:00.021500
6698,201804296070230,PRIN,57,33,13,745,9685.00,2018-04-29 06:07:00.023000
6699,201804296070198,PRIN,57,49,100,748,74800.00,2018-04-29 06:07:00.019800
6700,201804296070141,PRIN,28,17,100,750,75000.00,2018-04-29 06:07:00.014100
6701,201804266069562,PRIN,57,19,12,756,9072.00,2018-04-26 06:06:00.956200
6702,201804266069563,PRIN,57,19,40,755,30200.00,2018-04-26 06:06:00.956300
6703,201804266069564,PRIN,57,19,27,755,20385.00,2018-04-26 06:06:00.956400
6704,201804266069606,PRIN,22,41,100,752,75200.00,2018-04-26 06:06:00.960600
6705,201804266069455,PRIN,57,58,18,756,13608.00,2018-04-26 06:06:00.945500
6706,201804266069382,PRIN,21,53,100,755,75500.00,2018-04-26 06:06:00.938200
6707,201804266069032,PRIN,52,58,60,756,45360.00,2018-04-26 06:06:00.903200
6708,201804266069033,PRIN,52,58,100,756,75600.00,2018-04-26 06:06:00.903300
6709,201804266069034,PRIN,50,58,200,756,151200.00,2018-04-26 06:06:00.903400
6710,201804266069049,PRIN,51,53,50,755,37750.00,2018-04-26 06:06:00.904900
6711,201804266069050,PRIN,35,53,20,755,15100.00,2018-04-26 06:06:00.905000
6712,201804266069051,PRIN,6,53,50,753,37650.00,2018-04-26 06:06:00.905100
6713,201804266069052,PRIN,54,53,200,751,150200.00,2018-04-26 06:06:00.905200
6714,201804266069053,PRIN,50,53,50,751,37550.00,2018-04-26 06:06:00.905300
6715,201804266069054,PRIN,32,53,200,751,150200.00,2018-04-26 06:06:00.905400
6716,201804266069055,PRIN,14,53,20,751,15020.00,2018-04-26 06:06:00.905500
6717,201804266069056,PRIN,50,53,100,751,75100.00,2018-04-26 06:06:00.905600
6718,201804266069057,PRIN,50,53,50,751,37550.00,2018-04-26 06:06:00.905700
6719,201804266069058,PRIN,47,53,50,751,37550.00,2018-04-26 06:06:00.905800
6720,201804266069076,PRIN,50,53,200,751,150200.00,2018-04-26 06:06:00.907600
6721,201804266068983,PRIN,16,5,150,757,113550.00,2018-04-26 06:06:00.898300
6722,201804266068984,PRIN,42,5,200,757,151400.00,2018-04-26 06:06:00.898400
6723,201804266068985,PRIN,33,5,200,757,151400.00,2018-04-26 06:06:00.898500
6724,201804266068986,PRIN,21,5,78,757,59046.00,2018-04-26 06:06:00.898600
6725,201804266068998,PRIN,21,58,122,757,92354.00,2018-04-26 06:06:00.899800
6726,201804266068935,PRIN,32,39,50,758,37900.00,2018-04-26 06:06:00.893500
6727,201804266068936,PRIN,45,39,100,758,75800.00,2018-04-26 06:06:00.893600
6728,201804266068937,PRIN,5,39,100,758,75800.00,2018-04-26 06:06:00.893700
6729,201804266068938,PRIN,16,39,50,757,37850.00,2018-04-26 06:06:00.893800
6730,201804266068845,PRIN,32,3,50,758,37900.00,2018-04-26 06:06:00.884500
6731,201804266068760,PRIN,32,16,100,758,75800.00,2018-04-26 06:06:00.876000
6732,201804266068703,PRIN,19,6,100,760,76000.00,2018-04-26 06:06:00.870300
6733,201804266068585,PRIN,33,8,100,759,75900.00,2018-04-26 06:06:00.858500
6734,201804266068482,PRIN,17,22,100,760,76000.00,2018-04-26 06:06:00.848200
6735,201804266068483,PRIN,57,22,100,760,76000.00,2018-04-26 06:06:00.848300
6736,201804266068484,PRIN,33,22,400,759,303600.00,2018-04-26 06:06:00.848400
6737,201804266068462,PRIN,20,53,100,761,76100.00,2018-04-26 06:06:00.846200
6738,201804266068463,PRIN,17,53,100,760,76000.00,2018-04-26 06:06:00.846300
6739,201804266068389,PRIN,33,55,200,762,152400.00,2018-04-26 06:06:00.838900
6740,201804266068329,PRIN,49,49,1000,760,760000.00,2018-04-26 06:06:00.832900
6741,201804266068336,PRIN,7,16,200,760,152000.00,2018-04-26 06:06:00.833600
6742,201804266068141,PRIN,38,25,500,760,380000.00,2018-04-26 06:06:00.814100
6743,201804266068142,PRIN,49,25,500,760,380000.00,2018-04-26 06:06:00.814200
6744,201804266068137,PRIN,6,14,100,761,76100.00,2018-04-26 06:06:00.813700
6745,201804266068047,PRIN,20,21,25,760,19000.00,2018-04-26 06:06:00.804700
6746,201804266068048,PRIN,53,21,100,759,75900.00,2018-04-26 06:06:00.804800
6747,201804266067952,PRIN,33,50,100,762,76200.00,2018-04-26 06:06:00.795200
6748,201804266067953,PRIN,33,53,100,762,76200.00,2018-04-26 06:06:00.795300
6749,201804266067842,PRIN,42,50,100,762,76200.00,2018-04-26 06:06:00.784200
6750,201804266067724,PRIN,42,21,100,762,76200.00,2018-04-26 06:06:00.772400
6751,201804266067559,PRIN,48,7,62,760,47120.00,2018-04-26 06:06:00.755900
6752,201804266067560,PRIN,53,7,100,760,76000.00,2018-04-26 06:06:00.756000
6753,201804266067470,PRIN,56,10,27,760,20520.00,2018-04-26 06:06:00.747000
6754,201804266067471,PRIN,14,10,200,760,152000.00,2018-04-26 06:06:00.747100
6755,201804266067472,PRIN,48,10,23,760,17480.00,2018-04-26 06:06:00.747200
6756,201804266067380,PRIN,34,42,100,761,76100.00,2018-04-26 06:06:00.738000
6757,201804266067219,PRIN,45,46,19,761,14459.00,2018-04-26 06:06:00.721900
6758,201804266066886,PRIN,22,21,50,760,38000.00,2018-04-26 06:06:00.688600
6759,201804266066852,PRIN,56,57,73,760,55480.00,2018-04-26 06:06:00.685200
6760,201804266066832,PRIN,22,53,200,760,152000.00,2018-04-26 06:06:00.683200
6761,201804266066215,PRIN,52,53,100,766,76600.00,2018-04-26 06:06:00.621500
6762,201804266066216,PRIN,41,53,500,765,382500.00,2018-04-26 06:06:00.621600
6763,201804266066217,PRIN,29,53,100,761,76100.00,2018-04-26 06:06:00.621700
6764,201804266066218,PRIN,22,53,100,761,76100.00,2018-04-26 06:06:00.621800
6765,201804266066219,PRIN,50,53,100,759,75900.00,2018-04-26 06:06:00.621900
6766,201804266066233,PRIN,53,32,200,766,153200.00,2018-04-26 06:06:00.623300
6767,201804266066051,PRIN,41,36,450,768,345600.00,2018-04-26 06:06:00.605100
6768,201804266066052,PRIN,45,36,49,766,37534.00,2018-04-26 06:06:00.605200
6769,201804266066053,PRIN,29,36,100,766,76600.00,2018-04-26 06:06:00.605300
6770,201804266066054,PRIN,22,36,200,766,153200.00,2018-04-26 06:06:00.605400
6771,201804266066055,PRIN,22,36,200,766,153200.00,2018-04-26 06:06:00.605500
6772,201804266066056,PRIN,36,36,1,770,770.00,2018-04-26 06:06:00.605600
6773,201804266065989,PRIN,41,51,100,770,77000.00,2018-04-26 06:06:00.598900
6774,201804266065990,PRIN,19,51,50,770,38500.00,2018-04-26 06:06:00.599000
6775,201804266066018,PRIN,41,19,50,768,38400.00,2018-04-26 06:06:00.601800
6776,201804266065878,PRIN,19,41,150,770,115500.00,2018-04-26 06:06:00.587800
6777,201804266065785,PRIN,48,53,50,770,38500.00,2018-04-26 06:06:00.578500
6778,201804266065786,PRIN,39,53,200,770,154000.00,2018-04-26 06:06:00.578600
6779,201804266065787,PRIN,41,53,50,770,38500.00,2018-04-26 06:06:00.578700
6780,201804266065802,PRIN,47,33,55,774,42570.00,2018-04-26 06:06:00.580200
6781,201804266065783,PRIN,48,53,100,770,77000.00,2018-04-26 06:06:00.578300
6782,201804266065784,PRIN,37,53,200,770,154000.00,2018-04-26 06:06:00.578400
6783,201804266065739,PRIN,22,33,70,774,54180.00,2018-04-26 06:06:00.573900
6784,201804266065724,PRIN,37,19,50,775,38750.00,2018-04-26 06:06:00.572400
6785,201804266065728,PRIN,26,10,50,775,38750.00,2018-04-26 06:06:00.572800
6786,201804266065712,PRIN,11,19,200,775,155000.00,2018-04-26 06:06:00.571200
6787,201804266065713,PRIN,32,19,50,775,38750.00,2018-04-26 06:06:00.571300
6788,201804266065714,PRIN,37,19,50,775,38750.00,2018-04-26 06:06:00.571400
6789,201804266065644,PRIN,28,19,121,776,93896.00,2018-04-26 06:06:00.564400
6790,201804266065634,PRIN,32,19,50,777,38850.00,2018-04-26 06:06:00.563400
6791,201804266065103,PRIN,14,20,121,777,94017.00,2018-04-26 06:06:00.510300
6792,201804266065104,PRIN,28,20,879,776,682104.00,2018-04-26 06:06:00.510400
6793,201804266065068,PRIN,8,58,100,778,77800.00,2018-04-26 06:06:00.506800
6794,201804266065069,PRIN,32,58,50,778,38900.00,2018-04-26 06:06:00.506900
6795,201804266065070,PRIN,14,58,299,777,232323.00,2018-04-26 06:06:00.507000
6796,201804266064799,PRIN,51,33,25,780,19500.00,2018-04-26 06:06:00.479900
6797,201804266064800,PRIN,17,33,50,780,39000.00,2018-04-26 06:06:00.480000
6798,201804266064232,PRIN,55,21,300,781,234300.00,2018-04-26 06:06:00.423200
6799,201804266064112,PRIN,48,34,63,780,49140.00,2018-04-26 06:06:00.411200
6800,201804266064113,PRIN,51,34,75,780,58500.00,2018-04-26 06:06:00.411300
6801,201804266064030,PRIN,48,1,67,780,52260.00,2018-04-26 06:06:00.403000
6802,201804266064017,PRIN,6,19,10,780,7800.00,2018-04-26 06:06:00.401700
6803,201804266064018,PRIN,21,19,200,780,156000.00,2018-04-26 06:06:00.401800
6804,201804266064019,PRIN,52,19,50,780,39000.00,2018-04-26 06:06:00.401900
6805,201804266064020,PRIN,42,19,100,780,78000.00,2018-04-26 06:06:00.402000
6806,201804266064021,PRIN,48,19,170,780,132600.00,2018-04-26 06:06:00.402100
6807,201804266063949,PRIN,13,58,200,781,156200.00,2018-04-26 06:06:00.394900
6808,201804266063756,PRIN,6,53,10,780,7800.00,2018-04-26 06:06:00.375600
6809,201804266063712,PRIN,21,58,100,780,78000.00,2018-04-26 06:06:00.371200
6810,201804266063504,PRIN,6,22,200,785,157000.00,2018-04-26 06:06:00.350400
6811,201804266063480,PRIN,36,35,60,781,46860.00,2018-04-26 06:06:00.348000
6812,201804266063481,PRIN,36,51,100,782,78200.00,2018-04-26 06:06:00.348100
6813,201804266063482,PRIN,36,6,100,784,78400.00,2018-04-26 06:06:00.348200
6814,201804266063392,PRIN,29,35,10,781,7810.00,2018-04-26 06:06:00.339200
6815,201804266062986,PRIN,35,22,10,796,7960.00,2018-04-26 06:06:00.298600
6816,201804256062887,PRIN,16,44,100,780,78000.00,2018-04-25 06:06:00.288700
6817,201804256062888,PRIN,48,19,200,781,156200.00,2018-04-25 06:06:00.288800
6818,201804256062717,PRIN,53,17,100,777,77700.00,2018-04-25 06:06:00.271700
6819,201804256062724,PRIN,32,17,100,777,77700.00,2018-04-25 06:06:00.272400
6820,201804256062635,PRIN,32,19,200,778,155600.00,2018-04-25 06:06:00.263500
6821,201804256062602,PRIN,57,45,17,779,13243.00,2018-04-25 06:06:00.260200
6822,201804256062603,PRIN,57,28,20,780,15600.00,2018-04-25 06:06:00.260300
6823,201804256062534,PRIN,32,45,83,779,64657.00,2018-04-25 06:06:00.253400
6824,201804256062482,PRIN,32,22,17,779,13243.00,2018-04-25 06:06:00.248200
6825,201804256062291,PRIN,50,28,280,780,218400.00,2018-04-25 06:06:00.229100
6826,201804256062251,PRIN,50,44,20,780,15600.00,2018-04-25 06:06:00.225100
6827,201804256062175,PRIN,10,7,12,779,9348.00,2018-04-25 06:06:00.217500
6828,201804256062176,PRIN,32,7,200,779,155800.00,2018-04-25 06:06:00.217600
6829,201804256062038,PRIN,10,35,50,779,38950.00,2018-04-25 06:06:00.203800
6830,201804256062041,PRIN,10,53,159,779,123861.00,2018-04-25 06:06:00.204100
6831,201804256062017,PRIN,21,45,50,780,39000.00,2018-04-25 06:06:00.201700
6832,201804256062018,PRIN,50,45,160,779,124640.00,2018-04-25 06:06:00.201800
6833,201804256062019,PRIN,10,45,79,779,61541.00,2018-04-25 06:06:00.201900
6834,201804256061842,PRIN,32,53,50,780,39000.00,2018-04-25 06:06:00.184200
6835,201804256061743,PRIN,32,19,200,783,156600.00,2018-04-25 06:06:00.174300
6836,201804256061744,PRIN,50,37,40,779,31160.00,2018-04-25 06:06:00.174400
6837,201804256061637,PRIN,50,37,210,780,163800.00,2018-04-25 06:06:00.163700
6838,201804256061655,PRIN,14,37,50,784,39200.00,2018-04-25 06:06:00.165500
6839,201804256061547,PRIN,50,53,50,780,39000.00,2018-04-25 06:06:00.154700
6840,201804256061548,PRIN,35,53,100,780,78000.00,2018-04-25 06:06:00.154800
6841,201804256061271,PRIN,20,53,40,785,31400.00,2018-04-25 06:06:00.127100
6842,201804256061162,PRIN,20,16,110,785,86350.00,2018-04-25 06:06:00.116200
6843,201804256061132,PRIN,41,6,50,784,39200.00,2018-04-25 06:06:00.113200
6844,201804256061114,PRIN,5,28,20,780,15600.00,2018-04-25 06:06:00.111400
6845,201804256061115,PRIN,16,28,200,780,156000.00,2018-04-25 06:06:00.111500
6846,201804256059886,PRIN,20,51,100,777,77700.00,2018-04-25 06:05:00.988600
6847,201804256059887,PRIN,19,51,100,776,77600.00,2018-04-25 06:05:00.988700
6848,201804256059837,PRIN,45,43,100,778,77800.00,2018-04-25 06:05:00.983700
6849,201804256059529,PRIN,16,33,200,780,156000.00,2018-04-25 06:05:00.952900
6850,201804256059521,PRIN,28,33,100,785,78500.00,2018-04-25 06:05:00.952100
6851,201804256059522,PRIN,32,33,50,785,39250.00,2018-04-25 06:05:00.952200
6852,201804256059523,PRIN,16,33,200,782,156400.00,2018-04-25 06:05:00.952300
6853,201804256059524,PRIN,51,33,100,782,78200.00,2018-04-25 06:05:00.952400
6854,201804256059525,PRIN,33,33,500,781,390500.00,2018-04-25 06:05:00.952500
6855,201804256059526,PRIN,28,33,100,780,78000.00,2018-04-25 06:05:00.952600
6856,201804256059527,PRIN,42,33,200,780,156000.00,2018-04-25 06:05:00.952700
6857,201804256059528,PRIN,50,33,200,780,156000.00,2018-04-25 06:05:00.952800
6858,201804256059359,PRIN,41,17,50,785,39250.00,2018-04-25 06:05:00.935900
6859,201804256059360,PRIN,57,17,50,785,39250.00,2018-04-25 06:05:00.936000
6860,201804256059361,PRIN,58,17,100,784,78400.00,2018-04-25 06:05:00.936100
6861,201804256059019,PRIN,19,34,200,790,158000.00,2018-04-25 06:05:00.901900
6862,201804256059022,PRIN,55,34,17,790,13430.00,2018-04-25 06:05:00.902200
6863,201804256059023,PRIN,55,22,233,799,186167.00,2018-04-25 06:05:00.902300
6864,201804256058961,PRIN,35,55,260,795,206700.00,2018-04-25 06:05:00.896100
6865,201804256058936,PRIN,32,55,30,795,23850.00,2018-04-25 06:05:00.893600
6866,201804256058902,PRIN,38,7,453,794,359682.00,2018-04-25 06:05:00.890200
6867,201804256058868,PRIN,16,16,300,782,234600.00,2018-04-25 06:05:00.886800
6868,201804256058882,PRIN,16,16,200,782,156400.00,2018-04-25 06:05:00.888200
6869,201804256058727,PRIN,35,40,50,790,39500.00,2018-04-25 06:05:00.872700
6870,201804256058363,PRIN,33,22,200,790,158000.00,2018-04-25 06:05:00.836300
6871,201804256058175,PRIN,22,45,200,780,156000.00,2018-04-25 06:05:00.817500
6872,201804256058176,PRIN,22,57,100,780,78000.00,2018-04-25 06:05:00.817600
6873,201804256058190,PRIN,41,19,50,785,39250.00,2018-04-25 06:05:00.819000
6874,201804256058141,PRIN,51,45,100,780,78000.00,2018-04-25 06:05:00.814100
6875,201804256057803,PRIN,5,45,350,775,271250.00,2018-04-25 06:05:00.780300
6876,201804256057719,PRIN,45,16,20,772,15440.00,2018-04-25 06:05:00.771900
6877,201804256057720,PRIN,52,16,100,770,77000.00,2018-04-25 06:05:00.772000
6878,201804256057721,PRIN,16,16,30,770,23100.00,2018-04-25 06:05:00.772100
6879,201804256057424,PRIN,53,34,20,772,15440.00,2018-04-25 06:05:00.742400
6880,201804256057425,PRIN,45,34,80,772,61760.00,2018-04-25 06:05:00.742500
6881,201804256057207,PRIN,8,8,9,773,6957.00,2018-04-25 06:05:00.720700
6882,201804246057022,PRIN,32,8,200,788,157600.00,2018-04-24 06:05:00.702200
6883,201804246057023,PRIN,38,8,90,787,70830.00,2018-04-24 06:05:00.702300
6884,201804246056833,PRIN,38,4,100,787,78700.00,2018-04-24 06:05:00.683300
6885,201804246056605,PRIN,47,33,121,786,95106.00,2018-04-24 06:05:00.660500
6886,201804246056606,PRIN,47,33,79,786,62094.00,2018-04-24 06:05:00.660600
6887,201804246056620,PRIN,38,40,200,790,158000.00,2018-04-24 06:05:00.662000
6888,201804246056621,PRIN,38,19,251,793,199043.00,2018-04-24 06:05:00.662100
6889,201804246056622,PRIN,38,22,177,794,140538.00,2018-04-24 06:05:00.662200
6890,201804246056623,PRIN,38,32,500,795,397500.00,2018-04-24 06:05:00.662300
6891,201804246056436,PRIN,47,45,50,786,39300.00,2018-04-24 06:05:00.643600
6892,201804246056438,PRIN,47,36,29,786,22794.00,2018-04-24 06:05:00.643800
6893,201804246056269,PRIN,37,57,100,790,79000.00,2018-04-24 06:05:00.626900
6894,201804246056310,PRIN,37,52,151,790,119290.00,2018-04-24 06:05:00.631000
6895,201804246056119,PRIN,37,7,50,790,39500.00,2018-04-24 06:05:00.611900
6896,201804246056146,PRIN,37,52,50,790,39500.00,2018-04-24 06:05:00.614600
6897,201804246056037,PRIN,32,1,100,791,79100.00,2018-04-24 06:05:00.603700
6898,201804246055865,PRIN,48,52,100,792,79200.00,2018-04-24 06:05:00.586500
6899,201804246055897,PRIN,32,52,100,791,79100.00,2018-04-24 06:05:00.589700
6900,201804246055689,PRIN,44,26,100,795,79500.00,2018-04-24 06:05:00.568900
6901,201804246055627,PRIN,53,29,100,800,80000.00,2018-04-24 06:05:00.562700
6902,201804246055645,PRIN,53,53,101,800,80800.00,2018-04-24 06:05:00.564500
6903,201804246055648,PRIN,44,59,400,795,318000.00,2018-04-24 06:05:00.564800
6904,201804246055565,PRIN,53,53,500,800,400000.00,2018-04-24 06:05:00.556500
6905,201804246055615,PRIN,53,36,150,800,120000.00,2018-04-24 06:05:00.561500
6906,201804246055547,PRIN,53,53,59,800,47200.00,2018-04-24 06:05:00.554700
6907,201804246055548,PRIN,53,45,80,800,64000.00,2018-04-24 06:05:00.554800
6908,201804246055549,PRIN,53,58,10,800,8000.00,2018-04-24 06:05:00.554900
6909,201804246055031,PRIN,37,36,50,790,39500.00,2018-04-24 06:05:00.503100
6910,201804246055000,PRIN,51,45,100,793,79300.00,2018-04-24 06:05:00.500000
6911,201804246054963,PRIN,32,17,30,802,24060.00,2018-04-24 06:05:00.496300
6912,201804246054964,PRIN,58,17,29,801,23229.00,2018-04-24 06:05:00.496400
6913,201804246054983,PRIN,58,53,471,801,377271.00,2018-04-24 06:05:00.498300
6914,201804246054984,PRIN,58,53,1000,800,800000.00,2018-04-24 06:05:00.498400
6915,201804246054915,PRIN,11,21,20,803,16060.00,2018-04-24 06:05:00.491500
6916,201804246054916,PRIN,32,21,170,802,136340.00,2018-04-24 06:05:00.491600
6917,201804246054718,PRIN,51,53,50,805,40250.00,2018-04-24 06:05:00.471800
6918,201804246054663,PRIN,58,50,50,804,40200.00,2018-04-24 06:05:00.466300
6919,201804246054664,PRIN,58,16,200,805,161000.00,2018-04-24 06:05:00.466400
6920,201804246054665,PRIN,58,5,49,805,39445.00,2018-04-24 06:05:00.466500
6921,201804246054669,PRIN,58,19,100,805,80500.00,2018-04-24 06:05:00.466900
6922,201804246054688,PRIN,58,19,50,805,40250.00,2018-04-24 06:05:00.468800
6923,201804246054689,PRIN,32,19,120,801,96120.00,2018-04-24 06:05:00.468900
6924,201804246054652,PRIN,10,33,500,800,400000.00,2018-04-24 06:05:00.465200
6925,201804246054653,PRIN,58,33,200,800,160000.00,2018-04-24 06:05:00.465300
6926,201804246054600,PRIN,19,8,10,808,8080.00,2018-04-24 06:05:00.460000
6927,201804246054601,PRIN,19,8,100,802,80200.00,2018-04-24 06:05:00.460100
6928,201804246054610,PRIN,19,45,400,802,320800.00,2018-04-24 06:05:00.461000
6929,201804246054611,PRIN,32,45,100,801,80100.00,2018-04-24 06:05:00.461100
6930,201804246054569,PRIN,19,57,100,807,80700.00,2018-04-24 06:05:00.456900
6931,201804246054520,PRIN,32,17,100,801,80100.00,2018-04-24 06:05:00.452000
6932,201804246054530,PRIN,57,17,100,806,80600.00,2018-04-24 06:05:00.453000
6933,201804246054346,PRIN,58,53,500,805,402500.00,2018-04-24 06:05:00.434600
6934,201804246054354,PRIN,58,50,100,808,80800.00,2018-04-24 06:05:00.435400
6935,201804246054355,PRIN,58,55,10,809,8090.00,2018-04-24 06:05:00.435500
6936,201804246054257,PRIN,58,19,200,804,160800.00,2018-04-24 06:05:00.425700
6937,201804246054258,PRIN,58,19,50,805,40250.00,2018-04-24 06:05:00.425800
6938,201804246054259,PRIN,58,7,200,805,161000.00,2018-04-24 06:05:00.425900
6939,201804246054051,PRIN,38,19,200,799,159800.00,2018-04-24 06:05:00.405100
6940,201804246054052,PRIN,38,29,100,800,80000.00,2018-04-24 06:05:00.405200
6941,201804246054053,PRIN,38,52,262,800,209600.00,2018-04-24 06:05:00.405300
6942,201804246054054,PRIN,38,45,200,800,160000.00,2018-04-24 06:05:00.405400
6943,201804246053953,PRIN,19,19,106,793,84058.00,2018-04-24 06:05:00.395300
6944,201804246053956,PRIN,49,8,50,794,39700.00,2018-04-24 06:05:00.395600
6945,201804246053957,PRIN,49,35,20,794,15880.00,2018-04-24 06:05:00.395700
6946,201804246053958,PRIN,49,41,30,794,23820.00,2018-04-24 06:05:00.395800
6947,201804246053959,PRIN,49,45,500,795,397500.00,2018-04-24 06:05:00.395900
6948,201804246053960,PRIN,49,22,90,795,71550.00,2018-04-24 06:05:00.396000
6949,201804246053961,PRIN,49,57,100,795,79500.00,2018-04-24 06:05:00.396100
6950,201804246053880,PRIN,57,45,106,790,83740.00,2018-04-24 06:05:00.388000
6951,201804246053801,PRIN,6,8,20,791,15820.00,2018-04-24 06:05:00.380100
6952,201804246053802,PRIN,48,8,138,790,109020.00,2018-04-24 06:05:00.380200
6953,201804246053803,PRIN,57,8,42,790,33180.00,2018-04-24 06:05:00.380300
6954,201804246053766,PRIN,48,50,50,790,39500.00,2018-04-24 06:05:00.376600
6955,201804246053767,PRIN,48,29,12,790,9480.00,2018-04-24 06:05:00.376700
6956,201804246053769,PRIN,57,41,452,790,357080.00,2018-04-24 06:05:00.376900
6957,201804246053748,PRIN,38,45,107,789,84423.00,2018-04-24 06:05:00.374800
6958,201804246053697,PRIN,42,56,50,788,39400.00,2018-04-24 06:05:00.369700
6959,201804246053698,PRIN,42,57,57,788,44916.00,2018-04-24 06:05:00.369800
6960,201804246053699,PRIN,42,45,93,789,73377.00,2018-04-24 06:05:00.369900
6961,201804246053547,PRIN,32,14,25,785,19625.00,2018-04-24 06:05:00.354700
6962,201804246053548,PRIN,35,14,100,782,78200.00,2018-04-24 06:05:00.354800
6963,201804246053549,PRIN,36,14,275,782,215050.00,2018-04-24 06:05:00.354900
6964,201804246053345,PRIN,35,45,100,780,78000.00,2018-04-24 06:05:00.334500
6965,201804246053045,PRIN,35,33,100,780,78000.00,2018-04-24 06:05:00.304500
6966,201804246053046,PRIN,41,33,20,780,15600.00,2018-04-24 06:05:00.304600
6967,201804246053047,PRIN,32,33,40,780,31200.00,2018-04-24 06:05:00.304700
6968,201804246052341,PRIN,41,35,50,780,39000.00,2018-04-24 06:05:00.234100
6969,201804246052197,PRIN,57,41,100,780,78000.00,2018-04-24 06:05:00.219700
6970,201804246052179,PRIN,51,36,50,773,38650.00,2018-04-24 06:05:00.217900
6971,201804246052180,PRIN,13,36,100,772,77200.00,2018-04-24 06:05:00.218000
6972,201804246052181,PRIN,8,36,100,772,77200.00,2018-04-24 06:05:00.218100
6973,201804246052182,PRIN,38,36,200,772,154400.00,2018-04-24 06:05:00.218200
6974,201804246052183,PRIN,32,36,150,771,115650.00,2018-04-24 06:05:00.218300
6975,201804246052184,PRIN,22,36,150,771,115650.00,2018-04-24 06:05:00.218400
6976,201804246052185,PRIN,25,36,50,770,38500.00,2018-04-24 06:05:00.218500
6977,201804246052186,PRIN,42,36,150,770,115500.00,2018-04-24 06:05:00.218600
6978,201804246052187,PRIN,57,36,124,770,95480.00,2018-04-24 06:05:00.218700
6979,201804246051994,PRIN,38,22,100,780,78000.00,2018-04-24 06:05:00.199400
6980,201804246051685,PRIN,32,34,200,780,156000.00,2018-04-24 06:05:00.168500
6981,201804246051642,PRIN,50,34,100,780,78000.00,2018-04-24 06:05:00.164200
6982,201804246051541,PRIN,50,21,200,780,156000.00,2018-04-24 06:05:00.154100
6983,201804246051361,PRIN,32,45,100,787,78700.00,2018-04-24 06:05:00.136100
6984,201804246051362,PRIN,6,45,50,786,39300.00,2018-04-24 06:05:00.136200
6985,201804246051363,PRIN,48,45,150,785,117750.00,2018-04-24 06:05:00.136300
6986,201804246051364,PRIN,39,45,100,785,78500.00,2018-04-24 06:05:00.136400
6987,201804246051365,PRIN,57,45,200,785,157000.00,2018-04-24 06:05:00.136500
6988,201804246051366,PRIN,19,45,500,781,390500.00,2018-04-24 06:05:00.136600
6989,201804246051367,PRIN,57,45,200,780,156000.00,2018-04-24 06:05:00.136700
6990,201804246051368,PRIN,50,45,200,780,156000.00,2018-04-24 06:05:00.136800
6991,201804246051199,PRIN,35,53,100,790,79000.00,2018-04-24 06:05:00.119900
6992,201804246051200,PRIN,35,53,200,790,158000.00,2018-04-24 06:05:00.120000
6993,201804246050982,PRIN,45,28,600,795,477000.00,2018-04-24 06:05:00.098200
6994,201804246050865,PRIN,48,28,200,795,159000.00,2018-04-24 06:05:00.086500
6995,201804246050664,PRIN,50,16,50,785,39250.00,2018-04-24 06:05:00.066400
6996,201804246050665,PRIN,50,10,200,785,157000.00,2018-04-24 06:05:00.066500
6997,201804246050612,PRIN,57,25,200,784,156800.00,2018-04-24 06:05:00.061200
6998,201804246050622,PRIN,44,16,200,785,157000.00,2018-04-24 06:05:00.062200
6999,201804246050573,PRIN,53,25,200,784,156800.00,2018-04-24 06:05:00.057300
7000,201804246050574,PRIN,53,25,100,784,78400.00,2018-04-24 06:05:00.057400
7001,201804246050480,PRIN,22,22,250,771,192750.00,2018-04-24 06:05:00.048000
7002,201804246050346,PRIN,57,32,300,770,231000.00,2018-04-24 06:05:00.034600
7003,201804246050193,PRIN,16,34,200,775,155000.00,2018-04-24 06:05:00.019300
7004,201804246050187,PRIN,53,52,90,780,70200.00,2018-04-24 06:05:00.018700
7005,201804246050157,PRIN,19,17,300,770,231000.00,2018-04-24 06:05:00.015700
7006,201804246050158,PRIN,6,17,100,770,77000.00,2018-04-24 06:05:00.015800
7007,201804246050165,PRIN,16,17,100,775,77500.00,2018-04-24 06:05:00.016500
7008,201804246050101,PRIN,32,5,50,770,38500.00,2018-04-24 06:05:00.010100
7009,201804246049932,PRIN,43,52,50,775,38750.00,2018-04-24 06:04:00.993200
7010,201804246049933,PRIN,8,52,50,774,38700.00,2018-04-24 06:04:00.993300
7011,201804246049934,PRIN,8,52,100,771,77100.00,2018-04-24 06:04:00.993400
7012,201804246049863,PRIN,43,28,50,775,38750.00,2018-04-24 06:04:00.986300
7013,201804246049747,PRIN,43,50,50,780,39000.00,2018-04-24 06:04:00.974700
7014,201804246049667,PRIN,53,8,190,784,148960.00,2018-04-24 06:04:00.966700
7015,201804246049644,PRIN,22,50,100,775,77500.00,2018-04-24 06:04:00.964400
7016,201804246049610,PRIN,8,50,100,774,77400.00,2018-04-24 06:04:00.961000
7017,201804246049585,PRIN,32,50,100,775,77500.00,2018-04-24 06:04:00.958500
7018,201804246049406,PRIN,16,41,14,770,10780.00,2018-04-24 06:04:00.940600
7019,201804236049286,PRIN,45,14,50,784,39200.00,2018-04-23 06:04:00.928600
7020,201804236049209,PRIN,53,26,63,785,49455.00,2018-04-23 06:04:00.920900
7021,201804236049210,PRIN,43,26,50,785,39250.00,2018-04-23 06:04:00.921000
7022,201804236048860,PRIN,53,6,400,785,314000.00,2018-04-23 06:04:00.886000
7023,201804236048787,PRIN,20,51,50,785,39250.00,2018-04-23 06:04:00.878700
7024,201804236048788,PRIN,53,51,37,785,29045.00,2018-04-23 06:04:00.878800
7025,201804236048630,PRIN,28,53,300,805,241500.00,2018-04-23 06:04:00.863000
7026,201804236048652,PRIN,28,47,50,805,40250.00,2018-04-23 06:04:00.865200
7027,201804236048654,PRIN,28,19,200,805,161000.00,2018-04-23 06:04:00.865400
7028,201804236048662,PRIN,28,14,100,805,80500.00,2018-04-23 06:04:00.866200
7029,201804236048681,PRIN,28,45,80,805,64400.00,2018-04-23 06:04:00.868100
7030,201804236048682,PRIN,22,45,50,792,39600.00,2018-04-23 06:04:00.868200
7031,201804236048683,PRIN,53,45,50,791,39550.00,2018-04-23 06:04:00.868300
7032,201804236048684,PRIN,32,45,100,791,79100.00,2018-04-23 06:04:00.868400
7033,201804236048685,PRIN,46,45,300,790,237000.00,2018-04-23 06:04:00.868500
7034,201804236048686,PRIN,53,45,500,790,395000.00,2018-04-23 06:04:00.868600
7035,201804236048551,PRIN,28,6,270,805,217350.00,2018-04-23 06:04:00.855100
7036,201804236048462,PRIN,45,47,100,805,80500.00,2018-04-23 06:04:00.846200
7037,201804236048490,PRIN,45,43,100,805,80500.00,2018-04-23 06:04:00.849000
7038,201804236048500,PRIN,16,39,30,806,24180.00,2018-04-23 06:04:00.850000
7039,201804236048501,PRIN,16,26,270,808,218160.00,2018-04-23 06:04:00.850100
7040,201804236048386,PRIN,17,35,50,806,40300.00,2018-04-23 06:04:00.838600
7041,201804236048424,PRIN,17,32,150,806,120900.00,2018-04-23 06:04:00.842400
7042,201804236048425,PRIN,40,32,50,805,40250.00,2018-04-23 06:04:00.842500
7043,201804236048426,PRIN,47,32,200,805,161000.00,2018-04-23 06:04:00.842600
7044,201804236048427,PRIN,41,32,110,805,88550.00,2018-04-23 06:04:00.842700
7045,201804236048296,PRIN,49,34,50,814,40700.00,2018-04-23 06:04:00.829600
7046,201804236048311,PRIN,59,50,110,807,88770.00,2018-04-23 06:04:00.831100
7047,201804236048109,PRIN,57,16,60,808,48480.00,2018-04-23 06:04:00.810900
7048,201804236048110,PRIN,59,16,240,807,193680.00,2018-04-23 06:04:00.811000
7049,201804236048118,PRIN,28,34,48,814,39072.00,2018-04-23 06:04:00.811800
7050,201804236047827,PRIN,19,49,100,812,81200.00,2018-04-23 06:04:00.782700
7051,201804236047791,PRIN,26,34,214,806,172484.00,2018-04-23 06:04:00.779100
7052,201804236047679,PRIN,52,33,50,806,40300.00,2018-04-23 06:04:00.767900
7053,201804236047707,PRIN,34,33,50,806,40300.00,2018-04-23 06:04:00.770700
7054,201804236047708,PRIN,34,34,50,806,40300.00,2018-04-23 06:04:00.770800
7055,201804236047631,PRIN,47,50,200,805,161000.00,2018-04-23 06:04:00.763100
7056,201804236047588,PRIN,40,32,50,805,40250.00,2018-04-23 06:04:00.758800
7057,201804236047483,PRIN,34,16,160,800,128000.00,2018-04-23 06:04:00.748300
7058,201804236047389,PRIN,53,5,50,791,39550.00,2018-04-23 06:04:00.738900
7059,201804236047366,PRIN,14,45,500,790,395000.00,2018-04-23 06:04:00.736600
7060,201804236047297,PRIN,51,42,100,790,79000.00,2018-04-23 06:04:00.729700
7061,201804236047254,PRIN,45,28,100,784,78400.00,2018-04-23 06:04:00.725400
7062,201804236047272,PRIN,52,32,200,789,157800.00,2018-04-23 06:04:00.727200
7063,201804236047183,PRIN,8,22,50,783,39150.00,2018-04-23 06:04:00.718300
7064,201804236047152,PRIN,33,22,200,783,156600.00,2018-04-23 06:04:00.715200
7065,201804236047122,PRIN,45,10,30,787,23610.00,2018-04-23 06:04:00.712200
7066,201804236047123,PRIN,45,10,50,787,39350.00,2018-04-23 06:04:00.712300
7067,201804236047124,PRIN,36,10,420,782,328440.00,2018-04-23 06:04:00.712400
7068,201804236046910,PRIN,25,17,81,784,63504.00,2018-04-23 06:04:00.691000
7069,201804236046911,PRIN,8,17,300,784,235200.00,2018-04-23 06:04:00.691100
7070,201804236046912,PRIN,36,17,63,782,49266.00,2018-04-23 06:04:00.691200
7071,201804236046816,PRIN,8,44,100,784,78400.00,2018-04-23 06:04:00.681600
7072,201804236046819,PRIN,8,53,100,784,78400.00,2018-04-23 06:04:00.681900
7073,201804236046716,PRIN,33,21,100,786,78600.00,2018-04-23 06:04:00.671600
7074,201804236046751,PRIN,33,36,450,786,353700.00,2018-04-23 06:04:00.675100
7075,201804236046752,PRIN,51,36,100,785,78500.00,2018-04-23 06:04:00.675200
7076,201804236046753,PRIN,50,36,100,785,78500.00,2018-04-23 06:04:00.675300
7077,201804236046759,PRIN,32,36,50,785,39250.00,2018-04-23 06:04:00.675900
7078,201804236046766,PRIN,25,36,19,784,14896.00,2018-04-23 06:04:00.676600
7079,201804236046581,PRIN,22,17,50,787,39350.00,2018-04-23 06:04:00.658100
7080,201804236046592,PRIN,22,29,53,787,41711.00,2018-04-23 06:04:00.659200
7081,201804236046635,PRIN,33,32,100,786,78600.00,2018-04-23 06:04:00.663500
7082,201804236046489,PRIN,32,21,20,790,15800.00,2018-04-23 06:04:00.648900
7083,201804236046490,PRIN,22,21,80,787,62960.00,2018-04-23 06:04:00.649000
7084,201804236046525,PRIN,33,45,350,786,275100.00,2018-04-23 06:04:00.652500
7085,201804236046265,PRIN,44,10,200,791,158200.00,2018-04-23 06:04:00.626500
7086,201804236046294,PRIN,51,16,200,791,158200.00,2018-04-23 06:04:00.629400
7087,201804236046321,PRIN,16,16,139,791,109949.00,2018-04-23 06:04:00.632100
7088,201804236046322,PRIN,44,16,300,790,237000.00,2018-04-23 06:04:00.632200
7089,201804236046178,PRIN,53,28,19,792,15048.00,2018-04-23 06:04:00.617800
7090,201804236046190,PRIN,53,6,27,792,21384.00,2018-04-23 06:04:00.619000
7091,201804236046191,PRIN,16,6,123,791,97293.00,2018-04-23 06:04:00.619100
7092,201804236046220,PRIN,16,7,200,791,158200.00,2018-04-23 06:04:00.622000
7093,201804236046221,PRIN,16,35,38,791,30058.00,2018-04-23 06:04:00.622100
7094,201804236046096,PRIN,53,32,100,792,79200.00,2018-04-23 06:04:00.609600
7095,201804236046018,PRIN,53,21,100,792,79200.00,2018-04-23 06:04:00.601800
7096,201804236045959,PRIN,53,37,25,792,19800.00,2018-04-23 06:04:00.595900
7097,201804236045850,PRIN,50,57,21,794,16674.00,2018-04-23 06:04:00.585000
7098,201804236045851,PRIN,53,57,129,792,102168.00,2018-04-23 06:04:00.585100
7099,201804236045793,PRIN,53,3,82,795,65190.00,2018-04-23 06:04:00.579300
7100,201804236045663,PRIN,57,14,32,795,25440.00,2018-04-23 06:04:00.566300
7101,201804236045664,PRIN,57,3,18,795,14310.00,2018-04-23 06:04:00.566400
7102,201804236045601,PRIN,16,21,100,795,79500.00,2018-04-23 06:04:00.560100
7103,201804236045631,PRIN,39,19,20,795,15900.00,2018-04-23 06:04:00.563100
7104,201804236045632,PRIN,39,14,68,795,54060.00,2018-04-23 06:04:00.563200
7105,201804236045567,PRIN,39,14,162,795,128790.00,2018-04-23 06:04:00.556700
7106,201804236045434,PRIN,39,19,50,795,39750.00,2018-04-23 06:04:00.543400
7107,201804236045303,PRIN,32,34,100,796,79600.00,2018-04-23 06:04:00.530300
7108,201804236045304,PRIN,6,34,200,796,159200.00,2018-04-23 06:04:00.530400
7109,201804236045134,PRIN,50,32,200,799,159800.00,2018-04-23 06:04:00.513400
7110,201804236044964,PRIN,38,45,100,797,79700.00,2018-04-23 06:04:00.496400
7111,201804236044995,PRIN,38,16,50,797,39850.00,2018-04-23 06:04:00.499500
7112,201804236044358,PRIN,44,53,100,801,80100.00,2018-04-23 06:04:00.435800
7113,201804236044400,PRIN,59,14,160,800,128000.00,2018-04-23 06:04:00.440000
7114,201804236044273,PRIN,41,37,160,800,128000.00,2018-04-23 06:04:00.427300
7115,201804236044274,PRIN,59,37,40,800,32000.00,2018-04-23 06:04:00.427400
7116,201804236044196,PRIN,10,8,400,800,320000.00,2018-04-23 06:04:00.419600
7117,201804236044135,PRIN,50,33,600,801,480600.00,2018-04-23 06:04:00.413500
7118,201804236043944,PRIN,10,8,100,800,80000.00,2018-04-23 06:04:00.394400
7119,201804236043873,PRIN,52,8,200,801,160200.00,2018-04-23 06:04:00.387300
7120,201804236043909,PRIN,41,57,600,801,480600.00,2018-04-23 06:04:00.390900
7121,201804236043910,PRIN,52,33,50,801,40050.00,2018-04-23 06:04:00.391000
7122,201804236043911,PRIN,41,33,400,801,320400.00,2018-04-23 06:04:00.391100
7123,201804236043774,PRIN,42,6,100,802,80200.00,2018-04-23 06:04:00.377400
7124,201804236043572,PRIN,26,49,100,812,81200.00,2018-04-23 06:04:00.357200
7125,201804236043578,PRIN,26,33,100,812,81200.00,2018-04-23 06:04:00.357800
7126,201804236043579,PRIN,50,33,100,810,81000.00,2018-04-23 06:04:00.357900
7127,201804236043580,PRIN,53,33,200,806,161200.00,2018-04-23 06:04:00.358000
7128,201804236043456,PRIN,32,16,20,816,16320.00,2018-04-23 06:04:00.345600
7129,201804236043457,PRIN,25,16,180,815,146700.00,2018-04-23 06:04:00.345700
7130,201804236043501,PRIN,25,45,20,815,16300.00,2018-04-23 06:04:00.350100
7131,201804236043502,PRIN,3,45,100,815,81500.00,2018-04-23 06:04:00.350200
7132,201804236043394,PRIN,5,32,150,821,123150.00,2018-04-23 06:04:00.339400
7133,201804236043430,PRIN,43,36,50,817,40850.00,2018-04-23 06:04:00.343000
7134,201804236043431,PRIN,17,36,20,816,16320.00,2018-04-23 06:04:00.343100
7135,201804236043432,PRIN,32,36,30,816,24480.00,2018-04-23 06:04:00.343200
7136,201804236043282,PRIN,49,48,100,821,82100.00,2018-04-23 06:04:00.328200
7137,201804236043283,PRIN,49,22,70,821,57470.00,2018-04-23 06:04:00.328300
7138,201804236043284,PRIN,49,28,100,822,82200.00,2018-04-23 06:04:00.328400
7139,201804236043285,PRIN,49,29,150,822,123300.00,2018-04-23 06:04:00.328500
7140,201804236043286,PRIN,49,36,500,822,411000.00,2018-04-23 06:04:00.328600
7141,201804236043320,PRIN,49,22,80,822,65760.00,2018-04-23 06:04:00.332000
7142,201804236043321,PRIN,5,22,20,821,16420.00,2018-04-23 06:04:00.332100
7143,201804236043216,PRIN,19,37,500,820,410000.00,2018-04-23 06:04:00.321600
7144,201804236043089,PRIN,22,41,81,820,66420.00,2018-04-23 06:04:00.308900
7145,201804236042970,PRIN,22,51,150,819,122850.00,2018-04-23 06:04:00.297000
7146,201804236042971,PRIN,22,46,79,820,64780.00,2018-04-23 06:04:00.297100
7147,201804236042972,PRIN,22,32,94,820,77080.00,2018-04-23 06:04:00.297200
7148,201804236042973,PRIN,22,47,96,820,78720.00,2018-04-23 06:04:00.297300
7149,201804236042884,PRIN,7,46,150,820,123000.00,2018-04-23 06:04:00.288400
7150,201804236042668,PRIN,51,32,100,817,81700.00,2018-04-23 06:04:00.266800
7151,201804236041938,PRIN,1,58,44,815,35860.00,2018-04-23 06:04:00.193800
7152,201804236041751,PRIN,14,20,97,810,78570.00,2018-04-23 06:04:00.175100
7153,201804236041643,PRIN,14,28,71,810,57510.00,2018-04-23 06:04:00.164300
7154,201804236041644,PRIN,14,20,129,810,104490.00,2018-04-23 06:04:00.164400
7155,201804236041666,PRIN,32,20,50,810,40500.00,2018-04-23 06:04:00.166600
7156,201804236041569,PRIN,1,28,50,810,40500.00,2018-04-23 06:04:00.156900
7157,201804236041548,PRIN,1,33,149,809,120541.00,2018-04-23 06:04:00.154800
7158,201804236041439,PRIN,33,32,100,803,80300.00,2018-04-23 06:04:00.143900
7159,201804236041440,PRIN,29,32,200,802,160400.00,2018-04-23 06:04:00.144000
7160,201804236041441,PRIN,33,32,206,801,165006.00,2018-04-23 06:04:00.144100
7161,201804236041442,PRIN,42,32,20,800,16000.00,2018-04-23 06:04:00.144200
7162,201804236041443,PRIN,16,32,500,800,400000.00,2018-04-23 06:04:00.144300
7163,201804236041444,PRIN,48,32,150,800,120000.00,2018-04-23 06:04:00.144400
7164,201804236041445,PRIN,44,32,200,800,160000.00,2018-04-23 06:04:00.144500
7165,201804236041446,PRIN,25,32,30,800,24000.00,2018-04-23 06:04:00.144600
7166,201804236041447,PRIN,33,32,500,800,400000.00,2018-04-23 06:04:00.144700
7167,201804236041181,PRIN,45,26,150,802,120300.00,2018-04-23 06:04:00.118100
7168,201804236041182,PRIN,38,26,150,801,120150.00,2018-04-23 06:04:00.118200
7169,201804236041183,PRIN,36,26,100,801,80100.00,2018-04-23 06:04:00.118300
7170,201804236041184,PRIN,33,26,94,801,75294.00,2018-04-23 06:04:00.118400
7171,201804236041174,PRIN,55,45,100,803,80300.00,2018-04-23 06:04:00.117400
7172,201804236041175,PRIN,33,45,100,803,80300.00,2018-04-23 06:04:00.117500
7173,201804236041138,PRIN,25,25,20,805,16100.00,2018-04-23 06:04:00.113800
7174,201804236041139,PRIN,28,25,100,805,80500.00,2018-04-23 06:04:00.113900
7175,201804236041140,PRIN,50,25,500,804,402000.00,2018-04-23 06:04:00.114000
7176,201804236041023,PRIN,32,28,50,806,40300.00,2018-04-23 06:04:00.102300
7177,201804236041032,PRIN,16,28,250,806,201500.00,2018-04-23 06:04:00.103200
7178,201804236040946,PRIN,43,51,50,806,40300.00,2018-04-23 06:04:00.094600
7179,201804236040947,PRIN,6,51,100,806,80600.00,2018-04-23 06:04:00.094700
7180,201804236040755,PRIN,32,44,100,810,81000.00,2018-04-23 06:04:00.075500
7181,201804236040623,PRIN,53,44,100,810,81000.00,2018-04-23 06:04:00.062300
7182,201804236040536,PRIN,25,1,30,805,24150.00,2018-04-23 06:04:00.053600
7183,201804236040328,PRIN,16,37,150,802,120300.00,2018-04-23 06:04:00.032800
7184,201804236040329,PRIN,45,37,350,802,280700.00,2018-04-23 06:04:00.032900
7185,201804236040045,PRIN,20,45,150,810,121500.00,2018-04-23 06:04:00.004500
7186,201804236040046,PRIN,8,45,20,810,16200.00,2018-04-23 06:04:00.004600
7187,201804236040047,PRIN,7,45,100,810,81000.00,2018-04-23 06:04:00.004700
7188,201804236040055,PRIN,32,45,80,805,64400.00,2018-04-23 06:04:00.005500
7189,201804236040056,PRIN,35,45,100,805,80500.00,2018-04-23 06:04:00.005600
7190,201804236040057,PRIN,18,45,100,804,80400.00,2018-04-23 06:04:00.005700
7191,201804236040058,PRIN,16,45,50,802,40100.00,2018-04-23 06:04:00.005800
7192,201804236039958,PRIN,20,17,25,810,20250.00,2018-04-23 06:03:00.995800
7193,201804236039445,PRIN,20,36,50,810,40500.00,2018-04-23 06:03:00.944500
7194,201804236039166,PRIN,10,36,250,811,202750.00,2018-04-23 06:03:00.916600
7195,201804236039167,PRIN,18,36,100,811,81100.00,2018-04-23 06:03:00.916700
7196,201804236039168,PRIN,19,36,50,810,40500.00,2018-04-23 06:03:00.916800
7197,201804236039203,PRIN,51,36,50,810,40500.00,2018-04-23 06:03:00.920300
7198,201804236039112,PRIN,10,41,250,811,202750.00,2018-04-23 06:03:00.911200
7199,201804236039001,PRIN,32,58,16,815,13040.00,2018-04-23 06:03:00.900100
7200,201804236039002,PRIN,25,58,50,815,40750.00,2018-04-23 06:03:00.900200
7201,201804236038911,PRIN,41,45,40,816,32640.00,2018-04-23 06:03:00.891100
7202,201804236038912,PRIN,52,45,76,815,61940.00,2018-04-23 06:03:00.891200
7203,201804236038913,PRIN,53,45,300,815,244500.00,2018-04-23 06:03:00.891300
7204,201804236038914,PRIN,32,45,84,815,68460.00,2018-04-23 06:03:00.891400
7205,201804236038692,PRIN,41,36,130,820,106600.00,2018-04-23 06:03:00.869200
7206,201804236038595,PRIN,46,49,20,816,16320.00,2018-04-23 06:03:00.859500
7207,201804236038596,PRIN,52,49,14,815,11410.00,2018-04-23 06:03:00.859600
7208,201804236038570,PRIN,46,36,100,820,82000.00,2018-04-23 06:03:00.857000
7209,201804236038502,PRIN,26,36,30,820,24600.00,2018-04-23 06:03:00.850200
7210,201804236038308,PRIN,40,40,200,823,164600.00,2018-04-23 06:03:00.830800
7211,201804236038211,PRIN,45,48,50,822,41100.00,2018-04-23 06:03:00.821100
7212,201804236037646,PRIN,34,57,50,823,41150.00,2018-04-23 06:03:00.764600
7213,201804236037650,PRIN,34,49,100,824,82400.00,2018-04-23 06:03:00.765000
7214,201804236037295,PRIN,43,44,100,820,82000.00,2018-04-23 06:03:00.729500
7215,201804236037193,PRIN,32,34,100,808,80800.00,2018-04-23 06:03:00.719300
7216,201804236037272,PRIN,35,22,100,809,80900.00,2018-04-23 06:03:00.727200
7217,201804236037035,PRIN,52,35,20,804,16080.00,2018-04-23 06:03:00.703500
7218,201804236037036,PRIN,53,35,10,800,8000.00,2018-04-23 06:03:00.703600
7219,201804236037037,PRIN,20,35,100,800,80000.00,2018-04-23 06:03:00.703700
7220,201804236037038,PRIN,42,35,130,800,104000.00,2018-04-23 06:03:00.703800
7221,201804236037052,PRIN,53,29,100,804,80400.00,2018-04-23 06:03:00.705200
7222,201804236036996,PRIN,16,17,200,801,160200.00,2018-04-23 06:03:00.699600
7223,201804236036903,PRIN,16,50,100,804,80400.00,2018-04-23 06:03:00.690300
7224,201804236036759,PRIN,53,45,90,800,72000.00,2018-04-23 06:03:00.675900
7225,201804236036705,PRIN,44,45,100,795,79500.00,2018-04-23 06:03:00.670500
7226,201804236036415,PRIN,8,45,300,800,240000.00,2018-04-23 06:03:00.641500
7227,201804236036064,PRIN,16,34,129,800,103200.00,2018-04-23 06:03:00.606400
7228,201804236036075,PRIN,16,45,21,800,16800.00,2018-04-23 06:03:00.607500
7229,201804236036076,PRIN,50,45,579,794,459726.00,2018-04-23 06:03:00.607600
7230,201804236036038,PRIN,22,33,50,804,40200.00,2018-04-23 06:03:00.603800
7231,201804236036039,PRIN,25,33,200,800,160000.00,2018-04-23 06:03:00.603900
7232,201804236036040,PRIN,6,33,100,800,80000.00,2018-04-23 06:03:00.604000
7233,201804236036042,PRIN,50,50,200,808,161600.00,2018-04-23 06:03:00.604200
7234,201804236035903,PRIN,43,32,100,810,81000.00,2018-04-23 06:03:00.590300
7235,201804236035788,PRIN,43,21,100,810,81000.00,2018-04-23 06:03:00.578800
7236,201804236035709,PRIN,48,36,200,815,163000.00,2018-04-23 06:03:00.570900
7237,201804236035710,PRIN,45,36,200,811,162200.00,2018-04-23 06:03:00.571000
7238,201804236035711,PRIN,52,36,40,810,32400.00,2018-04-23 06:03:00.571100
7239,201804236035712,PRIN,41,36,850,810,688500.00,2018-04-23 06:03:00.571200
7240,201804236035713,PRIN,7,36,200,810,162000.00,2018-04-23 06:03:00.571300
7241,201804236035640,PRIN,41,44,100,820,82000.00,2018-04-23 06:03:00.564000
7242,201804236035552,PRIN,50,45,110,823,90530.00,2018-04-23 06:03:00.555200
7243,201804236035319,PRIN,34,53,100,825,82500.00,2018-04-23 06:03:00.531900
7244,201804236035320,PRIN,55,22,63,820,51660.00,2018-04-23 06:03:00.532000
7245,201804236035273,PRIN,55,8,37,816,30192.00,2018-04-23 06:03:00.527300
7246,201804236035274,PRIN,55,28,100,819,81900.00,2018-04-23 06:03:00.527400
7247,201804236035275,PRIN,55,45,200,820,164000.00,2018-04-23 06:03:00.527500
7248,201804236035232,PRIN,32,28,100,815,81500.00,2018-04-23 06:03:00.523200
7249,201804236035082,PRIN,47,22,100,815,81500.00,2018-04-23 06:03:00.508200
7250,201804236035034,PRIN,20,49,100,816,81600.00,2018-04-23 06:03:00.503400
7251,201804236035035,PRIN,52,49,200,816,163200.00,2018-04-23 06:03:00.503500
7252,201804236035003,PRIN,42,22,140,815,114100.00,2018-04-23 06:03:00.500300
7253,201804236035017,PRIN,51,51,124,815,101060.00,2018-04-23 06:03:00.501700
7254,201804236034942,PRIN,42,22,60,815,48900.00,2018-04-23 06:03:00.494200
7255,201804226034717,PRIN,34,49,100,797,79700.00,2018-04-22 06:03:00.471700
7256,201804226034731,PRIN,20,45,100,800,80000.00,2018-04-22 06:03:00.473100
7257,201804226034436,PRIN,22,37,100,805,80500.00,2018-04-22 06:03:00.443600
7258,201804226034466,PRIN,10,37,50,805,40250.00,2018-04-22 06:03:00.446600
7259,201804226034469,PRIN,41,45,200,800,160000.00,2018-04-22 06:03:00.446900
7260,201804226034363,PRIN,53,45,200,799,159800.00,2018-04-22 06:03:00.436300
7261,201804226034364,PRIN,53,11,100,800,80000.00,2018-04-22 06:03:00.436400
7262,201804226034365,PRIN,53,32,119,800,95200.00,2018-04-22 06:03:00.436500
7263,201804226034366,PRIN,53,33,119,800,95200.00,2018-04-22 06:03:00.436600
7264,201804226034367,PRIN,53,6,100,800,80000.00,2018-04-22 06:03:00.436700
7265,201804226034368,PRIN,53,22,100,801,80100.00,2018-04-22 06:03:00.436800
7266,201804226034369,PRIN,53,34,200,802,160400.00,2018-04-22 06:03:00.436900
7267,201804226034370,PRIN,53,53,100,804,80400.00,2018-04-22 06:03:00.437000
7268,201804226033823,PRIN,21,3,100,800,80000.00,2018-04-22 06:03:00.382300
7269,201804226033719,PRIN,34,48,98,797,78106.00,2018-04-22 06:03:00.371900
7270,201804226033398,PRIN,41,19,100,799,79900.00,2018-04-22 06:03:00.339800
7271,201804226033399,PRIN,41,38,100,800,80000.00,2018-04-22 06:03:00.339900
7272,201804226033400,PRIN,41,22,150,800,120000.00,2018-04-22 06:03:00.340000
7273,201804226033401,PRIN,41,50,58,800,46400.00,2018-04-22 06:03:00.340100
7274,201804226033402,PRIN,41,17,100,800,80000.00,2018-04-22 06:03:00.340200
7275,201804226033084,PRIN,25,1,100,800,80000.00,2018-04-22 06:03:00.308400
7276,201804226033109,PRIN,25,38,50,800,40000.00,2018-04-22 06:03:00.310900
7277,201804226032962,PRIN,20,49,50,800,40000.00,2018-04-22 06:03:00.296200
7278,201804226032980,PRIN,25,49,50,800,40000.00,2018-04-22 06:03:00.298000
7279,201804226032925,PRIN,34,7,66,797,52602.00,2018-04-22 06:03:00.292500
7280,201804226032863,PRIN,10,16,50,797,39850.00,2018-04-22 06:03:00.286300
7281,201804226032864,PRIN,10,16,57,797,45429.00,2018-04-22 06:03:00.286400
7282,201804226032865,PRIN,10,53,60,798,47880.00,2018-04-22 06:03:00.286500
7283,201804226032866,PRIN,10,41,54,800,43200.00,2018-04-22 06:03:00.286600
7284,201804226032867,PRIN,10,22,100,800,80000.00,2018-04-22 06:03:00.286700
7285,201804226032868,PRIN,10,44,50,800,40000.00,2018-04-22 06:03:00.286800
7286,201804226032869,PRIN,10,45,200,800,160000.00,2018-04-22 06:03:00.286900
7287,201804226032760,PRIN,32,16,50,797,39850.00,2018-04-22 06:03:00.276000
7288,201804226032632,PRIN,7,49,100,795,79500.00,2018-04-22 06:03:00.263200
7289,201804226032113,PRIN,32,16,100,797,79700.00,2018-04-22 06:03:00.211300
7290,201804226031674,PRIN,48,4,37,785,29045.00,2018-04-22 06:03:00.167400
7291,201804226031675,PRIN,48,53,100,786,78600.00,2018-04-22 06:03:00.167500
7292,201804226031676,PRIN,48,1,10,786,7860.00,2018-04-22 06:03:00.167600
7293,201804226031677,PRIN,48,28,1000,788,788000.00,2018-04-22 06:03:00.167700
7294,201804226031678,PRIN,48,8,50,788,39400.00,2018-04-22 06:03:00.167800
7295,201804226031679,PRIN,48,8,50,788,39400.00,2018-04-22 06:03:00.167900
7296,201804226031723,PRIN,36,14,60,798,47880.00,2018-04-22 06:03:00.172300
7297,201804226031724,PRIN,36,53,40,798,31920.00,2018-04-22 06:03:00.172400
7298,201804226031539,PRIN,36,7,30,785,23550.00,2018-04-22 06:03:00.153900
7299,201804226031428,PRIN,36,8,100,784,78400.00,2018-04-22 06:03:00.142800
7300,201804226031429,PRIN,36,33,50,785,39250.00,2018-04-22 06:03:00.142900
7301,201804226031430,PRIN,36,44,50,785,39250.00,2018-04-22 06:03:00.143000
7302,201804226031431,PRIN,36,48,200,785,157000.00,2018-04-22 06:03:00.143100
7303,201804226031432,PRIN,36,49,1000,785,785000.00,2018-04-22 06:03:00.143200
7304,201804226031306,PRIN,1,56,108,783,84564.00,2018-04-22 06:03:00.130600
7305,201804226031146,PRIN,51,7,125,781,97625.00,2018-04-22 06:03:00.114600
7306,201804226031147,PRIN,51,8,33,782,25806.00,2018-04-22 06:03:00.114700
7307,201804226031148,PRIN,51,56,142,783,111186.00,2018-04-22 06:03:00.114800
7308,201804226031087,PRIN,53,50,33,782,25806.00,2018-04-22 06:03:00.108700
7309,201804226031007,PRIN,53,8,150,782,117300.00,2018-04-22 06:03:00.100700
7310,201804226031008,PRIN,53,52,17,782,13294.00,2018-04-22 06:03:00.100800
7311,201804226030770,PRIN,45,8,50,782,39100.00,2018-04-22 06:03:00.077000
7312,201804226030621,PRIN,33,32,100,777,77700.00,2018-04-22 06:03:00.062100
7313,201804226030622,PRIN,33,8,100,779,77900.00,2018-04-22 06:03:00.062200
7314,201804226030623,PRIN,33,7,150,780,117000.00,2018-04-22 06:03:00.062300
7315,201804226030624,PRIN,33,59,50,780,39000.00,2018-04-22 06:03:00.062400
7316,201804226030615,PRIN,16,32,200,772,154400.00,2018-04-22 06:03:00.061500
7317,201804226030177,PRIN,6,17,150,771,115650.00,2018-04-22 06:03:00.017700
7318,201804226029910,PRIN,53,45,300,784,235200.00,2018-04-22 06:02:00.991000
7319,201804226029911,PRIN,53,33,350,785,274750.00,2018-04-22 06:02:00.991100
7320,201804226029951,PRIN,41,7,300,770,231000.00,2018-04-22 06:02:00.995100
7321,201804226029745,PRIN,45,49,50,775,38750.00,2018-04-22 06:02:00.974500
7322,201804226029746,PRIN,45,39,100,777,77700.00,2018-04-22 06:02:00.974600
7323,201804226029747,PRIN,45,48,50,778,38900.00,2018-04-22 06:02:00.974700
7324,201804226029748,PRIN,45,22,200,778,155600.00,2018-04-22 06:02:00.974800
7325,201804226029749,PRIN,45,46,100,778,77800.00,2018-04-22 06:02:00.974900
7326,201804226029750,PRIN,45,14,100,779,77900.00,2018-04-22 06:02:00.975000
7327,201804226029751,PRIN,45,40,100,779,77900.00,2018-04-22 06:02:00.975100
7328,201804226029752,PRIN,45,56,10,779,7790.00,2018-04-22 06:02:00.975200
7329,201804226029753,PRIN,45,6,100,779,77900.00,2018-04-22 06:02:00.975300
7330,201804226029754,PRIN,45,43,350,780,273000.00,2018-04-22 06:02:00.975400
7331,201804226029755,PRIN,45,41,20,780,15600.00,2018-04-22 06:02:00.975500
7332,201804226029756,PRIN,45,14,200,780,156000.00,2018-04-22 06:02:00.975600
7333,201804226029757,PRIN,45,14,170,783,133110.00,2018-04-22 06:02:00.975700
7334,201804226029612,PRIN,19,50,100,775,77500.00,2018-04-22 06:02:00.961200
7335,201804226029613,PRIN,19,57,70,775,54250.00,2018-04-22 06:02:00.961300
7336,201804226029614,PRIN,19,59,50,775,38750.00,2018-04-22 06:02:00.961400
7337,201804226029615,PRIN,19,59,50,775,38750.00,2018-04-22 06:02:00.961500
7338,201804226029616,PRIN,19,49,500,776,388000.00,2018-04-22 06:02:00.961600
7339,201804226028947,PRIN,53,52,50,765,38250.00,2018-04-22 06:02:00.894700
7340,201804226028837,PRIN,38,29,200,775,155000.00,2018-04-22 06:02:00.883700
7341,201804226028838,PRIN,38,22,150,775,116250.00,2018-04-22 06:02:00.883800
7342,201804226028839,PRIN,38,44,100,775,77500.00,2018-04-22 06:02:00.883900
7343,201804226028840,PRIN,38,41,200,775,155000.00,2018-04-22 06:02:00.884000
7344,201804226028810,PRIN,38,49,471,768,361728.00,2018-04-22 06:02:00.881000
7345,201804226028811,PRIN,38,54,178,770,137060.00,2018-04-22 06:02:00.881100
7346,201804226028812,PRIN,38,50,200,770,154000.00,2018-04-22 06:02:00.881200
7347,201804226028813,PRIN,38,25,460,772,355120.00,2018-04-22 06:02:00.881300
7348,201804226028814,PRIN,38,21,541,773,418193.00,2018-04-22 06:02:00.881400
7349,201804226028815,PRIN,38,28,500,774,387000.00,2018-04-22 06:02:00.881500
7350,201804226028816,PRIN,38,44,100,775,77500.00,2018-04-22 06:02:00.881600
7351,201804226028817,PRIN,38,22,50,775,38750.00,2018-04-22 06:02:00.881700
7352,201804226028329,PRIN,10,26,12,767,9204.00,2018-04-22 06:02:00.832900
7353,201804226028330,PRIN,10,5,159,768,122112.00,2018-04-22 06:02:00.833000
7354,201804226028331,PRIN,10,49,29,768,22272.00,2018-04-22 06:02:00.833100
7355,201804226028265,PRIN,53,37,80,765,61200.00,2018-04-22 06:02:00.826500
7356,201804226028266,PRIN,53,17,20,765,15300.00,2018-04-22 06:02:00.826600
7357,201804226028271,PRIN,53,17,162,765,123930.00,2018-04-22 06:02:00.827100
7358,201804226028272,PRIN,53,5,200,766,153200.00,2018-04-22 06:02:00.827200
7359,201804226028273,PRIN,53,53,50,767,38350.00,2018-04-22 06:02:00.827300
7360,201804226028274,PRIN,53,26,488,767,374296.00,2018-04-22 06:02:00.827400
7361,201804226028207,PRIN,53,37,500,765,382500.00,2018-04-22 06:02:00.820700
7362,201804226028226,PRIN,16,37,300,765,229500.00,2018-04-22 06:02:00.822600
7363,201804226028228,PRIN,16,37,300,765,229500.00,2018-04-22 06:02:00.822800
7364,201804226028190,PRIN,57,25,100,764,76400.00,2018-04-22 06:02:00.819000
7365,201804226028142,PRIN,53,37,250,765,191250.00,2018-04-22 06:02:00.814200
7366,201804226028151,PRIN,22,37,20,765,15300.00,2018-04-22 06:02:00.815100
7367,201804226028060,PRIN,38,37,100,765,76500.00,2018-04-22 06:02:00.806000
7368,201804226028005,PRIN,53,22,150,765,114750.00,2018-04-22 06:02:00.800500
7369,201804226027907,PRIN,53,28,1000,761,761000.00,2018-04-22 06:02:00.790700
7370,201804226027689,PRIN,35,5,200,764,152800.00,2018-04-22 06:02:00.768900
7371,201804226027660,PRIN,32,50,200,760,152000.00,2018-04-22 06:02:00.766000
7372,201804226027661,PRIN,44,50,200,759,151800.00,2018-04-22 06:02:00.766100
7373,201804226027512,PRIN,43,41,300,760,228000.00,2018-04-22 06:02:00.751200
7374,201804226027329,PRIN,32,49,100,760,76000.00,2018-04-22 06:02:00.732900
7375,201804226026836,PRIN,21,49,100,762,76200.00,2018-04-22 06:02:00.683600
7376,201804226026837,PRIN,33,49,1000,761,761000.00,2018-04-22 06:02:00.683700
7377,201804226026838,PRIN,57,49,600,761,456600.00,2018-04-22 06:02:00.683800
7378,201804226026673,PRIN,41,14,50,765,38250.00,2018-04-22 06:02:00.667300
7379,201804226026674,PRIN,32,14,20,765,15300.00,2018-04-22 06:02:00.667400
7380,201804226026498,PRIN,32,5,80,765,61200.00,2018-04-22 06:02:00.649800
7381,201804226026448,PRIN,1,53,50,772,38600.00,2018-04-22 06:02:00.644800
7382,201804226026343,PRIN,33,42,67,770,51590.00,2018-04-22 06:02:00.634300
7383,201804226026344,PRIN,33,21,1000,770,770000.00,2018-04-22 06:02:00.634400
7384,201804226026345,PRIN,33,32,200,770,154000.00,2018-04-22 06:02:00.634500
7385,201804226026346,PRIN,33,41,50,770,38500.00,2018-04-22 06:02:00.634600
7386,201804226026347,PRIN,33,1,400,770,308000.00,2018-04-22 06:02:00.634700
7387,201804226025579,PRIN,20,38,307,770,236390.00,2018-04-22 06:02:00.557900
7388,201804226025582,PRIN,57,57,100,766,76600.00,2018-04-22 06:02:00.558200
7389,201804226025462,PRIN,10,57,100,770,77000.00,2018-04-22 06:02:00.546200
7390,201804226025321,PRIN,45,38,31,771,23901.00,2018-04-22 06:02:00.532100
7391,201804226025185,PRIN,45,58,69,771,53199.00,2018-04-22 06:02:00.518500
7392,201804226025110,PRIN,50,25,49,769,37681.00,2018-04-22 06:02:00.511000
7393,201804226025111,PRIN,50,58,101,771,77871.00,2018-04-22 06:02:00.511100
7394,201804226024898,PRIN,44,58,30,771,23130.00,2018-04-22 06:02:00.489800
7395,201804226024806,PRIN,43,59,200,770,154000.00,2018-04-22 06:02:00.480600
7396,201804226024536,PRIN,20,21,500,771,385500.00,2018-04-22 06:02:00.453600
7397,201804226024519,PRIN,20,45,236,771,181956.00,2018-04-22 06:02:00.451900
7398,201804226024523,PRIN,20,34,200,772,154400.00,2018-04-22 06:02:00.452300
7399,201804226024524,PRIN,20,32,250,772,193000.00,2018-04-22 06:02:00.452400
7400,201804226024525,PRIN,20,34,100,773,77300.00,2018-04-22 06:02:00.452500
7401,201804226024448,PRIN,45,28,10,770,7700.00,2018-04-22 06:02:00.444800
7402,201804226024449,PRIN,38,28,50,766,38300.00,2018-04-22 06:02:00.444900
7403,201804226024450,PRIN,45,28,50,765,38250.00,2018-04-22 06:02:00.445000
7404,201804226024451,PRIN,32,28,50,763,38150.00,2018-04-22 06:02:00.445100
7405,201804226024452,PRIN,51,28,100,761,76100.00,2018-04-22 06:02:00.445200
7406,201804226024453,PRIN,7,28,100,761,76100.00,2018-04-22 06:02:00.445300
7407,201804226024454,PRIN,33,28,500,760,380000.00,2018-04-22 06:02:00.445400
7408,201804226024412,PRIN,45,6,190,770,146300.00,2018-04-22 06:02:00.441200
7409,201804226023902,PRIN,53,8,10,755,7550.00,2018-04-22 06:02:00.390200
7410,201804226023903,PRIN,8,25,500,757,378500.00,2018-04-22 06:02:00.390300
7411,201804226023457,PRIN,59,41,101,742,74942.00,2018-04-22 06:02:00.345700
7412,201804226023458,PRIN,22,41,500,742,371000.00,2018-04-22 06:02:00.345800
7413,201804226023459,PRIN,22,41,200,742,148400.00,2018-04-22 06:02:00.345900
7414,201804226023460,PRIN,22,41,200,742,148400.00,2018-04-22 06:02:00.346000
7415,201804226023461,PRIN,51,41,24,741,17784.00,2018-04-22 06:02:00.346100
7416,201804226023475,PRIN,51,1,100,741,74100.00,2018-04-22 06:02:00.347500
7417,201804226023106,PRIN,21,28,50,758,37900.00,2018-04-22 06:02:00.310600
7418,201804226023107,PRIN,38,28,200,758,151600.00,2018-04-22 06:02:00.310700
7419,201804226023108,PRIN,11,28,10,758,7580.00,2018-04-22 06:02:00.310800
7420,201804226023109,PRIN,22,28,200,758,151600.00,2018-04-22 06:02:00.310900
7421,201804226023110,PRIN,22,28,200,758,151600.00,2018-04-22 06:02:00.311000
7422,201804226023128,PRIN,22,28,100,743,74300.00,2018-04-22 06:02:00.312800
7423,201804226022442,PRIN,45,34,100,773,77300.00,2018-04-22 06:02:00.244200
7424,201804226022443,PRIN,45,8,50,773,38650.00,2018-04-22 06:02:00.244300
7425,201804226022356,PRIN,22,8,40,758,30320.00,2018-04-22 06:02:00.235600
7426,201804196022079,PRIN,6,37,13,750,9750.00,2018-04-19 06:02:00.207900
7427,201804196022080,PRIN,19,37,37,745,27565.00,2018-04-19 06:02:00.208000
7428,201804196021792,PRIN,57,37,200,745,149000.00,2018-04-19 06:02:00.179200
7429,201804196021793,PRIN,1,37,100,745,74500.00,2018-04-19 06:02:00.179300
7430,201804196021794,PRIN,47,37,50,745,37250.00,2018-04-19 06:02:00.179400
7431,201804196021795,PRIN,19,37,50,745,37250.00,2018-04-19 06:02:00.179500
7432,201804196021854,PRIN,6,6,17,750,12750.00,2018-04-19 06:02:00.185400
7433,201804196021633,PRIN,32,34,100,748,74800.00,2018-04-19 06:02:00.163300
7434,201804196021637,PRIN,46,41,50,746,37300.00,2018-04-19 06:02:00.163700
7435,201804196021638,PRIN,58,41,101,746,75346.00,2018-04-19 06:02:00.163800
7436,201804196021500,PRIN,51,16,100,754,75400.00,2018-04-19 06:02:00.150000
7437,201804196021522,PRIN,32,28,100,747,74700.00,2018-04-19 06:02:00.152200
7438,201804196021256,PRIN,33,39,316,750,237000.00,2018-04-19 06:02:00.125600
7439,201804196021257,PRIN,33,22,300,750,225000.00,2018-04-19 06:02:00.125700
7440,201804196021031,PRIN,7,39,10,745,7450.00,2018-04-19 06:02:00.103100
7441,201804196021032,PRIN,47,39,100,744,74400.00,2018-04-19 06:02:00.103200
7442,201804196021033,PRIN,28,39,100,743,74300.00,2018-04-19 06:02:00.103300
7443,201804196021034,PRIN,28,39,171,743,127053.00,2018-04-19 06:02:00.103400
7444,201804196020743,PRIN,7,33,90,745,67050.00,2018-04-19 06:02:00.074300
7445,201804196020772,PRIN,21,28,50,749,37450.00,2018-04-19 06:02:00.077200
7446,201804196020662,PRIN,58,10,15,742,11130.00,2018-04-19 06:02:00.066200
7447,201804196020578,PRIN,58,37,14,742,10388.00,2018-04-19 06:02:00.057800
7448,201804196020464,PRIN,22,53,200,742,148400.00,2018-04-19 06:02:00.046400
7449,201804196020465,PRIN,52,53,20,741,14820.00,2018-04-19 06:02:00.046500
7450,201804196020466,PRIN,16,53,32,741,23712.00,2018-04-19 06:02:00.046600
7451,201804196020414,PRIN,59,53,187,745,139315.00,2018-04-19 06:02:00.041400
7452,201804196020415,PRIN,51,53,50,745,37250.00,2018-04-19 06:02:00.041500
7453,201804196020416,PRIN,16,53,202,745,150490.00,2018-04-19 06:02:00.041600
7454,201804196020459,PRIN,16,53,98,745,73010.00,2018-04-19 06:02:00.045900
7455,201804196020460,PRIN,57,53,150,745,111750.00,2018-04-19 06:02:00.046000
7456,201804196020461,PRIN,51,53,100,745,74500.00,2018-04-19 06:02:00.046100
7457,201804196020462,PRIN,55,53,300,744,223200.00,2018-04-19 06:02:00.046200
7458,201804196020463,PRIN,8,53,100,742,74200.00,2018-04-19 06:02:00.046300
7459,201804196020367,PRIN,46,43,50,746,37300.00,2018-04-19 06:02:00.036700
7460,201804196020368,PRIN,45,43,100,745,74500.00,2018-04-19 06:02:00.036800
7461,201804196020369,PRIN,42,43,40,745,29800.00,2018-04-19 06:02:00.036900
7462,201804196020370,PRIN,59,43,13,745,9685.00,2018-04-19 06:02:00.037000
7463,201804196019821,PRIN,57,41,81,748,60588.00,2018-04-19 06:01:00.982100
7464,201804196019822,PRIN,19,41,200,747,149400.00,2018-04-19 06:01:00.982200
7465,201804196019823,PRIN,21,41,100,746,74600.00,2018-04-19 06:01:00.982300
7466,201804196019824,PRIN,57,41,100,745,74500.00,2018-04-19 06:01:00.982400
7467,201804196019825,PRIN,22,41,200,745,149000.00,2018-04-19 06:01:00.982500
7468,201804196019826,PRIN,44,41,100,745,74500.00,2018-04-19 06:01:00.982600
7469,201804196019718,PRIN,43,39,100,751,75100.00,2018-04-19 06:01:00.971800
7470,201804196019719,PRIN,19,39,300,750,225000.00,2018-04-19 06:01:00.971900
7471,201804196019699,PRIN,45,53,100,755,75500.00,2018-04-19 06:01:00.969900
7472,201804196019716,PRIN,45,53,50,755,37750.00,2018-04-19 06:01:00.971600
7473,201804196018928,PRIN,49,39,29,750,21750.00,2018-04-19 06:01:00.892800
7474,201804196018929,PRIN,49,10,25,753,18825.00,2018-04-19 06:01:00.892900
7475,201804196018930,PRIN,49,29,19,753,14307.00,2018-04-19 06:01:00.893000
7476,201804196018931,PRIN,49,26,16,754,12064.00,2018-04-19 06:01:00.893100
7477,201804196018932,PRIN,49,53,11,755,8305.00,2018-04-19 06:01:00.893200
7478,201804196018623,PRIN,57,36,19,748,14212.00,2018-04-19 06:01:00.862300
7479,201804196018185,PRIN,16,49,100,750,75000.00,2018-04-19 06:01:00.818500
7480,201804196018092,PRIN,16,39,200,750,150000.00,2018-04-19 06:01:00.809200
7481,201804196017970,PRIN,43,5,100,754,75400.00,2018-04-19 06:01:00.797000
7482,201804196017971,PRIN,26,5,100,753,75300.00,2018-04-19 06:01:00.797100
7483,201804196017972,PRIN,21,5,200,752,150400.00,2018-04-19 06:01:00.797200
7484,201804196017973,PRIN,45,5,500,751,375500.00,2018-04-19 06:01:00.797300
7485,201804196017974,PRIN,50,5,106,750,79500.00,2018-04-19 06:01:00.797400
7486,201804196017975,PRIN,7,5,10,750,7500.00,2018-04-19 06:01:00.797500
7487,201804196017694,PRIN,58,5,200,755,151000.00,2018-04-19 06:01:00.769400
7488,201804196016299,PRIN,1,38,10,759,7590.00,2018-04-19 06:01:00.629900
7489,201804196016300,PRIN,45,38,56,758,42448.00,2018-04-19 06:01:00.630000
7490,201804196016301,PRIN,33,38,200,755,151000.00,2018-04-19 06:01:00.630100
7491,201804196016302,PRIN,5,38,30,750,22500.00,2018-04-19 06:01:00.630200
7492,201804196016303,PRIN,46,38,150,750,112500.00,2018-04-19 06:01:00.630300
7493,201804196016304,PRIN,50,38,394,750,295500.00,2018-04-19 06:01:00.630400
7494,201804196016140,PRIN,19,37,50,760,38000.00,2018-04-19 06:01:00.614000
7495,201804196016141,PRIN,19,35,117,760,88920.00,2018-04-19 06:01:00.614100
7496,201804196016025,PRIN,45,29,100,759,75900.00,2018-04-19 06:01:00.602500
7497,201804196015683,PRIN,45,42,405,755,305775.00,2018-04-19 06:01:00.568300
7498,201804196015684,PRIN,45,29,10,757,7570.00,2018-04-19 06:01:00.568400
7499,201804196015685,PRIN,45,28,500,758,379000.00,2018-04-19 06:01:00.568500
7500,201804196015712,PRIN,45,40,29,758,21982.00,2018-04-19 06:01:00.571200
7501,201804196015613,PRIN,5,17,70,750,52500.00,2018-04-19 06:01:00.561300
7502,201804196015384,PRIN,49,17,100,750,75000.00,2018-04-19 06:01:00.538400
7503,201804196014790,PRIN,7,28,40,753,30120.00,2018-04-19 06:01:00.479000
7504,201804196014791,PRIN,6,28,100,752,75200.00,2018-04-19 06:01:00.479100
7505,201804196014792,PRIN,33,28,250,750,187500.00,2018-04-19 06:01:00.479200
7506,201804196014771,PRIN,56,28,50,763,38150.00,2018-04-19 06:01:00.477100
7507,201804196014772,PRIN,6,28,200,762,152400.00,2018-04-19 06:01:00.477200
7508,201804196014773,PRIN,16,28,200,761,152200.00,2018-04-19 06:01:00.477300
7509,201804196014774,PRIN,38,28,100,760,76000.00,2018-04-19 06:01:00.477400
7510,201804196014775,PRIN,25,28,200,755,151000.00,2018-04-19 06:01:00.477500
7511,201804196014467,PRIN,52,8,100,766,76600.00,2018-04-19 06:01:00.446700
7512,201804196014226,PRIN,20,6,300,768,230400.00,2018-04-19 06:01:00.422600
7513,201804196014227,PRIN,20,14,400,769,307600.00,2018-04-19 06:01:00.422700
7514,201804196014228,PRIN,20,1,100,770,77000.00,2018-04-19 06:01:00.422800
7515,201804196014229,PRIN,20,41,100,770,77000.00,2018-04-19 06:01:00.422900
7516,201804196014230,PRIN,20,50,100,772,77200.00,2018-04-19 06:01:00.423000
7517,201804196013564,PRIN,1,58,135,765,103275.00,2018-04-19 06:01:00.356400
7518,201804196013565,PRIN,16,58,400,760,304000.00,2018-04-19 06:01:00.356500
7519,201804196013441,PRIN,33,51,100,770,77000.00,2018-04-19 06:01:00.344100
7520,201804196013442,PRIN,33,51,200,770,154000.00,2018-04-19 06:01:00.344200
7521,201804196013322,PRIN,1,48,65,765,49725.00,2018-04-19 06:01:00.332200
7522,201804196013323,PRIN,1,22,100,765,76500.00,2018-04-19 06:01:00.332300
7523,201804196013118,PRIN,51,41,100,760,76000.00,2018-04-19 06:01:00.311800
7524,201804196013021,PRIN,29,28,100,755,75500.00,2018-04-19 06:01:00.302100
7525,201804196012899,PRIN,43,28,100,755,75500.00,2018-04-19 06:01:00.289900
7526,201804196012866,PRIN,33,41,15,750,11250.00,2018-04-19 06:01:00.286600
7527,201804196012867,PRIN,33,36,100,750,75000.00,2018-04-19 06:01:00.286700
7528,201804196012832,PRIN,14,41,300,745,223500.00,2018-04-19 06:01:00.283200
7529,201804196012783,PRIN,14,28,100,749,74900.00,2018-04-19 06:01:00.278300
7530,201804196012520,PRIN,17,41,15,750,11250.00,2018-04-19 06:01:00.252000
7531,201804196012150,PRIN,19,38,100,742,74200.00,2018-04-19 06:01:00.215000
7532,201804196012151,PRIN,52,38,30,741,22230.00,2018-04-19 06:01:00.215100
7533,201804196012104,PRIN,39,41,100,750,75000.00,2018-04-19 06:01:00.210400
7534,201804196012105,PRIN,33,53,80,741,59280.00,2018-04-19 06:01:00.210500
7535,201804196012106,PRIN,42,53,37,740,27380.00,2018-04-19 06:01:00.210600
7536,201804196012073,PRIN,41,48,50,742,37100.00,2018-04-19 06:01:00.207300
7537,201804196012074,PRIN,33,48,120,741,88920.00,2018-04-19 06:01:00.207400
7538,201804196012009,PRIN,33,34,100,743,74300.00,2018-04-19 06:01:00.200900
7539,201804196011693,PRIN,17,39,30,750,22500.00,2018-04-19 06:01:00.169300
7540,201804196011694,PRIN,17,41,70,750,52500.00,2018-04-19 06:01:00.169400
7541,201804196011646,PRIN,29,8,100,755,75500.00,2018-04-19 06:01:00.164600
7542,201804196011666,PRIN,16,39,200,750,150000.00,2018-04-19 06:01:00.166600
7543,201804196011429,PRIN,33,38,320,764,244480.00,2018-04-19 06:01:00.142900
7544,201804196011156,PRIN,16,6,10,779,7790.00,2018-04-19 06:01:00.115600
7545,201804196011082,PRIN,33,34,200,762,152400.00,2018-04-19 06:01:00.108200
7546,201804196011083,PRIN,33,47,100,763,76300.00,2018-04-19 06:01:00.108300
7547,201804196011084,PRIN,33,8,50,764,38200.00,2018-04-19 06:01:00.108400
7548,201804196011085,PRIN,33,51,270,765,206550.00,2018-04-19 06:01:00.108500
7549,201804196010909,PRIN,35,48,10,750,7500.00,2018-04-19 06:01:00.090900
7550,201804196010910,PRIN,45,48,375,750,281250.00,2018-04-19 06:01:00.091000
7551,201804196010911,PRIN,44,48,50,750,37500.00,2018-04-19 06:01:00.091100
7552,201804196010837,PRIN,45,1,49,750,36750.00,2018-04-19 06:01:00.083700
7553,201804196010845,PRIN,45,21,76,750,57000.00,2018-04-19 06:01:00.084500
7554,201804196010756,PRIN,19,39,70,750,52500.00,2018-04-19 06:01:00.075600
7555,201804186010322,PRIN,32,7,50,751,37550.00,2018-04-18 06:01:00.032200
7556,201804186010323,PRIN,32,7,250,750,187500.00,2018-04-18 06:01:00.032300
7557,201804186010031,PRIN,20,41,100,747,74700.00,2018-04-18 06:01:00.003100
7558,201804186009855,PRIN,16,53,200,745,149000.00,2018-04-18 06:00:00.985500
7559,201804186009822,PRIN,58,26,58,747,43326.00,2018-04-18 06:00:00.982200
7560,201804186009823,PRIN,42,26,300,747,224100.00,2018-04-18 06:00:00.982300
7561,201804186009824,PRIN,28,26,30,747,22410.00,2018-04-18 06:00:00.982400
7562,201804186009825,PRIN,8,26,112,745,83440.00,2018-04-18 06:00:00.982500
7563,201804186009752,PRIN,52,26,200,750,150000.00,2018-04-18 06:00:00.975200
7564,201804186009775,PRIN,55,7,82,748,61336.00,2018-04-18 06:00:00.977500
7565,201804186009776,PRIN,58,7,87,747,64989.00,2018-04-18 06:00:00.977600
7566,201804186009614,PRIN,33,38,50,748,37400.00,2018-04-18 06:00:00.961400
7567,201804186009615,PRIN,55,38,68,748,50864.00,2018-04-18 06:00:00.961500
7568,201804186009435,PRIN,44,38,100,750,75000.00,2018-04-18 06:00:00.943500
7569,201804186009486,PRIN,40,38,200,748,149600.00,2018-04-18 06:00:00.948600
7570,201804186008976,PRIN,6,20,45,750,33750.00,2018-04-18 06:00:00.897600
7571,201804186008977,PRIN,36,20,100,750,75000.00,2018-04-18 06:00:00.897700
7572,201804186008978,PRIN,17,20,100,750,75000.00,2018-04-18 06:00:00.897800
7573,201804186008979,PRIN,50,20,100,748,74800.00,2018-04-18 06:00:00.897900
7574,201804186008980,PRIN,50,20,50,748,37400.00,2018-04-18 06:00:00.898000
7575,201804186008981,PRIN,58,20,105,747,78435.00,2018-04-18 06:00:00.898100
7576,201804186008839,PRIN,37,36,85,756,64260.00,2018-04-18 06:00:00.883900
7577,201804186008840,PRIN,53,36,100,755,75500.00,2018-04-18 06:00:00.884000
7578,201804186008841,PRIN,53,36,100,751,75100.00,2018-04-18 06:00:00.884100
7579,201804186008842,PRIN,19,36,50,750,37500.00,2018-04-18 06:00:00.884200
7580,201804186008843,PRIN,3,36,200,750,150000.00,2018-04-18 06:00:00.884300
7581,201804186008844,PRIN,57,36,20,750,15000.00,2018-04-18 06:00:00.884400
7582,201804186008845,PRIN,6,36,55,750,41250.00,2018-04-18 06:00:00.884500
7583,201804186008692,PRIN,20,42,64,757,48448.00,2018-04-18 06:00:00.869200
7584,201804186008693,PRIN,40,42,55,757,41635.00,2018-04-18 06:00:00.869300
7585,201804186008754,PRIN,40,42,145,757,109765.00,2018-04-18 06:00:00.875400
7586,201804186008755,PRIN,58,42,20,756,15120.00,2018-04-18 06:00:00.875500
7587,201804186008756,PRIN,37,42,415,756,313740.00,2018-04-18 06:00:00.875600
7588,201804186008619,PRIN,34,5,100,758,75800.00,2018-04-18 06:00:00.861900
7589,201804186008591,PRIN,38,42,10,760,7600.00,2018-04-18 06:00:00.859100
7590,201804186008510,PRIN,26,42,10,762,7620.00,2018-04-18 06:00:00.851000
7591,201804186008431,PRIN,29,22,30,766,22980.00,2018-04-18 06:00:00.843100
7592,201804186008432,PRIN,29,25,40,769,30760.00,2018-04-18 06:00:00.843200
7593,201804186008313,PRIN,58,22,100,766,76600.00,2018-04-18 06:00:00.831300
7594,201804186008346,PRIN,34,22,200,766,153200.00,2018-04-18 06:00:00.834600
7595,201804186008171,PRIN,50,38,100,771,77100.00,2018-04-18 06:00:00.817100
7596,201804186007992,PRIN,45,6,250,765,191250.00,2018-04-18 06:00:00.799200
7597,201804186008001,PRIN,28,28,100,766,76600.00,2018-04-18 06:00:00.800100
7598,201804186008002,PRIN,28,22,100,770,77000.00,2018-04-18 06:00:00.800200
7599,201804186008003,PRIN,28,48,200,770,154000.00,2018-04-18 06:00:00.800300
7600,201804186007819,PRIN,37,46,110,766,84260.00,2018-04-18 06:00:00.781900
7601,201804186007820,PRIN,45,46,500,765,382500.00,2018-04-18 06:00:00.782000
7602,201804186007821,PRIN,45,46,30,765,22950.00,2018-04-18 06:00:00.782100
7603,201804186007822,PRIN,45,46,30,765,22950.00,2018-04-18 06:00:00.782200
7604,201804186007823,PRIN,19,46,36,765,27540.00,2018-04-18 06:00:00.782300
7605,201804186007839,PRIN,19,58,150,765,114750.00,2018-04-18 06:00:00.783900
7606,201804186007842,PRIN,19,59,14,765,10710.00,2018-04-18 06:00:00.784200
7607,201804186007843,PRIN,36,59,200,765,153000.00,2018-04-18 06:00:00.784300
7608,201804186007844,PRIN,45,59,286,765,218790.00,2018-04-18 06:00:00.784400
7609,201804186007706,PRIN,46,41,10,767,7670.00,2018-04-18 06:00:00.770600
7610,201804186007707,PRIN,19,41,150,767,115050.00,2018-04-18 06:00:00.770700
7611,201804186007708,PRIN,22,41,100,766,76600.00,2018-04-18 06:00:00.770800
7612,201804186007709,PRIN,28,41,100,766,76600.00,2018-04-18 06:00:00.770900
7613,201804186007710,PRIN,48,41,50,766,38300.00,2018-04-18 06:00:00.771000
7614,201804186007711,PRIN,37,41,90,766,68940.00,2018-04-18 06:00:00.771100
7615,201804186007381,PRIN,33,22,100,770,77000.00,2018-04-18 06:00:00.738100
7616,201804186007382,PRIN,36,22,200,770,154000.00,2018-04-18 06:00:00.738200
7617,201804186007302,PRIN,36,50,200,770,154000.00,2018-04-18 06:00:00.730200
7618,201804186007153,PRIN,32,38,100,771,77100.00,2018-04-18 06:00:00.715300
7619,201804186006084,PRIN,32,32,150,768,115200.00,2018-04-18 06:00:00.608400
7620,201804186005896,PRIN,57,22,20,771,15420.00,2018-04-18 06:00:00.589600
7621,201804186005897,PRIN,21,22,100,770,77000.00,2018-04-18 06:00:00.589700
7622,201804186005898,PRIN,8,22,100,770,77000.00,2018-04-18 06:00:00.589800
7623,201804186005845,PRIN,57,28,80,771,61680.00,2018-04-18 06:00:00.584500
7624,201804186005726,PRIN,32,26,50,772,38600.00,2018-04-18 06:00:00.572600
7625,201804186005429,PRIN,21,8,50,774,38700.00,2018-04-18 06:00:00.542900
7626,201804186005000,PRIN,45,34,350,774,270900.00,2018-04-18 06:00:00.500000
7627,201804186004768,PRIN,57,8,50,771,38550.00,2018-04-18 06:00:00.476800
7628,201804186004654,PRIN,57,34,200,774,154800.00,2018-04-18 06:00:00.465400
7629,201804186004573,PRIN,19,7,53,771,40863.00,2018-04-18 06:00:00.457300
7630,201804186004575,PRIN,19,29,100,772,77200.00,2018-04-18 06:00:00.457500
7631,201804186004441,PRIN,21,49,100,770,77000.00,2018-04-18 06:00:00.444100
7632,201804186004452,PRIN,45,49,400,770,308000.00,2018-04-18 06:00:00.445200
7633,201804186004353,PRIN,45,42,300,769,230700.00,2018-04-18 06:00:00.435300
7634,201804186004377,PRIN,45,49,500,770,385000.00,2018-04-18 06:00:00.437700
7635,201804186004296,PRIN,46,17,50,767,38350.00,2018-04-18 06:00:00.429600
7636,201804186004309,PRIN,34,52,200,768,153600.00,2018-04-18 06:00:00.430900
7637,201804186004253,PRIN,10,17,100,767,76700.00,2018-04-18 06:00:00.425300
7638,201804186003816,PRIN,20,51,36,757,27252.00,2018-04-18 06:00:00.381600
7639,201804186003801,PRIN,17,49,35,760,26600.00,2018-04-18 06:00:00.380100
7640,201804186003740,PRIN,51,49,50,761,38050.00,2018-04-18 06:00:00.374000
7641,201804186003741,PRIN,35,49,10,761,7610.00,2018-04-18 06:00:00.374100
7642,201804186003742,PRIN,41,49,15,760,11400.00,2018-04-18 06:00:00.374200
7643,201804186003743,PRIN,53,49,200,760,152000.00,2018-04-18 06:00:00.374300
7644,201804186003758,PRIN,11,49,20,760,15200.00,2018-04-18 06:00:00.375800
7645,201804186003706,PRIN,25,57,100,760,76000.00,2018-04-18 06:00:00.370600
7646,201804186003695,PRIN,34,17,23,763,17549.00,2018-04-18 06:00:00.369500
7647,201804186003518,PRIN,41,21,85,760,64600.00,2018-04-18 06:00:00.351800
7648,201804186003451,PRIN,36,17,77,763,58751.00,2018-04-18 06:00:00.345100
7649,201804186003391,PRIN,36,14,100,763,76300.00,2018-04-18 06:00:00.339100
7650,201804186003317,PRIN,10,51,114,765,87210.00,2018-04-18 06:00:00.331700
7651,201804186003252,PRIN,26,51,50,765,38250.00,2018-04-18 06:00:00.325200
7652,201804186003259,PRIN,35,51,20,765,15300.00,2018-04-18 06:00:00.325900
7653,201804186003197,PRIN,36,49,23,763,17549.00,2018-04-18 06:00:00.319700
7654,201804186003136,PRIN,7,36,53,766,40598.00,2018-04-18 06:00:00.313600
7655,201804186003137,PRIN,42,36,417,765,319005.00,2018-04-18 06:00:00.313700
7656,201804186003140,PRIN,42,51,16,765,12240.00,2018-04-18 06:00:00.314000
7657,201804186003153,PRIN,42,10,30,764,22920.00,2018-04-18 06:00:00.315300
7658,201804186003029,PRIN,32,53,17,770,13090.00,2018-04-18 06:00:00.302900
7659,201804186003045,PRIN,32,28,33,770,25410.00,2018-04-18 06:00:00.304500
7660,201804186003046,PRIN,42,28,67,765,51255.00,2018-04-18 06:00:00.304600
7661,201804186003011,PRIN,44,58,100,770,77000.00,2018-04-18 06:00:00.301100
7662,201804186003020,PRIN,45,53,33,770,25410.00,2018-04-18 06:00:00.302000
7663,201804186002909,PRIN,45,47,100,770,77000.00,2018-04-18 06:00:00.290900
7664,201804186002870,PRIN,45,35,100,779,77900.00,2018-04-18 06:00:00.287000
7665,201804186002871,PRIN,37,19,20,775,15500.00,2018-04-18 06:00:00.287100
7666,201804186002872,PRIN,45,19,80,770,61600.00,2018-04-18 06:00:00.287200
7667,201804186002663,PRIN,57,49,100,780,78000.00,2018-04-18 06:00:00.266300
7668,201804186002604,PRIN,26,53,42,777,32634.00,2018-04-18 06:00:00.260400
7669,201804186002605,PRIN,26,33,35,779,27265.00,2018-04-18 06:00:00.260500
7670,201804186002606,PRIN,26,49,23,780,17940.00,2018-04-18 06:00:00.260600
7671,201804186002553,PRIN,44,33,50,779,38950.00,2018-04-18 06:00:00.255300
7672,201804186002554,PRIN,44,49,50,780,39000.00,2018-04-18 06:00:00.255400
7673,201804186002559,PRIN,45,32,20,778,15560.00,2018-04-18 06:00:00.255900
7674,201804186002576,PRIN,45,53,13,778,10114.00,2018-04-18 06:00:00.257600
7675,201804186002523,PRIN,21,49,61,780,47580.00,2018-04-18 06:00:00.252300
7676,201804186002524,PRIN,43,49,100,780,78000.00,2018-04-18 06:00:00.252400
7677,201804186002543,PRIN,5,33,50,779,38950.00,2018-04-18 06:00:00.254300
7678,201804186002549,PRIN,5,33,50,779,38950.00,2018-04-18 06:00:00.254900
7679,201804186002514,PRIN,22,22,100,781,78100.00,2018-04-18 06:00:00.251400
7680,201804186002467,PRIN,21,25,139,780,108420.00,2018-04-18 06:00:00.246700
7681,201804186002390,PRIN,53,44,50,785,39250.00,2018-04-18 06:00:00.239000
7682,201804186002341,PRIN,49,50,200,780,156000.00,2018-04-18 06:00:00.234100
7683,201804186002272,PRIN,53,22,50,790,39500.00,2018-04-18 06:00:00.227200
7684,201804186002273,PRIN,53,22,50,790,39500.00,2018-04-18 06:00:00.227300
7685,201804186002223,PRIN,45,50,337,778,262186.00,2018-04-18 06:00:00.222300
7686,201804186002224,PRIN,45,53,230,778,178940.00,2018-04-18 06:00:00.222400
7687,201804186002233,PRIN,45,34,17,779,13243.00,2018-04-18 06:00:00.223300
7688,201804186002234,PRIN,45,44,300,779,233700.00,2018-04-18 06:00:00.223400
7689,201804186002235,PRIN,45,21,100,779,77900.00,2018-04-18 06:00:00.223500
7690,201804186002236,PRIN,45,8,50,780,39000.00,2018-04-18 06:00:00.223600
7691,201804186002237,PRIN,45,8,20,785,15700.00,2018-04-18 06:00:00.223700
7692,201804186002208,PRIN,45,39,200,775,155000.00,2018-04-18 06:00:00.220800
7693,201804186002215,PRIN,10,25,50,777,38850.00,2018-04-18 06:00:00.221500
7694,201804186002216,PRIN,10,34,53,777,41181.00,2018-04-18 06:00:00.221600
7695,201804186002100,PRIN,57,56,100,765,76500.00,2018-04-18 06:00:00.210000
7696,201804186002101,PRIN,45,56,150,763,114450.00,2018-04-18 06:00:00.210100
7697,201804186002102,PRIN,53,56,100,762,76200.00,2018-04-18 06:00:00.210200
7698,201804186002103,PRIN,22,56,150,762,114300.00,2018-04-18 06:00:00.210300
7699,201804186002104,PRIN,17,56,100,761,76100.00,2018-04-18 06:00:00.210400
7700,201804186002105,PRIN,45,56,200,760,152000.00,2018-04-18 06:00:00.210500
7701,201804186002106,PRIN,29,56,500,760,380000.00,2018-04-18 06:00:00.210600
7702,201804186002068,PRIN,10,52,200,775,155000.00,2018-04-18 06:00:00.206800
7703,201804186002083,PRIN,10,42,100,775,77500.00,2018-04-18 06:00:00.208300
7704,201804186001854,PRIN,45,34,100,779,77900.00,2018-04-18 06:00:00.185400
7705,201804186001860,PRIN,26,21,50,778,38900.00,2018-04-18 06:00:00.186000
7706,201804186001861,PRIN,17,21,50,778,38900.00,2018-04-18 06:00:00.186100
7707,201804186001787,PRIN,57,25,100,778,77800.00,2018-04-18 06:00:00.178700
7708,201804186001732,PRIN,57,22,17,778,13226.00,2018-04-18 06:00:00.173200
7709,201804186001733,PRIN,57,34,83,779,64657.00,2018-04-18 06:00:00.173300
7710,201804186001693,PRIN,1,25,17,777,13209.00,2018-04-18 06:00:00.169300
7711,201804186001694,PRIN,1,22,183,778,142374.00,2018-04-18 06:00:00.169400
7712,201804186001600,PRIN,36,50,38,765,29070.00,2018-04-18 06:00:00.160000
7713,201804186001601,PRIN,36,44,79,770,60830.00,2018-04-18 06:00:00.160100
7714,201804186001602,PRIN,36,6,100,774,77400.00,2018-04-18 06:00:00.160200
7715,201804186001603,PRIN,36,11,100,775,77500.00,2018-04-18 06:00:00.160300
7716,201804186001604,PRIN,36,25,483,777,375291.00,2018-04-18 06:00:00.160400
7717,201804186001476,PRIN,48,38,100,765,76500.00,2018-04-18 06:00:00.147600
7718,201804186001399,PRIN,11,53,230,759,174570.00,2018-04-18 06:00:00.139900
7719,201804186001400,PRIN,11,17,100,760,76000.00,2018-04-18 06:00:00.140000
7720,201804186001401,PRIN,11,17,100,760,76000.00,2018-04-18 06:00:00.140100
7721,201804186001307,PRIN,38,33,200,755,151000.00,2018-04-18 06:00:00.130700
7722,201804186001308,PRIN,38,34,120,755,90600.00,2018-04-18 06:00:00.130800
7723,201804186001335,PRIN,28,53,50,759,37950.00,2018-04-18 06:00:00.133500
7724,201804186001369,PRIN,32,53,200,759,151800.00,2018-04-18 06:00:00.136900
7725,201804186001372,PRIN,54,53,20,759,15180.00,2018-04-18 06:00:00.137200
7726,201804186001288,PRIN,34,35,29,753,21837.00,2018-04-18 06:00:00.128800
7727,201804186001289,PRIN,34,55,200,754,150800.00,2018-04-18 06:00:00.128900
7728,201804186001258,PRIN,47,34,29,753,21837.00,2018-04-18 06:00:00.125800
7729,201804186001259,PRIN,47,35,71,753,53463.00,2018-04-18 06:00:00.125900
7730,201804186001104,PRIN,3,28,100,748,74800.00,2018-04-18 06:00:00.110400
7731,201804186000975,PRIN,38,53,103,750,77250.00,2018-04-18 06:00:00.097500
7732,201804186000976,PRIN,38,51,50,752,37600.00,2018-04-18 06:00:00.097600
7733,201804186000895,PRIN,8,55,50,745,37250.00,2018-04-18 06:00:00.089500
7734,201804186000837,PRIN,22,45,348,746,259608.00,2018-04-18 06:00:00.083700
7735,201804186000815,PRIN,17,45,10,746,7460.00,2018-04-18 06:00:00.081500
7736,201804186000816,PRIN,41,51,50,744,37200.00,2018-04-18 06:00:00.081600
7737,201804186000768,PRIN,22,51,100,744,74400.00,2018-04-18 06:00:00.076800
7738,201804186000670,PRIN,14,58,100,744,74400.00,2018-04-18 06:00:00.067000
7739,201804186000687,PRIN,16,58,200,744,148800.00,2018-04-18 06:00:00.068700
7740,201804186000692,PRIN,16,38,30,744,22320.00,2018-04-18 06:00:00.069200
7741,201804186000620,PRIN,28,21,78,745,58110.00,2018-04-18 06:00:00.062000
7742,201804186000626,PRIN,28,45,42,745,31290.00,2018-04-18 06:00:00.062600
7743,201804186000552,PRIN,28,16,30,745,22350.00,2018-04-18 06:00:00.055200
7744,201804186000501,PRIN,22,34,50,747,37350.00,2018-04-18 06:00:00.050100
7745,201804186000428,PRIN,39,34,47,748,35156.00,2018-04-18 06:00:00.042800
7746,201804186000429,PRIN,55,34,50,748,37400.00,2018-04-18 06:00:00.042900
7747,201804186000430,PRIN,57,34,100,747,74700.00,2018-04-18 06:00:00.043000
7748,201804186000431,PRIN,39,34,100,747,74700.00,2018-04-18 06:00:00.043100
7749,201804186000453,PRIN,44,53,100,740,74000.00,2018-04-18 06:00:00.045300
7750,201804186000454,PRIN,55,53,100,740,74000.00,2018-04-18 06:00:00.045400
7751,201804186000460,PRIN,28,35,50,745,37250.00,2018-04-18 06:00:00.046000
7752,201804186000411,PRIN,10,57,150,751,112650.00,2018-04-18 06:00:00.041100
7753,201804186000412,PRIN,10,51,50,752,37600.00,2018-04-18 06:00:00.041200
7754,201804186000422,PRIN,55,38,50,748,37400.00,2018-04-18 06:00:00.042200
7755,201804186000249,PRIN,19,55,67,750,50250.00,2018-04-18 06:00:00.024900
7756,201804186000294,PRIN,39,5,100,748,74800.00,2018-04-18 06:00:00.029400
7757,201804186000069,PRIN,19,49,63,750,47250.00,2018-04-18 06:00:00.006900
7758,201804186000102,PRIN,19,39,70,750,52500.00,2018-04-18 06:00:00.010200
7759,201804186000008,PRIN,25,49,50,753,37650.00,2018-04-18 06:00:00.000800
7760,201804186000009,PRIN,53,49,50,752,37600.00,2018-04-18 06:00:00.000900
7761,201804186000010,PRIN,46,49,100,752,75200.00,2018-04-18 06:00:00.001000
7762,201804186000011,PRIN,22,49,37,751,27787.00,2018-04-18 06:00:00.001100
7763,201804186000012,PRIN,46,49,100,751,75100.00,2018-04-18 06:00:00.001200
7764,201804186000013,PRIN,22,49,500,751,375500.00,2018-04-18 06:00:00.001300
7765,201804186000014,PRIN,8,49,200,750,150000.00,2018-04-18 06:00:00.001400
7766,201804186000015,PRIN,25,49,100,750,75000.00,2018-04-18 06:00:00.001500
7767,201804186000016,PRIN,50,49,500,750,375000.00,2018-04-18 06:00:00.001600
7768,201804186000050,PRIN,14,44,50,748,37400.00,2018-04-18 06:00:00.005000
7769,201804186000051,PRIN,39,44,53,748,39644.00,2018-04-18 06:00:00.005100
7770,201804185999997,PRIN,53,50,100,757,75700.00,2018-04-18 05:09:00.999970
7771,201804186000002,PRIN,53,33,100,758,75800.00,2018-04-18 06:00:00.000200
7772,201804185999845,PRIN,20,47,50,751,37550.00,2018-04-18 05:09:00.998450
7773,201804185999846,PRIN,22,47,500,751,375500.00,2018-04-18 05:09:00.998460
7774,201804185999847,PRIN,22,47,50,751,37550.00,2018-04-18 05:09:00.998470
7775,201804185999802,PRIN,22,40,36,755,27180.00,2018-04-18 05:09:00.998020
7776,201804185999819,PRIN,22,28,27,755,20385.00,2018-04-18 05:09:00.998190
7777,201804185999750,PRIN,20,43,50,751,37550.00,2018-04-18 05:09:00.997500
7778,201804185999781,PRIN,32,40,100,755,75500.00,2018-04-18 05:09:00.997810
7779,201804185999701,PRIN,17,40,300,755,226500.00,2018-04-18 05:09:00.997010
7780,201804185999605,PRIN,57,50,50,760,38000.00,2018-04-18 05:09:00.996050
7781,201804185999606,PRIN,21,50,400,757,302800.00,2018-04-18 05:09:00.996060
7782,201804185999609,PRIN,37,40,400,756,302400.00,2018-04-18 05:09:00.996090
7783,201804185999610,PRIN,22,40,100,755,75500.00,2018-04-18 05:09:00.996100
7784,201804185999611,PRIN,47,40,100,755,75500.00,2018-04-18 05:09:00.996110
7785,201804185999612,PRIN,22,40,100,755,75500.00,2018-04-18 05:09:00.996120
7786,201804185999613,PRIN,49,40,100,755,75500.00,2018-04-18 05:09:00.996130
7787,201804185999620,PRIN,43,40,50,755,37750.00,2018-04-18 05:09:00.996200
7788,201804185999654,PRIN,51,40,100,755,75500.00,2018-04-18 05:09:00.996540
7789,201804185999669,PRIN,41,40,150,755,113250.00,2018-04-18 05:09:00.996690
7790,201804185999498,PRIN,51,53,100,765,76500.00,2018-04-18 05:09:00.994980
7791,201804185999352,PRIN,42,53,100,762,76200.00,2018-04-18 05:09:00.993520
7792,201804185999311,PRIN,7,35,100,760,76000.00,2018-04-18 05:09:00.993110
7793,201804185999328,PRIN,35,44,100,760,76000.00,2018-04-18 05:09:00.993280
7794,201804185999187,PRIN,45,28,100,765,76500.00,2018-04-18 05:09:00.991870
7795,201804185999188,PRIN,45,28,100,760,76000.00,2018-04-18 05:09:00.991880
7796,201804185999189,PRIN,35,28,100,760,76000.00,2018-04-18 05:09:00.991890
7797,201804185999081,PRIN,14,53,200,770,154000.00,2018-04-18 05:09:00.990810
7798,201804185999094,PRIN,16,10,150,770,115500.00,2018-04-18 05:09:00.990940
7799,201804185999095,PRIN,51,10,500,763,381500.00,2018-04-18 05:09:00.990950
7800,201804185998877,PRIN,20,28,100,778,77800.00,2018-04-18 05:09:00.988770
7801,201804175998694,PRIN,16,37,100,770,77000.00,2018-04-17 05:09:00.986940
7802,201804175998466,PRIN,20,8,20,770,15400.00,2018-04-17 05:09:00.984660
7803,201804175998364,PRIN,25,38,28,765,21420.00,2018-04-17 05:09:00.983640
7804,201804175998385,PRIN,25,56,100,775,77500.00,2018-04-17 05:09:00.983850
7805,201804175998392,PRIN,52,56,100,775,77500.00,2018-04-17 05:09:00.983920
7806,201804175998301,PRIN,57,56,100,770,77000.00,2018-04-17 05:09:00.983010
7807,201804175998302,PRIN,57,45,100,775,77500.00,2018-04-17 05:09:00.983020
7808,201804175998215,PRIN,51,8,20,769,15380.00,2018-04-17 05:09:00.982150
7809,201804175998261,PRIN,47,8,30,769,23070.00,2018-04-17 05:09:00.982610
7810,201804175998290,PRIN,47,34,70,770,53900.00,2018-04-17 05:09:00.982900
7811,201804175998291,PRIN,20,34,30,770,23100.00,2018-04-17 05:09:00.982910
7812,201804175998044,PRIN,21,53,119,773,91987.00,2018-04-17 05:09:00.980440
7813,201804175998045,PRIN,21,17,50,774,38700.00,2018-04-17 05:09:00.980450
7814,201804175998046,PRIN,21,22,21,774,16254.00,2018-04-17 05:09:00.980460
7815,201804175998016,PRIN,45,40,30,770,23100.00,2018-04-17 05:09:00.980160
7816,201804175998017,PRIN,19,40,170,762,129540.00,2018-04-17 05:09:00.980170
7817,201804175997906,PRIN,45,53,390,762,297180.00,2018-04-17 05:09:00.979060
7818,201804175997907,PRIN,45,19,80,769,61520.00,2018-04-17 05:09:00.979070
7819,201804175997933,PRIN,21,21,200,770,154000.00,2018-04-17 05:09:00.979330
7820,201804175997882,PRIN,53,28,100,759,75900.00,2018-04-17 05:09:00.978820
7821,201804175997816,PRIN,53,28,30,755,22650.00,2018-04-17 05:09:00.978160
7822,201804175997311,PRIN,10,56,100,754,75400.00,2018-04-17 05:09:00.973110
7823,201804175997312,PRIN,10,22,100,754,75400.00,2018-04-17 05:09:00.973120
7824,201804175997313,PRIN,10,6,100,755,75500.00,2018-04-17 05:09:00.973130
7825,201804175997279,PRIN,10,7,50,753,37650.00,2018-04-17 05:09:00.972790
7826,201804175997170,PRIN,10,28,50,748,37400.00,2018-04-17 05:09:00.971700
7827,201804175997171,PRIN,10,43,200,749,149800.00,2018-04-17 05:09:00.971710
7828,201804175997172,PRIN,10,32,100,751,75100.00,2018-04-17 05:09:00.971720
7829,201804175997173,PRIN,10,28,200,752,150400.00,2018-04-17 05:09:00.971730
7830,201804175997184,PRIN,10,37,200,753,150600.00,2018-04-17 05:09:00.971840
7831,201804175997185,PRIN,10,43,200,753,150600.00,2018-04-17 05:09:00.971850
7832,201804175997097,PRIN,34,11,50,740,37000.00,2018-04-17 05:09:00.970970
7833,201804175997123,PRIN,34,37,50,740,37000.00,2018-04-17 05:09:00.971230
7834,201804175997124,PRIN,46,37,90,738,66420.00,2018-04-17 05:09:00.971240
7835,201804175997034,PRIN,35,44,100,740,74000.00,2018-04-17 05:09:00.970340
7836,201804175997052,PRIN,35,44,20,740,14800.00,2018-04-17 05:09:00.970520
7837,201804175996964,PRIN,22,44,30,741,22230.00,2018-04-17 05:09:00.969640
7838,201804175996965,PRIN,59,44,50,740,37000.00,2018-04-17 05:09:00.969650
7839,201804175996968,PRIN,19,44,100,740,74000.00,2018-04-17 05:09:00.969680
7840,201804175996943,PRIN,32,6,100,741,74100.00,2018-04-17 05:09:00.969430
7841,201804175996882,PRIN,46,39,139,738,102582.00,2018-04-17 05:09:00.968820
7842,201804175996798,PRIN,53,39,100,740,74000.00,2018-04-17 05:09:00.967980
7843,201804175996809,PRIN,59,39,10,740,7400.00,2018-04-17 05:09:00.968090
7844,201804175996810,PRIN,59,39,20,740,14800.00,2018-04-17 05:09:00.968100
7845,201804175996675,PRIN,59,57,30,740,22200.00,2018-04-17 05:09:00.966750
7846,201804175996642,PRIN,55,26,10,742,7420.00,2018-04-17 05:09:00.966420
7847,201804175996643,PRIN,35,26,50,742,37100.00,2018-04-17 05:09:00.966430
7848,201804175996644,PRIN,6,26,100,741,74100.00,2018-04-17 05:09:00.966440
7849,201804175996645,PRIN,59,26,40,740,29600.00,2018-04-17 05:09:00.966450
7850,201804175996581,PRIN,32,6,5,745,3725.00,2018-04-17 05:09:00.965810
7851,201804175996590,PRIN,33,28,160,743,118880.00,2018-04-17 05:09:00.965900
7852,201804175996591,PRIN,28,28,24,743,17832.00,2018-04-17 05:09:00.965910
7853,201804175996515,PRIN,33,56,40,743,29720.00,2018-04-17 05:09:00.965150
7854,201804175996508,PRIN,32,56,40,745,29800.00,2018-04-17 05:09:00.965080
7855,201804175996509,PRIN,50,56,20,744,14880.00,2018-04-17 05:09:00.965090
7856,201804175996510,PRIN,46,56,100,744,74400.00,2018-04-17 05:09:00.965100
7857,201804175996476,PRIN,32,32,50,745,37250.00,2018-04-17 05:09:00.964760
7858,201804175996431,PRIN,32,49,20,745,14900.00,2018-04-17 05:09:00.964310
7859,201804175996441,PRIN,32,49,20,745,14900.00,2018-04-17 05:09:00.964410
7860,201804175996361,PRIN,32,22,70,745,52150.00,2018-04-17 05:09:00.963610
7861,201804175996262,PRIN,50,41,200,746,149200.00,2018-04-17 05:09:00.962620
7862,201804175996016,PRIN,45,22,10,750,7500.00,2018-04-17 05:09:00.960160
7863,201804175996017,PRIN,44,22,210,747,156870.00,2018-04-17 05:09:00.960170
7864,201804175996018,PRIN,57,22,100,746,74600.00,2018-04-17 05:09:00.960180
7865,201804175996019,PRIN,16,22,200,745,149000.00,2018-04-17 05:09:00.960190
7866,201804175996020,PRIN,50,22,180,744,133920.00,2018-04-17 05:09:00.960200
7867,201804175995683,PRIN,36,56,238,749,178262.00,2018-04-17 05:09:00.956830
7868,201804175995684,PRIN,51,56,24,748,17952.00,2018-04-17 05:09:00.956840
7869,201804175995685,PRIN,5,56,40,748,29920.00,2018-04-17 05:09:00.956850
7870,201804175995698,PRIN,5,40,110,748,82280.00,2018-04-17 05:09:00.956980
7871,201804175995699,PRIN,44,40,290,747,216630.00,2018-04-17 05:09:00.956990
7872,201804175995645,PRIN,13,49,50,749,37450.00,2018-04-17 05:09:00.956450
7873,201804175995646,PRIN,36,49,62,749,46438.00,2018-04-17 05:09:00.956460
7874,201804175995665,PRIN,36,40,200,749,149800.00,2018-04-17 05:09:00.956650
7875,201804175995584,PRIN,21,58,10,752,7520.00,2018-04-17 05:09:00.955840
7876,201804175995585,PRIN,50,58,100,751,75100.00,2018-04-17 05:09:00.955850
7877,201804175995586,PRIN,50,58,200,750,150000.00,2018-04-17 05:09:00.955860
7878,201804175995587,PRIN,21,58,100,750,75000.00,2018-04-17 05:09:00.955870
7879,201804175995588,PRIN,42,58,50,750,37500.00,2018-04-17 05:09:00.955880
7880,201804175995498,PRIN,21,52,50,752,37600.00,2018-04-17 05:09:00.954980
7881,201804175995507,PRIN,21,53,40,752,30080.00,2018-04-17 05:09:00.955070
7882,201804175995485,PRIN,44,48,100,755,75500.00,2018-04-17 05:09:00.954850
7883,201804175995489,PRIN,17,37,10,756,7560.00,2018-04-17 05:09:00.954890
7884,201804175995490,PRIN,43,37,50,755,37750.00,2018-04-17 05:09:00.954900
7885,201804175995179,PRIN,17,32,30,756,22680.00,2018-04-17 05:09:00.951790
7886,201804175995118,PRIN,43,28,100,758,75800.00,2018-04-17 05:09:00.951180
7887,201804175995087,PRIN,6,56,100,760,76000.00,2018-04-17 05:09:00.950870
7888,201804175995050,PRIN,10,16,290,762,220980.00,2018-04-17 05:09:00.950500
7889,201804175995055,PRIN,10,53,10,762,7620.00,2018-04-17 05:09:00.950550
7890,201804175994885,PRIN,26,21,100,766,76600.00,2018-04-17 05:09:00.948850
7891,201804175994707,PRIN,26,40,200,765,153000.00,2018-04-17 05:09:00.947070
7892,201804175994708,PRIN,26,34,100,765,76500.00,2018-04-17 05:09:00.947080
7893,201804175994709,PRIN,26,50,100,766,76600.00,2018-04-17 05:09:00.947090
7894,201804175994543,PRIN,34,40,100,761,76100.00,2018-04-17 05:09:00.945430
7895,201804175994557,PRIN,1,47,100,760,76000.00,2018-04-17 05:09:00.945570
7896,201804175994246,PRIN,32,8,100,773,77300.00,2018-04-17 05:09:00.942460
7897,201804175994206,PRIN,21,50,100,761,76100.00,2018-04-17 05:09:00.942060
7898,201804175994211,PRIN,21,39,50,761,38050.00,2018-04-17 05:09:00.942110
7899,201804175994212,PRIN,14,39,100,760,76000.00,2018-04-17 05:09:00.942120
7900,201804175994213,PRIN,59,39,50,760,38000.00,2018-04-17 05:09:00.942130
7901,201804175994214,PRIN,25,39,100,760,76000.00,2018-04-17 05:09:00.942140
7902,201804175994215,PRIN,54,39,125,760,95000.00,2018-04-17 05:09:00.942150
7903,201804175994222,PRIN,17,39,260,760,197600.00,2018-04-17 05:09:00.942220
7904,201804175994114,PRIN,1,7,200,767,153400.00,2018-04-17 05:09:00.941140
7905,201804175993754,PRIN,1,22,100,770,77000.00,2018-04-17 05:09:00.937540
7906,201804175993756,PRIN,45,22,150,770,115500.00,2018-04-17 05:09:00.937560
7907,201804175993763,PRIN,36,39,50,768,38400.00,2018-04-17 05:09:00.937630
7908,201804175993764,PRIN,8,39,165,766,126390.00,2018-04-17 05:09:00.937640
7909,201804175993765,PRIN,26,39,100,765,76500.00,2018-04-17 05:09:00.937650
7910,201804175993766,PRIN,54,39,100,764,76400.00,2018-04-17 05:09:00.937660
7911,201804175993767,PRIN,21,39,200,762,152400.00,2018-04-17 05:09:00.937670
7912,201804175993768,PRIN,16,39,200,762,152400.00,2018-04-17 05:09:00.937680
7913,201804175993701,PRIN,44,22,200,770,154000.00,2018-04-17 05:09:00.937010
7914,201804175993360,PRIN,45,45,50,765,38250.00,2018-04-17 05:09:00.933600
7915,201804175993105,PRIN,19,49,20,776,15520.00,2018-04-17 05:09:00.931050
7916,201804175993106,PRIN,19,47,20,777,15540.00,2018-04-17 05:09:00.931060
7917,201804175993107,PRIN,19,1,100,777,77700.00,2018-04-17 05:09:00.931070
7918,201804175993131,PRIN,53,21,60,770,46200.00,2018-04-17 05:09:00.931310
7919,201804175993057,PRIN,45,7,20,771,15420.00,2018-04-17 05:09:00.930570
7920,201804175993058,PRIN,53,7,40,770,30800.00,2018-04-17 05:09:00.930580
7921,201804175993012,PRIN,45,7,30,771,23130.00,2018-04-17 05:09:00.930120
7922,201804175992249,PRIN,42,53,205,777,159285.00,2018-04-17 05:09:00.922490
7923,201804175992250,PRIN,42,53,200,777,155400.00,2018-04-17 05:09:00.922500
7924,201804175992208,PRIN,22,28,50,763,38150.00,2018-04-17 05:09:00.922080
7925,201804175992209,PRIN,22,8,50,765,38250.00,2018-04-17 05:09:00.922090
7926,201804175992210,PRIN,22,10,100,765,76500.00,2018-04-17 05:09:00.922100
7927,201804175992211,PRIN,22,40,200,765,153000.00,2018-04-17 05:09:00.922110
7928,201804175992234,PRIN,45,8,50,771,38550.00,2018-04-17 05:09:00.922340
7929,201804175992147,PRIN,20,55,100,761,76100.00,2018-04-17 05:09:00.921470
7930,201804175992148,PRIN,20,8,50,762,38100.00,2018-04-17 05:09:00.921480
7931,201804175992149,PRIN,20,8,25,762,19050.00,2018-04-17 05:09:00.921490
7932,201804175992150,PRIN,20,58,425,762,323850.00,2018-04-17 05:09:00.921500
7933,201804175992186,PRIN,6,58,105,762,80010.00,2018-04-17 05:09:00.921860
7934,201804175992189,PRIN,6,53,95,762,72390.00,2018-04-17 05:09:00.921890
7935,201804175992102,PRIN,22,40,200,760,152000.00,2018-04-17 05:09:00.921020
7936,201804175992048,PRIN,20,49,400,755,302000.00,2018-04-17 05:09:00.920480
7937,201804175992066,PRIN,21,52,35,756,26460.00,2018-04-17 05:09:00.920660
7938,201804175992083,PRIN,21,38,100,756,75600.00,2018-04-17 05:09:00.920830
7939,201804175991966,PRIN,32,53,250,753,188250.00,2018-04-17 05:09:00.919660
7940,201804175991923,PRIN,25,40,200,753,150600.00,2018-04-17 05:09:00.919230
7941,201804175991924,PRIN,25,51,100,754,75400.00,2018-04-17 05:09:00.919240
7942,201804175991925,PRIN,25,52,100,755,75500.00,2018-04-17 05:09:00.919250
7943,201804175991926,PRIN,25,49,600,755,453000.00,2018-04-17 05:09:00.919260
7944,201804175991949,PRIN,50,53,150,753,112950.00,2018-04-17 05:09:00.919490
7945,201804175991950,PRIN,50,53,100,753,75300.00,2018-04-17 05:09:00.919500
7946,201804175991880,PRIN,32,37,25,752,18800.00,2018-04-17 05:09:00.918800
7947,201804175991733,PRIN,50,53,100,750,75000.00,2018-04-17 05:09:00.917330
7948,201804175991705,PRIN,50,35,291,750,218250.00,2018-04-17 05:09:00.917050
7949,201804175991711,PRIN,50,13,150,750,112500.00,2018-04-17 05:09:00.917110
7950,201804175991718,PRIN,6,53,100,750,75000.00,2018-04-17 05:09:00.917180
7951,201804175991603,PRIN,8,58,35,749,26215.00,2018-04-17 05:09:00.916030
7952,201804175991608,PRIN,6,49,200,750,150000.00,2018-04-17 05:09:00.916080
7953,201804175991625,PRIN,32,8,30,751,22530.00,2018-04-17 05:09:00.916250
7954,201804175991645,PRIN,41,40,200,750,150000.00,2018-04-17 05:09:00.916450
7955,201804175991570,PRIN,50,53,75,749,56175.00,2018-04-17 05:09:00.915700
7956,201804175991571,PRIN,50,58,225,749,168525.00,2018-04-17 05:09:00.915710
7957,201804175991535,PRIN,50,25,200,748,149600.00,2018-04-17 05:09:00.915350
7958,201804175991500,PRIN,51,19,100,748,74800.00,2018-04-17 05:09:00.915000
7959,201804175991435,PRIN,8,44,140,747,104580.00,2018-04-17 05:09:00.914350
7960,201804175991351,PRIN,32,28,18,745,13410.00,2018-04-17 05:09:00.913510
7961,201804175991322,PRIN,46,44,450,747,336150.00,2018-04-17 05:09:00.913220
7962,201804175991215,PRIN,1,34,100,747,74700.00,2018-04-17 05:09:00.912150
7963,201804175991216,PRIN,1,22,100,748,74800.00,2018-04-17 05:09:00.912160
7964,201804175991223,PRIN,32,7,77,745,57365.00,2018-04-17 05:09:00.912230
7965,201804175990791,PRIN,57,8,25,748,18700.00,2018-04-17 05:09:00.907910
7966,201804175990792,PRIN,57,53,25,749,18725.00,2018-04-17 05:09:00.907920
7967,201804175990752,PRIN,14,40,200,743,148600.00,2018-04-17 05:09:00.907520
7968,201804175990692,PRIN,38,47,100,744,74400.00,2018-04-17 05:09:00.906920
7969,201804175990693,PRIN,38,11,200,745,149000.00,2018-04-17 05:09:00.906930
7970,201804175990694,PRIN,38,52,100,745,74500.00,2018-04-17 05:09:00.906940
7971,201804175990541,PRIN,55,53,32,742,23744.00,2018-04-17 05:09:00.905410
7972,201804175990542,PRIN,55,40,200,742,148400.00,2018-04-17 05:09:00.905420
7973,201804175990190,PRIN,14,40,18,741,13338.00,2018-04-17 05:09:00.901900
7974,201804175990191,PRIN,14,48,52,741,38532.00,2018-04-17 05:09:00.901910
7975,201804175990164,PRIN,14,34,70,740,51800.00,2018-04-17 05:09:00.901640
7976,201804175990165,PRIN,14,40,182,741,134862.00,2018-04-17 05:09:00.901650
7977,201804175990021,PRIN,26,39,20,737,14740.00,2018-04-17 05:09:00.900210
7978,201804175990022,PRIN,26,28,50,738,36900.00,2018-04-17 05:09:00.900220
7979,201804175990023,PRIN,26,21,100,738,73800.00,2018-04-17 05:09:00.900230
7980,201804175990024,PRIN,26,52,100,739,73900.00,2018-04-17 05:09:00.900240
7981,201804175990025,PRIN,26,6,62,739,45818.00,2018-04-17 05:09:00.900250
7982,201804175990026,PRIN,26,52,200,740,148000.00,2018-04-17 05:09:00.900260
7983,201804175990027,PRIN,26,53,168,742,124656.00,2018-04-17 05:09:00.900270
7984,201804175989811,PRIN,14,34,200,737,147400.00,2018-04-17 05:09:00.898110
7985,201804175989747,PRIN,22,7,100,737,73700.00,2018-04-17 05:09:00.897470
7986,201804175989748,PRIN,22,53,100,738,73800.00,2018-04-17 05:09:00.897480
7987,201804175989713,PRIN,6,53,70,735,51450.00,2018-04-17 05:09:00.897130
7988,201804175989714,PRIN,6,22,100,735,73500.00,2018-04-17 05:09:00.897140
7989,201804175989715,PRIN,6,44,500,736,368000.00,2018-04-17 05:09:00.897150
7990,201804175989654,PRIN,33,47,20,730,14600.00,2018-04-17 05:09:00.896540
7991,201804175989609,PRIN,40,38,200,725,145000.00,2018-04-17 05:09:00.896090
7992,201804175989610,PRIN,21,38,30,725,21750.00,2018-04-17 05:09:00.896100
7993,201804175989558,PRIN,36,38,10,728,7280.00,2018-04-17 05:09:00.895580
7994,201804175989559,PRIN,52,38,37,727,26899.00,2018-04-17 05:09:00.895590
7995,201804175989560,PRIN,53,38,100,726,72600.00,2018-04-17 05:09:00.895600
7996,201804175989561,PRIN,53,38,100,726,72600.00,2018-04-17 05:09:00.895610
7997,201804175989562,PRIN,29,38,23,726,16698.00,2018-04-17 05:09:00.895620
7998,201804175989483,PRIN,52,42,13,727,9451.00,2018-04-17 05:09:00.894830
7999,201804175989488,PRIN,53,52,200,726,145200.00,2018-04-17 05:09:00.894880
8000,201804175989456,PRIN,1,37,100,735,73500.00,2018-04-17 05:09:00.894560
8001,201804175989380,PRIN,41,53,130,730,94900.00,2018-04-17 05:09:00.893800
8002,201804175989395,PRIN,13,37,50,729,36450.00,2018-04-17 05:09:00.893950
8003,201804175989396,PRIN,51,37,100,728,72800.00,2018-04-17 05:09:00.893960
8004,201804175989397,PRIN,36,37,50,728,36400.00,2018-04-17 05:09:00.893970
8005,201804175989347,PRIN,41,29,20,735,14700.00,2018-04-17 05:09:00.893470
8006,201804175989348,PRIN,41,37,100,735,73500.00,2018-04-17 05:09:00.893480
8007,201804175989215,PRIN,34,44,485,737,357445.00,2018-04-17 05:09:00.892150
8008,201804175989198,PRIN,8,58,100,730,73000.00,2018-04-17 05:09:00.891980
8009,201804175989199,PRIN,39,58,50,729,36450.00,2018-04-17 05:09:00.891990
8010,201804175989200,PRIN,16,58,100,729,72900.00,2018-04-17 05:09:00.892000
8011,201804175989076,PRIN,45,58,50,739,36950.00,2018-04-17 05:09:00.890760
8012,201804175989085,PRIN,45,37,47,738,34686.00,2018-04-17 05:09:00.890850
8013,201804175989049,PRIN,39,4,50,729,36450.00,2018-04-17 05:09:00.890490
8014,201804175989057,PRIN,45,49,50,738,36900.00,2018-04-17 05:09:00.890570
8015,201804175988981,PRIN,51,4,100,728,72800.00,2018-04-17 05:09:00.889810
8016,201804175988957,PRIN,17,4,100,727,72700.00,2018-04-17 05:09:00.889570
8017,201804175988958,PRIN,6,4,50,726,36300.00,2018-04-17 05:09:00.889580
8018,201804175988959,PRIN,39,4,50,726,36300.00,2018-04-17 05:09:00.889590
8019,201804175988960,PRIN,25,4,100,726,72600.00,2018-04-17 05:09:00.889600
8020,201804175988961,PRIN,4,4,100,725,72500.00,2018-04-17 05:09:00.889610
8021,201804175988962,PRIN,51,4,90,725,65250.00,2018-04-17 05:09:00.889620
8022,201804175988963,PRIN,29,4,200,725,145000.00,2018-04-17 05:09:00.889630
8023,201804175988880,PRIN,10,52,25,735,18375.00,2018-04-17 05:09:00.888800
8024,201804175988826,PRIN,55,49,100,750,75000.00,2018-04-17 05:09:00.888260
8025,201804175988771,PRIN,25,33,100,739,73900.00,2018-04-17 05:09:00.887710
8026,201804165988574,PRIN,41,50,450,725,326250.00,2018-04-16 05:09:00.885740
8027,201804165988575,PRIN,41,42,110,725,79750.00,2018-04-16 05:09:00.885750
8028,201804165988576,PRIN,41,35,118,725,85550.00,2018-04-16 05:09:00.885760
8029,201804165988594,PRIN,34,35,100,725,72500.00,2018-04-16 05:09:00.885940
8030,201804165988654,PRIN,44,35,100,725,72500.00,2018-04-16 05:09:00.886540
8031,201804165988569,PRIN,34,7,189,725,137025.00,2018-04-16 05:09:00.885690
8032,201804165988570,PRIN,34,35,11,725,7975.00,2018-04-16 05:09:00.885700
8033,201804165988465,PRIN,56,20,300,721,216300.00,2018-04-16 05:09:00.884650
8034,201804165988506,PRIN,41,20,322,721,232162.00,2018-04-16 05:09:00.885060
8035,201804165988376,PRIN,6,20,60,721,43260.00,2018-04-16 05:09:00.883760
8036,201804165988397,PRIN,33,20,500,721,360500.00,2018-04-16 05:09:00.883970
8037,201804165988360,PRIN,36,40,300,720,216000.00,2018-04-16 05:09:00.883600
8038,201804165988361,PRIN,36,19,100,720,72000.00,2018-04-16 05:09:00.883610
8039,201804165988362,PRIN,36,50,200,720,144000.00,2018-04-16 05:09:00.883620
8040,201804165988365,PRIN,36,55,119,720,85680.00,2018-04-16 05:09:00.883650
8041,201804165988291,PRIN,45,43,100,719,71900.00,2018-04-16 05:09:00.882910
8042,201804165988174,PRIN,20,43,500,713,356500.00,2018-04-16 05:09:00.881740
8043,201804165988175,PRIN,8,43,100,713,71300.00,2018-04-16 05:09:00.881750
8044,201804165988195,PRIN,59,40,200,720,144000.00,2018-04-16 05:09:00.881950
8045,201804165988138,PRIN,59,56,100,717,71700.00,2018-04-16 05:09:00.881380
8046,201804165988165,PRIN,59,29,200,718,143600.00,2018-04-16 05:09:00.881650
8047,201804165987907,PRIN,22,56,30,712,21360.00,2018-04-16 05:09:00.879070
8048,201804165987908,PRIN,5,56,100,711,71100.00,2018-04-16 05:09:00.879080
8049,201804165987909,PRIN,44,56,160,710,113600.00,2018-04-16 05:09:00.879090
8050,201804165987831,PRIN,48,43,200,713,142600.00,2018-04-16 05:09:00.878310
8051,201804165987715,PRIN,39,39,1881,708,1331748.00,2018-04-16 05:09:00.877150
8052,201804165987725,PRIN,26,36,343,712,244216.00,2018-04-16 05:09:00.877250
8053,201804165987693,PRIN,26,55,57,715,40755.00,2018-04-16 05:09:00.876930
8054,201804165987694,PRIN,26,34,100,715,71500.00,2018-04-16 05:09:00.876940
8055,201804165987575,PRIN,44,58,430,710,305300.00,2018-04-16 05:09:00.875750
8056,201804165987541,PRIN,55,58,100,711,71100.00,2018-04-16 05:09:00.875410
8057,201804165987457,PRIN,55,37,100,711,71100.00,2018-04-16 05:09:00.874570
8058,201804165987463,PRIN,55,58,100,711,71100.00,2018-04-16 05:09:00.874630
8059,201804165987379,PRIN,28,55,200,711,142200.00,2018-04-16 05:09:00.873790
8060,201804165987380,PRIN,21,55,300,711,213300.00,2018-04-16 05:09:00.873800
8061,201804165987392,PRIN,14,29,521,713,371473.00,2018-04-16 05:09:00.873920
8062,201804165987323,PRIN,28,10,200,711,142200.00,2018-04-16 05:09:00.873230
8063,201804165987313,PRIN,28,25,100,711,71100.00,2018-04-16 05:09:00.873130
8064,201804165987264,PRIN,47,57,500,712,356000.00,2018-04-16 05:09:00.872640
8065,201804165987049,PRIN,26,14,244,713,173972.00,2018-04-16 05:09:00.870490
8066,201804165986901,PRIN,26,17,100,713,71300.00,2018-04-16 05:09:00.869010
8067,201804165986836,PRIN,40,16,303,713,216039.00,2018-04-16 05:09:00.868360
8068,201804165986856,PRIN,26,20,150,713,106950.00,2018-04-16 05:09:00.868560
8069,201804165986789,PRIN,32,16,47,715,33605.00,2018-04-16 05:09:00.867890
8070,201804165986797,PRIN,34,16,20,714,14280.00,2018-04-16 05:09:00.867970
8071,201804165986798,PRIN,53,16,230,714,164220.00,2018-04-16 05:09:00.867980
8072,201804165986818,PRIN,48,16,300,713,213900.00,2018-04-16 05:09:00.868180
8073,201804165986781,PRIN,26,16,70,722,50540.00,2018-04-16 05:09:00.867810
8074,201804165986782,PRIN,10,16,11,721,7931.00,2018-04-16 05:09:00.867820
8075,201804165986783,PRIN,1,16,50,720,36000.00,2018-04-16 05:09:00.867830
8076,201804165986784,PRIN,40,16,416,717,298272.00,2018-04-16 05:09:00.867840
8077,201804165986785,PRIN,32,16,453,715,323895.00,2018-04-16 05:09:00.867850
8078,201804165986719,PRIN,45,7,11,725,7975.00,2018-04-16 05:09:00.867190
8079,201804165986662,PRIN,45,21,19,725,13775.00,2018-04-16 05:09:00.866620
8080,201804165986422,PRIN,40,42,100,723,72300.00,2018-04-16 05:09:00.864220
8081,201804165986423,PRIN,40,49,814,725,590150.00,2018-04-16 05:09:00.864230
8082,201804165986424,PRIN,40,41,300,725,217500.00,2018-04-16 05:09:00.864240
8083,201804165986425,PRIN,40,48,200,725,145000.00,2018-04-16 05:09:00.864250
8084,201804165986426,PRIN,40,58,120,726,87120.00,2018-04-16 05:09:00.864260
8085,201804165986427,PRIN,40,8,50,726,36300.00,2018-04-16 05:09:00.864270
8086,201804165986438,PRIN,40,35,500,726,363000.00,2018-04-16 05:09:00.864380
8087,201804165986397,PRIN,1,48,50,720,36000.00,2018-04-16 05:09:00.863970
8088,201804165986359,PRIN,34,48,200,720,144000.00,2018-04-16 05:09:00.863590
8089,201804165986360,PRIN,1,48,100,720,72000.00,2018-04-16 05:09:00.863600
8090,201804165986375,PRIN,10,57,639,721,460719.00,2018-04-16 05:09:00.863750
8091,201804165986267,PRIN,40,20,340,720,244800.00,2018-04-16 05:09:00.862670
8092,201804165986268,PRIN,40,42,393,720,282960.00,2018-04-16 05:09:00.862680
8093,201804165986251,PRIN,36,20,100,720,72000.00,2018-04-16 05:09:00.862510
8094,201804165986252,PRIN,57,20,60,720,43200.00,2018-04-16 05:09:00.862520
8095,201804165986230,PRIN,53,34,150,720,108000.00,2018-04-16 05:09:00.862300
8096,201804165986231,PRIN,44,34,50,720,36000.00,2018-04-16 05:09:00.862310
8097,201804165985975,PRIN,53,6,100,720,72000.00,2018-04-16 05:09:00.859750
8098,201804165986001,PRIN,53,16,50,720,36000.00,2018-04-16 05:09:00.860010
8099,201804165986004,PRIN,36,22,500,720,360000.00,2018-04-16 05:09:00.860040
8100,201804165985862,PRIN,34,19,100,714,71400.00,2018-04-16 05:09:00.858620
8101,201804165985871,PRIN,53,37,200,719,143800.00,2018-04-16 05:09:00.858710
8102,201804165985872,PRIN,53,22,50,720,36000.00,2018-04-16 05:09:00.858720
8103,201804165985873,PRIN,53,59,20,720,14400.00,2018-04-16 05:09:00.858730
8104,201804165985717,PRIN,53,45,50,720,36000.00,2018-04-16 05:09:00.857170
8105,201804165985718,PRIN,53,22,250,720,180000.00,2018-04-16 05:09:00.857180
8106,201804165985750,PRIN,53,22,200,720,144000.00,2018-04-16 05:09:00.857500
8107,201804165985682,PRIN,53,51,200,719,143800.00,2018-04-16 05:09:00.856820
8108,201804165985578,PRIN,25,8,30,718,21540.00,2018-04-16 05:09:00.855780
8109,201804165985579,PRIN,25,28,100,718,71800.00,2018-04-16 05:09:00.855790
8110,201804165985580,PRIN,25,49,100,718,71800.00,2018-04-16 05:09:00.855800
8111,201804165985481,PRIN,20,40,500,717,358500.00,2018-04-16 05:09:00.854810
8112,201804165985482,PRIN,20,7,500,717,358500.00,2018-04-16 05:09:00.854820
8113,201804165985394,PRIN,36,22,100,716,71600.00,2018-04-16 05:09:00.853940
8114,201804165985395,PRIN,36,51,200,716,143200.00,2018-04-16 05:09:00.853950
8115,201804165985273,PRIN,33,45,500,715,357500.00,2018-04-16 05:09:00.852730
8116,201804165985274,PRIN,33,17,20,715,14300.00,2018-04-16 05:09:00.852740
8117,201804165985275,PRIN,33,42,287,715,205205.00,2018-04-16 05:09:00.852750
8118,201804165985276,PRIN,33,42,295,715,210925.00,2018-04-16 05:09:00.852760
8119,201804165985277,PRIN,33,57,50,715,35750.00,2018-04-16 05:09:00.852770
8120,201804165985278,PRIN,33,14,100,715,71500.00,2018-04-16 05:09:00.852780
8121,201804165985279,PRIN,33,33,250,715,178750.00,2018-04-16 05:09:00.852790
8122,201804165985308,PRIN,47,26,200,715,143000.00,2018-04-16 05:09:00.853080
8123,201804165985236,PRIN,36,58,10,712,7120.00,2018-04-16 05:09:00.852360
8124,201804165985237,PRIN,36,25,100,712,71200.00,2018-04-16 05:09:00.852370
8125,201804165985238,PRIN,36,32,200,714,142800.00,2018-04-16 05:09:00.852380
8126,201804165985134,PRIN,36,28,60,710,42600.00,2018-04-16 05:09:00.851340
8127,201804165985135,PRIN,36,37,200,710,142000.00,2018-04-16 05:09:00.851350
8128,201804165985171,PRIN,25,58,59,711,41949.00,2018-04-16 05:09:00.851710
8129,201804165985041,PRIN,36,26,300,708,212400.00,2018-04-16 05:09:00.850410
8130,201804165985042,PRIN,36,57,200,709,141800.00,2018-04-16 05:09:00.850420
8131,201804165984880,PRIN,39,10,200,710,142000.00,2018-04-16 05:09:00.848800
8132,201804165984755,PRIN,1,19,50,706,35300.00,2018-04-16 05:09:00.847550
8133,201804165984756,PRIN,28,19,100,706,70600.00,2018-04-16 05:09:00.847560
8134,201804165984693,PRIN,1,32,50,706,35300.00,2018-04-16 05:09:00.846930
8135,201804165984497,PRIN,47,11,30,714,21420.00,2018-04-16 05:09:00.844970
8136,201804165984507,PRIN,47,17,160,714,114240.00,2018-04-16 05:09:00.845070
8137,201804165984508,PRIN,32,22,50,716,35800.00,2018-04-16 05:09:00.845080
8138,201804165984509,PRIN,47,22,50,714,35700.00,2018-04-16 05:09:00.845090
8139,201804165984511,PRIN,34,21,200,716,143200.00,2018-04-16 05:09:00.845110
8140,201804165984514,PRIN,47,58,10,714,7140.00,2018-04-16 05:09:00.845140
8141,201804165984515,PRIN,34,58,172,712,122464.00,2018-04-16 05:09:00.845150
8142,201804165984495,PRIN,52,17,20,714,14280.00,2018-04-16 05:09:00.844950
8143,201804165984416,PRIN,34,21,50,712,35600.00,2018-04-16 05:09:00.844160
8144,201804165984450,PRIN,34,35,30,712,21360.00,2018-04-16 05:09:00.844500
8145,201804165984401,PRIN,51,8,20,714,14280.00,2018-04-16 05:09:00.844010
8146,201804165984402,PRIN,51,8,50,714,35700.00,2018-04-16 05:09:00.844020
8147,201804165984403,PRIN,51,35,150,714,107100.00,2018-04-16 05:09:00.844030
8148,201804165984359,PRIN,34,41,100,712,71200.00,2018-04-16 05:09:00.843590
8149,201804165984360,PRIN,34,32,198,712,140976.00,2018-04-16 05:09:00.843600
8150,201804165984303,PRIN,51,34,50,703,35150.00,2018-04-16 05:09:00.843030
8151,201804165984309,PRIN,37,22,50,710,35500.00,2018-04-16 05:09:00.843090
8152,201804165984310,PRIN,37,56,500,710,355000.00,2018-04-16 05:09:00.843100
8153,201804165984311,PRIN,37,49,1000,711,711000.00,2018-04-16 05:09:00.843110
8154,201804165984260,PRIN,53,22,50,706,35300.00,2018-04-16 05:09:00.842600
8155,201804165984261,PRIN,53,41,100,708,70800.00,2018-04-16 05:09:00.842610
8156,201804165984262,PRIN,53,41,100,710,71000.00,2018-04-16 05:09:00.842620
8157,201804165984263,PRIN,53,22,250,710,177500.00,2018-04-16 05:09:00.842630
8158,201804165984226,PRIN,53,20,500,708,354000.00,2018-04-16 05:09:00.842260
8159,201804165984245,PRIN,51,22,50,706,35300.00,2018-04-16 05:09:00.842450
8160,201804165984224,PRIN,53,41,100,706,70600.00,2018-04-16 05:09:00.842240
8161,201804165984225,PRIN,53,41,100,708,70800.00,2018-04-16 05:09:00.842250
8162,201804165984170,PRIN,28,6,50,701,35050.00,2018-04-16 05:09:00.841700
8163,201804165984171,PRIN,28,57,50,702,35100.00,2018-04-16 05:09:00.841710
8164,201804165984172,PRIN,28,37,100,703,70300.00,2018-04-16 05:09:00.841720
8165,201804165984173,PRIN,28,37,100,703,70300.00,2018-04-16 05:09:00.841730
8166,201804165984174,PRIN,28,5,100,703,70300.00,2018-04-16 05:09:00.841740
8167,201804165984175,PRIN,28,8,20,704,14080.00,2018-04-16 05:09:00.841750
8168,201804165984151,PRIN,28,47,26,699,18174.00,2018-04-16 05:09:00.841510
8169,201804165984152,PRIN,53,22,100,700,70000.00,2018-04-16 05:09:00.841520
8170,201804165984153,PRIN,53,32,200,700,140000.00,2018-04-16 05:09:00.841530
8171,201804165984154,PRIN,53,25,100,700,70000.00,2018-04-16 05:09:00.841540
8172,201804165984155,PRIN,53,35,100,700,70000.00,2018-04-16 05:09:00.841550
8173,201804165984156,PRIN,53,56,500,700,350000.00,2018-04-16 05:09:00.841560
8174,201804165984162,PRIN,4,56,40,700,28000.00,2018-04-16 05:09:00.841620
8175,201804165984163,PRIN,4,47,100,700,70000.00,2018-04-16 05:09:00.841630
8176,201804165984164,PRIN,4,48,70,700,49000.00,2018-04-16 05:09:00.841640
8177,201804165984165,PRIN,4,22,630,700,441000.00,2018-04-16 05:09:00.841650
8178,201804165984013,PRIN,44,41,100,697,69700.00,2018-04-16 05:09:00.840130
8179,201804165984014,PRIN,44,22,200,698,139600.00,2018-04-16 05:09:00.840140
8180,201804165984015,PRIN,44,49,1000,698,698000.00,2018-04-16 05:09:00.840150
8181,201804165983997,PRIN,44,41,185,695,128575.00,2018-04-16 05:09:00.839970
8182,201804165983897,PRIN,53,14,330,695,229350.00,2018-04-16 05:09:00.838970
8183,201804165983820,PRIN,33,37,30,695,20850.00,2018-04-16 05:09:00.838200
8184,201804165983821,PRIN,33,14,170,695,118150.00,2018-04-16 05:09:00.838210
8185,201804165983768,PRIN,58,32,100,694,69400.00,2018-04-16 05:09:00.837680
8186,201804165983781,PRIN,36,49,80,695,55600.00,2018-04-16 05:09:00.837810
8187,201804165983782,PRIN,36,13,50,695,34750.00,2018-04-16 05:09:00.837820
8188,201804165983783,PRIN,36,37,70,695,48650.00,2018-04-16 05:09:00.837830
8189,201804165983748,PRIN,53,41,303,684,207252.00,2018-04-16 05:09:00.837480
8190,201804165983749,PRIN,53,58,200,685,137000.00,2018-04-16 05:09:00.837490
8191,201804165983760,PRIN,58,22,100,690,69000.00,2018-04-16 05:09:00.837600
8192,201804165983761,PRIN,58,49,30,691,20730.00,2018-04-16 05:09:00.837610
8193,201804165983762,PRIN,58,29,200,691,138200.00,2018-04-16 05:09:00.837620
8194,201804165983763,PRIN,58,10,100,693,69300.00,2018-04-16 05:09:00.837630
8195,201804165983723,PRIN,50,41,200,684,136800.00,2018-04-16 05:09:00.837230
8196,201804165983685,PRIN,58,41,150,684,102600.00,2018-04-16 05:09:00.836850
8197,201804165983637,PRIN,53,20,400,685,274000.00,2018-04-16 05:09:00.836370
8198,201804165983452,PRIN,33,50,100,676,67600.00,2018-04-16 05:09:00.834520
8199,201804165983453,PRIN,33,20,500,678,339000.00,2018-04-16 05:09:00.834530
8200,201804165983454,PRIN,33,42,72,679,48888.00,2018-04-16 05:09:00.834540
8201,201804165983358,PRIN,34,45,100,676,67600.00,2018-04-16 05:09:00.833580
8202,201804165983056,PRIN,39,39,716,686,491176.00,2018-04-16 05:09:00.830560
8203,201804165983059,PRIN,14,50,200,682,136400.00,2018-04-16 05:09:00.830590
8204,201804165983007,PRIN,39,39,784,686,537824.00,2018-04-16 05:09:00.830070
8205,201804165982957,PRIN,33,37,100,690,69000.00,2018-04-16 05:09:00.829570
8206,201804165982940,PRIN,39,29,50,687,34350.00,2018-04-16 05:09:00.829400
8207,201804165982941,PRIN,39,36,166,689,114374.00,2018-04-16 05:09:00.829410
8208,201804165982942,PRIN,33,48,300,690,207000.00,2018-04-16 05:09:00.829420
8209,201804165982943,PRIN,33,8,400,690,276000.00,2018-04-16 05:09:00.829430
8210,201804165982944,PRIN,33,6,500,690,345000.00,2018-04-16 05:09:00.829440
8211,201804165982841,PRIN,49,49,1000,695,695000.00,2018-04-16 05:09:00.828410
8212,201804165982766,PRIN,52,45,30,687,20610.00,2018-04-16 05:09:00.827660
8213,201804165982767,PRIN,32,45,200,686,137200.00,2018-04-16 05:09:00.827670
8214,201804165982746,PRIN,32,32,300,690,207000.00,2018-04-16 05:09:00.827460
8215,201804165982628,PRIN,52,20,10,687,6870.00,2018-04-16 05:09:00.826280
8216,201804165982632,PRIN,39,58,230,695,159850.00,2018-04-16 05:09:00.826320
8217,201804165982609,PRIN,41,20,100,692,69200.00,2018-04-16 05:09:00.826090
8218,201804165982624,PRIN,41,20,90,692,62280.00,2018-04-16 05:09:00.826240
8219,201804165982465,PRIN,45,58,41,690,28290.00,2018-04-16 05:09:00.824650
8220,201804165982306,PRIN,28,20,100,700,70000.00,2018-04-16 05:09:00.823060
8221,201804165982272,PRIN,45,20,59,688,40592.00,2018-04-16 05:09:00.822720
8222,201804165982273,PRIN,45,28,100,689,68900.00,2018-04-16 05:09:00.822730
8223,201804165982274,PRIN,28,8,20,691,13820.00,2018-04-16 05:09:00.822740
8224,201804165982243,PRIN,25,40,10,688,6880.00,2018-04-16 05:09:00.822430
8225,201804165982244,PRIN,25,20,90,688,61920.00,2018-04-16 05:09:00.822440
8226,201804165982252,PRIN,16,20,500,688,344000.00,2018-04-16 05:09:00.822520
8227,201804165982151,PRIN,58,25,100,678,67800.00,2018-04-16 05:09:00.821510
8228,201804165982140,PRIN,28,34,71,677,48067.00,2018-04-16 05:09:00.821400
8229,201804165982078,PRIN,35,28,100,676,67600.00,2018-04-16 05:09:00.820780
8230,201804165981838,PRIN,52,52,500,665,332500.00,2018-04-16 05:09:00.818380
8231,201804155981770,PRIN,16,54,70,670,46900.00,2018-04-15 05:09:00.817700
8232,201804155981771,PRIN,16,43,20,670,13400.00,2018-04-15 05:09:00.817710
8233,201804155981772,PRIN,16,34,200,674,134800.00,2018-04-15 05:09:00.817720
8234,201804155981689,PRIN,25,28,59,670,39530.00,2018-04-15 05:09:00.816890
8235,201804155981518,PRIN,40,55,1000,670,670000.00,2018-04-15 05:09:00.815180
8236,201804155981452,PRIN,41,5,100,665,66500.00,2018-04-15 05:09:00.814520
8237,201804155981453,PRIN,41,34,200,668,133600.00,2018-04-15 05:09:00.814530
8238,201804155981454,PRIN,41,42,125,669,83625.00,2018-04-15 05:09:00.814540
8239,201804155981455,PRIN,41,29,100,669,66900.00,2018-04-15 05:09:00.814550
8240,201804155981165,PRIN,16,39,200,668,133600.00,2018-04-15 05:09:00.811650
8241,201804155981166,PRIN,16,29,10,668,6680.00,2018-04-15 05:09:00.811660
8242,201804155980844,PRIN,39,34,119,668,79492.00,2018-04-15 05:09:00.808440
8243,201804155980605,PRIN,39,51,212,663,140556.00,2018-04-15 05:09:00.806050
8244,201804155980606,PRIN,39,33,100,665,66500.00,2018-04-15 05:09:00.806060
8245,201804155980607,PRIN,39,21,100,666,66600.00,2018-04-15 05:09:00.806070
8246,201804155980608,PRIN,39,34,200,666,133200.00,2018-04-15 05:09:00.806080
8247,201804155980609,PRIN,39,6,50,667,33350.00,2018-04-15 05:09:00.806090
8248,201804155980610,PRIN,39,38,500,668,334000.00,2018-04-15 05:09:00.806100
8249,201804155980611,PRIN,39,21,219,668,146292.00,2018-04-15 05:09:00.806110
8250,201804155980583,PRIN,39,51,200,663,132600.00,2018-04-15 05:09:00.805830
8251,201804155980555,PRIN,39,43,30,660,19800.00,2018-04-15 05:09:00.805550
8252,201804155980452,PRIN,38,51,50,663,33150.00,2018-04-15 05:09:00.804520
8253,201804155980395,PRIN,38,34,200,662,132400.00,2018-04-15 05:09:00.803950
8254,201804155980306,PRIN,45,56,49,659,32291.00,2018-04-15 05:09:00.803060
8255,201804155980307,PRIN,45,40,300,660,198000.00,2018-04-15 05:09:00.803070
8256,201804155980167,PRIN,26,48,50,659,32950.00,2018-04-15 05:09:00.801670
8257,201804155979634,PRIN,55,53,10,655,6550.00,2018-04-15 05:09:00.796340
8258,201804155979480,PRIN,17,38,20,650,13000.00,2018-04-15 05:09:00.794800
8259,201804155979481,PRIN,25,38,100,650,65000.00,2018-04-15 05:09:00.794810
8260,201804155979482,PRIN,58,38,90,650,58500.00,2018-04-15 05:09:00.794820
8261,201804155979467,PRIN,38,38,170,653,111010.00,2018-04-15 05:09:00.794670
8262,201804155979468,PRIN,57,38,120,653,78360.00,2018-04-15 05:09:00.794680
8263,201804155979292,PRIN,10,6,170,655,111350.00,2018-04-15 05:09:00.792920
8264,201804155979298,PRIN,38,6,30,653,19590.00,2018-04-15 05:09:00.792980
8265,201804155979281,PRIN,10,55,150,655,98250.00,2018-04-15 05:09:00.792810
8266,201804155979248,PRIN,50,20,125,655,81875.00,2018-04-15 05:09:00.792480
8267,201804155979249,PRIN,10,20,380,655,248900.00,2018-04-15 05:09:00.792490
8268,201804155978924,PRIN,50,17,75,655,49125.00,2018-04-15 05:09:00.789240
8269,201804155978854,PRIN,28,10,50,654,32700.00,2018-04-15 05:09:00.788540
8270,201804155978827,PRIN,36,45,166,650,107900.00,2018-04-15 05:09:00.788270
8271,201804155978789,PRIN,53,45,200,650,130000.00,2018-04-15 05:09:00.787890
8272,201804155978793,PRIN,20,45,150,650,97500.00,2018-04-15 05:09:00.787930
8273,201804155978794,PRIN,50,45,300,650,195000.00,2018-04-15 05:09:00.787940
8274,201804155978761,PRIN,20,40,200,650,130000.00,2018-04-15 05:09:00.787610
8275,201804155978774,PRIN,10,22,145,652,94540.00,2018-04-15 05:09:00.787740
8276,201804155978775,PRIN,10,39,150,652,97800.00,2018-04-15 05:09:00.787750
8277,201804155978719,PRIN,20,40,200,650,130000.00,2018-04-15 05:09:00.787190
8278,201804155978602,PRIN,58,14,60,646,38760.00,2018-04-15 05:09:00.786020
8279,201804155978361,PRIN,8,40,100,646,64600.00,2018-04-15 05:09:00.783610
8280,201804155978362,PRIN,58,40,200,646,129200.00,2018-04-15 05:09:00.783620
8281,201804155978246,PRIN,58,7,100,646,64600.00,2018-04-15 05:09:00.782460
8282,201804155978247,PRIN,11,7,50,645,32250.00,2018-04-15 05:09:00.782470
8283,201804155978248,PRIN,6,7,100,645,64500.00,2018-04-15 05:09:00.782480
8284,201804155978249,PRIN,17,7,150,640,96000.00,2018-04-15 05:09:00.782490
8285,201804155978213,PRIN,58,21,200,646,129200.00,2018-04-15 05:09:00.782130
8286,201804155978089,PRIN,32,22,55,650,35750.00,2018-04-15 05:09:00.780890
8287,201804155978039,PRIN,41,34,50,655,32750.00,2018-04-15 05:09:00.780390
8288,201804155977955,PRIN,28,56,50,659,32950.00,2018-04-15 05:09:00.779550
8289,201804155977956,PRIN,28,42,212,660,139920.00,2018-04-15 05:09:00.779560
8290,201804155977957,PRIN,28,58,100,663,66300.00,2018-04-15 05:09:00.779570
8291,201804155977958,PRIN,28,51,38,663,25194.00,2018-04-15 05:09:00.779580
8292,201804155977894,PRIN,32,53,100,650,65000.00,2018-04-15 05:09:00.778940
8293,201804155977860,PRIN,41,53,50,650,32500.00,2018-04-15 05:09:00.778600
8294,201804155977861,PRIN,32,53,39,650,25350.00,2018-04-15 05:09:00.778610
8295,201804155977862,PRIN,32,53,11,650,7150.00,2018-04-15 05:09:00.778620
8296,201804155977747,PRIN,41,51,50,650,32500.00,2018-04-15 05:09:00.777470
8297,201804125977484,PRIN,28,34,10,663,6630.00,2018-04-12 05:09:00.774840
8298,201804125977359,PRIN,28,50,83,660,54780.00,2018-04-12 05:09:00.773590
8299,201804125977283,PRIN,28,38,100,661,66100.00,2018-04-12 05:09:00.772830
8300,201804125977284,PRIN,28,32,117,662,77454.00,2018-04-12 05:09:00.772840
8301,201804125977226,PRIN,28,7,50,652,32600.00,2018-04-12 05:09:00.772260
8302,201804125977227,PRIN,28,32,50,659,32950.00,2018-04-12 05:09:00.772270
8303,201804125977228,PRIN,28,37,200,660,132000.00,2018-04-12 05:09:00.772280
8304,201804125977229,PRIN,28,34,200,660,132000.00,2018-04-12 05:09:00.772290
8305,201804125977230,PRIN,28,25,50,660,33000.00,2018-04-12 05:09:00.772300
8306,201804125977231,PRIN,28,28,50,660,33000.00,2018-04-12 05:09:00.772310
8307,201804125976977,PRIN,42,14,10,652,6520.00,2018-04-12 05:09:00.769770
8308,201804125976829,PRIN,37,43,20,656,13120.00,2018-04-12 05:09:00.768290
8309,201804125976830,PRIN,44,43,50,656,32800.00,2018-04-12 05:09:00.768300
8310,201804125976831,PRIN,26,43,200,655,131000.00,2018-04-12 05:09:00.768310
8311,201804125976711,PRIN,41,17,80,660,52800.00,2018-04-12 05:09:00.767110
8312,201804125976712,PRIN,41,45,30,660,19800.00,2018-04-12 05:09:00.767120
8313,201804125976713,PRIN,41,14,390,660,257400.00,2018-04-12 05:09:00.767130
8314,201804125976731,PRIN,41,41,75,658,49350.00,2018-04-12 05:09:00.767310
8315,201804125976732,PRIN,57,41,44,658,28952.00,2018-04-12 05:09:00.767320
8316,201804125976753,PRIN,57,52,50,658,32900.00,2018-04-12 05:09:00.767530
8317,201804125976551,PRIN,42,45,17,660,11220.00,2018-04-12 05:09:00.765510
8318,201804125976559,PRIN,39,17,20,660,13200.00,2018-04-12 05:09:00.765590
8319,201804125976516,PRIN,36,5,100,659,65900.00,2018-04-12 05:09:00.765160
8320,201804125976517,PRIN,36,40,200,659,131800.00,2018-04-12 05:09:00.765170
8321,201804125976518,PRIN,36,47,17,660,11220.00,2018-04-12 05:09:00.765180
8322,201804125976519,PRIN,36,25,50,660,33000.00,2018-04-12 05:09:00.765190
8323,201804125976520,PRIN,36,47,100,660,66000.00,2018-04-12 05:09:00.765200
8324,201804125976521,PRIN,36,45,33,660,21780.00,2018-04-12 05:09:00.765210
8325,201804125976251,PRIN,22,57,250,658,164500.00,2018-04-12 05:09:00.762510
8326,201804125976252,PRIN,22,20,100,659,65900.00,2018-04-12 05:09:00.762520
8327,201804125976255,PRIN,22,20,150,660,99000.00,2018-04-12 05:09:00.762550
8328,201804125976079,PRIN,42,6,100,657,65700.00,2018-04-12 05:09:00.760790
8329,201804125975541,PRIN,58,13,230,658,151340.00,2018-04-12 05:09:00.755410
8330,201804125975502,PRIN,17,13,20,658,13160.00,2018-04-12 05:09:00.755020
8331,201804125975484,PRIN,28,13,50,658,32900.00,2018-04-12 05:09:00.754840
8332,201804125974854,PRIN,45,20,20,660,13200.00,2018-04-12 05:09:00.748540
8333,201804125974747,PRIN,42,5,24,655,15720.00,2018-04-12 05:09:00.747470
8334,201804125974748,PRIN,33,5,250,655,163750.00,2018-04-12 05:09:00.747480
8335,201804125974268,PRIN,40,35,1000,658,658000.00,2018-04-12 05:09:00.742680
8336,201804125974230,PRIN,8,34,100,659,65900.00,2018-04-12 05:09:00.742300
8337,201804125974214,PRIN,8,47,100,658,65800.00,2018-04-12 05:09:00.742140
8338,201804125974193,PRIN,42,20,76,655,49780.00,2018-04-12 05:09:00.741930
8339,201804125974107,PRIN,42,32,300,655,196500.00,2018-04-12 05:09:00.741070
8340,201804125974082,PRIN,29,20,25,660,16500.00,2018-04-12 05:09:00.740820
8341,201804125974101,PRIN,42,14,100,655,65500.00,2018-04-12 05:09:00.741010
8342,201804125973867,PRIN,32,20,300,660,198000.00,2018-04-12 05:09:00.738670
8343,201804125973868,PRIN,53,20,50,660,33000.00,2018-04-12 05:09:00.738680
8344,201804125973852,PRIN,45,28,15,663,9945.00,2018-04-12 05:09:00.738520
8345,201804125973853,PRIN,58,28,100,661,66100.00,2018-04-12 05:09:00.738530
8346,201804125973865,PRIN,32,17,200,660,132000.00,2018-04-12 05:09:00.738650
8347,201804125973676,PRIN,36,20,500,666,333000.00,2018-04-12 05:09:00.736760
8348,201804125973637,PRIN,52,1,17,665,11305.00,2018-04-12 05:09:00.736370
8349,201804125973194,PRIN,36,41,10,663,6630.00,2018-04-12 05:09:00.731940
8350,201804125973195,PRIN,36,51,60,663,39780.00,2018-04-12 05:09:00.731950
8351,201804125973196,PRIN,36,58,100,663,66300.00,2018-04-12 05:09:00.731960
8352,201804125973197,PRIN,36,7,300,667,200100.00,2018-04-12 05:09:00.731970
8353,201804125973144,PRIN,57,53,500,660,330000.00,2018-04-12 05:09:00.731440
8354,201804125973129,PRIN,42,17,100,655,65500.00,2018-04-12 05:09:00.731290
8355,201804125973130,PRIN,42,47,100,655,65500.00,2018-04-12 05:09:00.731300
8356,201804125973047,PRIN,1,33,17,651,11067.00,2018-04-12 05:09:00.730470
8357,201804125973048,PRIN,21,33,50,651,32550.00,2018-04-12 05:09:00.730480
8358,201804125973049,PRIN,20,33,83,651,54033.00,2018-04-12 05:09:00.730490
8359,201804125973057,PRIN,45,17,100,655,65500.00,2018-04-12 05:09:00.730570
8360,201804125972971,PRIN,1,17,133,651,86583.00,2018-04-12 05:09:00.729710
8361,201804125972853,PRIN,48,17,50,651,32550.00,2018-04-12 05:09:00.728530
8362,201804125972854,PRIN,1,17,350,651,227850.00,2018-04-12 05:09:00.728540
8363,201804125972723,PRIN,50,28,50,659,32950.00,2018-04-12 05:09:00.727230
8364,201804125972724,PRIN,50,28,100,659,65900.00,2018-04-12 05:09:00.727240
8365,201804125972725,PRIN,50,28,100,660,66000.00,2018-04-12 05:09:00.727250
8366,201804125972726,PRIN,50,34,100,660,66000.00,2018-04-12 05:09:00.727260
8367,201804125972727,PRIN,50,41,100,660,66000.00,2018-04-12 05:09:00.727270
8368,201804125972681,PRIN,48,6,50,658,32900.00,2018-04-12 05:09:00.726810
8369,201804125972682,PRIN,48,32,70,658,46060.00,2018-04-12 05:09:00.726820
8370,201804125972633,PRIN,28,28,11,654,7194.00,2018-04-12 05:09:00.726330
8371,201804125972548,PRIN,52,26,70,650,45500.00,2018-04-12 05:09:00.725480
8372,201804125972535,PRIN,1,25,100,656,65600.00,2018-04-12 05:09:00.725350
8373,201804125972536,PRIN,1,7,100,657,65700.00,2018-04-12 05:09:00.725360
8374,201804125972468,PRIN,49,44,100,655,65500.00,2018-04-12 05:09:00.724680
8375,201804125972471,PRIN,49,32,50,656,32800.00,2018-04-12 05:09:00.724710
8376,201804125972333,PRIN,57,56,20,655,13100.00,2018-04-12 05:09:00.723330
8377,201804125972334,PRIN,57,32,30,656,19680.00,2018-04-12 05:09:00.723340
8378,201804125972189,PRIN,57,8,40,650,26000.00,2018-04-12 05:09:00.721890
8379,201804125971988,PRIN,29,38,130,655,85150.00,2018-04-12 05:09:00.719880
8380,201804115971666,PRIN,38,40,60,648,38880.00,2018-04-11 05:09:00.716660
8381,201804115971591,PRIN,55,8,10,644,6440.00,2018-04-11 05:09:00.715910
8382,201804115971592,PRIN,44,8,50,644,32200.00,2018-04-11 05:09:00.715920
8383,201804115971593,PRIN,38,8,40,644,25760.00,2018-04-11 05:09:00.715930
8384,201804115971523,PRIN,28,40,10,648,6480.00,2018-04-11 05:09:00.715230
8385,201804115971491,PRIN,1,40,40,648,25920.00,2018-04-11 05:09:00.714910
8386,201804115971478,PRIN,57,7,50,647,32350.00,2018-04-11 05:09:00.714780
8387,201804115971368,PRIN,42,43,10,645,6450.00,2018-04-11 05:09:00.713680
8388,201804115971369,PRIN,11,43,100,645,64500.00,2018-04-11 05:09:00.713690
8389,201804115971313,PRIN,38,57,100,647,64700.00,2018-04-11 05:09:00.713130
8390,201804115971263,PRIN,48,57,100,647,64700.00,2018-04-11 05:09:00.712630
8391,201804115971019,PRIN,11,57,100,647,64700.00,2018-04-11 05:09:00.710190
8392,201804115970802,PRIN,38,17,200,644,128800.00,2018-04-11 05:09:00.708020
8393,201804115970544,PRIN,18,37,15,638,9570.00,2018-04-11 05:09:00.705440
8394,201804115970518,PRIN,22,17,250,640,160000.00,2018-04-11 05:09:00.705180
8395,201804115970521,PRIN,18,17,103,638,65714.00,2018-04-11 05:09:00.705210
8396,201804115970505,PRIN,22,22,100,640,64000.00,2018-04-11 05:09:00.705050
8397,201804115970386,PRIN,26,17,20,638,12760.00,2018-04-11 05:09:00.703860
8398,201804115970387,PRIN,32,17,117,637,74529.00,2018-04-11 05:09:00.703870
8399,201804115970183,PRIN,14,17,31,645,19995.00,2018-04-11 05:09:00.701830
8400,201804115970184,PRIN,10,17,300,640,192000.00,2018-04-11 05:09:00.701840
8401,201804115970185,PRIN,28,17,200,639,127800.00,2018-04-11 05:09:00.701850
8402,201804115970171,PRIN,17,7,81,645,52245.00,2018-04-11 05:09:00.701710
8403,201804115970172,PRIN,14,7,19,645,12255.00,2018-04-11 05:09:00.701720
8404,201804115969928,PRIN,10,49,300,647,194100.00,2018-04-11 05:09:00.699280
8405,201804115969929,PRIN,17,49,119,645,76755.00,2018-04-11 05:09:00.699290
8406,201804115969935,PRIN,44,34,100,645,64500.00,2018-04-11 05:09:00.699350
8407,201804115969897,PRIN,54,53,72,650,46800.00,2018-04-11 05:09:00.698970
8408,201804115969834,PRIN,54,53,28,650,18200.00,2018-04-11 05:09:00.698340
8409,201804115969813,PRIN,38,52,200,650,130000.00,2018-04-11 05:09:00.698130
8410,201804115969784,PRIN,20,40,100,650,65000.00,2018-04-11 05:09:00.697840
8411,201804115969320,PRIN,28,38,300,645,193500.00,2018-04-11 05:09:00.693200
8412,201804115969296,PRIN,41,33,100,645,64500.00,2018-04-11 05:09:00.692960
8413,201804115969273,PRIN,44,45,50,644,32200.00,2018-04-11 05:09:00.692730
8414,201804115969240,PRIN,56,45,300,643,192900.00,2018-04-11 05:09:00.692400
8415,201804115969241,PRIN,56,25,100,643,64300.00,2018-04-11 05:09:00.692410
8416,201804115968936,PRIN,56,54,140,635,88900.00,2018-04-11 05:09:00.689360
8417,201804115968937,PRIN,56,48,500,637,318500.00,2018-04-11 05:09:00.689370
8418,201804115968728,PRIN,50,1,50,630,31500.00,2018-04-11 05:09:00.687280
8419,201804115968566,PRIN,49,1,50,628,31400.00,2018-04-11 05:09:00.685660
8420,201804115968516,PRIN,43,32,100,629,62900.00,2018-04-11 05:09:00.685160
8421,201804115968485,PRIN,8,37,100,633,63300.00,2018-04-11 05:09:00.684850
8422,201804115968486,PRIN,20,37,200,630,126000.00,2018-04-11 05:09:00.684860
8423,201804115968487,PRIN,7,37,100,630,63000.00,2018-04-11 05:09:00.684870
8424,201804115968488,PRIN,28,37,100,630,63000.00,2018-04-11 05:09:00.684880
8425,201804115968492,PRIN,28,52,100,630,63000.00,2018-04-11 05:09:00.684920
8426,201804115968454,PRIN,22,34,100,637,63700.00,2018-04-11 05:09:00.684540
8427,201804115968463,PRIN,41,20,200,635,127000.00,2018-04-11 05:09:00.684630
8428,201804115968464,PRIN,8,20,50,633,31650.00,2018-04-11 05:09:00.684640
8429,201804115968465,PRIN,8,20,50,633,31650.00,2018-04-11 05:09:00.684650
8430,201804115968432,PRIN,16,53,52,638,33176.00,2018-04-11 05:09:00.684320
8431,201804115968411,PRIN,32,35,100,637,63700.00,2018-04-11 05:09:00.684110
8432,201804115968344,PRIN,16,4,200,638,127600.00,2018-04-11 05:09:00.683440
8433,201804115968340,PRIN,16,36,448,638,285824.00,2018-04-11 05:09:00.683400
8434,201804115968305,PRIN,41,50,200,639,127800.00,2018-04-11 05:09:00.683050
8435,201804115968291,PRIN,22,41,150,640,96000.00,2018-04-11 05:09:00.682910
8436,201804115968278,PRIN,22,41,100,640,64000.00,2018-04-11 05:09:00.682780
8437,201804115968257,PRIN,34,33,100,640,64000.00,2018-04-11 05:09:00.682570
8438,201804115968269,PRIN,22,6,50,640,32000.00,2018-04-11 05:09:00.682690
8439,201804115968209,PRIN,34,5,50,640,32000.00,2018-04-11 05:09:00.682090
8440,201804115968206,PRIN,34,44,50,640,32000.00,2018-04-11 05:09:00.682060
8441,201804115968201,PRIN,41,53,100,639,63900.00,2018-04-11 05:09:00.682010
8442,201804115968203,PRIN,41,53,100,639,63900.00,2018-04-11 05:09:00.682030
8443,201804115968145,PRIN,8,58,20,640,12800.00,2018-04-11 05:09:00.681450
8444,201804115968109,PRIN,16,17,100,636,63600.00,2018-04-11 05:09:00.681090
8445,201804105967986,PRIN,28,38,10,645,6450.00,2018-04-10 05:09:00.679860
8446,201804105967755,PRIN,28,17,50,639,31950.00,2018-04-10 05:09:00.677550
8447,201804105967756,PRIN,52,17,100,639,63900.00,2018-04-10 05:09:00.677560
8448,201804105967603,PRIN,28,46,50,639,31950.00,2018-04-10 05:09:00.676030
8449,201804105967499,PRIN,28,5,200,638,127600.00,2018-04-10 05:09:00.674990
8450,201804105967510,PRIN,28,22,150,638,95700.00,2018-04-10 05:09:00.675100
8451,201804105967485,PRIN,43,22,200,639,127800.00,2018-04-10 05:09:00.674850
8452,201804105967486,PRIN,22,22,50,638,31900.00,2018-04-10 05:09:00.674860
8453,201804105967487,PRIN,28,22,250,638,159500.00,2018-04-10 05:09:00.674870
8454,201804105967387,PRIN,44,22,50,640,32000.00,2018-04-10 05:09:00.673870
8455,201804105967388,PRIN,6,22,300,639,191700.00,2018-04-10 05:09:00.673880
8456,201804105967058,PRIN,34,16,50,640,32000.00,2018-04-10 05:09:00.670580
8457,201804105967059,PRIN,11,16,100,640,64000.00,2018-04-10 05:09:00.670590
8458,201804105967060,PRIN,44,16,50,640,32000.00,2018-04-10 05:09:00.670600
8459,201804105966983,PRIN,11,42,100,640,64000.00,2018-04-10 05:09:00.669830
8460,201804105966792,PRIN,55,22,50,640,32000.00,2018-04-10 05:09:00.667920
8461,201804105966793,PRIN,34,22,150,640,96000.00,2018-04-10 05:09:00.667930
8462,201804105966267,PRIN,38,40,20,639,12780.00,2018-04-10 05:09:00.662670
8463,201804105966268,PRIN,13,40,200,638,127600.00,2018-04-10 05:09:00.662680
8464,201804105966041,PRIN,28,38,10,646,6460.00,2018-04-10 05:09:00.660410
8465,201804105965741,PRIN,22,58,100,636,63600.00,2018-04-10 05:09:00.657410
8466,201804105965742,PRIN,8,58,200,635,127000.00,2018-04-10 05:09:00.657420
8467,201804105965743,PRIN,29,58,50,635,31750.00,2018-04-10 05:09:00.657430
8468,201804105965744,PRIN,29,58,10,635,6350.00,2018-04-10 05:09:00.657440
8469,201804105965745,PRIN,20,58,500,635,317500.00,2018-04-10 05:09:00.657450
8470,201804105965746,PRIN,42,58,200,635,127000.00,2018-04-10 05:09:00.657460
8471,201804105965747,PRIN,13,58,52,634,32968.00,2018-04-10 05:09:00.657470
8472,201804105965723,PRIN,51,58,10,643,6430.00,2018-04-10 05:09:00.657230
8473,201804105965724,PRIN,51,58,100,643,64300.00,2018-04-10 05:09:00.657240
8474,201804105965725,PRIN,38,58,500,643,321500.00,2018-04-10 05:09:00.657250
8475,201804105965726,PRIN,45,58,300,643,192900.00,2018-04-10 05:09:00.657260
8476,201804105965727,PRIN,45,58,30,640,19200.00,2018-04-10 05:09:00.657270
8477,201804105965728,PRIN,38,58,500,638,319000.00,2018-04-10 05:09:00.657280
8478,201804105965729,PRIN,58,58,300,637,191100.00,2018-04-10 05:09:00.657290
8479,201804105965730,PRIN,43,58,200,637,127400.00,2018-04-10 05:09:00.657300
8480,201804105965731,PRIN,32,58,150,636,95400.00,2018-04-10 05:09:00.657310
8481,201804105965732,PRIN,28,58,200,636,127200.00,2018-04-10 05:09:00.657320
8482,201804105965570,PRIN,42,58,50,648,32400.00,2018-04-10 05:09:00.655700
8483,201804105965334,PRIN,41,6,100,647,64700.00,2018-04-10 05:09:00.653340
8484,201804105965335,PRIN,57,6,300,647,194100.00,2018-04-10 05:09:00.653350
8485,201804105965336,PRIN,39,6,100,646,64600.00,2018-04-10 05:09:00.653360
8486,201804105965337,PRIN,58,6,100,645,64500.00,2018-04-10 05:09:00.653370
8487,201804105965338,PRIN,28,6,200,644,128800.00,2018-04-10 05:09:00.653380
8488,201804105965339,PRIN,28,6,200,644,128800.00,2018-04-10 05:09:00.653390
8489,201804105965340,PRIN,42,6,60,643,38580.00,2018-04-10 05:09:00.653400
8490,201804105965341,PRIN,51,6,90,643,57870.00,2018-04-10 05:09:00.653410
8491,201804105964903,PRIN,20,46,20,650,13000.00,2018-04-10 05:09:00.649030
8492,201804105964869,PRIN,20,22,30,650,19500.00,2018-04-10 05:09:00.648690
8493,201804105964870,PRIN,20,22,50,650,32500.00,2018-04-10 05:09:00.648700
8494,201804105964871,PRIN,20,10,400,650,260000.00,2018-04-10 05:09:00.648710
8495,201804105964872,PRIN,20,37,500,650,325000.00,2018-04-10 05:09:00.648720
8496,201804105964555,PRIN,57,45,50,643,32150.00,2018-04-10 05:09:00.645550
8497,201804105964556,PRIN,39,45,70,643,45010.00,2018-04-10 05:09:00.645560
8498,201804105964557,PRIN,57,45,100,643,64300.00,2018-04-10 05:09:00.645570
8499,201804105964558,PRIN,42,45,10,643,6430.00,2018-04-10 05:09:00.645580
8500,201804105964465,PRIN,50,10,200,643,128600.00,2018-04-10 05:09:00.644650
8501,201804105964466,PRIN,52,10,50,643,32150.00,2018-04-10 05:09:00.644660
8502,201804105964467,PRIN,57,10,50,643,32150.00,2018-04-10 05:09:00.644670
8503,201804105964419,PRIN,13,26,150,645,96750.00,2018-04-10 05:09:00.644190
8504,201804105964385,PRIN,11,38,200,645,129000.00,2018-04-10 05:09:00.643850
8505,201804105964386,PRIN,13,38,50,645,32250.00,2018-04-10 05:09:00.643860
8506,201804105964305,PRIN,13,58,400,651,260400.00,2018-04-10 05:09:00.643050
8507,201804105964254,PRIN,19,10,19,658,12502.00,2018-04-10 05:09:00.642540
8508,201804105964255,PRIN,19,49,81,659,53379.00,2018-04-10 05:09:00.642550
8509,201804105964292,PRIN,55,58,100,651,65100.00,2018-04-10 05:09:00.642920
8510,201804105964293,PRIN,13,58,600,651,390600.00,2018-04-10 05:09:00.642930
8511,201804105964182,PRIN,28,53,200,660,132000.00,2018-04-10 05:09:00.641820
8512,201804105964183,PRIN,41,53,300,660,198000.00,2018-04-10 05:09:00.641830
8513,201804105964188,PRIN,41,32,200,660,132000.00,2018-04-10 05:09:00.641880
8514,201804105964189,PRIN,32,50,200,660,132000.00,2018-04-10 05:09:00.641890
8515,201804105964143,PRIN,28,52,100,661,66100.00,2018-04-10 05:09:00.641430
8516,201804105964159,PRIN,28,37,100,661,66100.00,2018-04-10 05:09:00.641590
8517,201804105964130,PRIN,28,49,100,661,66100.00,2018-04-10 05:09:00.641300
8518,201804105963889,PRIN,28,17,50,670,33500.00,2018-04-10 05:09:00.638890
8519,201804105963890,PRIN,28,22,300,670,201000.00,2018-04-10 05:09:00.638900
8520,201804105963830,PRIN,28,40,30,670,20100.00,2018-04-10 05:09:00.638300
8521,201804105963831,PRIN,28,20,200,673,134600.00,2018-04-10 05:09:00.638310
8522,201804105963838,PRIN,38,32,200,673,134600.00,2018-04-10 05:09:00.638380
8523,201804105963755,PRIN,28,22,63,677,42651.00,2018-04-10 05:09:00.637550
8524,201804105963732,PRIN,19,28,10,643,6430.00,2018-04-10 05:09:00.637320
8525,201804105963733,PRIN,28,42,70,652,45640.00,2018-04-10 05:09:00.637330
8526,201804105963734,PRIN,28,32,150,658,98700.00,2018-04-10 05:09:00.637340
8527,201804105963735,PRIN,28,53,100,659,65900.00,2018-04-10 05:09:00.637350
8528,201804105963736,PRIN,28,41,167,663,110721.00,2018-04-10 05:09:00.637360
8529,201804105963737,PRIN,28,6,50,664,33200.00,2018-04-10 05:09:00.637370
8530,201804105963202,PRIN,26,38,50,631,31550.00,2018-04-10 05:09:00.632020
8531,201804105963158,PRIN,20,58,200,631,126200.00,2018-04-10 05:09:00.631580
8532,201804105963168,PRIN,22,53,50,629,31450.00,2018-04-10 05:09:00.631680
8533,201804105963151,PRIN,13,46,50,633,31650.00,2018-04-10 05:09:00.631510
8534,201804105963155,PRIN,13,58,450,633,284850.00,2018-04-10 05:09:00.631550
8535,201804105963038,PRIN,43,21,19,645,12255.00,2018-04-10 05:09:00.630380
8536,201804105962890,PRIN,20,48,350,640,224000.00,2018-04-10 05:09:00.628900
8537,201804105962891,PRIN,20,34,299,640,191360.00,2018-04-10 05:09:00.628910
8538,201804105962814,PRIN,13,46,100,628,62800.00,2018-04-10 05:09:00.628140
8539,201804105962797,PRIN,33,58,100,628,62800.00,2018-04-10 05:09:00.627970
8540,201804105962763,PRIN,13,58,100,628,62800.00,2018-04-10 05:09:00.627630
8541,201804105962713,PRIN,13,21,100,640,64000.00,2018-04-10 05:09:00.627130
8542,201804105962655,PRIN,13,58,100,650,65000.00,2018-04-10 05:09:00.626550
8543,201804105962661,PRIN,16,58,200,641,128200.00,2018-04-10 05:09:00.626610
8544,201804105962662,PRIN,22,58,30,640,19200.00,2018-04-10 05:09:00.626620
8545,201804105962663,PRIN,38,58,100,640,64000.00,2018-04-10 05:09:00.626630
8546,201804105962623,PRIN,22,22,69,663,45747.00,2018-04-10 05:09:00.626230
8547,201804105962626,PRIN,22,41,31,663,20553.00,2018-04-10 05:09:00.626260
8548,201804095962076,PRIN,39,34,20,652,13040.00,2018-04-09 05:09:00.620760
8549,201804095962077,PRIN,39,45,50,655,32750.00,2018-04-09 05:09:00.620770
8550,201804095962092,PRIN,6,58,100,651,65100.00,2018-04-09 05:09:00.620920
8551,201804095962093,PRIN,57,58,70,651,45570.00,2018-04-09 05:09:00.620930
8552,201804095961982,PRIN,19,42,100,660,66000.00,2018-04-09 05:09:00.619820
8553,201804095961989,PRIN,57,34,100,657,65700.00,2018-04-09 05:09:00.619890
8554,201804095962018,PRIN,56,34,100,655,65500.00,2018-04-09 05:09:00.620180
8555,201804095962019,PRIN,8,34,100,653,65300.00,2018-04-09 05:09:00.620190
8556,201804095962020,PRIN,8,34,100,652,65200.00,2018-04-09 05:09:00.620200
8557,201804095961958,PRIN,19,58,100,670,67000.00,2018-04-09 05:09:00.619580
8558,201804095961889,PRIN,39,58,500,669,334500.00,2018-04-09 05:09:00.618890
8559,201804095961794,PRIN,39,58,500,667,333500.00,2018-04-09 05:09:00.617940
8560,201804095961827,PRIN,39,22,50,658,32900.00,2018-04-09 05:09:00.618270
8561,201804095961828,PRIN,39,57,50,660,33000.00,2018-04-09 05:09:00.618280
8562,201804095961829,PRIN,39,17,11,668,7348.00,2018-04-09 05:09:00.618290
8563,201804095961712,PRIN,39,59,50,663,33150.00,2018-04-09 05:09:00.617120
8564,201804095961713,PRIN,39,36,100,664,66400.00,2018-04-09 05:09:00.617130
8565,201804095961714,PRIN,39,54,100,665,66500.00,2018-04-09 05:09:00.617140
8566,201804095961715,PRIN,39,58,261,665,173565.00,2018-04-09 05:09:00.617150
8567,201804095961716,PRIN,39,17,189,668,126252.00,2018-04-09 05:09:00.617160
8568,201804095961481,PRIN,8,58,200,655,131000.00,2018-04-09 05:09:00.614810
8569,201804095961494,PRIN,8,58,100,656,65600.00,2018-04-09 05:09:00.614940
8570,201804095961454,PRIN,1,58,100,654,65400.00,2018-04-09 05:09:00.614540
8571,201804095961166,PRIN,28,58,50,648,32400.00,2018-04-09 05:09:00.611660
8572,201804095961167,PRIN,6,58,500,648,324000.00,2018-04-09 05:09:00.611670
8573,201804095961181,PRIN,20,21,50,650,32500.00,2018-04-09 05:09:00.611810
8574,201804095961054,PRIN,52,6,100,646,64600.00,2018-04-09 05:09:00.610540
8575,201804095960944,PRIN,28,58,1000,651,651000.00,2018-04-09 05:09:00.609440
8576,201804095960957,PRIN,7,58,100,650,65000.00,2018-04-09 05:09:00.609570
8577,201804095960958,PRIN,28,58,100,650,65000.00,2018-04-09 05:09:00.609580
8578,201804095960959,PRIN,40,58,100,650,65000.00,2018-04-09 05:09:00.609590
8579,201804095960960,PRIN,34,58,200,650,130000.00,2018-04-09 05:09:00.609600
8580,201804095960993,PRIN,50,56,100,649,64900.00,2018-04-09 05:09:00.609930
8581,201804095960994,PRIN,41,56,27,647,17469.00,2018-04-09 05:09:00.609940
8582,201804095960995,PRIN,40,56,20,646,12920.00,2018-04-09 05:09:00.609950
8583,201804095960996,PRIN,14,56,53,646,34238.00,2018-04-09 05:09:00.609960
8584,201804095960907,PRIN,16,58,103,655,67465.00,2018-04-09 05:09:00.609070
8585,201804095960908,PRIN,43,58,100,655,65500.00,2018-04-09 05:09:00.609080
8586,201804095960909,PRIN,34,58,500,655,327500.00,2018-04-09 05:09:00.609090
8587,201804095960910,PRIN,58,58,500,654,327000.00,2018-04-09 05:09:00.609100
8588,201804095960911,PRIN,29,58,200,653,130600.00,2018-04-09 05:09:00.609110
8589,201804095960912,PRIN,7,58,200,652,130400.00,2018-04-09 05:09:00.609120
8590,201804095960802,PRIN,39,43,50,656,32800.00,2018-04-09 05:09:00.608020
8591,201804095960803,PRIN,16,43,50,655,32750.00,2018-04-09 05:09:00.608030
8592,201804095960421,PRIN,14,6,23,655,15065.00,2018-04-09 05:09:00.604210
8593,201804095960422,PRIN,16,6,30,655,19650.00,2018-04-09 05:09:00.604220
8594,201804095960423,PRIN,16,6,147,655,96285.00,2018-04-09 05:09:00.604230
8595,201804095960430,PRIN,34,17,70,657,45990.00,2018-04-09 05:09:00.604300
8596,201804095960440,PRIN,43,21,200,655,131000.00,2018-04-09 05:09:00.604400
8597,201804095960241,PRIN,51,17,100,657,65700.00,2018-04-09 05:09:00.602410
8598,201804095960075,PRIN,48,41,100,658,65800.00,2018-04-09 05:09:00.600750
8599,201804095960040,PRIN,48,41,96,658,63168.00,2018-04-09 05:09:00.600400
8600,201804095959888,PRIN,51,58,428,661,282908.00,2018-04-09 05:09:00.598880
8601,201804095959889,PRIN,11,58,15,661,9915.00,2018-04-09 05:09:00.598890
8602,201804095959890,PRIN,28,58,50,660,33000.00,2018-04-09 05:09:00.598900
8603,201804095959891,PRIN,28,58,1000,660,660000.00,2018-04-09 05:09:00.598910
8604,201804095959714,PRIN,42,49,274,663,181662.00,2018-04-09 05:09:00.597140
8605,201804095959715,PRIN,28,49,200,662,132400.00,2018-04-09 05:09:00.597150
8606,201804095959716,PRIN,22,49,50,661,33050.00,2018-04-09 05:09:00.597160
8607,201804095959717,PRIN,22,49,200,661,132200.00,2018-04-09 05:09:00.597170
8608,201804095959718,PRIN,51,49,72,661,47592.00,2018-04-09 05:09:00.597180
8609,201804095959616,PRIN,34,58,500,665,332500.00,2018-04-09 05:09:00.596160
8610,201804095959641,PRIN,42,49,26,663,17238.00,2018-04-09 05:09:00.596410
8611,201804095959589,PRIN,55,53,100,664,66400.00,2018-04-09 05:09:00.595890
8612,201804095959596,PRIN,35,49,50,665,33250.00,2018-04-09 05:09:00.595960
8613,201804095959597,PRIN,55,49,413,664,274232.00,2018-04-09 05:09:00.595970
8614,201804095959598,PRIN,43,49,200,664,132800.00,2018-04-09 05:09:00.595980
8615,201804095959553,PRIN,28,49,500,665,332500.00,2018-04-09 05:09:00.595530
8616,201804095959435,PRIN,56,49,500,665,332500.00,2018-04-09 05:09:00.594350
8617,201804095959371,PRIN,57,57,100,670,67000.00,2018-04-09 05:09:00.593710
8618,201804095959275,PRIN,28,49,500,669,334500.00,2018-04-09 05:09:00.592750
8619,201804095959276,PRIN,28,49,200,670,134000.00,2018-04-09 05:09:00.592760
8620,201804095959277,PRIN,28,58,100,670,67000.00,2018-04-09 05:09:00.592770
8621,201804095959278,PRIN,28,42,500,670,335000.00,2018-04-09 05:09:00.592780
8622,201804095959108,PRIN,46,58,50,664,33200.00,2018-04-09 05:09:00.591080
8623,201804095959109,PRIN,55,58,487,664,323368.00,2018-04-09 05:09:00.591090
8624,201804095958840,PRIN,46,58,150,664,99600.00,2018-04-09 05:09:00.588400
8625,201804095958525,PRIN,1,53,33,668,22044.00,2018-04-09 05:09:00.585250
8626,201804095958539,PRIN,51,53,50,667,33350.00,2018-04-09 05:09:00.585390
8627,201804095958540,PRIN,6,53,17,667,11339.00,2018-04-09 05:09:00.585400
8628,201804095958554,PRIN,6,49,83,667,55361.00,2018-04-09 05:09:00.585540
8629,201804095958555,PRIN,11,49,500,666,333000.00,2018-04-09 05:09:00.585550
8630,201804095958559,PRIN,22,49,100,666,66600.00,2018-04-09 05:09:00.585590
8631,201804095958563,PRIN,46,49,475,666,316350.00,2018-04-09 05:09:00.585630
8632,201804095958564,PRIN,21,49,55,665,36575.00,2018-04-09 05:09:00.585640
8633,201804095958565,PRIN,53,49,200,665,133000.00,2018-04-09 05:09:00.585650
8634,201804095958566,PRIN,1,49,87,665,57855.00,2018-04-09 05:09:00.585660
8635,201804095958573,PRIN,1,58,313,665,208145.00,2018-04-09 05:09:00.585730
8636,201804095958574,PRIN,48,58,200,665,133000.00,2018-04-09 05:09:00.585740
8637,201804095958489,PRIN,46,58,300,670,201000.00,2018-04-09 05:09:00.584890
8638,201804095958523,PRIN,44,53,33,668,22044.00,2018-04-09 05:09:00.585230
8639,201804095958524,PRIN,1,53,67,668,44756.00,2018-04-09 05:09:00.585240
8640,201804095958087,PRIN,10,58,100,674,67400.00,2018-04-09 05:09:00.580870
8641,201804095958046,PRIN,46,58,50,674,33700.00,2018-04-09 05:09:00.580460
8642,201804095957865,PRIN,14,49,25,676,16900.00,2018-04-09 05:09:00.578650
8643,201804095957831,PRIN,29,58,150,671,100650.00,2018-04-09 05:09:00.578310
8644,201804095957836,PRIN,44,58,167,668,111556.00,2018-04-09 05:09:00.578360
8645,201804095957734,PRIN,1,25,200,670,134000.00,2018-04-09 05:09:00.577340
8646,201804095957739,PRIN,29,58,200,670,134000.00,2018-04-09 05:09:00.577390
8647,201804095957740,PRIN,50,58,100,670,67000.00,2018-04-09 05:09:00.577400
8648,201804095957741,PRIN,28,58,200,670,134000.00,2018-04-09 05:09:00.577410
8649,201804095957654,PRIN,37,37,25,671,16775.00,2018-04-09 05:09:00.576540
8650,201804095957655,PRIN,35,37,70,670,46900.00,2018-04-09 05:09:00.576550
8651,201804095957656,PRIN,32,37,255,670,170850.00,2018-04-09 05:09:00.576560
8652,201804095957681,PRIN,32,37,43,670,28810.00,2018-04-09 05:09:00.576810
8653,201804095957137,PRIN,26,58,50,672,33600.00,2018-04-09 05:09:00.571370
8654,201804095957138,PRIN,14,58,100,671,67100.00,2018-04-09 05:09:00.571380
8655,201804095957139,PRIN,29,58,100,671,67100.00,2018-04-09 05:09:00.571390
8656,201804095957140,PRIN,35,58,50,670,33500.00,2018-04-09 05:09:00.571400
8657,201804095957141,PRIN,35,58,70,670,46900.00,2018-04-09 05:09:00.571410
8658,201804095956781,PRIN,38,6,100,678,67800.00,2018-04-09 05:09:00.567810
8659,201804095956672,PRIN,40,17,101,677,68377.00,2018-04-09 05:09:00.566720
8660,201804095956502,PRIN,34,13,50,676,33800.00,2018-04-09 05:09:00.565020
8661,201804095956470,PRIN,26,17,60,670,40200.00,2018-04-09 05:09:00.564700
8662,201804095956346,PRIN,57,25,20,666,13320.00,2018-04-09 05:09:00.563460
8663,201804095956356,PRIN,57,58,113,666,75258.00,2018-04-09 05:09:00.563560
8664,201804095956293,PRIN,20,17,20,670,13400.00,2018-04-09 05:09:00.562930
8665,201804095956208,PRIN,57,35,67,666,44622.00,2018-04-09 05:09:00.562080
8666,201804095955873,PRIN,20,49,50,667,33350.00,2018-04-09 05:09:00.558730
8667,201804095955874,PRIN,20,5,100,668,66800.00,2018-04-09 05:09:00.558740
8668,201804095955875,PRIN,20,6,100,668,66800.00,2018-04-09 05:09:00.558750
8669,201804095955876,PRIN,20,5,30,668,20040.00,2018-04-09 05:09:00.558760
8670,201804095955877,PRIN,20,17,220,670,147400.00,2018-04-09 05:09:00.558770
8671,201804095955779,PRIN,38,49,100,667,66700.00,2018-04-09 05:09:00.557790
8672,201804095955560,PRIN,21,58,500,657,328500.00,2018-04-09 05:09:00.555600
8673,201804095955446,PRIN,32,34,23,663,15249.00,2018-04-09 05:09:00.554460
8674,201804095955447,PRIN,14,34,177,655,115935.00,2018-04-09 05:09:00.554470
8675,201804095955356,PRIN,32,37,21,663,13923.00,2018-04-09 05:09:00.553560
8676,201804095955304,PRIN,34,16,44,665,29260.00,2018-04-09 05:09:00.553040
8677,201804095955305,PRIN,32,16,156,663,103428.00,2018-04-09 05:09:00.553050
8678,201804095955115,PRIN,33,28,44,668,29392.00,2018-04-09 05:09:00.551150
8679,201804095955116,PRIN,34,28,156,665,103740.00,2018-04-09 05:09:00.551160
8680,201804095955019,PRIN,22,53,44,668,29392.00,2018-04-09 05:09:00.550190
8681,201804095955020,PRIN,33,53,56,668,37408.00,2018-04-09 05:09:00.550200
8682,201804095954842,PRIN,40,49,50,676,33800.00,2018-04-09 05:09:00.548420
8683,201804095954843,PRIN,10,49,200,675,135000.00,2018-04-09 05:09:00.548430
8684,201804095954844,PRIN,32,49,500,675,337500.00,2018-04-09 05:09:00.548440
8685,201804095954845,PRIN,34,49,100,675,67500.00,2018-04-09 05:09:00.548450
8686,201804095954853,PRIN,58,58,40,670,26800.00,2018-04-09 05:09:00.548530
8687,201804095954854,PRIN,28,58,100,670,67000.00,2018-04-09 05:09:00.548540
8688,201804095954855,PRIN,22,58,60,668,40080.00,2018-04-09 05:09:00.548550
8689,201804095954856,PRIN,22,58,600,668,400800.00,2018-04-09 05:09:00.548560
8690,201804095954857,PRIN,22,58,456,668,304608.00,2018-04-09 05:09:00.548570
8691,201804095954782,PRIN,22,28,40,685,27400.00,2018-04-09 05:09:00.547820
8692,201804095954506,PRIN,11,45,151,679,102529.00,2018-04-09 05:09:00.545060
8693,201804095954416,PRIN,11,58,100,679,67900.00,2018-04-09 05:09:00.544160
8694,201804095954440,PRIN,1,58,80,679,54320.00,2018-04-09 05:09:00.544400
8695,201804095954441,PRIN,11,58,49,679,33271.00,2018-04-09 05:09:00.544410
8696,201804095954373,PRIN,1,59,20,679,13580.00,2018-04-09 05:09:00.543730
8697,201804095954355,PRIN,14,58,200,681,136200.00,2018-04-09 05:09:00.543550
8698,201804095954356,PRIN,53,58,100,680,68000.00,2018-04-09 05:09:00.543560
8699,201804095954357,PRIN,37,58,100,680,68000.00,2018-04-09 05:09:00.543570
8700,201804095954358,PRIN,37,58,100,680,68000.00,2018-04-09 05:09:00.543580
8701,201804095954208,PRIN,4,35,29,685,19865.00,2018-04-09 05:09:00.542080
8702,201804095954223,PRIN,4,58,171,685,117135.00,2018-04-09 05:09:00.542230
8703,201804095954228,PRIN,21,58,200,685,137000.00,2018-04-09 05:09:00.542280
8704,201804095954157,PRIN,4,53,100,685,68500.00,2018-04-09 05:09:00.541570
8705,201804095954134,PRIN,47,53,100,685,68500.00,2018-04-09 05:09:00.541340
8706,201804095953926,PRIN,35,53,80,685,54800.00,2018-04-09 05:09:00.539260
8707,201804095953838,PRIN,46,28,80,680,54400.00,2018-04-09 05:09:00.538380
8708,201804095953878,PRIN,42,28,20,680,13600.00,2018-04-09 05:09:00.538780
8709,201804095953879,PRIN,42,40,60,682,40920.00,2018-04-09 05:09:00.538790
8710,201804095953880,PRIN,42,34,50,683,34150.00,2018-04-09 05:09:00.538800
8711,201804095953881,PRIN,42,14,50,683,34150.00,2018-04-09 05:09:00.538810
8712,201804095953882,PRIN,42,53,20,685,13700.00,2018-04-09 05:09:00.538820
8713,201804095953799,PRIN,14,49,400,680,272000.00,2018-04-09 05:09:00.537990
8714,201804095953808,PRIN,46,14,100,680,68000.00,2018-04-09 05:09:00.538080
8715,201804095953815,PRIN,25,53,100,681,68100.00,2018-04-09 05:09:00.538150
8716,201804095953760,PRIN,41,45,100,679,67900.00,2018-04-09 05:09:00.537600
8717,201804095953761,PRIN,41,49,400,680,272000.00,2018-04-09 05:09:00.537610
8718,201804095953689,PRIN,51,49,100,680,68000.00,2018-04-09 05:09:00.536890
8719,201804095953690,PRIN,50,49,100,680,68000.00,2018-04-09 05:09:00.536900
8720,201804095953607,PRIN,35,21,500,675,337500.00,2018-04-09 05:09:00.536070
8721,201804095953497,PRIN,58,22,60,670,40200.00,2018-04-09 05:09:00.534970
8722,201804095953443,PRIN,7,8,200,669,133800.00,2018-04-09 05:09:00.534430
8723,201804095953445,PRIN,20,8,250,669,167250.00,2018-04-09 05:09:00.534450
8724,201804095953446,PRIN,20,53,50,669,33450.00,2018-04-09 05:09:00.534460
8725,201804095953461,PRIN,33,58,80,670,53600.00,2018-04-09 05:09:00.534610
8726,201804095953471,PRIN,52,58,160,670,107200.00,2018-04-09 05:09:00.534710
8727,201804095953472,PRIN,52,22,40,670,26800.00,2018-04-09 05:09:00.534720
8728,201804095953393,PRIN,53,49,400,668,267200.00,2018-04-09 05:09:00.533930
8729,201804095953293,PRIN,20,17,200,668,133600.00,2018-04-09 05:09:00.532930
8730,201804095953303,PRIN,45,49,100,668,66800.00,2018-04-09 05:09:00.533030
8731,201804095953237,PRIN,32,53,100,667,66700.00,2018-04-09 05:09:00.532370
8732,201804095953177,PRIN,20,49,500,667,333500.00,2018-04-09 05:09:00.531770
8733,201804095953109,PRIN,38,38,500,654,327000.00,2018-04-09 05:09:00.531090
8734,201804095953082,PRIN,7,34,100,660,66000.00,2018-04-09 05:09:00.530820
8735,201804095953093,PRIN,39,19,13,667,8671.00,2018-04-09 05:09:00.530930
8736,201804095952997,PRIN,33,42,20,653,13060.00,2018-04-09 05:09:00.529970
8737,201804095952815,PRIN,13,32,150,655,98250.00,2018-04-09 05:09:00.528150
8738,201804095952851,PRIN,22,34,180,650,117000.00,2018-04-09 05:09:00.528510
8739,201804095952852,PRIN,53,34,20,650,13000.00,2018-04-09 05:09:00.528520
8740,201804095952853,PRIN,37,34,200,650,130000.00,2018-04-09 05:09:00.528530
8741,201804095952507,PRIN,22,36,20,650,13000.00,2018-04-09 05:09:00.525070
8742,201804095952290,PRIN,40,34,20,659,13180.00,2018-04-09 05:09:00.522900
8743,201804095952097,PRIN,32,34,50,659,32950.00,2018-04-09 05:09:00.520970
8744,201804095952010,PRIN,59,34,500,660,330000.00,2018-04-09 05:09:00.520100
8745,201804095951925,PRIN,37,58,10,675,6750.00,2018-04-09 05:09:00.519250
8746,201804095951926,PRIN,32,58,50,670,33500.00,2018-04-09 05:09:00.519260
8747,201804095951946,PRIN,41,59,100,662,66200.00,2018-04-09 05:09:00.519460
8748,201804095951888,PRIN,40,20,30,675,20250.00,2018-04-09 05:09:00.518880
8749,201804095951898,PRIN,10,20,70,670,46900.00,2018-04-09 05:09:00.518980
8750,201804095951899,PRIN,10,20,100,670,67000.00,2018-04-09 05:09:00.518990
8751,201804095951912,PRIN,32,47,50,670,33500.00,2018-04-09 05:09:00.519120
8752,201804095951848,PRIN,7,17,100,680,68000.00,2018-04-09 05:09:00.518480
8753,201804095951870,PRIN,50,49,100,679,67900.00,2018-04-09 05:09:00.518700
8754,201804095951811,PRIN,36,34,200,683,136600.00,2018-04-09 05:09:00.518110
8755,201804095951812,PRIN,40,34,50,682,34100.00,2018-04-09 05:09:00.518120
8756,201804095951817,PRIN,37,34,30,682,20460.00,2018-04-09 05:09:00.518170
8757,201804095951832,PRIN,19,43,20,680,13600.00,2018-04-09 05:09:00.518320
8758,201804095951833,PRIN,21,43,50,676,33800.00,2018-04-09 05:09:00.518330
8759,201804095951834,PRIN,40,43,30,675,20250.00,2018-04-09 05:09:00.518340
8760,201804095951769,PRIN,40,34,100,682,68200.00,2018-04-09 05:09:00.517690
8761,201804095951731,PRIN,39,49,351,680,238680.00,2018-04-09 05:09:00.517310
8762,201804095951746,PRIN,17,49,149,680,101320.00,2018-04-09 05:09:00.517460
8763,201804095951747,PRIN,17,35,51,680,34680.00,2018-04-09 05:09:00.517470
8764,201804095951748,PRIN,17,49,50,682,34100.00,2018-04-09 05:09:00.517480
8765,201804095951749,PRIN,17,34,250,683,170750.00,2018-04-09 05:09:00.517490
8766,201804095951684,PRIN,40,6,140,675,94500.00,2018-04-09 05:09:00.516840
8767,201804095951703,PRIN,39,49,29,680,19720.00,2018-04-09 05:09:00.517030
8768,201804095951704,PRIN,39,35,20,680,13600.00,2018-04-09 05:09:00.517040
8769,201804095951705,PRIN,39,17,100,680,68000.00,2018-04-09 05:09:00.517050
8770,201804095951649,PRIN,22,50,20,680,13600.00,2018-04-09 05:09:00.516490
8771,201804095951650,PRIN,42,50,500,671,335500.00,2018-04-09 05:09:00.516500
8772,201804095951651,PRIN,10,50,30,670,20100.00,2018-04-09 05:09:00.516510
8773,201804095951640,PRIN,48,35,300,670,201000.00,2018-04-09 05:09:00.516400
8774,201804095951471,PRIN,32,53,250,672,168000.00,2018-04-09 05:09:00.514710
8775,201804085951374,PRIN,6,49,200,659,131800.00,2018-04-08 05:09:00.513740
8776,201804085951402,PRIN,58,49,10,659,6590.00,2018-04-08 05:09:00.514020
8777,201804085951296,PRIN,28,16,125,652,81500.00,2018-04-08 05:09:00.512960
8778,201804085951328,PRIN,58,16,25,652,16300.00,2018-04-08 05:09:00.513280
8779,201804085951292,PRIN,28,29,100,652,65200.00,2018-04-08 05:09:00.512920
8780,201804085951137,PRIN,28,58,275,652,179300.00,2018-04-08 05:09:00.511370
8781,201804085951071,PRIN,42,50,200,652,130400.00,2018-04-08 05:09:00.510710
8782,201804085951104,PRIN,4,58,25,652,16300.00,2018-04-08 05:09:00.511040
8783,201804085950950,PRIN,28,7,150,639,95850.00,2018-04-08 05:09:00.509500
8784,201804085950951,PRIN,28,33,410,640,262400.00,2018-04-08 05:09:00.509510
8785,201804085950952,PRIN,28,44,159,640,101760.00,2018-04-08 05:09:00.509520
8786,201804085950991,PRIN,10,59,100,645,64500.00,2018-04-08 05:09:00.509910
8787,201804085950992,PRIN,10,36,235,650,152750.00,2018-04-08 05:09:00.509920
8788,201804085950900,PRIN,21,7,50,639,31950.00,2018-04-08 05:09:00.509000
8789,201804085950807,PRIN,42,52,200,630,126000.00,2018-04-08 05:09:00.508070
8790,201804085950808,PRIN,42,46,200,630,126000.00,2018-04-08 05:09:00.508080
8791,201804085950561,PRIN,22,58,20,625,12500.00,2018-04-08 05:09:00.505610
8792,201804085950562,PRIN,38,58,250,624,156000.00,2018-04-08 05:09:00.505620
8793,201804085950456,PRIN,10,34,300,635,190500.00,2018-04-08 05:09:00.504560
8794,201804085950457,PRIN,10,43,545,635,346075.00,2018-04-08 05:09:00.504570
8795,201804085950285,PRIN,39,37,80,630,50400.00,2018-04-08 05:09:00.502850
8796,201804085950305,PRIN,39,33,70,640,44800.00,2018-04-08 05:09:00.503050
8797,201804085950156,PRIN,38,20,100,624,62400.00,2018-04-08 05:09:00.501560
8798,201804085950086,PRIN,38,53,150,624,93600.00,2018-04-08 05:09:00.500860
8799,201804085949919,PRIN,28,21,50,623,31150.00,2018-04-08 05:09:00.499190
8800,201804085949858,PRIN,43,46,50,631,31550.00,2018-04-08 05:09:00.498580
8801,201804085949859,PRIN,41,46,50,630,31500.00,2018-04-08 05:09:00.498590
8802,201804085949866,PRIN,52,16,50,625,31250.00,2018-04-08 05:09:00.498660
8803,201804085949867,PRIN,25,16,150,624,93600.00,2018-04-08 05:09:00.498670
8804,201804085949877,PRIN,25,53,50,624,31200.00,2018-04-08 05:09:00.498770
8805,201804085949774,PRIN,57,34,100,635,63500.00,2018-04-08 05:09:00.497740
8806,201804085949665,PRIN,32,32,50,636,31800.00,2018-04-08 05:09:00.496650
8807,201804085949666,PRIN,45,32,20,636,12720.00,2018-04-08 05:09:00.496660
8808,201804085949699,PRIN,57,58,100,635,63500.00,2018-04-08 05:09:00.496990
8809,201804085949176,PRIN,17,34,60,640,38400.00,2018-04-08 05:09:00.491760
8810,201804085949177,PRIN,42,34,40,640,25600.00,2018-04-08 05:09:00.491770
8811,201804085948938,PRIN,42,33,20,647,12940.00,2018-04-08 05:09:00.489380
8812,201804085948880,PRIN,33,6,100,648,64800.00,2018-04-08 05:09:00.488800
8813,201804085948881,PRIN,6,6,100,648,64800.00,2018-04-08 05:09:00.488810
8814,201804085948799,PRIN,53,7,50,656,32800.00,2018-04-08 05:09:00.487990
8815,201804085948805,PRIN,53,20,550,656,360800.00,2018-04-08 05:09:00.488050
8816,201804085948806,PRIN,14,20,70,656,45920.00,2018-04-08 05:09:00.488060
8817,201804085948807,PRIN,37,20,200,656,131200.00,2018-04-08 05:09:00.488070
8818,201804085948808,PRIN,26,20,180,655,117900.00,2018-04-08 05:09:00.488080
8819,201804085948812,PRIN,26,36,320,655,209600.00,2018-04-08 05:09:00.488120
8820,201804085948813,PRIN,5,36,100,650,65000.00,2018-04-08 05:09:00.488130
8821,201804085948814,PRIN,21,36,100,650,65000.00,2018-04-08 05:09:00.488140
8822,201804085948758,PRIN,53,33,200,656,131200.00,2018-04-08 05:09:00.487580
8823,201804085948409,PRIN,43,26,100,665,66500.00,2018-04-08 05:09:00.484090
8824,201804085948411,PRIN,53,17,200,656,131200.00,2018-04-08 05:09:00.484110
8825,201804085948210,PRIN,42,29,80,665,53200.00,2018-04-08 05:09:00.482100
8826,201804085948211,PRIN,42,22,100,665,66500.00,2018-04-08 05:09:00.482110
8827,201804085948212,PRIN,42,22,20,665,13300.00,2018-04-08 05:09:00.482120
8828,201804085948214,PRIN,10,41,500,665,332500.00,2018-04-08 05:09:00.482140
8829,201804085948215,PRIN,10,59,30,665,19950.00,2018-04-08 05:09:00.482150
8830,201804085948216,PRIN,10,5,100,665,66500.00,2018-04-08 05:09:00.482160
8831,201804085948217,PRIN,10,25,30,665,19950.00,2018-04-08 05:09:00.482170
8832,201804085948218,PRIN,10,32,100,665,66500.00,2018-04-08 05:09:00.482180
8833,201804085948219,PRIN,10,22,180,665,119700.00,2018-04-08 05:09:00.482190
8834,201804085948220,PRIN,10,50,200,665,133000.00,2018-04-08 05:09:00.482200
8835,201804085947974,PRIN,41,29,120,665,79800.00,2018-04-08 05:09:00.479740
8836,201804085947899,PRIN,20,36,100,665,66500.00,2018-04-08 05:09:00.478990
8837,201804085947904,PRIN,41,36,190,665,126350.00,2018-04-08 05:09:00.479040
8838,201804085947905,PRIN,41,22,300,665,199500.00,2018-04-08 05:09:00.479050
8839,201804085947906,PRIN,41,53,100,665,66500.00,2018-04-08 05:09:00.479060
8840,201804085947907,PRIN,41,17,151,665,100415.00,2018-04-08 05:09:00.479070
8841,201804085947908,PRIN,41,37,200,665,133000.00,2018-04-08 05:09:00.479080
8842,201804085947809,PRIN,41,36,50,665,33250.00,2018-04-08 05:09:00.478090
8843,201804085947677,PRIN,45,52,100,663,66300.00,2018-04-08 05:09:00.476770
8844,201804085947678,PRIN,45,8,30,665,19950.00,2018-04-08 05:09:00.476780
8845,201804085947679,PRIN,45,8,50,665,33250.00,2018-04-08 05:09:00.476790
8846,201804085947680,PRIN,45,21,10,665,6650.00,2018-04-08 05:09:00.476800
8847,201804085947681,PRIN,45,53,100,665,66500.00,2018-04-08 05:09:00.476810
8848,201804085947682,PRIN,45,36,10,665,6650.00,2018-04-08 05:09:00.476820
8849,201804085947576,PRIN,17,35,100,659,65900.00,2018-04-08 05:09:00.475760
8850,201804085947577,PRIN,17,50,200,659,131800.00,2018-04-08 05:09:00.475770
8851,201804085947557,PRIN,17,41,20,658,13160.00,2018-04-08 05:09:00.475570
8852,201804085947558,PRIN,17,22,20,658,13160.00,2018-04-08 05:09:00.475580
8853,201804085947559,PRIN,17,8,30,659,19770.00,2018-04-08 05:09:00.475590
8854,201804085947560,PRIN,17,53,74,659,48766.00,2018-04-08 05:09:00.475600
8855,201804085947302,PRIN,42,34,500,645,322500.00,2018-04-08 05:09:00.473020
8856,201804085947337,PRIN,46,22,20,647,12940.00,2018-04-08 05:09:00.473370
8857,201804085947267,PRIN,43,22,70,646,45220.00,2018-04-08 05:09:00.472670
8858,201804085947268,PRIN,43,6,30,646,19380.00,2018-04-08 05:09:00.472680
8859,201804085947269,PRIN,34,34,1000,634,634000.00,2018-04-08 05:09:00.472690
8860,201804085947180,PRIN,34,22,50,638,31900.00,2018-04-08 05:09:00.471800
8861,201804085947202,PRIN,20,8,50,646,32300.00,2018-04-08 05:09:00.472020
8862,201804085947203,PRIN,20,53,20,646,12920.00,2018-04-08 05:09:00.472030
8863,201804085947204,PRIN,20,22,30,646,19380.00,2018-04-08 05:09:00.472040
8864,201804085947107,PRIN,58,58,2000,630,1260000.00,2018-04-08 05:09:00.471070
8865,201804085946972,PRIN,55,36,100,631,63100.00,2018-04-08 05:09:00.469720
8866,201804085946846,PRIN,58,49,150,635,95250.00,2018-04-08 05:09:00.468460
8867,201804085946847,PRIN,58,6,100,635,63500.00,2018-04-08 05:09:00.468470
8868,201804085946848,PRIN,58,47,100,635,63500.00,2018-04-08 05:09:00.468480
8869,201804085946849,PRIN,58,6,200,640,128000.00,2018-04-08 05:09:00.468490
8870,201804085946850,PRIN,58,8,50,640,32000.00,2018-04-08 05:09:00.468500
8871,201804085946851,PRIN,58,8,50,640,32000.00,2018-04-08 05:09:00.468510
8872,201804085946852,PRIN,58,40,500,640,320000.00,2018-04-08 05:09:00.468520
8873,201804085946853,PRIN,58,14,100,641,64100.00,2018-04-08 05:09:00.468530
8874,201804085946854,PRIN,58,41,50,641,32050.00,2018-04-08 05:09:00.468540
8875,201804085946879,PRIN,42,36,350,635,222250.00,2018-04-08 05:09:00.468790
8876,201804085946907,PRIN,58,36,150,634,95100.00,2018-04-08 05:09:00.469070
8877,201804085946818,PRIN,20,14,100,633,63300.00,2018-04-08 05:09:00.468180
8878,201804085946699,PRIN,55,47,100,631,63100.00,2018-04-08 05:09:00.466990
8879,201804085946606,PRIN,55,22,20,629,12580.00,2018-04-08 05:09:00.466060
8880,201804085946607,PRIN,55,34,880,629,553520.00,2018-04-08 05:09:00.466070
8881,201804085946643,PRIN,50,41,200,630,126000.00,2018-04-08 05:09:00.466430
8882,201804085946382,PRIN,10,41,200,627,125400.00,2018-04-08 05:09:00.463820
8883,201804085946137,PRIN,36,34,50,625,31250.00,2018-04-08 05:09:00.461370
8884,201804085946138,PRIN,34,34,70,625,43750.00,2018-04-08 05:09:00.461380
8885,201804085946062,PRIN,28,22,300,629,188700.00,2018-04-08 05:09:00.460620
8886,201804085946081,PRIN,28,17,100,629,62900.00,2018-04-08 05:09:00.460810
8887,201804085945954,PRIN,28,34,600,622,373200.00,2018-04-08 05:09:00.459540
8888,201804085945955,PRIN,53,34,250,622,155500.00,2018-04-08 05:09:00.459550
8889,201804085945987,PRIN,28,34,50,625,31250.00,2018-04-08 05:09:00.459870
8890,201804085945990,PRIN,36,34,70,625,43750.00,2018-04-08 05:09:00.459900
8891,201804085946000,PRIN,28,50,150,628,94200.00,2018-04-08 05:09:00.460000
8892,201804085945907,PRIN,58,34,3000,610,1830000.00,2018-04-08 05:09:00.459070
8893,201804085945913,PRIN,34,34,100,618,61800.00,2018-04-08 05:09:00.459130
8894,201804085945943,PRIN,28,34,50,622,31100.00,2018-04-08 05:09:00.459430
8895,201804085945890,PRIN,58,34,3000,610,1830000.00,2018-04-08 05:09:00.458900
8896,201804085945813,PRIN,34,34,3000,608,1824000.00,2018-04-08 05:09:00.458130
8897,201804085945744,PRIN,17,34,100,620,62000.00,2018-04-08 05:09:00.457440
8898,201804085945745,PRIN,19,34,50,619,30950.00,2018-04-08 05:09:00.457450
8899,201804085945746,PRIN,7,34,100,618,61800.00,2018-04-08 05:09:00.457460
8900,201804085945750,PRIN,7,34,600,618,370800.00,2018-04-08 05:09:00.457500
8901,201804085945772,PRIN,34,34,50,616,30800.00,2018-04-08 05:09:00.457720
8902,201804085945773,PRIN,8,34,200,615,123000.00,2018-04-08 05:09:00.457730
8903,201804085945774,PRIN,55,34,150,615,92250.00,2018-04-08 05:09:00.457740
8904,201804085945513,PRIN,56,47,200,620,124000.00,2018-04-08 05:09:00.455130
8905,201804085945455,PRIN,58,34,700,618,432600.00,2018-04-08 05:09:00.454550
8906,201804085945415,PRIN,33,34,200,618,123600.00,2018-04-08 05:09:00.454150
8907,201804085945323,PRIN,48,34,500,618,309000.00,2018-04-08 05:09:00.453230
8908,201804085945333,PRIN,20,22,100,616,61600.00,2018-04-08 05:09:00.453330
8909,201804085945334,PRIN,34,22,100,616,61600.00,2018-04-08 05:09:00.453340
8910,201804085945335,PRIN,34,22,50,616,30800.00,2018-04-08 05:09:00.453350
8911,201804085945284,PRIN,50,34,200,618,123600.00,2018-04-08 05:09:00.452840
8912,201804085945231,PRIN,14,34,200,618,123600.00,2018-04-08 05:09:00.452310
8913,201804085945248,PRIN,14,34,200,618,123600.00,2018-04-08 05:09:00.452480
8914,201804085945190,PRIN,25,29,66,619,40854.00,2018-04-08 05:09:00.451900
8915,201804085945201,PRIN,25,34,34,619,21046.00,2018-04-08 05:09:00.452010
8916,201804085945180,PRIN,45,34,10,620,6200.00,2018-04-08 05:09:00.451800
8917,201804085945102,PRIN,32,34,100,620,62000.00,2018-04-08 05:09:00.451020
8918,201804085945041,PRIN,20,34,850,619,526150.00,2018-04-08 05:09:00.450410
8919,201804085945042,PRIN,20,34,150,620,93000.00,2018-04-08 05:09:00.450420
8920,201804085944778,PRIN,35,34,150,616,92400.00,2018-04-08 05:09:00.447780
8921,201804085944723,PRIN,34,34,1000,613,613000.00,2018-04-08 05:09:00.447230
8922,201804085944759,PRIN,34,34,1000,613,613000.00,2018-04-08 05:09:00.447590
8923,201804085944675,PRIN,57,34,500,619,309500.00,2018-04-08 05:09:00.446750
8924,201804085944621,PRIN,41,34,50,619,30950.00,2018-04-08 05:09:00.446210
8925,201804085944477,PRIN,42,34,50,619,30950.00,2018-04-08 05:09:00.444770
8926,201804085944430,PRIN,41,34,50,619,30950.00,2018-04-08 05:09:00.444300
8927,201804085943900,PRIN,51,34,150,616,92400.00,2018-04-08 05:09:00.439000
8928,201804085943901,PRIN,51,34,100,615,61500.00,2018-04-08 05:09:00.439010
8929,201804085943875,PRIN,22,17,200,617,123400.00,2018-04-08 05:09:00.438750
8930,201804085943480,PRIN,26,34,100,621,62100.00,2018-04-08 05:09:00.434800
8931,201804085943481,PRIN,34,34,100,620,62000.00,2018-04-08 05:09:00.434810
8932,201804085943482,PRIN,34,34,100,620,62000.00,2018-04-08 05:09:00.434820
8933,201804085943483,PRIN,49,34,130,620,80600.00,2018-04-08 05:09:00.434830
8934,201804085943489,PRIN,17,58,200,617,123400.00,2018-04-08 05:09:00.434890
8935,201804085943344,PRIN,51,34,100,622,62200.00,2018-04-08 05:09:00.433440
8936,201804085943345,PRIN,22,34,50,622,31100.00,2018-04-08 05:09:00.433450
8937,201804085943346,PRIN,47,34,100,622,62200.00,2018-04-08 05:09:00.433460
8938,201804085943256,PRIN,46,58,300,622,186600.00,2018-04-08 05:09:00.432560
8939,201804085943257,PRIN,7,58,200,622,124400.00,2018-04-08 05:09:00.432570
8940,201804085943206,PRIN,8,6,100,626,62600.00,2018-04-08 05:09:00.432060
8941,201804085943207,PRIN,8,34,100,626,62600.00,2018-04-08 05:09:00.432070
8942,201804085942984,PRIN,7,58,100,625,62500.00,2018-04-08 05:09:00.429840
8943,201804085942985,PRIN,7,22,100,625,62500.00,2018-04-08 05:09:00.429850
8944,201804085942742,PRIN,47,53,100,625,62500.00,2018-04-08 05:09:00.427420
8945,201804085942638,PRIN,49,6,29,617,17893.00,2018-04-08 05:09:00.426380
8946,201804085942553,PRIN,10,17,150,616,92400.00,2018-04-08 05:09:00.425530
8947,201804085942488,PRIN,49,32,200,614,122800.00,2018-04-08 05:09:00.424880
8948,201804085942457,PRIN,58,26,30,614,18420.00,2018-04-08 05:09:00.424570
8949,201804085942368,PRIN,53,34,500,609,304500.00,2018-04-08 05:09:00.423680
8950,201804085942404,PRIN,50,34,500,609,304500.00,2018-04-08 05:09:00.424040
8951,201804085942405,PRIN,50,14,50,613,30650.00,2018-04-08 05:09:00.424050
8952,201804085942344,PRIN,20,32,200,605,121000.00,2018-04-08 05:09:00.423440
8953,201804085942304,PRIN,53,17,20,602,12040.00,2018-04-08 05:09:00.423040
8954,201804085942305,PRIN,42,17,12,600,7200.00,2018-04-08 05:09:00.423050
8955,201804085942246,PRIN,53,17,230,602,138460.00,2018-04-08 05:09:00.422460
8956,201804085942160,PRIN,22,58,79,610,48190.00,2018-04-08 05:09:00.421600
8957,201804085942130,PRIN,22,58,71,610,43310.00,2018-04-08 05:09:00.421300
8958,201804085941983,PRIN,19,32,200,605,121000.00,2018-04-08 05:09:00.419830
8959,201804085941679,PRIN,44,43,55,601,33055.00,2018-04-08 05:09:00.416790
8960,201804085941701,PRIN,35,16,50,602,30100.00,2018-04-08 05:09:00.417010
8961,201804085941704,PRIN,53,16,50,602,30100.00,2018-04-08 05:09:00.417040
8962,201804085941640,PRIN,32,16,50,602,30100.00,2018-04-08 05:09:00.416400
8963,201804085941641,PRIN,21,16,50,602,30100.00,2018-04-08 05:09:00.416410
8964,201804085941642,PRIN,48,16,100,602,60200.00,2018-04-08 05:09:00.416420
8965,201804085941563,PRIN,17,58,100,610,61000.00,2018-04-08 05:09:00.415630
8966,201804085941588,PRIN,41,58,190,610,115900.00,2018-04-08 05:09:00.415880
8967,201804085941603,PRIN,7,34,100,605,60500.00,2018-04-08 05:09:00.416030
8968,201804085941380,PRIN,7,17,29,618,17922.00,2018-04-08 05:09:00.413800
8969,201804085941385,PRIN,8,6,200,617,123400.00,2018-04-08 05:09:00.413850
8970,201804085941391,PRIN,48,17,50,616,30800.00,2018-04-08 05:09:00.413910
8971,201804085941359,PRIN,49,1,50,621,31050.00,2018-04-08 05:09:00.413590
8972,201804085941360,PRIN,17,1,79,620,48980.00,2018-04-08 05:09:00.413600
8973,201804085941361,PRIN,7,1,71,618,43878.00,2018-04-08 05:09:00.413610
8974,201804085941067,PRIN,39,14,100,629,62900.00,2018-04-08 05:09:00.410670
8975,201804085941068,PRIN,39,14,100,629,62900.00,2018-04-08 05:09:00.410680
8976,201804085940955,PRIN,17,58,171,625,106875.00,2018-04-08 05:09:00.409550
8977,201804085940956,PRIN,17,6,150,628,94200.00,2018-04-08 05:09:00.409560
8978,201804085940885,PRIN,41,41,200,617,123400.00,2018-04-08 05:09:00.408850
8979,201804085940886,PRIN,41,22,10,617,6170.00,2018-04-08 05:09:00.408860
8980,201804085940883,PRIN,41,6,100,612,61200.00,2018-04-08 05:09:00.408830
8981,201804085940778,PRIN,42,57,100,600,60000.00,2018-04-08 05:09:00.407780
8982,201804085940740,PRIN,42,50,100,600,60000.00,2018-04-08 05:09:00.407400
8983,201804055940613,PRIN,58,28,100,596,59600.00,2018-04-05 05:09:00.406130
8984,201804055940614,PRIN,58,34,200,597,119400.00,2018-04-05 05:09:00.406140
8985,201804055940615,PRIN,58,7,100,599,59900.00,2018-04-05 05:09:00.406150
8986,201804055940616,PRIN,58,56,100,600,60000.00,2018-04-05 05:09:00.406160
8987,201804055940617,PRIN,58,22,300,600,180000.00,2018-04-05 05:09:00.406170
8988,201804055940666,PRIN,58,14,100,603,60300.00,2018-04-05 05:09:00.406660
8989,201804055940667,PRIN,58,5,100,604,60400.00,2018-04-05 05:09:00.406670
8990,201804055940668,PRIN,58,6,100,605,60500.00,2018-04-05 05:09:00.406680
8991,201804055940669,PRIN,58,41,400,605,242000.00,2018-04-05 05:09:00.406690
8992,201804055940443,PRIN,16,56,160,595,95200.00,2018-04-05 05:09:00.404430
8993,201804055940444,PRIN,54,56,140,595,83300.00,2018-04-05 05:09:00.404440
8994,201804055940227,PRIN,16,22,40,595,23800.00,2018-04-05 05:09:00.402270
8995,201804055940151,PRIN,38,16,119,598,71162.00,2018-04-05 05:09:00.401510
8996,201804055940152,PRIN,38,41,28,599,16772.00,2018-04-05 05:09:00.401520
8997,201804055940153,PRIN,38,21,16,600,9600.00,2018-04-05 05:09:00.401530
8998,201804055939958,PRIN,46,43,10,600,6000.00,2018-04-05 05:09:00.399580
8999,201804055939938,PRIN,37,57,100,596,59600.00,2018-04-05 05:09:00.399380
9000,201804055939781,PRIN,38,37,350,603,211050.00,2018-04-05 05:09:00.397810
9001,201804055939782,PRIN,38,6,100,605,60500.00,2018-04-05 05:09:00.397820
9002,201804055939751,PRIN,38,14,200,601,120200.00,2018-04-05 05:09:00.397510
9003,201804055939752,PRIN,38,17,200,602,120400.00,2018-04-05 05:09:00.397520
9004,201804055939753,PRIN,38,47,150,603,90450.00,2018-04-05 05:09:00.397530
9005,201804055939646,PRIN,38,25,100,600,60000.00,2018-04-05 05:09:00.396460
9006,201804055939647,PRIN,38,37,50,600,30000.00,2018-04-05 05:09:00.396470
9007,201804055939648,PRIN,38,6,100,600,60000.00,2018-04-05 05:09:00.396480
9008,201804055939455,PRIN,7,35,100,598,59800.00,2018-04-05 05:09:00.394550
9009,201804055938926,PRIN,34,35,100,593,59300.00,2018-04-05 05:09:00.389260
9010,201804055938505,PRIN,32,35,200,580,116000.00,2018-04-05 05:09:00.385050
9011,201804055938506,PRIN,32,50,100,580,58000.00,2018-04-05 05:09:00.385060
9012,201804055938514,PRIN,58,50,383,582,222906.00,2018-04-05 05:09:00.385140
9013,201804055937566,PRIN,41,21,50,585,29250.00,2018-04-05 05:09:00.375660
9014,201804055937606,PRIN,41,33,60,585,35100.00,2018-04-05 05:09:00.376060
9015,201804055937607,PRIN,35,33,100,584,58400.00,2018-04-05 05:09:00.376070
9016,201804055937608,PRIN,58,33,100,583,58300.00,2018-04-05 05:09:00.376080
9017,201804055937609,PRIN,6,33,100,582,58200.00,2018-04-05 05:09:00.376090
9018,201804055937610,PRIN,35,33,200,580,116000.00,2018-04-05 05:09:00.376100
9019,201804055937611,PRIN,58,33,500,578,289000.00,2018-04-05 05:09:00.376110
9020,201804055937616,PRIN,45,33,135,575,77625.00,2018-04-05 05:09:00.376160
9021,201804055937447,PRIN,53,17,500,586,293000.00,2018-04-05 05:09:00.374470
9022,201804055937469,PRIN,41,17,500,585,292500.00,2018-04-05 05:09:00.374690
9023,201804055937476,PRIN,41,57,200,585,117000.00,2018-04-05 05:09:00.374760
9024,201804055937478,PRIN,41,16,190,585,111150.00,2018-04-05 05:09:00.374780
9025,201804055937421,PRIN,53,17,500,586,293000.00,2018-04-05 05:09:00.374210
9026,201804055937257,PRIN,7,3,50,587,29350.00,2018-04-05 05:09:00.372570
9027,201804055937258,PRIN,49,3,100,587,58700.00,2018-04-05 05:09:00.372580
9028,201804055937259,PRIN,16,3,50,587,29350.00,2018-04-05 05:09:00.372590
9029,201804055937260,PRIN,16,40,100,587,58700.00,2018-04-05 05:09:00.372600
9030,201804055937308,PRIN,29,37,50,590,29500.00,2018-04-05 05:09:00.373080
9031,201804055937318,PRIN,16,43,300,587,176100.00,2018-04-05 05:09:00.373180
9032,201804055937189,PRIN,37,5,200,590,118000.00,2018-04-05 05:09:00.371890
9033,201804055937206,PRIN,41,3,50,590,29500.00,2018-04-05 05:09:00.372060
9034,201804055937220,PRIN,16,37,200,589,117800.00,2018-04-05 05:09:00.372200
9035,201804055937062,PRIN,22,58,100,593,59300.00,2018-04-05 05:09:00.370620
9036,201804055937063,PRIN,6,58,150,593,88950.00,2018-04-05 05:09:00.370630
9037,201804055937064,PRIN,37,58,500,592,296000.00,2018-04-05 05:09:00.370640
9038,201804055937065,PRIN,5,58,200,590,118000.00,2018-04-05 05:09:00.370650
9039,201804055937066,PRIN,41,58,50,590,29500.00,2018-04-05 05:09:00.370660
9040,201804055937129,PRIN,16,10,100,590,59000.00,2018-04-05 05:09:00.371290
9041,201804055937010,PRIN,34,17,200,596,119200.00,2018-04-05 05:09:00.370100
9042,201804055937032,PRIN,6,58,210,595,124950.00,2018-04-05 05:09:00.370320
9043,201804055936967,PRIN,41,41,50,597,29850.00,2018-04-05 05:09:00.369670
9044,201804055936971,PRIN,5,32,100,597,59700.00,2018-04-05 05:09:00.369710
9045,201804055936911,PRIN,21,22,50,601,30050.00,2018-04-05 05:09:00.369110
9046,201804055936921,PRIN,21,6,135,601,81135.00,2018-04-05 05:09:00.369210
9047,201804055936922,PRIN,21,6,15,597,8955.00,2018-04-05 05:09:00.369220
9048,201804055936923,PRIN,41,6,50,597,29850.00,2018-04-05 05:09:00.369230
9049,201804055936597,PRIN,16,35,200,599,119800.00,2018-04-05 05:09:00.365970
9050,201804055936598,PRIN,16,52,100,600,60000.00,2018-04-05 05:09:00.365980
9051,201804055936599,PRIN,16,22,50,600,30000.00,2018-04-05 05:09:00.365990
9052,201804055936600,PRIN,16,22,100,600,60000.00,2018-04-05 05:09:00.366000
9053,201804055936541,PRIN,57,22,50,600,30000.00,2018-04-05 05:09:00.365410
9054,201804055936454,PRIN,1,6,200,599,119800.00,2018-04-05 05:09:00.364540
9055,201804055936403,PRIN,6,58,90,597,53730.00,2018-04-05 05:09:00.364030
9056,201804055936404,PRIN,6,40,200,598,119600.00,2018-04-05 05:09:00.364040
9057,201804055936348,PRIN,51,58,100,597,59700.00,2018-04-05 05:09:00.363480
9058,201804055936326,PRIN,51,58,100,597,59700.00,2018-04-05 05:09:00.363260
9059,201804055936086,PRIN,43,11,178,597,106266.00,2018-04-05 05:09:00.360860
9060,201804055935907,PRIN,58,25,500,594,297000.00,2018-04-05 05:09:00.359070
9061,201804055935908,PRIN,58,32,100,594,59400.00,2018-04-05 05:09:00.359080
9062,201804055935909,PRIN,58,29,100,595,59500.00,2018-04-05 05:09:00.359090
9063,201804055935910,PRIN,58,52,29,595,17255.00,2018-04-05 05:09:00.359100
9064,201804055935911,PRIN,58,58,650,595,386750.00,2018-04-05 05:09:00.359110
9065,201804055935912,PRIN,58,36,180,595,107100.00,2018-04-05 05:09:00.359120
9066,201804055935787,PRIN,38,22,50,593,29650.00,2018-04-05 05:09:00.357870
9067,201804055935664,PRIN,32,19,1000,590,590000.00,2018-04-05 05:09:00.356640
9068,201804055935690,PRIN,58,19,150,590,88500.00,2018-04-05 05:09:00.356900
9069,201804055935499,PRIN,20,6,200,590,118000.00,2018-04-05 05:09:00.354990
9070,201804055935243,PRIN,58,44,30,594,17820.00,2018-04-05 05:09:00.352430
9071,201804055935244,PRIN,58,56,86,594,51084.00,2018-04-05 05:09:00.352440
9072,201804055934970,PRIN,58,58,314,590,185260.00,2018-04-05 05:09:00.349700
9073,201804055934794,PRIN,58,58,1769,584,1033096.00,2018-04-05 05:09:00.347940
9074,201804055934766,PRIN,58,41,100,586,58600.00,2018-04-05 05:09:00.347660
9075,201804055934767,PRIN,5,41,100,585,58500.00,2018-04-05 05:09:00.347670
9076,201804055934760,PRIN,58,52,100,592,59200.00,2018-04-05 05:09:00.347600
9077,201804055934761,PRIN,58,50,100,593,59300.00,2018-04-05 05:09:00.347610
9078,201804055934657,PRIN,51,6,37,590,21830.00,2018-04-05 05:09:00.346570
9079,201804055934658,PRIN,56,6,20,590,11800.00,2018-04-05 05:09:00.346580
9080,201804055934676,PRIN,35,32,300,590,177000.00,2018-04-05 05:09:00.346760
9081,201804055934624,PRIN,51,21,13,590,7670.00,2018-04-05 05:09:00.346240
9082,201804055934390,PRIN,58,56,50,594,29700.00,2018-04-05 05:09:00.343900
9083,201804055934180,PRIN,58,25,298,582,173436.00,2018-04-05 05:09:00.341800
9084,201804055934181,PRIN,58,6,200,584,116800.00,2018-04-05 05:09:00.341810
9085,201804055934182,PRIN,58,32,54,584,31536.00,2018-04-05 05:09:00.341820
9086,201804055934193,PRIN,58,25,200,588,117600.00,2018-04-05 05:09:00.341930
9087,201804055934194,PRIN,58,17,119,589,70091.00,2018-04-05 05:09:00.341940
9088,201804055934195,PRIN,58,41,400,589,235600.00,2018-04-05 05:09:00.341950
9089,201804055934196,PRIN,58,44,400,590,236000.00,2018-04-05 05:09:00.341960
9090,201804055934197,PRIN,58,56,100,593,59300.00,2018-04-05 05:09:00.341970
9091,201804055934198,PRIN,58,17,100,593,59300.00,2018-04-05 05:09:00.341980
9092,201804055934199,PRIN,58,53,200,593,118600.00,2018-04-05 05:09:00.341990
9093,201804055933708,PRIN,33,53,100,570,57000.00,2018-04-05 05:09:00.337080
9094,201804055933709,PRIN,33,37,100,573,57300.00,2018-04-05 05:09:00.337090
9095,201804055933383,PRIN,45,57,101,562,56762.00,2018-04-05 05:09:00.333830
9096,201804055933354,PRIN,44,57,200,565,113000.00,2018-04-05 05:09:00.333540
9097,201804055933355,PRIN,52,57,149,564,84036.00,2018-04-05 05:09:00.333550
9098,201804055933356,PRIN,52,57,100,564,56400.00,2018-04-05 05:09:00.333560
9099,201804055933357,PRIN,52,57,100,564,56400.00,2018-04-05 05:09:00.333570
9100,201804055933007,PRIN,52,14,51,564,28764.00,2018-04-05 05:09:00.330070
9101,201804055932914,PRIN,38,58,100,565,56500.00,2018-04-05 05:09:00.329140
9102,201804055932915,PRIN,48,58,350,565,197750.00,2018-04-05 05:09:00.329150
9103,201804055932964,PRIN,10,41,100,572,57200.00,2018-04-05 05:09:00.329640
9104,201804055932580,PRIN,6,17,100,564,56400.00,2018-04-05 05:09:00.325800
9105,201804055932581,PRIN,16,17,900,563,506700.00,2018-04-05 05:09:00.325810
9106,201804055932559,PRIN,35,41,50,575,28750.00,2018-04-05 05:09:00.325590
9107,201804055932560,PRIN,21,41,40,572,22880.00,2018-04-05 05:09:00.325600
9108,201804055932561,PRIN,7,41,100,572,57200.00,2018-04-05 05:09:00.325610
9109,201804055932562,PRIN,40,41,100,572,57200.00,2018-04-05 05:09:00.325620
9110,201804055932142,PRIN,36,56,50,583,29150.00,2018-04-05 05:09:00.321420
9111,201804045931757,PRIN,6,17,50,572,28600.00,2018-04-04 05:09:00.317570
9112,201804045931612,PRIN,41,58,150,570,85500.00,2018-04-04 05:09:00.316120
9113,201804045931617,PRIN,41,7,100,571,57100.00,2018-04-04 05:09:00.316170
9114,201804045931576,PRIN,41,19,400,569,227600.00,2018-04-04 05:09:00.315760
9115,201804045931324,PRIN,26,56,100,571,57100.00,2018-04-04 05:09:00.313240
9116,201804045931138,PRIN,22,17,30,565,16950.00,2018-04-04 05:09:00.311380
9117,201804045931139,PRIN,22,17,100,565,56500.00,2018-04-04 05:09:00.311390
9118,201804045930954,PRIN,25,47,100,575,57500.00,2018-04-04 05:09:00.309540
9119,201804045930880,PRIN,50,29,50,570,28500.00,2018-04-04 05:09:00.308800
9120,201804045930898,PRIN,50,58,50,570,28500.00,2018-04-04 05:09:00.308980
9121,201804045930686,PRIN,20,8,50,569,28450.00,2018-04-04 05:09:00.306860
9122,201804045930687,PRIN,20,25,31,570,17670.00,2018-04-04 05:09:00.306870
9123,201804045930693,PRIN,57,25,169,570,96330.00,2018-04-04 05:09:00.306930
9124,201804045930694,PRIN,57,41,70,570,39900.00,2018-04-04 05:09:00.306940
9125,201804045930533,PRIN,50,17,200,564,112800.00,2018-04-04 05:09:00.305330
9126,201804045930534,PRIN,50,58,183,565,103395.00,2018-04-04 05:09:00.305340
9127,201804045930130,PRIN,1,29,100,565,56500.00,2018-04-04 05:09:00.301300
9128,201804045929899,PRIN,58,58,450,560,252000.00,2018-04-04 05:09:00.298990
9129,201804045929871,PRIN,21,58,100,560,56000.00,2018-04-04 05:09:00.298710
9130,201804045929721,PRIN,58,56,171,558,95418.00,2018-04-04 05:09:00.297210
9131,201804045929699,PRIN,50,56,200,558,111600.00,2018-04-04 05:09:00.296990
9132,201804045929599,PRIN,34,56,200,558,111600.00,2018-04-04 05:09:00.295990
9133,201804045929541,PRIN,37,56,200,558,111600.00,2018-04-04 05:09:00.295410
9134,201804045929445,PRIN,32,56,40,556,22240.00,2018-04-04 05:09:00.294450
9135,201804045928975,PRIN,14,56,60,556,33360.00,2018-04-04 05:09:00.289750
9136,201804045928646,PRIN,7,48,50,555,27750.00,2018-04-04 05:09:00.286460
9137,201804045928647,PRIN,58,48,100,555,55500.00,2018-04-04 05:09:00.286470
9138,201804045928603,PRIN,58,56,200,557,111400.00,2018-04-04 05:09:00.286030
9139,201804045928554,PRIN,20,56,450,557,250650.00,2018-04-04 05:09:00.285540
9140,201804045928517,PRIN,38,26,21,554,11634.00,2018-04-04 05:09:00.285170
9141,201804045928491,PRIN,53,56,50,556,27800.00,2018-04-04 05:09:00.284910
9142,201804045928493,PRIN,57,53,50,555,27750.00,2018-04-04 05:09:00.284930
9143,201804045928449,PRIN,41,41,200,555,111000.00,2018-04-04 05:09:00.284490
9144,201804045927911,PRIN,41,21,500,553,276500.00,2018-04-04 05:09:00.279110
9145,201804045927912,PRIN,41,53,200,555,111000.00,2018-04-04 05:09:00.279120
9146,201804045927829,PRIN,6,56,50,553,27650.00,2018-04-04 05:09:00.278290
9147,201804045927830,PRIN,38,56,10,553,5530.00,2018-04-04 05:09:00.278300
9148,201804045927831,PRIN,43,56,200,553,110600.00,2018-04-04 05:09:00.278310
9149,201804045927541,PRIN,33,56,150,560,84000.00,2018-04-04 05:09:00.275410
9150,201804045927543,PRIN,19,56,50,561,28050.00,2018-04-04 05:09:00.275430
9151,201804045927389,PRIN,14,56,50,556,27800.00,2018-04-04 05:09:00.273890
9152,201804035927328,PRIN,6,34,50,546,27300.00,2018-04-03 05:09:00.273280
9153,201804035927150,PRIN,6,21,190,546,103740.00,2018-04-03 05:09:00.271500
9154,201804035925745,PRIN,28,6,117,547,63999.00,2018-04-03 05:09:00.257450
9155,201804035925467,PRIN,43,34,50,555,27750.00,2018-04-03 05:09:00.254670
9156,201804035925452,PRIN,36,16,241,550,132550.00,2018-04-03 05:09:00.254520
9157,201804035925453,PRIN,36,22,140,550,77000.00,2018-04-03 05:09:00.254530
9158,201804035925411,PRIN,28,1,50,546,27300.00,2018-04-03 05:09:00.254110
9159,201804035925412,PRIN,28,32,103,546,56238.00,2018-04-03 05:09:00.254120
9160,201804035925413,PRIN,28,34,30,547,16410.00,2018-04-03 05:09:00.254130
9161,201804035925215,PRIN,26,51,119,545,64855.00,2018-04-03 05:09:00.252150
9162,201804035925170,PRIN,34,58,370,540,199800.00,2018-04-03 05:09:00.251700
9163,201804035924609,PRIN,41,51,100,546,54600.00,2018-04-03 05:09:00.246090
9164,201804025923343,PRIN,47,48,31,540,16740.00,2018-04-02 05:09:00.233430
9165,201804025923344,PRIN,34,48,50,540,27000.00,2018-04-02 05:09:00.233440
9166,201804025923345,PRIN,22,48,200,540,108000.00,2018-04-02 05:09:00.233450
9167,201804025923346,PRIN,41,48,100,540,54000.00,2018-04-02 05:09:00.233460
9168,201804025923347,PRIN,47,48,100,539,53900.00,2018-04-02 05:09:00.233470
9169,201804025923348,PRIN,5,48,100,538,53800.00,2018-04-02 05:09:00.233480
9170,201804025923349,PRIN,45,48,419,537,225003.00,2018-04-02 05:09:00.233490
9171,201804025922499,PRIN,11,19,40,544,21760.00,2018-04-02 05:09:00.224990
9172,201804025922500,PRIN,10,19,30,543,16290.00,2018-04-02 05:09:00.225000
9173,201804025922501,PRIN,22,19,50,542,27100.00,2018-04-02 05:09:00.225010
9174,201804025922502,PRIN,14,19,200,541,108200.00,2018-04-02 05:09:00.225020
9175,201804025922503,PRIN,22,19,11,540,5940.00,2018-04-02 05:09:00.225030
9176,201804025922504,PRIN,14,19,100,540,54000.00,2018-04-02 05:09:00.225040
9177,201804025922505,PRIN,47,19,100,540,54000.00,2018-04-02 05:09:00.225050
9178,201804025922506,PRIN,47,19,69,540,37260.00,2018-04-02 05:09:00.225060
9179,201804025922476,PRIN,22,49,40,545,21800.00,2018-04-02 05:09:00.224760
9180,201804025922477,PRIN,11,49,60,544,32640.00,2018-04-02 05:09:00.224770
9181,201804025922449,PRIN,36,41,59,548,32332.00,2018-04-02 05:09:00.224490
9182,201804025921389,PRIN,22,34,19,540,10260.00,2018-04-02 05:09:00.213890
9183,201804025920811,PRIN,22,58,200,540,108000.00,2018-04-02 05:09:00.208110
9184,201804025920530,PRIN,50,34,50,550,27500.00,2018-04-02 05:09:00.205300
9185,201804025920531,PRIN,50,22,50,550,27500.00,2018-04-02 05:09:00.205310
9186,201804025920477,PRIN,55,34,20,548,10960.00,2018-04-02 05:09:00.204770
9187,201804015919772,PRIN,25,35,228,545,124260.00,2018-04-01 05:09:00.197720
9188,201804015919773,PRIN,25,21,300,546,163800.00,2018-04-01 05:09:00.197730
9189,201804015919644,PRIN,22,35,10,545,5450.00,2018-04-01 05:09:00.196440
9190,201804015919594,PRIN,22,34,10,545,5450.00,2018-04-01 05:09:00.195940
9191,201804015919204,PRIN,57,50,170,542,92140.00,2018-04-01 05:09:00.192040
9192,201804015919205,PRIN,32,50,100,542,54200.00,2018-04-01 05:09:00.192050
9193,201804015919206,PRIN,55,50,300,542,162600.00,2018-04-01 05:09:00.192060
9194,201804015919185,PRIN,40,50,110,543,59730.00,2018-04-01 05:09:00.191850
9195,201804015919186,PRIN,47,50,10,542,5420.00,2018-04-01 05:09:00.191860
9196,201804015919187,PRIN,57,50,180,542,97560.00,2018-04-01 05:09:00.191870
9197,201804015919135,PRIN,22,33,20,545,10900.00,2018-04-01 05:09:00.191350
9198,201804015919136,PRIN,37,33,40,544,21760.00,2018-04-01 05:09:00.191360
9199,201804015919137,PRIN,11,33,350,543,190050.00,2018-04-01 05:09:00.191370
9200,201804015919138,PRIN,40,33,90,543,48870.00,2018-04-01 05:09:00.191380
9201,201804015918983,PRIN,26,26,500,545,272500.00,2018-04-01 05:09:00.189830
9202,201804015917884,PRIN,22,34,30,542,16260.00,2018-04-01 05:09:00.178840
9203,201804015917397,PRIN,34,34,200,539,107800.00,2018-04-01 05:09:00.173970
9204,201804015917226,PRIN,29,16,50,542,27100.00,2018-04-01 05:09:00.172260
9205,201804015917125,PRIN,29,37,100,542,54200.00,2018-04-01 05:09:00.171250
9206,201804015916949,PRIN,57,36,200,538,107600.00,2018-04-01 05:09:00.169490
9207,201804015916771,PRIN,32,37,100,542,54200.00,2018-04-01 05:09:00.167710
9208,201804015916714,PRIN,6,8,330,539,177870.00,2018-04-01 05:09:00.167140
9209,201804015916715,PRIN,26,8,19,538,10222.00,2018-04-01 05:09:00.167150
9210,201804015916716,PRIN,14,8,51,538,27438.00,2018-04-01 05:09:00.167160
9211,201804015916658,PRIN,6,19,170,540,91800.00,2018-04-01 05:09:00.166580
9212,201804015916626,PRIN,26,19,30,540,16200.00,2018-04-01 05:09:00.166260
9213,201804015916324,PRIN,57,40,100,538,53800.00,2018-04-01 05:09:00.163240
9214,201804015916235,PRIN,21,16,19,540,10260.00,2018-04-01 05:09:00.162350
9215,201804015916115,PRIN,26,19,31,538,16678.00,2018-04-01 05:09:00.161150
9216,201804015913956,PRIN,43,41,20,528,10560.00,2018-04-01 05:09:00.139560
9217,201804015913832,PRIN,58,17,10,535,5350.00,2018-04-01 05:09:00.138320
9218,201804015913250,PRIN,7,19,50,535,26750.00,2018-04-01 05:09:00.132500
9219,201804015913104,PRIN,58,17,550,545,299750.00,2018-04-01 05:09:00.131040
9220,201804015912863,PRIN,41,29,100,555,55500.00,2018-04-01 05:09:00.128630
9221,201803295912549,PRIN,43,36,480,555,266400.00,2018-03-29 05:09:00.125490
9222,201803295912582,PRIN,56,22,10,560,5600.00,2018-03-29 05:09:00.125820
9223,201803295912494,PRIN,5,36,20,550,11000.00,2018-03-29 05:09:00.124940
9224,201803295912495,PRIN,32,36,300,550,165000.00,2018-03-29 05:09:00.124950
9225,201803295912439,PRIN,38,36,120,555,66600.00,2018-03-29 05:09:00.124390
9226,201803295912440,PRIN,38,37,330,555,183150.00,2018-03-29 05:09:00.124400
9227,201803295912482,PRIN,43,37,65,555,36075.00,2018-03-29 05:09:00.124820
9228,201803295912159,PRIN,22,34,500,557,278500.00,2018-03-29 05:09:00.121590
9229,201803295912184,PRIN,41,36,80,555,44400.00,2018-03-29 05:09:00.121840
9230,201803295912141,PRIN,58,58,55,557,30635.00,2018-03-29 05:09:00.121410
9231,201803295912096,PRIN,53,32,180,556,100080.00,2018-03-29 05:09:00.120960
9232,201803295912097,PRIN,53,21,25,557,13925.00,2018-03-29 05:09:00.120970
9233,201803295912098,PRIN,53,58,45,557,25065.00,2018-03-29 05:09:00.120980
9234,201803295912024,PRIN,41,46,20,555,11100.00,2018-03-29 05:09:00.120240
9235,201803295912053,PRIN,41,32,20,556,11120.00,2018-03-29 05:09:00.120530
9236,201803295911894,PRIN,56,53,70,555,38850.00,2018-03-29 05:09:00.118940
9237,201803295911895,PRIN,56,50,216,555,119880.00,2018-03-29 05:09:00.118950
9238,201803295911750,PRIN,56,40,1500,550,825000.00,2018-03-29 05:09:00.117500
9239,201803295911671,PRIN,56,51,200,554,110800.00,2018-03-29 05:09:00.116710
9240,201803295911627,PRIN,43,53,10,550,5500.00,2018-03-29 05:09:00.116270
9241,201803295911628,PRIN,43,58,19,550,10450.00,2018-03-29 05:09:00.116280
9242,201803295911353,PRIN,17,21,100,547,54700.00,2018-03-29 05:09:00.113530
9243,201803295910725,PRIN,56,46,30,548,16440.00,2018-03-29 05:09:00.107250
9244,201803295910726,PRIN,56,53,120,550,66000.00,2018-03-29 05:09:00.107260
9245,201803295910703,PRIN,22,49,30,545,16350.00,2018-03-29 05:09:00.107030
9246,201803295910709,PRIN,6,49,170,545,92650.00,2018-03-29 05:09:00.107090
9247,201803295910710,PRIN,6,34,500,546,273000.00,2018-03-29 05:09:00.107100
9248,201803295910680,PRIN,57,49,100,545,54500.00,2018-03-29 05:09:00.106800
9249,201803295910659,PRIN,56,25,10,545,5450.00,2018-03-29 05:09:00.106590
9250,201803295910660,PRIN,56,49,40,545,21800.00,2018-03-29 05:09:00.106600
9251,201803295910258,PRIN,53,32,52,540,28080.00,2018-03-29 05:09:00.102580
9252,201803295909845,PRIN,6,34,280,540,151200.00,2018-03-29 05:09:00.098450
9253,201803295909850,PRIN,16,16,9,550,4950.00,2018-03-29 05:09:00.098500
9254,201803295909769,PRIN,41,34,10,540,5400.00,2018-03-29 05:09:00.097690
9255,201803295909656,PRIN,44,34,10,540,5400.00,2018-03-29 05:09:00.096560
9256,201803295909516,PRIN,34,46,20,538,10760.00,2018-03-29 05:09:00.095160
9257,201803295909323,PRIN,6,58,100,545,54500.00,2018-03-29 05:09:00.093230
9258,201803295908683,PRIN,19,34,100,542,54200.00,2018-03-29 05:09:00.086830
9259,201803295908684,PRIN,52,34,100,540,54000.00,2018-03-29 05:09:00.086840
9260,201803295908502,PRIN,26,17,10,543,5430.00,2018-03-29 05:09:00.085020
9261,201803295908503,PRIN,43,17,30,542,16260.00,2018-03-29 05:09:00.085030
9262,201803295908504,PRIN,57,17,50,542,27100.00,2018-03-29 05:09:00.085040
9263,201803295908505,PRIN,36,17,100,541,54100.00,2018-03-29 05:09:00.085050
9264,201803295908506,PRIN,37,17,100,541,54100.00,2018-03-29 05:09:00.085060
9265,201803295908507,PRIN,6,17,200,541,108200.00,2018-03-29 05:09:00.085070
9266,201803295908508,PRIN,57,17,500,540,270000.00,2018-03-29 05:09:00.085080
9267,201803295907911,PRIN,56,44,50,547,27350.00,2018-03-29 05:09:00.079110
9268,201803295907912,PRIN,33,44,30,547,16410.00,2018-03-29 05:09:00.079120
9269,201803295907917,PRIN,43,44,70,547,38290.00,2018-03-29 05:09:00.079170
9270,201803295907900,PRIN,5,53,30,555,16650.00,2018-03-29 05:09:00.079000
9271,201803295907811,PRIN,22,41,50,551,27550.00,2018-03-29 05:09:00.078110
9272,201803295907812,PRIN,16,41,50,550,27500.00,2018-03-29 05:09:00.078120
9273,201803295907724,PRIN,17,29,150,555,83250.00,2018-03-29 05:09:00.077240
9274,201803295907744,PRIN,16,16,200,557,111400.00,2018-03-29 05:09:00.077440
9275,201803295907660,PRIN,16,34,241,557,134237.00,2018-03-29 05:09:00.076600
9276,201803295907543,PRIN,58,34,200,550,110000.00,2018-03-29 05:09:00.075430
9277,201803285907091,PRIN,56,34,100,540,54000.00,2018-03-28 05:09:00.070910
9278,201803285906916,PRIN,17,34,200,540,108000.00,2018-03-28 05:09:00.069160
9279,201803285906876,PRIN,59,34,26,540,14040.00,2018-03-28 05:09:00.068760
9280,201803285906163,PRIN,22,58,113,534,60342.00,2018-03-28 05:09:00.061630
9281,201803285906164,PRIN,41,58,100,534,53400.00,2018-03-28 05:09:00.061640
9282,201803285906165,PRIN,16,58,312,530,165360.00,2018-03-28 05:09:00.061650
9283,201803285906166,PRIN,44,58,100,530,53000.00,2018-03-28 05:09:00.061660
9284,201803285906167,PRIN,6,58,100,530,53000.00,2018-03-28 05:09:00.061670
9285,201803285906138,PRIN,26,58,33,538,17754.00,2018-03-28 05:09:00.061380
9286,201803285906139,PRIN,7,58,30,538,16140.00,2018-03-28 05:09:00.061390
9287,201803285906140,PRIN,32,58,50,537,26850.00,2018-03-28 05:09:00.061400
9288,201803285906141,PRIN,35,58,350,537,187950.00,2018-03-28 05:09:00.061410
9289,201803285906142,PRIN,56,58,100,536,53600.00,2018-03-28 05:09:00.061420
9290,201803285906143,PRIN,38,58,200,535,107000.00,2018-03-28 05:09:00.061430
9291,201803285906144,PRIN,22,58,100,535,53500.00,2018-03-28 05:09:00.061440
9292,201803285906145,PRIN,44,58,50,535,26750.00,2018-03-28 05:09:00.061450
9293,201803285906146,PRIN,22,58,87,534,46458.00,2018-03-28 05:09:00.061460
9294,201803285905755,PRIN,22,37,100,540,54000.00,2018-03-28 05:09:00.057550
9295,201803285905771,PRIN,26,58,67,538,36046.00,2018-03-28 05:09:00.057710
9296,201803285905442,PRIN,22,34,30,544,16320.00,2018-03-28 05:09:00.054420
9297,201803285905443,PRIN,53,34,200,540,108000.00,2018-03-28 05:09:00.054430
9298,201803285905444,PRIN,17,34,50,540,27000.00,2018-03-28 05:09:00.054440
9299,201803285905445,PRIN,32,34,250,540,135000.00,2018-03-28 05:09:00.054450
9300,201803285905446,PRIN,19,34,500,540,270000.00,2018-03-28 05:09:00.054460
9301,201803285905378,PRIN,14,7,100,546,54600.00,2018-03-28 05:09:00.053780
9302,201803285905379,PRIN,39,7,50,546,27300.00,2018-03-28 05:09:00.053790
9303,201803285904839,PRIN,5,34,50,548,27400.00,2018-03-28 05:09:00.048390
9304,201803285904779,PRIN,49,34,100,545,54500.00,2018-03-28 05:09:00.047790
9305,201803285904780,PRIN,6,34,53,544,28832.00,2018-03-28 05:09:00.047800
9306,201803285904781,PRIN,21,34,500,544,272000.00,2018-03-28 05:09:00.047810
9307,201803285904737,PRIN,58,50,20,550,11000.00,2018-03-28 05:09:00.047370
9308,201803285904701,PRIN,32,17,50,548,27400.00,2018-03-28 05:09:00.047010
9309,201803285904674,PRIN,57,17,50,548,27400.00,2018-03-28 05:09:00.046740
9310,201803285904650,PRIN,16,22,188,545,102460.00,2018-03-28 05:09:00.046500
9311,201803285904621,PRIN,6,49,47,544,25568.00,2018-03-28 05:09:00.046210
9312,201803285904639,PRIN,34,22,100,545,54500.00,2018-03-28 05:09:00.046390
9313,201803285904641,PRIN,6,22,100,545,54500.00,2018-03-28 05:09:00.046410
9314,201803285904605,PRIN,53,49,150,544,81600.00,2018-03-28 05:09:00.046050
9315,201803285904593,PRIN,53,49,100,544,54400.00,2018-03-28 05:09:00.045930
9316,201803285904459,PRIN,19,49,190,544,103360.00,2018-03-28 05:09:00.044590
9317,201803285904402,PRIN,32,49,100,544,54400.00,2018-03-28 05:09:00.044020
9318,201803285904338,PRIN,7,49,20,540,10800.00,2018-03-28 05:09:00.043380
9319,201803285904339,PRIN,21,49,190,540,102600.00,2018-03-28 05:09:00.043390
9320,201803285904094,PRIN,34,25,25,540,13500.00,2018-03-28 05:09:00.040940
9321,201803285904095,PRIN,34,25,25,540,13500.00,2018-03-28 05:09:00.040950
9322,201803285904096,PRIN,50,25,100,540,54000.00,2018-03-28 05:09:00.040960
9323,201803285903829,PRIN,57,57,596,544,324224.00,2018-03-28 05:09:00.038290
9324,201803285903171,PRIN,41,44,50,550,27500.00,2018-03-28 05:09:00.031710
9325,201803285903210,PRIN,41,44,20,550,11000.00,2018-03-28 05:09:00.032100
9326,201803285903236,PRIN,41,50,30,550,16500.00,2018-03-28 05:09:00.032360
9327,201803285903053,PRIN,33,17,100,540,54000.00,2018-03-28 05:09:00.030530
9328,201803285903087,PRIN,41,44,50,540,27000.00,2018-03-28 05:09:00.030870
9329,201803285903088,PRIN,41,32,50,550,27500.00,2018-03-28 05:09:00.030880
9330,201803285902958,PRIN,51,49,77,551,42427.00,2018-03-28 05:09:00.029580
9331,201803285902959,PRIN,13,49,20,551,11020.00,2018-03-28 05:09:00.029590
9332,201803285902960,PRIN,10,49,20,550,11000.00,2018-03-28 05:09:00.029600
9333,201803285902961,PRIN,58,49,383,545,208735.00,2018-03-28 05:09:00.029610
9334,201803285902858,PRIN,51,26,23,551,12673.00,2018-03-28 05:09:00.028580
9335,201803285902806,PRIN,59,53,100,552,55200.00,2018-03-28 05:09:00.028060
9336,201803285902807,PRIN,51,53,100,551,55100.00,2018-03-28 05:09:00.028070
9337,201803285902697,PRIN,34,22,10,560,5600.00,2018-03-28 05:09:00.026970
9338,201803285902619,PRIN,46,17,50,553,27650.00,2018-03-28 05:09:00.026190
9339,201803285902567,PRIN,42,22,100,560,56000.00,2018-03-28 05:09:00.025670
9340,201803285902539,PRIN,19,52,100,560,56000.00,2018-03-28 05:09:00.025390
9341,201803285902504,PRIN,45,7,100,568,56800.00,2018-03-28 05:09:00.025040
9342,201803285902301,PRIN,22,43,100,564,56400.00,2018-03-28 05:09:00.023010
9343,201803285902302,PRIN,22,34,430,565,242950.00,2018-03-28 05:09:00.023020
9344,201803285902320,PRIN,57,49,100,570,57000.00,2018-03-28 05:09:00.023200
9345,201803285902075,PRIN,47,34,70,561,39270.00,2018-03-28 05:09:00.020750
9346,201803285902076,PRIN,47,34,200,560,112000.00,2018-03-28 05:09:00.020760
9347,201803285902079,PRIN,21,34,100,556,55600.00,2018-03-28 05:09:00.020790
9348,201803285902080,PRIN,52,34,100,555,55500.00,2018-03-28 05:09:00.020800
9349,201803285902081,PRIN,1,34,100,554,55400.00,2018-03-28 05:09:00.020810
9350,201803285901893,PRIN,5,53,50,564,28200.00,2018-03-28 05:09:00.018930
9351,201803285901608,PRIN,37,49,200,560,112000.00,2018-03-28 05:09:00.016080
9352,201803285901609,PRIN,37,35,143,561,80223.00,2018-03-28 05:09:00.016090
9353,201803285901610,PRIN,37,53,50,561,28050.00,2018-03-28 05:09:00.016100
9354,201803285901338,PRIN,53,43,100,550,55000.00,2018-03-28 05:09:00.013380
9355,201803285901308,PRIN,6,14,385,545,209825.00,2018-03-28 05:09:00.013080
9356,201803285901309,PRIN,6,34,500,548,274000.00,2018-03-28 05:09:00.013090
9357,201803285901255,PRIN,33,41,400,540,216000.00,2018-03-28 05:09:00.012550
9358,201803285901139,PRIN,7,35,200,535,107000.00,2018-03-28 05:09:00.011390
9359,201803285901083,PRIN,36,35,180,530,95400.00,2018-03-28 05:09:00.010830
9360,201803285901044,PRIN,19,58,500,530,265000.00,2018-03-28 05:09:00.010440
9361,201803285900900,PRIN,48,32,50,530,26500.00,2018-03-28 05:09:00.009000
9362,201803285900901,PRIN,48,41,150,530,79500.00,2018-03-28 05:09:00.009010
9363,201803285900880,PRIN,53,32,200,531,106200.00,2018-03-28 05:09:00.008800
9364,201803285900881,PRIN,48,32,300,530,159000.00,2018-03-28 05:09:00.008810
9365,201803285900351,PRIN,16,41,100,540,54000.00,2018-03-28 05:09:00.003510
9366,201803285900278,PRIN,41,17,20,550,11000.00,2018-03-28 05:09:00.002780
9367,201803285900053,PRIN,14,49,200,555,111000.00,2018-03-28 05:09:00.000530
9368,201803285900054,PRIN,46,49,50,555,27750.00,2018-03-28 05:09:00.000540
9369,201803285899989,PRIN,46,49,100,563,56300.00,2018-03-28 05:08:00.999890
9370,201803285899990,PRIN,40,49,300,561,168300.00,2018-03-28 05:08:00.999900
9371,201803285899991,PRIN,33,49,120,560,67200.00,2018-03-28 05:08:00.999910
9372,201803285899994,PRIN,33,36,380,560,212800.00,2018-03-28 05:08:00.999940
9373,201803285899935,PRIN,41,58,260,566,147160.00,2018-03-28 05:08:00.999350
9374,201803285899926,PRIN,41,58,100,566,56600.00,2018-03-28 05:08:00.999260
9375,201803285899927,PRIN,41,58,140,566,79240.00,2018-03-28 05:08:00.999270
9376,201803285899897,PRIN,43,21,25,555,13875.00,2018-03-28 05:08:00.998970
9377,201803275899677,PRIN,58,49,30,552,16560.00,2018-03-27 05:08:00.996770
9378,201803275899699,PRIN,7,17,80,545,43600.00,2018-03-27 05:08:00.996990
9379,201803275899728,PRIN,7,17,20,545,10900.00,2018-03-27 05:08:00.997280
9380,201803275899615,PRIN,10,22,50,555,27750.00,2018-03-27 05:08:00.996150
9381,201803275899616,PRIN,39,22,250,555,138750.00,2018-03-27 05:08:00.996160
9382,201803275899661,PRIN,39,49,50,555,27750.00,2018-03-27 05:08:00.996610
9383,201803275899670,PRIN,59,22,50,552,27600.00,2018-03-27 05:08:00.996700
9384,201803275899559,PRIN,33,50,100,560,56000.00,2018-03-27 05:08:00.995590
9385,201803275899582,PRIN,10,58,100,555,55500.00,2018-03-27 05:08:00.995820
9386,201803275899607,PRIN,10,43,50,555,27750.00,2018-03-27 05:08:00.996070
9387,201803275899486,PRIN,5,49,100,564,56400.00,2018-03-27 05:08:00.994860
9388,201803275899497,PRIN,42,49,150,564,84600.00,2018-03-27 05:08:00.994970
9389,201803275899417,PRIN,7,58,50,575,28750.00,2018-03-27 05:08:00.994170
9390,201803275899398,PRIN,46,17,100,565,56500.00,2018-03-27 05:08:00.993980
9391,201803275899349,PRIN,4,58,200,575,115000.00,2018-03-27 05:08:00.993490
9392,201803275899061,PRIN,52,58,100,578,57800.00,2018-03-27 05:08:00.990610
9393,201803275899084,PRIN,41,6,100,579,57900.00,2018-03-27 05:08:00.990840
9394,201803275899013,PRIN,41,58,100,572,57200.00,2018-03-27 05:08:00.990130
9395,201803275898969,PRIN,48,32,100,572,57200.00,2018-03-27 05:08:00.989690
9396,201803275898638,PRIN,48,58,25,570,14250.00,2018-03-27 05:08:00.986380
9397,201803275898639,PRIN,48,17,200,571,114200.00,2018-03-27 05:08:00.986390
9398,201803275898223,PRIN,58,29,116,561,65076.00,2018-03-27 05:08:00.982230
9399,201803275898224,PRIN,58,58,100,561,56100.00,2018-03-27 05:08:00.982240
9400,201803275898179,PRIN,58,34,770,552,425040.00,2018-03-27 05:08:00.981790
9401,201803275897794,PRIN,7,58,129,550,70950.00,2018-03-27 05:08:00.977940
9402,201803275897738,PRIN,34,21,50,545,27250.00,2018-03-27 05:08:00.977380
9403,201803275897739,PRIN,34,26,100,545,54500.00,2018-03-27 05:08:00.977390
9404,201803275897767,PRIN,5,34,30,549,16470.00,2018-03-27 05:08:00.977670
9405,201803275897768,PRIN,5,58,70,550,38500.00,2018-03-27 05:08:00.977680
9406,201803275897731,PRIN,34,16,150,544,81600.00,2018-03-27 05:08:00.977310
9407,201803275897634,PRIN,41,32,100,541,54100.00,2018-03-27 05:08:00.976340
9408,201803275897635,PRIN,41,25,192,542,104064.00,2018-03-27 05:08:00.976350
9409,201803275897636,PRIN,41,58,200,543,108600.00,2018-03-27 05:08:00.976360
9410,201803275897372,PRIN,11,35,10,540,5400.00,2018-03-27 05:08:00.973720
9411,201803275897027,PRIN,10,32,100,539,53900.00,2018-03-27 05:08:00.970270
9412,201803275896997,PRIN,11,32,100,530,53000.00,2018-03-27 05:08:00.969970
9413,201803275896952,PRIN,5,28,191,532,101612.00,2018-03-27 05:08:00.969520
9414,201803275896692,PRIN,34,41,59,542,31978.00,2018-03-27 05:08:00.966920
9415,201803275896647,PRIN,41,58,200,540,108000.00,2018-03-27 05:08:00.966470
9416,201803275896444,PRIN,36,46,238,535,127330.00,2018-03-27 05:08:00.964440
9417,201803275896383,PRIN,48,42,50,525,26250.00,2018-03-27 05:08:00.963830
9418,201803275896384,PRIN,48,21,100,525,52500.00,2018-03-27 05:08:00.963840
9419,201803275896326,PRIN,36,51,50,524,26200.00,2018-03-27 05:08:00.963260
9420,201803275896341,PRIN,41,51,130,524,68120.00,2018-03-27 05:08:00.963410
9421,201803275896248,PRIN,36,51,20,514,10280.00,2018-03-27 05:08:00.962480
9422,201803275896254,PRIN,36,46,59,520,30680.00,2018-03-27 05:08:00.962540
9423,201803275895794,PRIN,17,21,57,504,28728.00,2018-03-27 05:08:00.957940
9424,201803275895220,PRIN,37,28,100,495,49500.00,2018-03-27 05:08:00.952200
9425,201803275895188,PRIN,32,53,70,492,34440.00,2018-03-27 05:08:00.951880
9426,201803275895056,PRIN,38,49,100,484,48400.00,2018-03-27 05:08:00.950560
9427,201803275895057,PRIN,51,49,200,484,96800.00,2018-03-27 05:08:00.950570
9428,201803275895058,PRIN,32,49,29,483,14007.00,2018-03-27 05:08:00.950580
9429,201803275894960,PRIN,32,49,35,486,17010.00,2018-03-27 05:08:00.949600
9430,201803275894961,PRIN,37,49,50,486,24300.00,2018-03-27 05:08:00.949610
9431,201803275894962,PRIN,32,49,50,486,24300.00,2018-03-27 05:08:00.949620
9432,201803275894963,PRIN,50,49,50,486,24300.00,2018-03-27 05:08:00.949630
9433,201803275894964,PRIN,41,49,50,486,24300.00,2018-03-27 05:08:00.949640
9434,201803275894923,PRIN,41,13,250,487,121750.00,2018-03-27 05:08:00.949230
9435,201803275894924,PRIN,32,13,65,486,31590.00,2018-03-27 05:08:00.949240
9436,201803275894846,PRIN,45,20,14,496,6944.00,2018-03-27 05:08:00.948460
9437,201803275894852,PRIN,45,49,36,496,17856.00,2018-03-27 05:08:00.948520
9438,201803275894853,PRIN,43,49,200,496,99200.00,2018-03-27 05:08:00.948530
9439,201803275894854,PRIN,43,49,50,495,24750.00,2018-03-27 05:08:00.948540
9440,201803275894855,PRIN,1,49,50,495,24750.00,2018-03-27 05:08:00.948550
9441,201803275894399,PRIN,6,20,65,511,33215.00,2018-03-27 05:08:00.943990
9442,201803275894400,PRIN,36,20,50,510,25500.00,2018-03-27 05:08:00.944000
9443,201803275894401,PRIN,33,20,100,506,50600.00,2018-03-27 05:08:00.944010
9444,201803275894402,PRIN,22,20,20,505,10100.00,2018-03-27 05:08:00.944020
9445,201803275894403,PRIN,8,20,50,505,25250.00,2018-03-27 05:08:00.944030
9446,201803275894108,PRIN,21,41,89,512,45568.00,2018-03-27 05:08:00.941080
9447,201803275893449,PRIN,41,55,500,515,257500.00,2018-03-27 05:08:00.934490
9448,201803275893102,PRIN,32,52,10,525,5250.00,2018-03-27 05:08:00.931020
9449,201803275893103,PRIN,21,52,100,525,52500.00,2018-03-27 05:08:00.931030
9450,201803275892943,PRIN,26,45,50,526,26300.00,2018-03-27 05:08:00.929430
9451,201803275892784,PRIN,32,41,40,525,21000.00,2018-03-27 05:08:00.927840
9452,201803265892542,PRIN,8,35,50,536,26800.00,2018-03-26 05:08:00.925420
9453,201803265892543,PRIN,38,35,170,535,90950.00,2018-03-26 05:08:00.925430
9454,201803265892544,PRIN,8,35,50,535,26750.00,2018-03-26 05:08:00.925440
9455,201803265892545,PRIN,51,35,30,535,16050.00,2018-03-26 05:08:00.925450
9456,201803265892429,PRIN,1,59,100,536,53600.00,2018-03-26 05:08:00.924290
9457,201803265892430,PRIN,38,59,300,535,160500.00,2018-03-26 05:08:00.924300
9458,201803265892340,PRIN,6,45,150,536,80400.00,2018-03-26 05:08:00.923400
9459,201803265892341,PRIN,54,45,70,536,37520.00,2018-03-26 05:08:00.923410
9460,201803265892342,PRIN,28,45,50,536,26800.00,2018-03-26 05:08:00.923420
9461,201803265892383,PRIN,38,45,30,535,16050.00,2018-03-26 05:08:00.923830
9462,201803265892314,PRIN,22,50,304,537,163248.00,2018-03-26 05:08:00.923140
9463,201803265892037,PRIN,22,53,100,537,53700.00,2018-03-26 05:08:00.920370
9464,201803265892038,PRIN,6,53,50,536,26800.00,2018-03-26 05:08:00.920380
9465,201803265891793,PRIN,45,37,100,539,53900.00,2018-03-26 05:08:00.917930
9466,201803265891794,PRIN,36,37,200,538,107600.00,2018-03-26 05:08:00.917940
9467,201803265891653,PRIN,37,50,125,540,67500.00,2018-03-26 05:08:00.916530
9468,201803265891654,PRIN,14,50,100,540,54000.00,2018-03-26 05:08:00.916540
9469,201803265891655,PRIN,43,50,50,540,27000.00,2018-03-26 05:08:00.916550
9470,201803265891656,PRIN,22,50,100,540,54000.00,2018-03-26 05:08:00.916560
9471,201803265891625,PRIN,37,59,76,540,41040.00,2018-03-26 05:08:00.916250
9472,201803265891453,PRIN,37,59,100,540,54000.00,2018-03-26 05:08:00.914530
9473,201803265891228,PRIN,22,37,50,542,27100.00,2018-03-26 05:08:00.912280
9474,201803265891229,PRIN,41,37,50,542,27100.00,2018-03-26 05:08:00.912290
9475,201803265891230,PRIN,37,37,369,540,199260.00,2018-03-26 05:08:00.912300
9476,201803265891129,PRIN,22,36,50,542,27100.00,2018-03-26 05:08:00.911290
9477,201803265890946,PRIN,38,58,20,542,10840.00,2018-03-26 05:08:00.909460
9478,201803265890947,PRIN,44,58,100,542,54200.00,2018-03-26 05:08:00.909470
9479,201803265890948,PRIN,22,58,100,542,54200.00,2018-03-26 05:08:00.909480
9480,201803265890949,PRIN,22,58,50,542,27100.00,2018-03-26 05:08:00.909490
9481,201803265890950,PRIN,29,58,100,541,54100.00,2018-03-26 05:08:00.909500
9482,201803265890951,PRIN,54,58,150,541,81150.00,2018-03-26 05:08:00.909510
9483,201803265890952,PRIN,22,58,200,541,108200.00,2018-03-26 05:08:00.909520
9484,201803265890953,PRIN,48,58,50,541,27050.00,2018-03-26 05:08:00.909530
9485,201803265890954,PRIN,14,58,50,540,27000.00,2018-03-26 05:08:00.909540
9486,201803265890955,PRIN,14,58,50,540,27000.00,2018-03-26 05:08:00.909550
9487,201803265890956,PRIN,37,58,330,540,178200.00,2018-03-26 05:08:00.909560
9488,201803265890776,PRIN,42,51,100,543,54300.00,2018-03-26 05:08:00.907760
9489,201803265890478,PRIN,53,28,100,542,54200.00,2018-03-26 05:08:00.904780
9490,201803265890049,PRIN,26,22,22,543,11946.00,2018-03-26 05:08:00.900490
9491,201803265890050,PRIN,58,22,199,542,107858.00,2018-03-26 05:08:00.900500
9492,201803265889760,PRIN,45,44,50,545,27250.00,2018-03-26 05:08:00.897600
9493,201803265889761,PRIN,49,44,50,544,27200.00,2018-03-26 05:08:00.897610
9494,201803265889762,PRIN,13,44,50,544,27200.00,2018-03-26 05:08:00.897620
9495,201803265889763,PRIN,32,44,200,543,108600.00,2018-03-26 05:08:00.897630
9496,201803265889764,PRIN,26,44,428,543,232404.00,2018-03-26 05:08:00.897640
9497,201803265889648,PRIN,16,37,92,550,50600.00,2018-03-26 05:08:00.896480
9498,201803265889280,PRIN,48,59,89,550,48950.00,2018-03-26 05:08:00.892800
9499,201803265889281,PRIN,48,37,31,550,17050.00,2018-03-26 05:08:00.892810
9500,201803265889024,PRIN,42,37,100,545,54500.00,2018-03-26 05:08:00.890240
9501,201803265889025,PRIN,54,37,55,544,29920.00,2018-03-26 05:08:00.890250
9502,201803265888815,PRIN,28,59,30,550,16500.00,2018-03-26 05:08:00.888150
9503,201803265888816,PRIN,46,5,155,544,84320.00,2018-03-26 05:08:00.888160
9504,201803265888817,PRIN,54,5,45,544,24480.00,2018-03-26 05:08:00.888170
9505,201803265888603,PRIN,28,6,70,550,38500.00,2018-03-26 05:08:00.886030
9506,201803265888569,PRIN,22,58,81,547,44307.00,2018-03-26 05:08:00.885690
9507,201803265888570,PRIN,44,58,80,545,43600.00,2018-03-26 05:08:00.885700
9508,201803265888571,PRIN,25,58,50,545,27250.00,2018-03-26 05:08:00.885710
9509,201803265888572,PRIN,55,58,20,545,10900.00,2018-03-26 05:08:00.885720
9510,201803265888573,PRIN,19,58,100,545,54500.00,2018-03-26 05:08:00.885730
9511,201803265888574,PRIN,46,58,145,544,78880.00,2018-03-26 05:08:00.885740
9512,201803265888359,PRIN,22,50,119,547,65093.00,2018-03-26 05:08:00.883590
9513,201803265888333,PRIN,59,6,69,555,38295.00,2018-03-26 05:08:00.883330
9514,201803265888334,PRIN,43,6,20,555,11100.00,2018-03-26 05:08:00.883340
9515,201803265888335,PRIN,29,6,141,552,77832.00,2018-03-26 05:08:00.883350
9516,201803265888336,PRIN,47,6,100,550,55000.00,2018-03-26 05:08:00.883360
9517,201803265888046,PRIN,17,58,253,559,141427.00,2018-03-26 05:08:00.880460
9518,201803265888047,PRIN,34,58,89,558,49662.00,2018-03-26 05:08:00.880470
9519,201803265888048,PRIN,22,58,100,558,55800.00,2018-03-26 05:08:00.880480
9520,201803265888049,PRIN,41,58,10,558,5580.00,2018-03-26 05:08:00.880490
9521,201803265888050,PRIN,45,58,100,557,55700.00,2018-03-26 05:08:00.880500
9522,201803265888051,PRIN,59,58,30,557,16710.00,2018-03-26 05:08:00.880510
9523,201803265888052,PRIN,6,58,120,557,66840.00,2018-03-26 05:08:00.880520
9524,201803265888053,PRIN,29,58,100,557,55700.00,2018-03-26 05:08:00.880530
9525,201803265888054,PRIN,40,58,200,556,111200.00,2018-03-26 05:08:00.880540
9526,201803265888055,PRIN,41,58,198,556,110088.00,2018-03-26 05:08:00.880550
9527,201803265888078,PRIN,59,34,31,555,17205.00,2018-03-26 05:08:00.880780
9528,201803265887977,PRIN,47,41,61,560,34160.00,2018-03-26 05:08:00.879770
9529,201803265887797,PRIN,58,26,20,561,11220.00,2018-03-26 05:08:00.877970
9530,201803265887798,PRIN,47,26,39,560,21840.00,2018-03-26 05:08:00.877980
9531,201803265887803,PRIN,17,33,57,563,32091.00,2018-03-26 05:08:00.878030
9532,201803265887804,PRIN,17,49,190,564,107160.00,2018-03-26 05:08:00.878040
9533,201803265887583,PRIN,5,49,10,564,5640.00,2018-03-26 05:08:00.875830
9534,201803265887330,PRIN,34,17,11,558,6138.00,2018-03-26 05:08:00.873300
9535,201803265886726,PRIN,32,53,100,554,55400.00,2018-03-26 05:08:00.867260
9536,201803265886731,PRIN,59,13,100,555,55500.00,2018-03-26 05:08:00.867310
9537,201803265886710,PRIN,29,5,59,552,32568.00,2018-03-26 05:08:00.867100
9538,201803265886660,PRIN,44,57,120,545,65400.00,2018-03-26 05:08:00.866600
9539,201803265886687,PRIN,32,5,50,552,27600.00,2018-03-26 05:08:00.866870
9540,201803265886689,PRIN,41,21,54,550,29700.00,2018-03-26 05:08:00.866890
9541,201803265886644,PRIN,56,57,126,545,68670.00,2018-03-26 05:08:00.866440
9542,201803265886654,PRIN,47,57,100,545,54500.00,2018-03-26 05:08:00.866540
9543,201803265886632,PRIN,5,5,100,544,54400.00,2018-03-26 05:08:00.866320
9544,201803265886543,PRIN,36,57,54,545,29430.00,2018-03-26 05:08:00.865430
9545,201803265886508,PRIN,8,21,50,544,27200.00,2018-03-26 05:08:00.865080
9546,201803265886509,PRIN,8,21,100,544,54400.00,2018-03-26 05:08:00.865090
9547,201803265886411,PRIN,28,21,74,550,40700.00,2018-03-26 05:08:00.864110
9548,201803265886412,PRIN,25,21,30,550,16500.00,2018-03-26 05:08:00.864120
9549,201803265886413,PRIN,44,21,200,545,109000.00,2018-03-26 05:08:00.864130
9550,201803265886414,PRIN,13,21,46,545,25070.00,2018-03-26 05:08:00.864140
9551,201803265886308,PRIN,28,50,126,550,69300.00,2018-03-26 05:08:00.863080
9552,201803265885846,PRIN,32,21,281,555,155955.00,2018-03-26 05:08:00.858460
9553,201803265885795,PRIN,32,28,19,555,10545.00,2018-03-26 05:08:00.857950
9554,201803265885500,PRIN,32,21,10,566,5660.00,2018-03-26 05:08:00.855000
9555,201803225884260,PRIN,43,50,50,580,29000.00,2018-03-22 05:08:00.842600
9556,201803225884261,PRIN,6,50,150,577,86550.00,2018-03-22 05:08:00.842610
9557,201803225883987,PRIN,58,57,50,580,29000.00,2018-03-22 05:08:00.839870
9558,201803225883891,PRIN,6,6,7,575,4025.00,2018-03-22 05:08:00.838910
9559,201803225883502,PRIN,17,57,50,586,29300.00,2018-03-22 05:08:00.835020
9560,201803225883503,PRIN,37,57,300,582,174600.00,2018-03-22 05:08:00.835030
9561,201803225883504,PRIN,17,57,500,581,290500.00,2018-03-22 05:08:00.835040
9562,201803225883505,PRIN,41,57,500,580,290000.00,2018-03-22 05:08:00.835050
9563,201803225883227,PRIN,42,41,300,595,178500.00,2018-03-22 05:08:00.832270
9564,201803225883248,PRIN,52,49,200,592,118400.00,2018-03-22 05:08:00.832480
9565,201803225883249,PRIN,52,49,200,591,118200.00,2018-03-22 05:08:00.832490
9566,201803225883094,PRIN,17,29,84,600,50400.00,2018-03-22 05:08:00.830940
9567,201803225883022,PRIN,17,39,16,600,9600.00,2018-03-22 05:08:00.830220
9568,201803225882816,PRIN,37,34,75,601,45075.00,2018-03-22 05:08:00.828160
9569,201803225882817,PRIN,37,41,125,602,75250.00,2018-03-22 05:08:00.828170
9570,201803225882783,PRIN,41,41,75,600,45000.00,2018-03-22 05:08:00.827830
9571,201803225882701,PRIN,41,49,50,600,30000.00,2018-03-22 05:08:00.827010
9572,201803225882601,PRIN,46,49,100,610,61000.00,2018-03-22 05:08:00.826010
9573,201803225882587,PRIN,34,53,100,610,61000.00,2018-03-22 05:08:00.825870
9574,201803225882259,PRIN,17,28,200,603,120600.00,2018-03-22 05:08:00.822590
9575,201803225882180,PRIN,58,28,100,603,60300.00,2018-03-22 05:08:00.821800
9576,201803225881846,PRIN,58,40,300,590,177000.00,2018-03-22 05:08:00.818460
9577,201803225881847,PRIN,58,13,300,591,177300.00,2018-03-22 05:08:00.818470
9578,201803225881848,PRIN,58,41,96,592,56832.00,2018-03-22 05:08:00.818480
9579,201803225881801,PRIN,17,53,184,587,108008.00,2018-03-22 05:08:00.818010
9580,201803225881542,PRIN,34,50,100,576,57600.00,2018-03-22 05:08:00.815420
9581,201803225881403,PRIN,41,21,100,577,57700.00,2018-03-22 05:08:00.814030
9582,201803225881412,PRIN,45,29,300,579,173700.00,2018-03-22 05:08:00.814120
9583,201803225881380,PRIN,32,29,100,579,57900.00,2018-03-22 05:08:00.813800
9584,201803225881050,PRIN,17,45,353,580,204740.00,2018-03-22 05:08:00.810500
9585,201803225881051,PRIN,17,17,59,580,34220.00,2018-03-22 05:08:00.810510
9586,201803225880679,PRIN,41,28,300,579,173700.00,2018-03-22 05:08:00.806790
9587,201803225880442,PRIN,37,7,250,579,144750.00,2018-03-22 05:08:00.804420
9588,201803225880233,PRIN,10,11,20,579,11580.00,2018-03-22 05:08:00.802330
9589,201803225880234,PRIN,54,11,30,579,17370.00,2018-03-22 05:08:00.802340
9590,201803225880235,PRIN,41,11,200,579,115800.00,2018-03-22 05:08:00.802350
9591,201803225880236,PRIN,37,11,50,579,28950.00,2018-03-22 05:08:00.802360
9592,201803225880204,PRIN,8,45,50,580,29000.00,2018-03-22 05:08:00.802040
9593,201803225880205,PRIN,56,45,15,580,8700.00,2018-03-22 05:08:00.802050
9594,201803225880080,PRIN,17,49,90,582,52380.00,2018-03-22 05:08:00.800800
9595,201803225880081,PRIN,53,49,200,582,116400.00,2018-03-22 05:08:00.800810
9596,201803225879949,PRIN,17,1,10,582,5820.00,2018-03-22 05:08:00.799490
9597,201803225879813,PRIN,17,48,100,582,58200.00,2018-03-22 05:08:00.798130
9598,201803225879590,PRIN,37,44,200,590,118000.00,2018-03-22 05:08:00.795900
9599,201803225879557,PRIN,17,17,733,589,431737.00,2018-03-22 05:08:00.795570
9600,201803215878327,PRIN,45,16,230,590,135700.00,2018-03-21 05:08:00.783270
9601,201803215878305,PRIN,7,42,80,584,46720.00,2018-03-21 05:08:00.783050
9602,201803215878306,PRIN,7,39,200,585,117000.00,2018-03-21 05:08:00.783060
9603,201803215878236,PRIN,32,42,100,584,58400.00,2018-03-21 05:08:00.782360
9604,201803215878174,PRIN,14,40,250,582,145500.00,2018-03-21 05:08:00.781740
9605,201803215878079,PRIN,34,37,100,581,58100.00,2018-03-21 05:08:00.780790
9606,201803215878087,PRIN,22,22,100,581,58100.00,2018-03-21 05:08:00.780870
9607,201803215878088,PRIN,38,22,20,581,11620.00,2018-03-21 05:08:00.780880
9608,201803215878089,PRIN,4,22,100,580,58000.00,2018-03-21 05:08:00.780890
9609,201803215878090,PRIN,43,22,13,580,7540.00,2018-03-21 05:08:00.780900
9610,201803215877800,PRIN,5,42,20,588,11760.00,2018-03-21 05:08:00.778000
9611,201803215877745,PRIN,58,38,364,585,212940.00,2018-03-21 05:08:00.777450
9612,201803215877488,PRIN,43,36,150,580,87000.00,2018-03-21 05:08:00.774880
9613,201803215877193,PRIN,10,38,50,582,29100.00,2018-03-21 05:08:00.771930
9614,201803215877194,PRIN,11,38,100,581,58100.00,2018-03-21 05:08:00.771940
9615,201803215877195,PRIN,22,38,100,580,58000.00,2018-03-21 05:08:00.771950
9616,201803215877196,PRIN,59,38,20,580,11600.00,2018-03-21 05:08:00.771960
9617,201803215876813,PRIN,11,19,150,581,87150.00,2018-03-21 05:08:00.768130
9618,201803215876479,PRIN,45,34,45,580,26100.00,2018-03-21 05:08:00.764790
9619,201803215876376,PRIN,25,53,210,579,121590.00,2018-03-21 05:08:00.763760
9620,201803215876349,PRIN,43,34,22,580,12760.00,2018-03-21 05:08:00.763490
9621,201803215876350,PRIN,44,34,110,580,63800.00,2018-03-21 05:08:00.763500
9622,201803215876351,PRIN,28,34,100,580,58000.00,2018-03-21 05:08:00.763510
9623,201803215876352,PRIN,22,34,67,580,38860.00,2018-03-21 05:08:00.763520
9624,201803215876353,PRIN,45,34,40,580,23200.00,2018-03-21 05:08:00.763530
9625,201803215876354,PRIN,43,34,100,580,58000.00,2018-03-21 05:08:00.763540
9626,201803215876355,PRIN,42,34,50,580,29000.00,2018-03-21 05:08:00.763550
9627,201803215876356,PRIN,46,34,50,580,29000.00,2018-03-21 05:08:00.763560
9628,201803215876357,PRIN,41,34,20,580,11600.00,2018-03-21 05:08:00.763570
9629,201803215876297,PRIN,22,14,84,581,48804.00,2018-03-21 05:08:00.762970
9630,201803215876298,PRIN,22,14,200,581,116200.00,2018-03-21 05:08:00.762980
9631,201803215876309,PRIN,22,14,133,580,77140.00,2018-03-21 05:08:00.763090
9632,201803215876292,PRIN,33,34,100,582,58200.00,2018-03-21 05:08:00.762920
9633,201803215876293,PRIN,59,34,50,582,29100.00,2018-03-21 05:08:00.762930
9634,201803215876294,PRIN,34,34,30,581,17430.00,2018-03-21 05:08:00.762940
9635,201803215876295,PRIN,22,34,16,581,9296.00,2018-03-21 05:08:00.762950
9636,201803215875683,PRIN,32,45,13,582,7566.00,2018-03-21 05:08:00.756830
9637,201803215874901,PRIN,1,49,50,580,29000.00,2018-03-21 05:08:00.749010
9638,201803215874902,PRIN,8,49,50,580,29000.00,2018-03-21 05:08:00.749020
9639,201803215874903,PRIN,43,49,78,580,45240.00,2018-03-21 05:08:00.749030
9640,201803215874886,PRIN,22,22,24,585,14040.00,2018-03-21 05:08:00.748860
9641,201803215874887,PRIN,54,22,150,582,87300.00,2018-03-21 05:08:00.748870
9642,201803215874888,PRIN,32,22,200,582,116400.00,2018-03-21 05:08:00.748880
9643,201803215874889,PRIN,26,22,100,582,58200.00,2018-03-21 05:08:00.748890
9644,201803215874890,PRIN,45,22,100,581,58100.00,2018-03-21 05:08:00.748900
9645,201803215874891,PRIN,45,22,50,581,29050.00,2018-03-21 05:08:00.748910
9646,201803215874892,PRIN,22,22,100,581,58100.00,2018-03-21 05:08:00.748920
9647,201803215874893,PRIN,22,22,50,581,29050.00,2018-03-21 05:08:00.748930
9648,201803215874859,PRIN,25,26,73,588,42924.00,2018-03-21 05:08:00.748590
9649,201803215874860,PRIN,21,26,30,588,17640.00,2018-03-21 05:08:00.748600
9650,201803215874861,PRIN,1,26,30,588,17640.00,2018-03-21 05:08:00.748610
9651,201803215874862,PRIN,22,26,76,585,44460.00,2018-03-21 05:08:00.748620
9652,201803215874724,PRIN,43,14,32,589,18848.00,2018-03-21 05:08:00.747240
9653,201803215874725,PRIN,25,14,27,588,15876.00,2018-03-21 05:08:00.747250
9654,201803215874694,PRIN,8,20,50,589,29450.00,2018-03-21 05:08:00.746940
9655,201803215874695,PRIN,43,20,68,589,40052.00,2018-03-21 05:08:00.746950
9656,201803215874661,PRIN,52,34,100,590,59000.00,2018-03-21 05:08:00.746610
9657,201803215874614,PRIN,42,34,100,590,59000.00,2018-03-21 05:08:00.746140
9658,201803215874563,PRIN,38,22,71,590,41890.00,2018-03-21 05:08:00.745630
9659,201803215874564,PRIN,25,22,100,590,59000.00,2018-03-21 05:08:00.745640
9660,201803215874565,PRIN,36,22,100,590,59000.00,2018-03-21 05:08:00.745650
9661,201803215874566,PRIN,25,22,200,590,118000.00,2018-03-21 05:08:00.745660
9662,201803215874424,PRIN,52,49,22,591,13002.00,2018-03-21 05:08:00.744240
9663,201803215874425,PRIN,51,49,45,591,26595.00,2018-03-21 05:08:00.744250
9664,201803215874426,PRIN,43,49,50,591,29550.00,2018-03-21 05:08:00.744260
9665,201803215874427,PRIN,38,49,79,590,46610.00,2018-03-21 05:08:00.744270
9666,201803215873932,PRIN,17,21,96,590,56640.00,2018-03-21 05:08:00.739320
9667,201803215873831,PRIN,16,34,106,591,62646.00,2018-03-21 05:08:00.738310
9668,201803215873771,PRIN,38,34,418,592,247456.00,2018-03-21 05:08:00.737710
9669,201803215873772,PRIN,28,34,34,591,20094.00,2018-03-21 05:08:00.737720
9670,201803215873773,PRIN,58,34,15,591,8865.00,2018-03-21 05:08:00.737730
9671,201803215873692,PRIN,13,35,50,596,29800.00,2018-03-21 05:08:00.736920
9672,201803215873705,PRIN,17,34,10,595,5950.00,2018-03-21 05:08:00.737050
9673,201803215873706,PRIN,44,34,20,592,11840.00,2018-03-21 05:08:00.737060
9674,201803215873707,PRIN,10,34,104,591,61464.00,2018-03-21 05:08:00.737070
9675,201803215873708,PRIN,28,34,66,591,39006.00,2018-03-21 05:08:00.737080
9676,201803215873262,PRIN,22,20,100,600,60000.00,2018-03-21 05:08:00.732620
9677,201803215873263,PRIN,34,20,20,600,12000.00,2018-03-21 05:08:00.732630
9678,201803215873264,PRIN,47,20,50,600,30000.00,2018-03-21 05:08:00.732640
9679,201803215873219,PRIN,6,22,200,605,121000.00,2018-03-21 05:08:00.732190
9680,201803205872630,PRIN,8,40,50,605,30250.00,2018-03-20 05:08:00.726300
9681,201803205872512,PRIN,41,49,13,604,7852.00,2018-03-20 05:08:00.725120
9682,201803205872513,PRIN,53,49,200,603,120600.00,2018-03-20 05:08:00.725130
9683,201803205872514,PRIN,36,49,20,602,12040.00,2018-03-20 05:08:00.725140
9684,201803205872515,PRIN,57,49,17,601,10217.00,2018-03-20 05:08:00.725150
9685,201803205872516,PRIN,38,49,50,601,30050.00,2018-03-20 05:08:00.725160
9686,201803205871920,PRIN,53,22,119,605,71995.00,2018-03-20 05:08:00.719200
9687,201803205871757,PRIN,21,44,119,603,71757.00,2018-03-20 05:08:00.717570
9688,201803205871758,PRIN,44,44,77,602,46354.00,2018-03-20 05:08:00.717580
9689,201803205871625,PRIN,59,28,77,605,46585.00,2018-03-20 05:08:00.716250
9690,201803205871626,PRIN,44,28,23,602,13846.00,2018-03-20 05:08:00.716260
9691,201803205871337,PRIN,59,6,23,605,13915.00,2018-03-20 05:08:00.713370
9692,201803205871203,PRIN,41,34,10,603,6030.00,2018-03-20 05:08:00.712030
9693,201803205871204,PRIN,57,34,20,601,12020.00,2018-03-20 05:08:00.712040
9694,201803205871205,PRIN,52,34,100,601,60100.00,2018-03-20 05:08:00.712050
9695,201803205871206,PRIN,57,34,50,601,30050.00,2018-03-20 05:08:00.712060
9696,201803205871207,PRIN,57,34,83,601,49883.00,2018-03-20 05:08:00.712070
9697,201803205871128,PRIN,45,49,50,605,30250.00,2018-03-20 05:08:00.711280
9698,201803205870842,PRIN,41,49,10,605,6050.00,2018-03-20 05:08:00.708420
9699,201803205870715,PRIN,45,11,100,601,60100.00,2018-03-20 05:08:00.707150
9700,201803205870716,PRIN,44,11,20,600,12000.00,2018-03-20 05:08:00.707160
9701,201803205870706,PRIN,48,49,38,605,22990.00,2018-03-20 05:08:00.707060
9702,201803205870672,PRIN,48,16,50,605,30250.00,2018-03-20 05:08:00.706720
9703,201803205870638,PRIN,50,34,100,601,60100.00,2018-03-20 05:08:00.706380
9704,201803205870528,PRIN,5,34,100,601,60100.00,2018-03-20 05:08:00.705280
9705,201803205870446,PRIN,25,58,89,600,53400.00,2018-03-20 05:08:00.704460
9706,201803205870257,PRIN,34,22,53,602,31906.00,2018-03-20 05:08:00.702570
9707,201803205870258,PRIN,22,22,100,602,60200.00,2018-03-20 05:08:00.702580
9708,201803205870259,PRIN,6,22,200,601,120200.00,2018-03-20 05:08:00.702590
9709,201803205870260,PRIN,5,22,100,600,60000.00,2018-03-20 05:08:00.702600
9710,201803205870261,PRIN,58,22,400,600,240000.00,2018-03-20 05:08:00.702610
9711,201803205870262,PRIN,47,22,100,600,60000.00,2018-03-20 05:08:00.702620
9712,201803205870263,PRIN,1,22,400,600,240000.00,2018-03-20 05:08:00.702630
9713,201803205870264,PRIN,44,22,30,600,18000.00,2018-03-20 05:08:00.702640
9714,201803205870265,PRIN,22,22,50,600,30000.00,2018-03-20 05:08:00.702650
9715,201803205870266,PRIN,22,22,300,600,180000.00,2018-03-20 05:08:00.702660
9716,201803205870137,PRIN,34,22,47,602,28294.00,2018-03-20 05:08:00.701370
9717,201803205870138,PRIN,34,58,100,602,60200.00,2018-03-20 05:08:00.701380
9718,201803205869929,PRIN,6,22,100,601,60100.00,2018-03-20 05:08:00.699290
9719,201803205869930,PRIN,44,22,210,600,126000.00,2018-03-20 05:08:00.699300
9720,201803205869728,PRIN,6,5,200,601,120200.00,2018-03-20 05:08:00.697280
9721,201803205869455,PRIN,16,54,61,600,36600.00,2018-03-20 05:08:00.694550
9722,201803205869265,PRIN,34,22,30,603,18090.00,2018-03-20 05:08:00.692650
9723,201803205869266,PRIN,41,22,50,603,30150.00,2018-03-20 05:08:00.692660
9724,201803205869267,PRIN,41,22,22,603,13266.00,2018-03-20 05:08:00.692670
9725,201803205869268,PRIN,34,22,21,601,12621.00,2018-03-20 05:08:00.692680
9726,201803205869269,PRIN,32,22,100,601,60100.00,2018-03-20 05:08:00.692690
9727,201803205869270,PRIN,46,22,20,601,12020.00,2018-03-20 05:08:00.692700
9728,201803205869271,PRIN,43,22,100,600,60000.00,2018-03-20 05:08:00.692710
9729,201803205869272,PRIN,34,22,100,600,60000.00,2018-03-20 05:08:00.692720
9730,201803205869244,PRIN,40,16,50,605,30250.00,2018-03-20 05:08:00.692440
9731,201803205869245,PRIN,44,16,100,605,60500.00,2018-03-20 05:08:00.692450
9732,201803205868956,PRIN,44,34,210,605,127050.00,2018-03-20 05:08:00.689560
9733,201803205868957,PRIN,41,34,28,605,16940.00,2018-03-20 05:08:00.689570
9734,201803205868390,PRIN,41,22,430,610,262300.00,2018-03-20 05:08:00.683900
9735,201803205868362,PRIN,41,14,270,610,164700.00,2018-03-20 05:08:00.683620
9736,201803195868083,PRIN,58,14,10,620,6200.00,2018-03-19 05:08:00.680830
9737,201803195867539,PRIN,55,14,50,618,30900.00,2018-03-19 05:08:00.675390
9738,201803195867540,PRIN,47,14,60,615,36900.00,2018-03-19 05:08:00.675400
9739,201803195867479,PRIN,5,58,50,619,30950.00,2018-03-19 05:08:00.674790
9740,201803195866786,PRIN,50,14,20,619,12380.00,2018-03-19 05:08:00.667860
9741,201803195866787,PRIN,38,14,50,619,30950.00,2018-03-19 05:08:00.667870
9742,201803195866788,PRIN,54,14,30,618,18540.00,2018-03-19 05:08:00.667880
9743,201803195866789,PRIN,22,14,100,618,61800.00,2018-03-19 05:08:00.667890
9744,201803195866646,PRIN,25,22,205,620,127100.00,2018-03-19 05:08:00.666460
9745,201803195866585,PRIN,19,34,100,621,62100.00,2018-03-19 05:08:00.665850
9746,201803195866586,PRIN,53,34,22,620,13640.00,2018-03-19 05:08:00.665860
9747,201803195866587,PRIN,25,34,295,620,182900.00,2018-03-19 05:08:00.665870
9748,201803195866113,PRIN,53,17,56,620,34720.00,2018-03-19 05:08:00.661130
9749,201803195865982,PRIN,41,29,11,625,6875.00,2018-03-19 05:08:00.659820
9750,201803195865983,PRIN,11,29,200,621,124200.00,2018-03-19 05:08:00.659830
9751,201803195865984,PRIN,53,29,22,620,13640.00,2018-03-19 05:08:00.659840
9752,201803195865603,PRIN,41,16,119,624,74256.00,2018-03-19 05:08:00.656030
9753,201803195865604,PRIN,41,25,100,625,62500.00,2018-03-19 05:08:00.656040
9754,201803195864606,PRIN,44,26,50,625,31250.00,2018-03-19 05:08:00.646060
9755,201803185864449,PRIN,25,29,10,630,6300.00,2018-03-18 05:08:00.644490
9756,201803185864396,PRIN,32,50,200,626,125200.00,2018-03-18 05:08:00.643960
9757,201803185864397,PRIN,47,50,50,625,31250.00,2018-03-18 05:08:00.643970
9758,201803185864398,PRIN,5,50,200,625,125000.00,2018-03-18 05:08:00.643980
9759,201803185864399,PRIN,48,50,100,625,62500.00,2018-03-18 05:08:00.643990
9760,201803185864400,PRIN,53,50,100,625,62500.00,2018-03-18 05:08:00.644000
9761,201803185864401,PRIN,17,50,100,625,62500.00,2018-03-18 05:08:00.644010
9762,201803185864402,PRIN,21,50,20,625,12500.00,2018-03-18 05:08:00.644020
9763,201803185864320,PRIN,51,58,100,627,62700.00,2018-03-18 05:08:00.643200
9764,201803185864321,PRIN,56,58,90,626,56340.00,2018-03-18 05:08:00.643210
9765,201803185864322,PRIN,37,58,150,626,93900.00,2018-03-18 05:08:00.643220
9766,201803185863996,PRIN,37,40,100,626,62600.00,2018-03-18 05:08:00.639960
9767,201803185863427,PRIN,42,29,10,630,6300.00,2018-03-18 05:08:00.634270
9768,201803185863124,PRIN,11,58,10,628,6280.00,2018-03-18 05:08:00.631240
9769,201803185863125,PRIN,43,58,80,627,50160.00,2018-03-18 05:08:00.631250
9770,201803185863126,PRIN,56,58,160,626,100160.00,2018-03-18 05:08:00.631260
9771,201803185862722,PRIN,43,58,350,630,220500.00,2018-03-18 05:08:00.627220
9772,201803185862169,PRIN,49,58,100,630,63000.00,2018-03-18 05:08:00.621690
9773,201803185861785,PRIN,43,41,70,627,43890.00,2018-03-18 05:08:00.617850
9774,201803185861767,PRIN,29,29,30,628,18840.00,2018-03-18 05:08:00.617670
9775,201803185861242,PRIN,42,58,50,630,31500.00,2018-03-18 05:08:00.612420
9776,201803185861232,PRIN,48,54,40,631,25240.00,2018-03-18 05:08:00.612320
9777,201803185860975,PRIN,36,53,50,632,31600.00,2018-03-18 05:08:00.609750
9778,201803155860490,PRIN,32,22,100,634,63400.00,2018-03-15 05:08:00.604900
9779,201803155860338,PRIN,22,26,36,631,22716.00,2018-03-15 05:08:00.603380
9780,201803155860339,PRIN,14,26,114,630,71820.00,2018-03-15 05:08:00.603390
9781,201803155860242,PRIN,48,22,100,634,63400.00,2018-03-15 05:08:00.602420
9782,201803155860082,PRIN,22,22,174,631,109794.00,2018-03-15 05:08:00.600820
9783,201803155859965,PRIN,14,58,209,630,131670.00,2018-03-15 05:08:00.599650
9784,201803155859943,PRIN,14,21,94,630,59220.00,2018-03-15 05:08:00.599430
9785,201803155859287,PRIN,53,41,230,633,145590.00,2018-03-15 05:08:00.592870
9786,201803155859227,PRIN,6,41,20,631,12620.00,2018-03-15 05:08:00.592270
9787,201803155859228,PRIN,5,41,150,630,94500.00,2018-03-15 05:08:00.592280
9788,201803155859229,PRIN,19,41,100,630,63000.00,2018-03-15 05:08:00.592290
9789,201803155859230,PRIN,22,41,100,629,62900.00,2018-03-15 05:08:00.592300
9790,201803155859169,PRIN,26,21,22,635,13970.00,2018-03-15 05:08:00.591690
9791,201803155858382,PRIN,16,48,150,635,95250.00,2018-03-15 05:08:00.583820
9792,201803155858360,PRIN,53,58,100,635,63500.00,2018-03-15 05:08:00.583600
9793,201803155858324,PRIN,58,26,59,635,37465.00,2018-03-15 05:08:00.583240
9794,201803155858325,PRIN,58,58,41,635,26035.00,2018-03-15 05:08:00.583250
9795,201803155858294,PRIN,16,28,40,634,25360.00,2018-03-15 05:08:00.582940
9796,201803155858170,PRIN,33,28,24,634,15216.00,2018-03-15 05:08:00.581700
9797,201803155857891,PRIN,3,58,50,635,31750.00,2018-03-15 05:08:00.578910
9798,201803155857794,PRIN,47,28,100,636,63600.00,2018-03-15 05:08:00.577940
9799,201803155857775,PRIN,53,55,50,635,31750.00,2018-03-15 05:08:00.577750
9800,201803155857722,PRIN,53,48,150,630,94500.00,2018-03-15 05:08:00.577220
9801,201803145857438,PRIN,29,57,50,628,31400.00,2018-03-14 05:08:00.574380
9802,201803145857070,PRIN,58,39,14,628,8792.00,2018-03-14 05:08:00.570700
9803,201803145857046,PRIN,10,14,100,626,62600.00,2018-03-14 05:08:00.570460
9804,201803145857025,PRIN,10,55,300,626,187800.00,2018-03-14 05:08:00.570250
9805,201803145856651,PRIN,37,55,80,628,50240.00,2018-03-14 05:08:00.566510
9806,201803145856406,PRIN,45,55,20,628,12560.00,2018-03-14 05:08:00.564060
9807,201803145856149,PRIN,41,55,100,626,62600.00,2018-03-14 05:08:00.561490
9808,201803145855884,PRIN,49,55,150,620,93000.00,2018-03-14 05:08:00.558840
9809,201803145855730,PRIN,41,55,20,622,12440.00,2018-03-14 05:08:00.557300
9810,201803145855731,PRIN,46,55,20,621,12420.00,2018-03-14 05:08:00.557310
9811,201803145855732,PRIN,58,55,50,620,31000.00,2018-03-14 05:08:00.557320
9812,201803145855733,PRIN,17,55,100,620,62000.00,2018-03-14 05:08:00.557330
9813,201803145855734,PRIN,22,55,250,620,155000.00,2018-03-14 05:08:00.557340
9814,201803145855271,PRIN,58,16,30,620,18600.00,2018-03-14 05:08:00.552710
9815,201803145855269,PRIN,50,16,200,610,122000.00,2018-03-14 05:08:00.552690
9816,201803145855246,PRIN,58,7,20,620,12400.00,2018-03-14 05:08:00.552460
9817,201803145855239,PRIN,58,16,20,620,12400.00,2018-03-14 05:08:00.552390
9818,201803145855229,PRIN,22,16,100,620,62000.00,2018-03-14 05:08:00.552290
9819,201803145855230,PRIN,28,16,100,620,62000.00,2018-03-14 05:08:00.552300
9820,201803135855169,PRIN,5,55,100,629,62900.00,2018-03-13 05:08:00.551690
9821,201803135855176,PRIN,58,55,10,630,6300.00,2018-03-13 05:08:00.551760
9822,201803135855016,PRIN,58,17,19,628,11932.00,2018-03-13 05:08:00.550160
9823,201803135855017,PRIN,58,55,50,628,31400.00,2018-03-13 05:08:00.550170
9824,201803135854909,PRIN,36,19,448,626,280448.00,2018-03-13 05:08:00.549090
9825,201803135854829,PRIN,41,55,90,626,56340.00,2018-03-13 05:08:00.548290
9826,201803135854605,PRIN,22,55,10,626,6260.00,2018-03-13 05:08:00.546050
9827,201803135854458,PRIN,58,55,400,620,248000.00,2018-03-13 05:08:00.544580
9828,201803135854179,PRIN,53,19,337,619,208603.00,2018-03-13 05:08:00.541790
9829,201803135854180,PRIN,45,19,30,619,18570.00,2018-03-13 05:08:00.541800
9830,201803135854127,PRIN,53,55,200,620,124000.00,2018-03-13 05:08:00.541270
9831,201803135853975,PRIN,42,56,200,623,124600.00,2018-03-13 05:08:00.539750
9832,201803135853976,PRIN,22,56,100,622,62200.00,2018-03-13 05:08:00.539760
9833,201803135853977,PRIN,58,56,500,621,310500.00,2018-03-13 05:08:00.539770
9834,201803135853978,PRIN,56,56,15,620,9300.00,2018-03-13 05:08:00.539780
9835,201803135853979,PRIN,37,56,150,620,93000.00,2018-03-13 05:08:00.539790
9836,201803135853980,PRIN,58,56,150,620,93000.00,2018-03-13 05:08:00.539800
9837,201803135853981,PRIN,28,56,100,619,61900.00,2018-03-13 05:08:00.539810
9838,201803135853982,PRIN,55,56,122,619,75518.00,2018-03-13 05:08:00.539820
9839,201803135853983,PRIN,53,56,163,619,100897.00,2018-03-13 05:08:00.539830
9840,201803135853657,PRIN,7,55,77,626,48202.00,2018-03-13 05:08:00.536570
9841,201803135853579,PRIN,19,55,100,621,62100.00,2018-03-13 05:08:00.535790
9842,201803135853588,PRIN,32,55,23,626,14398.00,2018-03-13 05:08:00.535880
9843,201803135853350,PRIN,55,39,178,619,110182.00,2018-03-13 05:08:00.533500
9844,201803135853305,PRIN,17,55,100,622,62200.00,2018-03-13 05:08:00.533050
9845,201803135853306,PRIN,56,55,100,620,62000.00,2018-03-13 05:08:00.533060
9846,201803135853307,PRIN,29,55,100,620,62000.00,2018-03-13 05:08:00.533070
9847,201803135853234,PRIN,13,55,50,626,31300.00,2018-03-13 05:08:00.532340
9848,201803135853235,PRIN,58,55,100,625,62500.00,2018-03-13 05:08:00.532350
9849,201803135852878,PRIN,47,47,74,621,45954.00,2018-03-13 05:08:00.528780
9850,201803125852055,PRIN,58,37,10,630,6300.00,2018-03-12 05:08:00.520550
9851,201803125851517,PRIN,36,55,20,623,12460.00,2018-03-12 05:08:00.515170
9852,201803125851518,PRIN,42,55,20,623,12460.00,2018-03-12 05:08:00.515180
9853,201803125851519,PRIN,32,55,300,623,186900.00,2018-03-12 05:08:00.515190
9854,201803125851520,PRIN,42,55,40,622,24880.00,2018-03-12 05:08:00.515200
9855,201803125851521,PRIN,5,55,69,622,42918.00,2018-03-12 05:08:00.515210
9856,201803125851244,PRIN,34,55,200,624,124800.00,2018-03-12 05:08:00.512440
9857,201803125851222,PRIN,34,37,100,624,62400.00,2018-03-12 05:08:00.512220
9858,201803125850873,PRIN,22,28,10,634,6340.00,2018-03-12 05:08:00.508730
9859,201803125849763,PRIN,5,25,100,646,64600.00,2018-03-12 05:08:00.497630
9860,201803125849687,PRIN,41,19,95,635,60325.00,2018-03-12 05:08:00.496870
9861,201803125849493,PRIN,41,34,100,627,62700.00,2018-03-12 05:08:00.494930
9862,201803125849494,PRIN,41,22,500,627,313500.00,2018-03-12 05:08:00.494940
9863,201803125849417,PRIN,58,1,50,624,31200.00,2018-03-12 05:08:00.494170
9864,201803125849418,PRIN,58,53,200,625,125000.00,2018-03-12 05:08:00.494180
9865,201803125849402,PRIN,41,57,150,622,93300.00,2018-03-12 05:08:00.494020
9866,201803125849403,PRIN,41,38,535,623,333305.00,2018-03-12 05:08:00.494030
9867,201803125849384,PRIN,58,49,150,620,93000.00,2018-03-12 05:08:00.493840
9868,201803125849342,PRIN,58,57,300,620,186000.00,2018-03-12 05:08:00.493420
9869,201803125849291,PRIN,5,38,50,623,31150.00,2018-03-12 05:08:00.492910
9870,201803125849250,PRIN,22,57,119,620,73780.00,2018-03-12 05:08:00.492500
9871,201803125848414,PRIN,5,49,100,620,62000.00,2018-03-12 05:08:00.484140
9872,201803125848264,PRIN,35,21,11,620,6820.00,2018-03-12 05:08:00.482640
9873,201803115848031,PRIN,37,46,190,625,118750.00,2018-03-11 05:08:00.480310
9874,201803115848032,PRIN,37,22,10,625,6250.00,2018-03-11 05:08:00.480320
9875,201803115847694,PRIN,38,46,200,625,125000.00,2018-03-11 05:08:00.476940
9876,201803115847366,PRIN,36,5,78,620,48360.00,2018-03-11 05:08:00.473660
9877,201803115847323,PRIN,35,58,10,623,6230.00,2018-03-11 05:08:00.473230
9878,201803115847324,PRIN,29,58,10,623,6230.00,2018-03-11 05:08:00.473240
9879,201803115847325,PRIN,48,58,50,621,31050.00,2018-03-11 05:08:00.473250
9880,201803115847326,PRIN,32,58,200,621,124200.00,2018-03-11 05:08:00.473260
9881,201803115847327,PRIN,53,58,60,620,37200.00,2018-03-11 05:08:00.473270
9882,201803115847330,PRIN,22,14,82,624,51168.00,2018-03-11 05:08:00.473300
9883,201803115847308,PRIN,17,14,100,624,62400.00,2018-03-11 05:08:00.473080
9884,201803115847168,PRIN,35,46,10,625,6250.00,2018-03-11 05:08:00.471680
9885,201803115846912,PRIN,44,46,100,625,62500.00,2018-03-11 05:08:00.469120
9886,201803115846771,PRIN,35,21,20,625,12500.00,2018-03-11 05:08:00.467710
9887,201803115846772,PRIN,16,21,100,625,62500.00,2018-03-11 05:08:00.467720
9888,201803115846680,PRIN,49,34,100,621,62100.00,2018-03-11 05:08:00.466800
9889,201803115846681,PRIN,17,34,100,621,62100.00,2018-03-11 05:08:00.466810
9890,201803115846682,PRIN,44,34,90,620,55800.00,2018-03-11 05:08:00.466820
9891,201803115846683,PRIN,53,34,14,620,8680.00,2018-03-11 05:08:00.466830
9892,201803115846395,PRIN,59,55,100,623,62300.00,2018-03-11 05:08:00.463950
9893,201803115846396,PRIN,25,55,100,623,62300.00,2018-03-11 05:08:00.463960
9894,201803115846397,PRIN,53,55,50,623,31150.00,2018-03-11 05:08:00.463970
9895,201803115846398,PRIN,22,55,100,622,62200.00,2018-03-11 05:08:00.463980
9896,201803115846399,PRIN,46,55,100,621,62100.00,2018-03-11 05:08:00.463990
9897,201803115846400,PRIN,25,55,50,621,31050.00,2018-03-11 05:08:00.464000
9898,201803115846401,PRIN,35,55,100,621,62100.00,2018-03-11 05:08:00.464010
9899,201803115846402,PRIN,37,55,50,620,31000.00,2018-03-11 05:08:00.464020
9900,201803115846403,PRIN,25,55,30,620,18600.00,2018-03-11 05:08:00.464030
9901,201803115846404,PRIN,37,55,200,620,124000.00,2018-03-11 05:08:00.464040
9902,201803115846405,PRIN,44,55,120,620,74400.00,2018-03-11 05:08:00.464050
9903,201803115846296,PRIN,5,36,36,625,22500.00,2018-03-11 05:08:00.462960
9904,201803115846297,PRIN,34,36,20,625,12500.00,2018-03-11 05:08:00.462970
9905,201803115846298,PRIN,29,36,20,624,12480.00,2018-03-11 05:08:00.462980
9906,201803115846299,PRIN,28,36,50,623,31150.00,2018-03-11 05:08:00.462990
9907,201803115846300,PRIN,28,36,24,623,14952.00,2018-03-11 05:08:00.463000
9908,201803115846209,PRIN,5,55,64,625,40000.00,2018-03-11 05:08:00.462090
9909,201803115845920,PRIN,28,40,100,623,62300.00,2018-03-11 05:08:00.459200
9910,201803115845814,PRIN,45,34,100,624,62400.00,2018-03-11 05:08:00.458140
9911,201803115845815,PRIN,58,34,96,623,59808.00,2018-03-11 05:08:00.458150
9912,201803115845337,PRIN,17,42,100,625,62500.00,2018-03-11 05:08:00.453370
9913,201803115845338,PRIN,56,42,300,625,187500.00,2018-03-11 05:08:00.453380
9914,201803115845339,PRIN,51,42,100,624,62400.00,2018-03-11 05:08:00.453390
9915,201803115845340,PRIN,58,42,104,623,64792.00,2018-03-11 05:08:00.453400
9916,201803115845037,PRIN,52,55,50,636,31800.00,2018-03-11 05:08:00.450370
9917,201803115845038,PRIN,47,55,100,629,62900.00,2018-03-11 05:08:00.450380
9918,201803115845039,PRIN,32,55,100,628,62800.00,2018-03-11 05:08:00.450390
9919,201803115845040,PRIN,58,55,100,626,62600.00,2018-03-11 05:08:00.450400
9920,201803115845041,PRIN,1,55,200,626,125200.00,2018-03-11 05:08:00.450410
9921,201803115845042,PRIN,28,55,100,625,62500.00,2018-03-11 05:08:00.450420
9922,201803115845043,PRIN,29,55,100,625,62500.00,2018-03-11 05:08:00.450430
9923,201803115844751,PRIN,5,57,100,639,63900.00,2018-03-11 05:08:00.447510
9924,201803115844609,PRIN,38,46,50,638,31900.00,2018-03-11 05:08:00.446090
9925,201803115844610,PRIN,53,46,100,638,63800.00,2018-03-11 05:08:00.446100
9926,201803115844611,PRIN,43,46,200,637,127400.00,2018-03-11 05:08:00.446110
9927,201803115844612,PRIN,32,46,100,636,63600.00,2018-03-11 05:08:00.446120
9928,201803115844613,PRIN,40,46,50,636,31800.00,2018-03-11 05:08:00.446130
9929,201803115844265,PRIN,58,46,100,636,63600.00,2018-03-11 05:08:00.442650
9930,201803115844237,PRIN,58,7,200,634,126800.00,2018-03-11 05:08:00.442370
9931,201803115844122,PRIN,5,7,100,630,63000.00,2018-03-11 05:08:00.441220
9932,201803115843915,PRIN,58,34,10,635,6350.00,2018-03-11 05:08:00.439150
9933,201803115843892,PRIN,58,46,300,636,190800.00,2018-03-11 05:08:00.438920
9934,201803115843407,PRIN,17,41,30,648,19440.00,2018-03-11 05:08:00.434070
9935,201803115843219,PRIN,19,36,150,661,99150.00,2018-03-11 05:08:00.432190
9936,201803075843171,PRIN,52,46,20,660,13200.00,2018-03-07 05:08:00.431710
9937,201803075843172,PRIN,5,32,50,656,32800.00,2018-03-07 05:08:00.431720
9938,201803075842661,PRIN,19,17,10,661,6610.00,2018-03-07 05:08:00.426610
9939,201803075842662,PRIN,46,17,50,660,33000.00,2018-03-07 05:08:00.426620
9940,201803075842357,PRIN,59,25,100,665,66500.00,2018-03-07 05:08:00.423570
9941,201803075842199,PRIN,45,58,60,664,39840.00,2018-03-07 05:08:00.421990
9942,201803075842100,PRIN,45,58,200,663,132600.00,2018-03-07 05:08:00.421000
9943,201803075842101,PRIN,45,17,190,664,126160.00,2018-03-07 05:08:00.421010
9944,201803075842102,PRIN,45,49,50,664,33200.00,2018-03-07 05:08:00.421020
9945,201803075841970,PRIN,57,32,100,662,66200.00,2018-03-07 05:08:00.419700
9946,201803075841923,PRIN,5,32,100,661,66100.00,2018-03-07 05:08:00.419230
9947,201803075841451,PRIN,58,58,200,656,131200.00,2018-03-07 05:08:00.414510
9948,201803075841478,PRIN,5,17,10,664,6640.00,2018-03-07 05:08:00.414780
9949,201803075841107,PRIN,51,45,55,659,36245.00,2018-03-07 05:08:00.411070
9950,201803075841050,PRIN,45,32,147,658,96726.00,2018-03-07 05:08:00.410500
9951,201803075840967,PRIN,26,34,42,656,27552.00,2018-03-07 05:08:00.409670
9952,201803075840975,PRIN,58,58,100,656,65600.00,2018-03-07 05:08:00.409750
9953,201803075840823,PRIN,45,25,142,655,93010.00,2018-03-07 05:08:00.408230
9954,201803075840779,PRIN,38,22,200,654,130800.00,2018-03-07 05:08:00.407790
9955,201803075840763,PRIN,7,45,30,650,19500.00,2018-03-07 05:08:00.407630
9956,201803075840728,PRIN,58,58,400,640,256000.00,2018-03-07 05:08:00.407280
9957,201803075840720,PRIN,7,57,114,648,73872.00,2018-03-07 05:08:00.407200
9958,201803075840523,PRIN,58,34,124,645,79980.00,2018-03-07 05:08:00.405230
9959,201803075840522,PRIN,58,26,19,642,12198.00,2018-03-07 05:08:00.405220
9960,201803075840234,PRIN,42,17,10,642,6420.00,2018-03-07 05:08:00.402340
9961,201803075840235,PRIN,32,17,50,635,31750.00,2018-03-07 05:08:00.402350
9962,201803075840236,PRIN,8,17,100,635,63500.00,2018-03-07 05:08:00.402360
9963,201803075840237,PRIN,6,17,50,635,31750.00,2018-03-07 05:08:00.402370
9964,201803075840238,PRIN,5,17,200,630,126000.00,2018-03-07 05:08:00.402380
9965,201803075840239,PRIN,32,17,50,630,31500.00,2018-03-07 05:08:00.402390
9966,201803075839966,PRIN,14,17,60,647,38820.00,2018-03-07 05:08:00.399660
9967,201803075839967,PRIN,34,17,50,646,32300.00,2018-03-07 05:08:00.399670
9968,201803075839968,PRIN,59,17,90,645,58050.00,2018-03-07 05:08:00.399680
9969,201803075839990,PRIN,22,40,50,648,32400.00,2018-03-07 05:08:00.399900
9970,201803075839991,PRIN,59,40,35,645,22575.00,2018-03-07 05:08:00.399910
9971,201803075839992,PRIN,39,40,20,645,12900.00,2018-03-07 05:08:00.399920
9972,201803075839993,PRIN,42,40,20,642,12840.00,2018-03-07 05:08:00.399930
9973,201803075839844,PRIN,14,34,10,647,6470.00,2018-03-07 05:08:00.398440
9974,201803075839588,PRIN,14,58,100,647,64700.00,2018-03-07 05:08:00.395880
9975,201803075839400,PRIN,14,7,70,647,45290.00,2018-03-07 05:08:00.394000
9976,201803075839341,PRIN,41,45,200,650,130000.00,2018-03-07 05:08:00.393410
9977,201803075839378,PRIN,32,45,22,650,14300.00,2018-03-07 05:08:00.393780
9978,201803075839379,PRIN,8,45,100,649,64900.00,2018-03-07 05:08:00.393790
9979,201803075839302,PRIN,32,7,10,655,6550.00,2018-03-07 05:08:00.393020
9980,201803075839303,PRIN,7,7,100,654,65400.00,2018-03-07 05:08:00.393030
9981,201803075839324,PRIN,26,7,100,652,65200.00,2018-03-07 05:08:00.393240
9982,201803075839325,PRIN,56,7,50,652,32600.00,2018-03-07 05:08:00.393250
9983,201803075839326,PRIN,22,7,100,651,65100.00,2018-03-07 05:08:00.393260
9984,201803075839327,PRIN,6,7,100,651,65100.00,2018-03-07 05:08:00.393270
9985,201803075839328,PRIN,32,7,40,650,26000.00,2018-03-07 05:08:00.393280
9986,201803075839064,PRIN,32,34,190,655,124450.00,2018-03-07 05:08:00.390640
9987,201803075838995,PRIN,16,7,30,659,19770.00,2018-03-07 05:08:00.389950
9988,201803075838647,PRIN,35,26,100,660,66000.00,2018-03-07 05:08:00.386470
9989,201803075838648,PRIN,35,7,200,660,132000.00,2018-03-07 05:08:00.386480
9990,201803075838649,PRIN,35,34,300,661,198300.00,2018-03-07 05:08:00.386490
9991,201803075838559,PRIN,7,7,200,663,132600.00,2018-03-07 05:08:00.385590
9992,201803075838516,PRIN,5,58,62,658,40796.00,2018-03-07 05:08:00.385160
9993,201803075838472,PRIN,17,58,100,658,65800.00,2018-03-07 05:08:00.384720
9994,201803075838397,PRIN,53,58,38,658,25004.00,2018-03-07 05:08:00.383970
9995,201803075838306,PRIN,53,50,62,658,40796.00,2018-03-07 05:08:00.383060
9996,201803075837869,PRIN,5,34,10,664,6640.00,2018-03-07 05:08:00.378690
9997,201803075837874,PRIN,29,58,100,655,65500.00,2018-03-07 05:08:00.378740
9998,201803075837814,PRIN,45,58,100,667,66700.00,2018-03-07 05:08:00.378140
9999,201803075837767,PRIN,52,58,100,666,66600.00,2018-03-07 05:08:00.377670
10000,201803075837776,PRIN,5,58,100,667,66700.00,2018-03-07 05:08:00.377760
10001,201803075837706,PRIN,28,58,10,654,6540.00,2018-03-07 05:08:00.377060
10002,201803065836802,PRIN,34,53,19,642,12198.00,2018-03-06 05:08:00.368020
10003,201803065836582,PRIN,26,7,53,631,33443.00,2018-03-06 05:08:00.365820
10004,201803065836583,PRIN,10,7,100,630,63000.00,2018-03-06 05:08:00.365830
10005,201803065836584,PRIN,25,7,100,630,63000.00,2018-03-06 05:08:00.365840
10006,201803065836507,PRIN,26,11,47,631,29657.00,2018-03-06 05:08:00.365070
10007,201803065836345,PRIN,5,7,200,637,127400.00,2018-03-06 05:08:00.363450
10008,201803065836355,PRIN,32,7,150,635,95250.00,2018-03-06 05:08:00.363550
10009,201803065836356,PRIN,41,7,100,635,63500.00,2018-03-06 05:08:00.363560
10010,201803065836357,PRIN,35,7,100,634,63400.00,2018-03-06 05:08:00.363570
10011,201803065836358,PRIN,49,7,100,633,63300.00,2018-03-06 05:08:00.363580
10012,201803065836228,PRIN,17,7,75,650,48750.00,2018-03-06 05:08:00.362280
10013,201803065836160,PRIN,29,7,100,650,65000.00,2018-03-06 05:08:00.361600
10014,201803065835969,PRIN,29,49,100,661,66100.00,2018-03-06 05:08:00.359690
10015,201803065835970,PRIN,6,49,50,661,33050.00,2018-03-06 05:08:00.359700
10016,201803065835971,PRIN,37,49,100,660,66000.00,2018-03-06 05:08:00.359710
10017,201803065835658,PRIN,46,32,59,673,39707.00,2018-03-06 05:08:00.356580
10018,201803065835665,PRIN,40,41,100,673,67300.00,2018-03-06 05:08:00.356650
10019,201803065835666,PRIN,40,32,100,673,67300.00,2018-03-06 05:08:00.356660
10020,201803065835667,PRIN,40,32,50,673,33650.00,2018-03-06 05:08:00.356670
10021,201803065835682,PRIN,45,49,100,673,67300.00,2018-03-06 05:08:00.356820
10022,201803065835577,PRIN,45,33,59,665,39235.00,2018-03-06 05:08:00.355770
10023,201803065835578,PRIN,45,32,41,673,27593.00,2018-03-06 05:08:00.355780
10024,201803065835534,PRIN,56,32,100,660,66000.00,2018-03-06 05:08:00.355340
10025,201803065835516,PRIN,5,44,141,659,92919.00,2018-03-06 05:08:00.355160
10026,201803065835474,PRIN,5,44,59,659,38881.00,2018-03-06 05:08:00.354740
10027,201803065834962,PRIN,37,46,219,647,141693.00,2018-03-06 05:08:00.349620
10028,201803065834949,PRIN,37,46,131,647,84757.00,2018-03-06 05:08:00.349490
10029,201803065834746,PRIN,34,14,500,642,321000.00,2018-03-06 05:08:00.347460
10030,201803065834704,PRIN,58,47,300,639,191700.00,2018-03-06 05:08:00.347040
10031,201803065834439,PRIN,37,45,119,632,75208.00,2018-03-06 05:08:00.344390
10032,201803065834136,PRIN,17,42,1000,630,630000.00,2018-03-06 05:08:00.341360
10033,201803065833883,PRIN,45,47,278,624,173472.00,2018-03-06 05:08:00.338830
10034,201803065833885,PRIN,19,7,400,621,248400.00,2018-03-06 05:08:00.338850
10035,201803065833886,PRIN,58,7,500,621,310500.00,2018-03-06 05:08:00.338860
10036,201803065833887,PRIN,8,7,50,621,31050.00,2018-03-06 05:08:00.338870
10037,201803065833888,PRIN,46,7,20,621,12420.00,2018-03-06 05:08:00.338880
10038,201803065833889,PRIN,58,7,1000,620,620000.00,2018-03-06 05:08:00.338890
10039,201803065833890,PRIN,22,7,100,620,62000.00,2018-03-06 05:08:00.338900
10040,201803065833788,PRIN,22,47,100,624,62400.00,2018-03-06 05:08:00.337880
10041,201803065833721,PRIN,36,26,139,630,87570.00,2018-03-06 05:08:00.337210
10042,201803065833648,PRIN,17,57,200,628,125600.00,2018-03-06 05:08:00.336480
10043,201803065833535,PRIN,5,7,100,625,62500.00,2018-03-06 05:08:00.335350
10044,201803065833414,PRIN,29,7,50,622,31100.00,2018-03-06 05:08:00.334140
10045,201803065833415,PRIN,49,7,50,622,31100.00,2018-03-06 05:08:00.334150
10046,201803065833416,PRIN,17,7,100,621,62100.00,2018-03-06 05:08:00.334160
10047,201803065833417,PRIN,8,7,30,621,18630.00,2018-03-06 05:08:00.334170
10048,201803065833418,PRIN,37,7,450,621,279450.00,2018-03-06 05:08:00.334180
10049,201803065833419,PRIN,35,7,50,621,31050.00,2018-03-06 05:08:00.334190
10050,201803065833401,PRIN,22,1,55,622,34210.00,2018-03-06 05:08:00.334010
10051,201803065833233,PRIN,22,55,50,623,31150.00,2018-03-06 05:08:00.332330
10052,201803065833234,PRIN,22,55,200,622,124400.00,2018-03-06 05:08:00.332340
10053,201803065833235,PRIN,36,55,200,622,124400.00,2018-03-06 05:08:00.332350
10054,201803065833236,PRIN,32,55,100,622,62200.00,2018-03-06 05:08:00.332360
10055,201803065833237,PRIN,22,55,245,622,152390.00,2018-03-06 05:08:00.332370
10056,201803065832996,PRIN,22,50,10,633,6330.00,2018-03-06 05:08:00.329960
10057,201803065832997,PRIN,25,50,100,633,63300.00,2018-03-06 05:08:00.329970
10058,201803065832998,PRIN,21,50,40,633,25320.00,2018-03-06 05:08:00.329980
10059,201803065832718,PRIN,36,1,100,645,64500.00,2018-03-06 05:08:00.327180
10060,201803065832679,PRIN,59,55,30,636,19080.00,2018-03-06 05:08:00.326790
10061,201803065832680,PRIN,8,55,30,635,19050.00,2018-03-06 05:08:00.326800
10062,201803065832681,PRIN,25,55,50,635,31750.00,2018-03-06 05:08:00.326810
10063,201803065832682,PRIN,22,55,200,635,127000.00,2018-03-06 05:08:00.326820
10064,201803065832683,PRIN,22,55,290,633,183570.00,2018-03-06 05:08:00.326830
10065,201803065832570,PRIN,13,13,108,644,69552.00,2018-03-06 05:08:00.325700
10066,201803065832425,PRIN,22,34,30,644,19320.00,2018-03-06 05:08:00.324250
10067,201803065832426,PRIN,22,21,44,645,28380.00,2018-03-06 05:08:00.324260
10068,201803065832241,PRIN,29,40,75,648,48600.00,2018-03-06 05:08:00.322410
10069,201803065832242,PRIN,37,40,200,648,129600.00,2018-03-06 05:08:00.322420
10070,201803065832247,PRIN,22,46,50,647,32350.00,2018-03-06 05:08:00.322470
10071,201803065832217,PRIN,8,8,50,651,32550.00,2018-03-06 05:08:00.322170
10072,201803065832218,PRIN,6,8,15,650,9750.00,2018-03-06 05:08:00.322180
10073,201803065832219,PRIN,22,8,60,650,39000.00,2018-03-06 05:08:00.322190
10074,201803065832220,PRIN,41,8,50,648,32400.00,2018-03-06 05:08:00.322200
10075,201803065832221,PRIN,29,8,25,648,16200.00,2018-03-06 05:08:00.322210
10076,201803065831900,PRIN,8,7,50,662,33100.00,2018-03-06 05:08:00.319000
10077,201803065831901,PRIN,21,7,50,661,33050.00,2018-03-06 05:08:00.319010
10078,201803065831849,PRIN,22,33,100,660,66000.00,2018-03-06 05:08:00.318490
10079,201803055831144,PRIN,42,28,100,660,66000.00,2018-03-05 05:08:00.311440
10080,201803055831027,PRIN,21,28,171,660,112860.00,2018-03-05 05:08:00.310270
10081,201803055830957,PRIN,25,45,50,660,33000.00,2018-03-05 05:08:00.309570
10082,201803055830958,PRIN,22,45,200,660,132000.00,2018-03-05 05:08:00.309580
10083,201803055830959,PRIN,21,45,29,660,19140.00,2018-03-05 05:08:00.309590
10084,201803055830825,PRIN,22,28,194,660,128040.00,2018-03-05 05:08:00.308250
10085,201803055830784,PRIN,17,21,153,663,101439.00,2018-03-05 05:08:00.307840
10086,201803055830785,PRIN,22,21,81,663,53703.00,2018-03-05 05:08:00.307850
10087,201803055830786,PRIN,22,28,119,663,78897.00,2018-03-05 05:08:00.307860
10088,201803055830787,PRIN,58,28,147,662,97314.00,2018-03-05 05:08:00.307870
10089,201803055830788,PRIN,29,28,100,662,66200.00,2018-03-05 05:08:00.307880
10090,201803055830789,PRIN,29,28,20,661,13220.00,2018-03-05 05:08:00.307890
10091,201803055830790,PRIN,17,28,200,661,132200.00,2018-03-05 05:08:00.307900
10092,201803055830791,PRIN,47,28,100,660,66000.00,2018-03-05 05:08:00.307910
10093,201803055830792,PRIN,22,28,100,660,66000.00,2018-03-05 05:08:00.307920
10094,201803055830793,PRIN,46,28,20,660,13200.00,2018-03-05 05:08:00.307930
10095,201803055830698,PRIN,32,53,31,667,20677.00,2018-03-05 05:08:00.306980
10096,201803055830699,PRIN,43,53,10,667,6670.00,2018-03-05 05:08:00.306990
10097,201803055830700,PRIN,56,53,100,667,66700.00,2018-03-05 05:08:00.307000
10098,201803055830716,PRIN,58,53,50,666,33300.00,2018-03-05 05:08:00.307160
10099,201803055830717,PRIN,25,56,300,666,199800.00,2018-03-05 05:08:00.307170
10100,201803055830718,PRIN,49,56,38,665,25270.00,2018-03-05 05:08:00.307180
10101,201803055830719,PRIN,4,56,50,665,33250.00,2018-03-05 05:08:00.307190
10102,201803055830720,PRIN,57,56,50,665,33250.00,2018-03-05 05:08:00.307200
10103,201803055830721,PRIN,17,56,150,665,99750.00,2018-03-05 05:08:00.307210
10104,201803055830722,PRIN,33,56,250,665,166250.00,2018-03-05 05:08:00.307220
10105,201803055830723,PRIN,35,56,25,665,16625.00,2018-03-05 05:08:00.307230
10106,201803055830724,PRIN,17,56,47,663,31161.00,2018-03-05 05:08:00.307240
10107,201803055830407,PRIN,32,37,19,667,12673.00,2018-03-05 05:08:00.304070
10108,201803055830256,PRIN,32,45,50,667,33350.00,2018-03-05 05:08:00.302560
10109,201803055829329,PRIN,17,50,400,676,270400.00,2018-03-05 05:08:00.293290
10110,201803055829330,PRIN,17,47,500,678,339000.00,2018-03-05 05:08:00.293300
10111,201803055829313,PRIN,49,40,12,665,7980.00,2018-03-05 05:08:00.293130
10112,201803055829208,PRIN,58,25,53,662,35086.00,2018-03-05 05:08:00.292080
10113,201803055829039,PRIN,50,50,100,663,66300.00,2018-03-05 05:08:00.290390
10114,201803055828746,PRIN,58,36,110,660,72600.00,2018-03-05 05:08:00.287460
10115,201803055828713,PRIN,58,36,15,665,9975.00,2018-03-05 05:08:00.287130
10116,201803055828714,PRIN,29,36,50,665,33250.00,2018-03-05 05:08:00.287140
10117,201803055828715,PRIN,7,36,50,665,33250.00,2018-03-05 05:08:00.287150
10118,201803055828716,PRIN,22,36,100,665,66500.00,2018-03-05 05:08:00.287160
10119,201803055828717,PRIN,22,36,100,665,66500.00,2018-03-05 05:08:00.287170
10120,201803055828718,PRIN,10,36,25,664,16600.00,2018-03-05 05:08:00.287180
10121,201803055828719,PRIN,36,36,200,663,132600.00,2018-03-05 05:08:00.287190
10122,201803055828720,PRIN,35,36,200,662,132400.00,2018-03-05 05:08:00.287200
10123,201803055828721,PRIN,44,36,50,660,33000.00,2018-03-05 05:08:00.287210
10124,201803055828722,PRIN,21,36,100,660,66000.00,2018-03-05 05:08:00.287220
10125,201803055828723,PRIN,14,36,500,660,330000.00,2018-03-05 05:08:00.287230
10126,201803055828390,PRIN,58,42,50,665,33250.00,2018-03-05 05:08:00.283900
10127,201803055828377,PRIN,20,42,50,665,33250.00,2018-03-05 05:08:00.283770
10128,201803055828026,PRIN,22,22,19,663,12597.00,2018-03-05 05:08:00.280260
10129,201803055827425,PRIN,8,1,27,685,18495.00,2018-03-05 05:08:00.274250
10130,201803055827426,PRIN,45,1,100,681,68100.00,2018-03-05 05:08:00.274260
10131,201803055827427,PRIN,6,1,10,680,6800.00,2018-03-05 05:08:00.274270
10132,201803055827428,PRIN,47,1,100,673,67300.00,2018-03-05 05:08:00.274280
10133,201803055827429,PRIN,34,1,63,672,42336.00,2018-03-05 05:08:00.274290
10134,201803055827340,PRIN,8,51,23,685,15755.00,2018-03-05 05:08:00.273400
10135,201803055827350,PRIN,8,44,50,685,34250.00,2018-03-05 05:08:00.273500
10136,201803055827267,PRIN,34,50,900,685,616500.00,2018-03-05 05:08:00.272670
10137,201803055826555,PRIN,40,34,20,698,13960.00,2018-03-05 05:08:00.265550
10138,201803045826469,PRIN,5,22,10,685,6850.00,2018-03-04 05:08:00.264690
10139,201803045826467,PRIN,37,22,100,685,68500.00,2018-03-04 05:08:00.264670
10140,201803045826402,PRIN,32,22,20,686,13720.00,2018-03-04 05:08:00.264020
10141,201803045826403,PRIN,32,22,30,686,20580.00,2018-03-04 05:08:00.264030
10142,201803045826404,PRIN,47,22,20,685,13700.00,2018-03-04 05:08:00.264040
10143,201803045826409,PRIN,59,22,100,685,68500.00,2018-03-04 05:08:00.264090
10144,201803045826284,PRIN,38,22,100,688,68800.00,2018-03-04 05:08:00.262840
10145,201803045825969,PRIN,32,14,100,688,68800.00,2018-03-04 05:08:00.259690
10146,201803045825779,PRIN,40,4,119,680,80920.00,2018-03-04 05:08:00.257790
10147,201803045825630,PRIN,58,21,100,675,67500.00,2018-03-04 05:08:00.256300
10148,201803045825646,PRIN,58,22,320,675,216000.00,2018-03-04 05:08:00.256460
10149,201803045825600,PRIN,32,22,30,675,20250.00,2018-03-04 05:08:00.256000
10150,201803045825581,PRIN,34,22,50,675,33750.00,2018-03-04 05:08:00.255810
10151,201803045825436,PRIN,52,49,141,674,95034.00,2018-03-04 05:08:00.254360
10152,201803045825244,PRIN,22,49,31,675,20925.00,2018-03-04 05:08:00.252440
10153,201803045825245,PRIN,53,49,300,675,202500.00,2018-03-04 05:08:00.252450
10154,201803045825246,PRIN,8,49,100,674,67400.00,2018-03-04 05:08:00.252460
10155,201803045825052,PRIN,49,19,50,680,34000.00,2018-03-04 05:08:00.250520
10156,201803045825055,PRIN,22,19,71,675,47925.00,2018-03-04 05:08:00.250550
10157,201803045825056,PRIN,41,19,10,675,6750.00,2018-03-04 05:08:00.250560
10158,201803045825057,PRIN,36,19,100,675,67500.00,2018-03-04 05:08:00.250570
10159,201803045825058,PRIN,51,19,100,675,67500.00,2018-03-04 05:08:00.250580
10160,201803045825059,PRIN,22,19,69,675,46575.00,2018-03-04 05:08:00.250590
10161,201803045825029,PRIN,49,21,150,680,102000.00,2018-03-04 05:08:00.250290
10162,201803045824932,PRIN,28,5,80,678,54240.00,2018-03-04 05:08:00.249320
10163,201803045824933,PRIN,25,5,40,677,27080.00,2018-03-04 05:08:00.249330
10164,201803045824934,PRIN,57,5,150,676,101400.00,2018-03-04 05:08:00.249340
10165,201803045824935,PRIN,22,5,60,675,40500.00,2018-03-04 05:08:00.249350
10166,201803045824519,PRIN,22,51,17,675,11475.00,2018-03-04 05:08:00.245190
10167,201803045824380,PRIN,36,47,168,675,113400.00,2018-03-04 05:08:00.243800
10168,201803045824330,PRIN,22,47,100,676,67600.00,2018-03-04 05:08:00.243300
10169,201803045824006,PRIN,47,50,20,686,13720.00,2018-03-04 05:08:00.240060
10170,201803045824007,PRIN,32,50,20,680,13600.00,2018-03-04 05:08:00.240070
10171,201803045824008,PRIN,22,50,300,677,203100.00,2018-03-04 05:08:00.240080
10172,201803045824009,PRIN,22,50,169,675,114075.00,2018-03-04 05:08:00.240090
10173,201803045823941,PRIN,54,19,50,687,34350.00,2018-03-04 05:08:00.239410
10174,201803045823944,PRIN,47,19,30,686,20580.00,2018-03-04 05:08:00.239440
10175,201803045823840,PRIN,46,7,100,687,68700.00,2018-03-04 05:08:00.238400
10176,201803045823841,PRIN,22,7,83,687,57021.00,2018-03-04 05:08:00.238410
10177,201803045823824,PRIN,21,6,50,690,34500.00,2018-03-04 05:08:00.238240
10178,201803045823825,PRIN,45,6,50,688,34400.00,2018-03-04 05:08:00.238250
10179,201803045823589,PRIN,44,44,30,688,20640.00,2018-03-04 05:08:00.235890
10180,201803045823590,PRIN,53,44,189,687,129843.00,2018-03-04 05:08:00.235900
10181,201803045823507,PRIN,36,57,62,692,42904.00,2018-03-04 05:08:00.235070
10182,201803045823508,PRIN,49,57,100,691,69100.00,2018-03-04 05:08:00.235080
10183,201803045823509,PRIN,8,57,50,690,34500.00,2018-03-04 05:08:00.235090
10184,201803045823510,PRIN,57,57,50,690,34500.00,2018-03-04 05:08:00.235100
10185,201803045823511,PRIN,53,57,38,690,26220.00,2018-03-04 05:08:00.235110
10186,201803045823225,PRIN,56,39,51,699,35649.00,2018-03-04 05:08:00.232250
10187,201803045823226,PRIN,22,39,100,698,69800.00,2018-03-04 05:08:00.232260
10188,201803045823227,PRIN,13,39,100,695,69500.00,2018-03-04 05:08:00.232270
10189,201803045823228,PRIN,59,39,100,695,69500.00,2018-03-04 05:08:00.232280
10190,201803045823188,PRIN,32,57,200,699,139800.00,2018-03-04 05:08:00.231880
10191,201803045823189,PRIN,56,57,38,699,26562.00,2018-03-04 05:08:00.231890
10192,201803045822913,PRIN,7,7,10,702,7020.00,2018-03-04 05:08:00.229130
10193,201803045822914,PRIN,25,7,100,701,70100.00,2018-03-04 05:08:00.229140
10194,201803045822921,PRIN,14,33,200,700,140000.00,2018-03-04 05:08:00.229210
10195,201803045822922,PRIN,22,33,118,700,82600.00,2018-03-04 05:08:00.229220
10196,201803045822923,PRIN,22,56,282,700,197400.00,2018-03-04 05:08:00.229230
10197,201803045822826,PRIN,35,38,50,703,35150.00,2018-03-04 05:08:00.228260
10198,201803045822833,PRIN,7,38,50,702,35100.00,2018-03-04 05:08:00.228330
10199,201803045822562,PRIN,22,1,100,705,70500.00,2018-03-04 05:08:00.225620
10200,201803045822563,PRIN,40,1,300,704,211200.00,2018-03-04 05:08:00.225630
10201,201803045822564,PRIN,25,1,30,704,21120.00,2018-03-04 05:08:00.225640
10202,201803045822565,PRIN,44,1,200,704,140800.00,2018-03-04 05:08:00.225650
10203,201803045821985,PRIN,32,32,20,704,14080.00,2018-03-04 05:08:00.219850
10204,201803045821740,PRIN,58,16,539,699,376761.00,2018-03-04 05:08:00.217400
10205,201803045821759,PRIN,58,49,100,700,70000.00,2018-03-04 05:08:00.217590
10206,201803045821760,PRIN,58,38,300,701,210300.00,2018-03-04 05:08:00.217600
10207,201803045821714,PRIN,49,16,100,699,69900.00,2018-03-04 05:08:00.217140
10208,201803045821700,PRIN,29,16,150,699,104850.00,2018-03-04 05:08:00.217000
10209,201803045821516,PRIN,59,16,30,699,20970.00,2018-03-04 05:08:00.215160
10210,201803045821482,PRIN,22,38,200,701,140200.00,2018-03-04 05:08:00.214820
10211,201803045821483,PRIN,8,38,50,701,35050.00,2018-03-04 05:08:00.214830
10212,201803045821484,PRIN,54,38,50,701,35050.00,2018-03-04 05:08:00.214840
10213,201803045821393,PRIN,58,45,10,715,7150.00,2018-03-04 05:08:00.213930
10214,201803045820637,PRIN,17,17,1642,729,1197018.00,2018-03-04 05:08:00.206370
10215,201802285820282,PRIN,5,50,50,729,36450.00,2018-02-28 05:08:00.202820
10216,201802285820181,PRIN,36,28,200,725,145000.00,2018-02-28 05:08:00.201810
10217,201802285820182,PRIN,36,28,200,718,143600.00,2018-02-28 05:08:00.201820
10218,201802285820183,PRIN,34,28,417,717,298989.00,2018-02-28 05:08:00.201830
10219,201802285819666,PRIN,34,45,200,720,144000.00,2018-02-28 05:08:00.196660
10220,201802285819474,PRIN,58,58,389,714,277746.00,2018-02-28 05:08:00.194740
10221,201802285819478,PRIN,43,36,229,715,163735.00,2018-02-28 05:08:00.194780
10222,201802285819438,PRIN,17,36,100,715,71500.00,2018-02-28 05:08:00.194380
10223,201802285819439,PRIN,34,36,500,715,357500.00,2018-02-28 05:08:00.194390
10224,201802285818858,PRIN,33,57,500,712,356000.00,2018-02-28 05:08:00.188580
10225,201802285818859,PRIN,51,57,50,712,35600.00,2018-02-28 05:08:00.188590
10226,201802285818860,PRIN,28,57,100,711,71100.00,2018-02-28 05:08:00.188600
10227,201802285818861,PRIN,32,57,100,711,71100.00,2018-02-28 05:08:00.188610
10228,201802285818862,PRIN,32,57,100,711,71100.00,2018-02-28 05:08:00.188620
10229,201802285818863,PRIN,44,57,103,710,73130.00,2018-02-28 05:08:00.188630
10230,201802285818292,PRIN,58,45,10,704,7040.00,2018-02-28 05:08:00.182920
10231,201802285818293,PRIN,34,45,49,704,34496.00,2018-02-28 05:08:00.182930
10232,201802285818201,PRIN,8,42,40,717,28680.00,2018-02-28 05:08:00.182010
10233,201802285818134,PRIN,25,33,61,725,44225.00,2018-02-28 05:08:00.181340
10234,201802285818135,PRIN,53,33,10,725,7250.00,2018-02-28 05:08:00.181350
10235,201802285818139,PRIN,46,42,30,721,21630.00,2018-02-28 05:08:00.181390
10236,201802285818140,PRIN,46,42,30,721,21630.00,2018-02-28 05:08:00.181400
10237,201802285818141,PRIN,48,42,100,720,72000.00,2018-02-28 05:08:00.181410
10238,201802285818142,PRIN,8,42,100,718,71800.00,2018-02-28 05:08:00.181420
10239,201802285818143,PRIN,52,42,300,717,215100.00,2018-02-28 05:08:00.181430
10240,201802285818144,PRIN,29,42,100,717,71700.00,2018-02-28 05:08:00.181440
10241,201802285818077,PRIN,8,58,50,727,36350.00,2018-02-28 05:08:00.180770
10242,201802285818078,PRIN,54,58,30,727,21810.00,2018-02-28 05:08:00.180780
10243,201802285818079,PRIN,25,58,39,725,28275.00,2018-02-28 05:08:00.180790
10244,201802285818044,PRIN,19,50,100,728,72800.00,2018-02-28 05:08:00.180440
10245,201802285817762,PRIN,22,22,150,730,109500.00,2018-02-28 05:08:00.177620
10246,201802285816945,PRIN,16,50,50,730,36500.00,2018-02-28 05:08:00.169450
10247,201802285816167,PRIN,10,50,50,730,36500.00,2018-02-28 05:08:00.161670
10248,201802285815549,PRIN,19,22,100,732,73200.00,2018-02-28 05:08:00.155490
10249,201802285815550,PRIN,34,22,200,731,146200.00,2018-02-28 05:08:00.155500
10250,201802275815258,PRIN,5,50,10,743,7430.00,2018-02-27 05:08:00.152580
10251,201802275815203,PRIN,58,58,20,744,14880.00,2018-02-27 05:08:00.152030
10252,201802275813710,PRIN,17,26,100,735,73500.00,2018-02-27 05:08:00.137100
10253,201802275813644,PRIN,40,17,36,741,26676.00,2018-02-27 05:08:00.136440
10254,201802275813645,PRIN,21,17,100,740,74000.00,2018-02-27 05:08:00.136450
10255,201802275813600,PRIN,40,49,464,741,343824.00,2018-02-27 05:08:00.136000
10256,201802275813250,PRIN,49,58,110,746,82060.00,2018-02-27 05:08:00.132500
10257,201802275813251,PRIN,41,58,100,745,74500.00,2018-02-27 05:08:00.132510
10258,201802275813176,PRIN,49,36,40,746,29840.00,2018-02-27 05:08:00.131760
10259,201802275813044,PRIN,29,32,100,750,75000.00,2018-02-27 05:08:00.130440
10260,201802275813045,PRIN,29,45,50,750,37500.00,2018-02-27 05:08:00.130450
10261,201802275812400,PRIN,52,42,100,749,74900.00,2018-02-27 05:08:00.124000
10262,201802275812376,PRIN,56,42,100,749,74900.00,2018-02-27 05:08:00.123760
10263,201802275812208,PRIN,58,56,357,735,262395.00,2018-02-27 05:08:00.122080
10264,201802275812209,PRIN,58,37,100,735,73500.00,2018-02-27 05:08:00.122090
10265,201802275812210,PRIN,58,17,615,740,455100.00,2018-02-27 05:08:00.122100
10266,201802275812205,PRIN,59,42,30,734,22020.00,2018-02-27 05:08:00.122050
10267,201802275812175,PRIN,58,29,400,733,293200.00,2018-02-27 05:08:00.121750
10268,201802275812172,PRIN,46,49,500,732,366000.00,2018-02-27 05:08:00.121720
10269,201802275812120,PRIN,58,49,300,726,217800.00,2018-02-27 05:08:00.121200
10270,201802275812121,PRIN,51,49,162,725,117450.00,2018-02-27 05:08:00.121210
10271,201802275811908,PRIN,6,49,28,730,20440.00,2018-02-27 05:08:00.119080
10272,201802275811909,PRIN,43,49,10,730,7300.00,2018-02-27 05:08:00.119090
10273,201802275811126,PRIN,49,37,100,731,73100.00,2018-02-27 05:08:00.111260
10274,201802275811090,PRIN,7,17,100,740,74000.00,2018-02-27 05:08:00.110900
10275,201802265810943,PRIN,5,58,10,735,7350.00,2018-02-26 05:08:00.109430
10276,201802265810206,PRIN,58,34,10,739,7390.00,2018-02-26 05:08:00.102060
10277,201802265810207,PRIN,47,58,30,731,21930.00,2018-02-26 05:08:00.102070
10278,201802265810208,PRIN,22,58,227,730,165710.00,2018-02-26 05:08:00.102080
10279,201802265810209,PRIN,22,58,500,730,365000.00,2018-02-26 05:08:00.102090
10280,201802265810210,PRIN,36,58,500,730,365000.00,2018-02-26 05:08:00.102100
10281,201802265810211,PRIN,33,58,500,730,365000.00,2018-02-26 05:08:00.102110
10282,201802265810212,PRIN,14,58,60,730,43800.00,2018-02-26 05:08:00.102120
10283,201802265810213,PRIN,32,58,20,730,14600.00,2018-02-26 05:08:00.102130
10284,201802265809546,PRIN,40,42,50,754,37700.00,2018-02-26 05:08:00.095460
10285,201802265809460,PRIN,40,21,50,740,37000.00,2018-02-26 05:08:00.094600
10286,201802265809059,PRIN,32,49,50,732,36600.00,2018-02-26 05:08:00.090590
10287,201802265809060,PRIN,32,49,20,731,14620.00,2018-02-26 05:08:00.090600
10288,201802265809061,PRIN,4,49,100,731,73100.00,2018-02-26 05:08:00.090610
10289,201802265809062,PRIN,22,49,100,731,73100.00,2018-02-26 05:08:00.090620
10290,201802265809063,PRIN,52,49,100,731,73100.00,2018-02-26 05:08:00.090630
10291,201802265809064,PRIN,22,49,130,730,94900.00,2018-02-26 05:08:00.090640
10292,201802265808493,PRIN,32,35,10,733,7330.00,2018-02-26 05:08:00.084930
10293,201802265808494,PRIN,46,35,10,732,7320.00,2018-02-26 05:08:00.084940
10294,201802265808495,PRIN,41,35,50,731,36550.00,2018-02-26 05:08:00.084950
10295,201802265807417,PRIN,32,7,50,731,36550.00,2018-02-26 05:08:00.074170
10296,201802265807425,PRIN,32,28,20,731,14620.00,2018-02-26 05:08:00.074250
10297,201802265807426,PRIN,40,28,37,730,27010.00,2018-02-26 05:08:00.074260
10298,201802265807427,PRIN,58,28,100,730,73000.00,2018-02-26 05:08:00.074270
10299,201802265807429,PRIN,22,28,43,730,31390.00,2018-02-26 05:08:00.074290
10300,201802265807410,PRIN,44,7,20,732,14640.00,2018-02-26 05:08:00.074100
10301,201802265807411,PRIN,32,7,30,731,21930.00,2018-02-26 05:08:00.074110
10302,201802265807366,PRIN,44,44,4,728,2912.00,2018-02-26 05:08:00.073660
10303,201802265807333,PRIN,58,53,200,733,146600.00,2018-02-26 05:08:00.073330
10304,201802265807334,PRIN,1,53,100,733,73300.00,2018-02-26 05:08:00.073340
10305,201802265807335,PRIN,44,53,50,732,36600.00,2018-02-26 05:08:00.073350
10306,201802265807336,PRIN,5,53,70,732,51240.00,2018-02-26 05:08:00.073360
10307,201802265807337,PRIN,1,53,100,732,73200.00,2018-02-26 05:08:00.073370
10308,201802265807338,PRIN,40,53,63,730,45990.00,2018-02-26 05:08:00.073380
10309,201802265807087,PRIN,22,29,300,740,222000.00,2018-02-26 05:08:00.070870
10310,201802265806851,PRIN,22,34,298,740,220520.00,2018-02-26 05:08:00.068510
10311,201802265806721,PRIN,22,58,200,739,147800.00,2018-02-26 05:08:00.067210
10312,201802265806574,PRIN,22,44,238,740,176120.00,2018-02-26 05:08:00.065740
10313,201802255806140,PRIN,21,37,350,740,259000.00,2018-02-25 05:08:00.061400
10314,201802255806052,PRIN,21,34,144,740,106560.00,2018-02-25 05:08:00.060520
10315,201802255806014,PRIN,36,58,100,743,74300.00,2018-02-25 05:08:00.060140
10316,201802255806015,PRIN,29,58,26,741,19266.00,2018-02-25 05:08:00.060150
10317,201802255806016,PRIN,17,58,92,741,68172.00,2018-02-25 05:08:00.060160
10318,201802255805832,PRIN,21,53,100,745,74500.00,2018-02-25 05:08:00.058320
10319,201802255805708,PRIN,58,45,300,742,222600.00,2018-02-25 05:08:00.057080
10320,201802255805709,PRIN,1,45,222,741,164502.00,2018-02-25 05:08:00.057090
10321,201802255805710,PRIN,29,45,74,741,54834.00,2018-02-25 05:08:00.057100
10322,201802255805531,PRIN,14,40,50,743,37150.00,2018-02-25 05:08:00.055310
10323,201802255805532,PRIN,14,40,10,743,7430.00,2018-02-25 05:08:00.055320
10324,201802255805533,PRIN,35,40,17,742,12614.00,2018-02-25 05:08:00.055330
10325,201802255805534,PRIN,39,40,10,742,7420.00,2018-02-25 05:08:00.055340
10326,201802255805535,PRIN,39,40,20,742,14840.00,2018-02-25 05:08:00.055350
10327,201802255805536,PRIN,22,40,200,742,148400.00,2018-02-25 05:08:00.055360
10328,201802255805537,PRIN,46,40,30,742,22260.00,2018-02-25 05:08:00.055370
10329,201802255805538,PRIN,39,40,121,741,89661.00,2018-02-25 05:08:00.055380
10330,201802255805539,PRIN,1,40,78,741,57798.00,2018-02-25 05:08:00.055390
10331,201802255804860,PRIN,58,1,141,743,104763.00,2018-02-25 05:08:00.048600
10332,201802255804861,PRIN,1,1,72,742,53424.00,2018-02-25 05:08:00.048610
10333,201802255804862,PRIN,22,1,300,742,222600.00,2018-02-25 05:08:00.048620
10334,201802255804863,PRIN,35,1,83,742,61586.00,2018-02-25 05:08:00.048630
10335,201802255804450,PRIN,22,57,185,742,137270.00,2018-02-25 05:08:00.044500
10336,201802255804428,PRIN,32,57,100,743,74300.00,2018-02-25 05:08:00.044280
10337,201802255804429,PRIN,34,57,72,742,53424.00,2018-02-25 05:08:00.044290
10338,201802255804430,PRIN,1,57,828,742,614376.00,2018-02-25 05:08:00.044300
10339,201802255804359,PRIN,58,57,215,744,159960.00,2018-02-25 05:08:00.043590
10340,201802255804343,PRIN,53,57,20,750,15000.00,2018-02-25 05:08:00.043430
10341,201802255804344,PRIN,34,57,50,750,37500.00,2018-02-25 05:08:00.043440
10342,201802255804345,PRIN,45,57,50,746,37300.00,2018-02-25 05:08:00.043450
10343,201802255804346,PRIN,19,57,100,745,74500.00,2018-02-25 05:08:00.043460
10344,201802255804347,PRIN,5,57,150,745,111750.00,2018-02-25 05:08:00.043470
10345,201802255804348,PRIN,32,57,40,745,29800.00,2018-02-25 05:08:00.043480
10346,201802255804349,PRIN,32,57,40,745,29800.00,2018-02-25 05:08:00.043490
10347,201802255804350,PRIN,57,57,15,744,11160.00,2018-02-25 05:08:00.043500
10348,201802255804351,PRIN,58,57,135,744,100440.00,2018-02-25 05:08:00.043510
10349,201802255804273,PRIN,53,48,30,750,22500.00,2018-02-25 05:08:00.042730
10350,201802255803395,PRIN,57,36,13,744,9672.00,2018-02-25 05:08:00.033950
10351,201802255802802,PRIN,34,17,28,742,20776.00,2018-02-25 05:08:00.028020
10352,201802255802683,PRIN,39,46,129,741,95589.00,2018-02-25 05:08:00.026830
10353,201802255802641,PRIN,44,33,50,753,37650.00,2018-02-25 05:08:00.026410
10354,201802255802642,PRIN,32,33,50,752,37600.00,2018-02-25 05:08:00.026420
10355,201802255802141,PRIN,38,38,10,767,7670.00,2018-02-25 05:08:00.021410
10356,201802225802135,PRIN,7,37,50,752,37600.00,2018-02-22 05:08:00.021350
10357,201802225802136,PRIN,29,37,100,752,75200.00,2018-02-22 05:08:00.021360
10358,201802225802059,PRIN,58,45,40,757,30280.00,2018-02-22 05:08:00.020590
10359,201802225802064,PRIN,39,58,200,755,151000.00,2018-02-22 05:08:00.020640
10360,201802225802065,PRIN,40,58,30,755,22650.00,2018-02-22 05:08:00.020650
10361,201802225801848,PRIN,58,28,26,757,19682.00,2018-02-22 05:08:00.018480
10362,201802225801620,PRIN,58,58,34,757,25738.00,2018-02-22 05:08:00.016200
10363,201802225801494,PRIN,21,58,100,756,75600.00,2018-02-22 05:08:00.014940
10364,201802225801477,PRIN,32,58,50,757,37850.00,2018-02-22 05:08:00.014770
10365,201802225801198,PRIN,5,17,50,758,37900.00,2018-02-22 05:08:00.011980
10366,201802225800237,PRIN,41,37,100,762,76200.00,2018-02-22 05:08:00.002370
10367,201802225800238,PRIN,56,37,100,760,76000.00,2018-02-22 05:08:00.002380
10368,201802225800239,PRIN,42,37,100,758,75800.00,2018-02-22 05:08:00.002390
10369,201802225799760,PRIN,7,53,40,767,30680.00,2018-02-22 05:07:00.997600
10370,201802215797507,PRIN,32,16,17,756,12852.00,2018-02-21 05:07:00.975070
10371,201802205794221,PRIN,22,5,100,758,75800.00,2018-02-20 05:07:00.942210
10372,201802205794238,PRIN,22,5,228,758,172824.00,2018-02-20 05:07:00.942380
10373,201802205794241,PRIN,53,34,84,757,63588.00,2018-02-20 05:07:00.942410
10374,201802205794172,PRIN,44,49,50,760,38000.00,2018-02-20 05:07:00.941720
10375,201802205794173,PRIN,44,49,50,760,38000.00,2018-02-20 05:07:00.941730
10376,201802205794174,PRIN,41,49,10,760,7600.00,2018-02-20 05:07:00.941740
10377,201802205794175,PRIN,43,49,100,760,76000.00,2018-02-20 05:07:00.941750
10378,201802205794176,PRIN,28,49,32,760,24320.00,2018-02-20 05:07:00.941760
10379,201802205794177,PRIN,53,49,50,759,37950.00,2018-02-20 05:07:00.941770
10380,201802205794178,PRIN,34,49,200,759,151800.00,2018-02-20 05:07:00.941780
10381,201802205794179,PRIN,16,49,200,759,151800.00,2018-02-20 05:07:00.941790
10382,201802205794185,PRIN,22,49,48,758,36384.00,2018-02-20 05:07:00.941850
10383,201802205794196,PRIN,22,5,72,758,54576.00,2018-02-20 05:07:00.941960
10384,201802205794197,PRIN,22,5,100,758,75800.00,2018-02-20 05:07:00.941970
10385,201802205794198,PRIN,34,5,200,758,151600.00,2018-02-20 05:07:00.941980
10386,201802205794076,PRIN,22,49,100,765,76500.00,2018-02-20 05:07:00.940760
10387,201802205793970,PRIN,40,49,60,765,45900.00,2018-02-20 05:07:00.939700
10388,201802205793971,PRIN,17,49,100,765,76500.00,2018-02-20 05:07:00.939710
10389,201802205793616,PRIN,40,48,40,765,30600.00,2018-02-20 05:07:00.936160
10390,201802205793170,PRIN,32,59,30,763,22890.00,2018-02-20 05:07:00.931700
10391,201802205793171,PRIN,32,59,200,763,152600.00,2018-02-20 05:07:00.931710
10392,201802205793172,PRIN,41,59,50,760,38000.00,2018-02-20 05:07:00.931720
10393,201802205793173,PRIN,41,59,500,760,380000.00,2018-02-20 05:07:00.931730
10394,201802205793174,PRIN,42,59,50,760,38000.00,2018-02-20 05:07:00.931740
10395,201802205793175,PRIN,49,59,100,760,76000.00,2018-02-20 05:07:00.931750
10396,201802205793176,PRIN,50,59,100,760,76000.00,2018-02-20 05:07:00.931760
10397,201802205792996,PRIN,36,43,100,768,76800.00,2018-02-20 05:07:00.929960
10398,201802205792603,PRIN,53,34,200,769,153800.00,2018-02-20 05:07:00.926030
10399,201802205792583,PRIN,14,22,121,768,92928.00,2018-02-20 05:07:00.925830
10400,201802205792599,PRIN,36,22,379,768,291072.00,2018-02-20 05:07:00.925990
10401,201802205792600,PRIN,36,46,21,768,16128.00,2018-02-20 05:07:00.926000
10402,201802205792353,PRIN,36,34,200,761,152200.00,2018-02-20 05:07:00.923530
10403,201802205792314,PRIN,22,53,200,762,152400.00,2018-02-20 05:07:00.923140
10404,201802205792317,PRIN,36,53,300,761,228300.00,2018-02-20 05:07:00.923170
10405,201802205792103,PRIN,32,34,200,761,152200.00,2018-02-20 05:07:00.921030
10406,201802205792104,PRIN,53,34,100,761,76100.00,2018-02-20 05:07:00.921040
10407,201802205792026,PRIN,58,47,260,761,197860.00,2018-02-20 05:07:00.920260
10408,201802205791679,PRIN,36,34,1000,770,770000.00,2018-02-20 05:07:00.916790
10409,201802205791411,PRIN,32,53,14,772,10808.00,2018-02-20 05:07:00.914110
10410,201802205791412,PRIN,46,53,403,770,310310.00,2018-02-20 05:07:00.914120
10411,201802205790867,PRIN,14,49,200,773,154600.00,2018-02-20 05:07:00.908670
10412,201802205790868,PRIN,43,49,75,772,57900.00,2018-02-20 05:07:00.908680
10413,201802205790869,PRIN,14,49,100,771,77100.00,2018-02-20 05:07:00.908690
10414,201802205790870,PRIN,22,49,100,770,77000.00,2018-02-20 05:07:00.908700
10415,201802205790871,PRIN,46,49,597,770,459690.00,2018-02-20 05:07:00.908710
10416,201802205790701,PRIN,41,34,200,777,155400.00,2018-02-20 05:07:00.907010
10417,201802205790558,PRIN,22,34,200,773,154600.00,2018-02-20 05:07:00.905580
10418,201802205790559,PRIN,50,34,200,772,154400.00,2018-02-20 05:07:00.905590
10419,201802185790130,PRIN,35,49,50,770,38500.00,2018-02-18 05:07:00.901300
10420,201802185790131,PRIN,25,49,300,770,231000.00,2018-02-18 05:07:00.901310
10421,201802185789960,PRIN,53,37,40,767,30680.00,2018-02-18 05:07:00.899600
10422,201802185789961,PRIN,34,37,75,767,57525.00,2018-02-18 05:07:00.899610
10423,201802185789860,PRIN,25,34,200,770,154000.00,2018-02-18 05:07:00.898600
10424,201802185789686,PRIN,41,58,350,770,269500.00,2018-02-18 05:07:00.896860
10425,201802185789630,PRIN,22,7,100,773,77300.00,2018-02-18 05:07:00.896300
10426,201802185789631,PRIN,21,7,100,772,77200.00,2018-02-18 05:07:00.896310
10427,201802185789632,PRIN,47,7,25,772,19300.00,2018-02-18 05:07:00.896320
10428,201802185789633,PRIN,47,7,25,772,19300.00,2018-02-18 05:07:00.896330
10429,201802185789658,PRIN,21,58,50,770,38500.00,2018-02-18 05:07:00.896580
10430,201802185789659,PRIN,1,58,100,770,77000.00,2018-02-18 05:07:00.896590
10431,201802185789660,PRIN,41,58,150,770,115500.00,2018-02-18 05:07:00.896600
10432,201802185789419,PRIN,53,10,500,774,387000.00,2018-02-18 05:07:00.894190
10433,201802185789079,PRIN,48,7,100,775,77500.00,2018-02-18 05:07:00.890790
10434,201802185789021,PRIN,44,7,219,775,169725.00,2018-02-18 05:07:00.890210
10435,201802185788823,PRIN,45,34,100,778,77800.00,2018-02-18 05:07:00.888230
10436,201802185788778,PRIN,32,7,145,777,112665.00,2018-02-18 05:07:00.887780
10437,201802185788739,PRIN,16,34,279,778,217062.00,2018-02-18 05:07:00.887390
10438,201802185788741,PRIN,32,34,50,778,38900.00,2018-02-18 05:07:00.887410
10439,201802185788632,PRIN,36,53,174,777,135198.00,2018-02-18 05:07:00.886320
10440,201802185788519,PRIN,8,19,200,776,155200.00,2018-02-18 05:07:00.885190
10441,201802185788520,PRIN,53,19,200,775,155000.00,2018-02-18 05:07:00.885200
10442,201802185788521,PRIN,44,19,81,775,62775.00,2018-02-18 05:07:00.885210
10443,201802185788243,PRIN,33,49,149,777,115773.00,2018-02-18 05:07:00.882430
10444,201802185788214,PRIN,21,49,100,777,77700.00,2018-02-18 05:07:00.882140
10445,201802185788190,PRIN,16,10,21,771,16191.00,2018-02-18 05:07:00.881900
10446,201802185788044,PRIN,45,49,50,771,38550.00,2018-02-18 05:07:00.880440
10447,201802185788046,PRIN,45,49,150,771,115650.00,2018-02-18 05:07:00.880460
10448,201802185787762,PRIN,5,49,181,777,140637.00,2018-02-18 05:07:00.877620
10449,201802185787763,PRIN,36,49,200,777,155400.00,2018-02-18 05:07:00.877630
10450,201802185787764,PRIN,7,49,100,776,77600.00,2018-02-18 05:07:00.877640
10451,201802185787765,PRIN,32,49,50,776,38800.00,2018-02-18 05:07:00.877650
10452,201802185787766,PRIN,21,49,50,775,38750.00,2018-02-18 05:07:00.877660
10453,201802185787767,PRIN,59,49,20,775,15500.00,2018-02-18 05:07:00.877670
10454,201802185787738,PRIN,5,33,19,777,14763.00,2018-02-18 05:07:00.877380
10455,201802185787663,PRIN,44,32,100,778,77800.00,2018-02-18 05:07:00.876630
10456,201802185787392,PRIN,41,49,50,779,38950.00,2018-02-18 05:07:00.873920
10457,201802185787393,PRIN,32,49,300,779,233700.00,2018-02-18 05:07:00.873930
10458,201802185786767,PRIN,32,17,10,785,7850.00,2018-02-18 05:07:00.867670
10459,201802185786768,PRIN,36,17,200,781,156200.00,2018-02-18 05:07:00.867680
10460,201802185786769,PRIN,36,17,200,780,156000.00,2018-02-18 05:07:00.867690
10461,201802185786562,PRIN,50,46,310,785,243350.00,2018-02-18 05:07:00.865620
10462,201802185786579,PRIN,32,46,190,785,149150.00,2018-02-18 05:07:00.865790
10463,201802185786512,PRIN,14,48,50,789,39450.00,2018-02-18 05:07:00.865120
10464,201802185786328,PRIN,8,34,75,790,59250.00,2018-02-18 05:07:00.863280
10465,201802185786267,PRIN,8,48,25,790,19750.00,2018-02-18 05:07:00.862670
10466,201802185786145,PRIN,41,17,500,790,395000.00,2018-02-18 05:07:00.861450
10467,201802185786064,PRIN,36,58,500,790,395000.00,2018-02-18 05:07:00.860640
10468,201802185785864,PRIN,36,49,300,796,238800.00,2018-02-18 05:07:00.858640
10469,201802185785849,PRIN,49,49,300,796,238800.00,2018-02-18 05:07:00.858490
10470,201802185785687,PRIN,21,58,100,791,79100.00,2018-02-18 05:07:00.856870
10471,201802185785688,PRIN,49,58,200,790,158000.00,2018-02-18 05:07:00.856880
10472,201802185785626,PRIN,21,17,50,795,39750.00,2018-02-18 05:07:00.856260
10473,201802185785576,PRIN,42,6,80,800,64000.00,2018-02-18 05:07:00.855760
10474,201802185785577,PRIN,28,6,20,800,16000.00,2018-02-18 05:07:00.855770
10475,201802185785580,PRIN,28,58,80,800,64000.00,2018-02-18 05:07:00.855800
10476,201802185785531,PRIN,47,58,200,792,158400.00,2018-02-18 05:07:00.855310
10477,201802185785538,PRIN,42,58,50,794,39700.00,2018-02-18 05:07:00.855380
10478,201802185785539,PRIN,42,58,20,794,15880.00,2018-02-18 05:07:00.855390
10479,201802185785515,PRIN,36,58,150,790,118500.00,2018-02-18 05:07:00.855150
10480,201802185785418,PRIN,57,34,250,789,197250.00,2018-02-18 05:07:00.854180
10481,201802185785419,PRIN,57,38,100,790,79000.00,2018-02-18 05:07:00.854190
10482,201802185785420,PRIN,57,29,100,790,79000.00,2018-02-18 05:07:00.854200
10483,201802185785426,PRIN,57,58,100,790,79000.00,2018-02-18 05:07:00.854260
10484,201802185785439,PRIN,32,58,366,790,289140.00,2018-02-18 05:07:00.854390
10485,201802185785401,PRIN,47,34,100,789,78900.00,2018-02-18 05:07:00.854010
10486,201802185785409,PRIN,10,34,100,789,78900.00,2018-02-18 05:07:00.854090
10487,201802185785374,PRIN,36,58,329,788,259252.00,2018-02-18 05:07:00.853740
10488,201802185785311,PRIN,47,34,50,789,39450.00,2018-02-18 05:07:00.853110
10489,201802185785234,PRIN,20,49,300,784,235200.00,2018-02-18 05:07:00.852340
10490,201802185785235,PRIN,50,34,990,785,777150.00,2018-02-18 05:07:00.852350
10491,201802185785220,PRIN,41,32,200,783,156600.00,2018-02-18 05:07:00.852200
10492,201802185785134,PRIN,43,49,100,784,78400.00,2018-02-18 05:07:00.851340
10493,201802185784971,PRIN,48,38,57,775,44175.00,2018-02-18 05:07:00.849710
10494,201802185784642,PRIN,53,7,100,770,77000.00,2018-02-18 05:07:00.846420
10495,201802185784643,PRIN,3,7,300,770,231000.00,2018-02-18 05:07:00.846430
10496,201802185784644,PRIN,21,7,50,770,38500.00,2018-02-18 05:07:00.846440
10497,201802185784608,PRIN,53,7,50,776,38800.00,2018-02-18 05:07:00.846080
10498,201802185784609,PRIN,21,7,200,775,155000.00,2018-02-18 05:07:00.846090
10499,201802185784286,PRIN,38,34,10,785,7850.00,2018-02-18 05:07:00.842860
10500,201802185784195,PRIN,42,58,553,786,434658.00,2018-02-18 05:07:00.841950
10501,201802185784160,PRIN,42,35,17,786,13362.00,2018-02-18 05:07:00.841600
10502,201802185784049,PRIN,21,41,50,785,39250.00,2018-02-18 05:07:00.840490
10503,201802185784050,PRIN,51,41,50,781,39050.00,2018-02-18 05:07:00.840500
10504,201802185784051,PRIN,44,41,200,780,156000.00,2018-02-18 05:07:00.840510
10505,201802185784052,PRIN,3,41,350,780,273000.00,2018-02-18 05:07:00.840520
10506,201802185783717,PRIN,38,58,120,786,94320.00,2018-02-18 05:07:00.837170
10507,201802185783718,PRIN,6,58,120,785,94200.00,2018-02-18 05:07:00.837180
10508,201802185783587,PRIN,28,49,100,793,79300.00,2018-02-18 05:07:00.835870
10509,201802155783205,PRIN,53,17,60,779,46740.00,2018-02-15 05:07:00.832050
10510,201802155782950,PRIN,14,59,50,782,39100.00,2018-02-15 05:07:00.829500
10511,201802155782951,PRIN,46,59,100,781,78100.00,2018-02-15 05:07:00.829510
10512,201802155782952,PRIN,7,59,200,780,156000.00,2018-02-15 05:07:00.829520
10513,201802155782957,PRIN,42,59,70,779,54530.00,2018-02-15 05:07:00.829570
10514,201802155782958,PRIN,35,59,17,779,13243.00,2018-02-15 05:07:00.829580
10515,201802155782959,PRIN,53,59,13,779,10127.00,2018-02-15 05:07:00.829590
10516,201802155782812,PRIN,45,17,200,786,157200.00,2018-02-15 05:07:00.828120
10517,201802155782714,PRIN,25,59,50,795,39750.00,2018-02-15 05:07:00.827140
10518,201802155782708,PRIN,46,32,100,798,79800.00,2018-02-15 05:07:00.827080
10519,201802155782542,PRIN,50,17,150,799,119850.00,2018-02-15 05:07:00.825420
10520,201802155782543,PRIN,50,50,100,800,80000.00,2018-02-15 05:07:00.825430
10521,201802155782544,PRIN,50,21,410,800,328000.00,2018-02-15 05:07:00.825440
10522,201802155782554,PRIN,50,53,100,800,80000.00,2018-02-15 05:07:00.825540
10523,201802155782471,PRIN,42,5,74,798,59052.00,2018-02-15 05:07:00.824710
10524,201802155782411,PRIN,36,53,201,790,158790.00,2018-02-15 05:07:00.824110
10525,201802155782412,PRIN,36,17,149,790,117710.00,2018-02-15 05:07:00.824120
10526,201802155782430,PRIN,42,47,15,792,11880.00,2018-02-15 05:07:00.824300
10527,201802155782431,PRIN,42,34,11,795,8745.00,2018-02-15 05:07:00.824310
10528,201802155782381,PRIN,46,53,49,790,38710.00,2018-02-15 05:07:00.823810
10529,201802155782382,PRIN,51,53,100,790,79000.00,2018-02-15 05:07:00.823820
10530,201802155782342,PRIN,46,38,11,790,8690.00,2018-02-15 05:07:00.823420
10531,201802155782307,PRIN,6,32,100,790,79000.00,2018-02-15 05:07:00.823070
10532,201802155781907,PRIN,51,32,45,790,35550.00,2018-02-15 05:07:00.819070
10533,201802155781376,PRIN,19,47,50,788,39400.00,2018-02-15 05:07:00.813760
10534,201802155781256,PRIN,51,53,100,788,78800.00,2018-02-15 05:07:00.812560
10535,201802155781205,PRIN,58,59,100,779,77900.00,2018-02-15 05:07:00.812050
10536,201802155781124,PRIN,38,59,500,771,385500.00,2018-02-15 05:07:00.811240
10537,201802155781143,PRIN,53,59,1000,765,765000.00,2018-02-15 05:07:00.811430
10538,201802155780975,PRIN,42,59,10,785,7850.00,2018-02-15 05:07:00.809750
10539,201802155780976,PRIN,43,59,48,785,37680.00,2018-02-15 05:07:00.809760
10540,201802155780977,PRIN,35,59,48,785,37680.00,2018-02-15 05:07:00.809770
10541,201802155780978,PRIN,7,59,100,784,78400.00,2018-02-15 05:07:00.809780
10542,201802155780979,PRIN,46,59,100,780,78000.00,2018-02-15 05:07:00.809790
10543,201802155780980,PRIN,1,59,200,780,156000.00,2018-02-15 05:07:00.809800
10544,201802155780981,PRIN,39,59,200,780,156000.00,2018-02-15 05:07:00.809810
10545,201802155780891,PRIN,28,22,50,786,39300.00,2018-02-15 05:07:00.808910
10546,201802155780901,PRIN,41,53,50,788,39400.00,2018-02-15 05:07:00.809010
10547,201802155780550,PRIN,7,25,100,795,79500.00,2018-02-15 05:07:00.805500
10548,201802155780516,PRIN,7,58,100,796,79600.00,2018-02-15 05:07:00.805160
10549,201802155780478,PRIN,7,34,48,785,37680.00,2018-02-15 05:07:00.804780
10550,201802155780479,PRIN,7,6,11,786,8646.00,2018-02-15 05:07:00.804790
10551,201802155780480,PRIN,7,40,34,786,26724.00,2018-02-15 05:07:00.804800
10552,201802155780417,PRIN,29,7,40,783,31320.00,2018-02-15 05:07:00.804170
10553,201802155780418,PRIN,29,34,160,784,125440.00,2018-02-15 05:07:00.804180
10554,201802155780438,PRIN,29,34,40,784,31360.00,2018-02-15 05:07:00.804380
10555,201802155780439,PRIN,29,43,50,785,39250.00,2018-02-15 05:07:00.804390
10556,201802155780440,PRIN,29,45,10,785,7850.00,2018-02-15 05:07:00.804400
10557,201802155780457,PRIN,42,45,40,785,31400.00,2018-02-15 05:07:00.804570
10558,201802155780383,PRIN,7,33,200,782,156400.00,2018-02-15 05:07:00.803830
10559,201802155780366,PRIN,36,29,176,781,137456.00,2018-02-15 05:07:00.803660
10560,201802155780336,PRIN,35,38,83,779,64657.00,2018-02-15 05:07:00.803360
10561,201802155780340,PRIN,53,50,118,779,91922.00,2018-02-15 05:07:00.803400
10562,201802155780287,PRIN,44,59,400,770,308000.00,2018-02-15 05:07:00.802870
10563,201802155780311,PRIN,42,53,30,779,23370.00,2018-02-15 05:07:00.803110
10564,201802155780278,PRIN,7,49,200,769,153800.00,2018-02-15 05:07:00.802780
10565,201802155780226,PRIN,58,49,200,769,153800.00,2018-02-15 05:07:00.802260
10566,201802155780180,PRIN,20,49,200,769,153800.00,2018-02-15 05:07:00.801800
10567,201802155779595,PRIN,39,59,100,770,77000.00,2018-02-15 05:07:00.795950
10568,201802155779258,PRIN,41,59,500,766,383000.00,2018-02-15 05:07:00.792580
10569,201802155779259,PRIN,21,59,200,765,153000.00,2018-02-15 05:07:00.792590
10570,201802155779260,PRIN,32,59,100,764,76400.00,2018-02-15 05:07:00.792600
10571,201802155779261,PRIN,53,59,500,762,381000.00,2018-02-15 05:07:00.792610
10572,201802155779077,PRIN,41,49,100,776,77600.00,2018-02-15 05:07:00.790770
10573,201802155779078,PRIN,57,49,300,775,232500.00,2018-02-15 05:07:00.790780
10574,201802155778955,PRIN,22,32,200,776,155200.00,2018-02-15 05:07:00.789550
10575,201802155778956,PRIN,57,32,200,775,155000.00,2018-02-15 05:07:00.789560
10576,201802155778765,PRIN,10,32,100,780,78000.00,2018-02-15 05:07:00.787650
10577,201802155778676,PRIN,40,21,150,780,117000.00,2018-02-15 05:07:00.786760
10578,201802155778677,PRIN,5,21,50,780,39000.00,2018-02-15 05:07:00.786770
10579,201802155778590,PRIN,42,58,30,781,23430.00,2018-02-15 05:07:00.785900
10580,201802155778471,PRIN,40,53,50,780,39000.00,2018-02-15 05:07:00.784710
10581,201802155778128,PRIN,50,49,179,774,138546.00,2018-02-15 05:07:00.781280
10582,201802155778121,PRIN,52,34,200,772,154400.00,2018-02-15 05:07:00.781210
10583,201802155778085,PRIN,52,26,100,772,77200.00,2018-02-15 05:07:00.780850
10584,201802155777442,PRIN,22,49,30,765,22950.00,2018-02-15 05:07:00.774420
10585,201802155777443,PRIN,22,49,250,762,190500.00,2018-02-15 05:07:00.774430
10586,201802155777444,PRIN,32,49,200,760,152000.00,2018-02-15 05:07:00.774440
10587,201802155777445,PRIN,32,49,50,760,38000.00,2018-02-15 05:07:00.774450
10588,201802155777446,PRIN,13,49,30,760,22800.00,2018-02-15 05:07:00.774460
10589,201802155777452,PRIN,28,58,200,757,151400.00,2018-02-15 05:07:00.774520
10590,201802155777453,PRIN,21,58,19,757,14383.00,2018-02-15 05:07:00.774530
10591,201802155777071,PRIN,53,58,50,771,38550.00,2018-02-15 05:07:00.770710
10592,201802155777072,PRIN,57,58,50,770,38500.00,2018-02-15 05:07:00.770720
10593,201802145776182,PRIN,37,58,110,771,84810.00,2018-02-14 05:07:00.761820
10594,201802145776054,PRIN,38,51,38,768,29184.00,2018-02-14 05:07:00.760540
10595,201802145776055,PRIN,38,50,100,770,77000.00,2018-02-14 05:07:00.760550
10596,201802145776056,PRIN,38,25,10,770,7700.00,2018-02-14 05:07:00.760560
10597,201802145776057,PRIN,38,58,100,771,77100.00,2018-02-14 05:07:00.760570
10598,201802145775947,PRIN,46,7,50,760,38000.00,2018-02-14 05:07:00.759470
10599,201802145775697,PRIN,53,34,22,756,16632.00,2018-02-14 05:07:00.756970
10600,201802145775634,PRIN,58,37,50,754,37700.00,2018-02-14 05:07:00.756340
10601,201802145775643,PRIN,53,51,19,755,14345.00,2018-02-14 05:07:00.756430
10602,201802145775644,PRIN,53,22,48,755,36240.00,2018-02-14 05:07:00.756440
10603,201802145775649,PRIN,53,7,10,756,7560.00,2018-02-14 05:07:00.756490
10604,201802145775650,PRIN,53,34,123,756,92988.00,2018-02-14 05:07:00.756500
10605,201802145775575,PRIN,34,21,400,751,300400.00,2018-02-14 05:07:00.755750
10606,201802145775465,PRIN,44,34,500,754,377000.00,2018-02-14 05:07:00.754650
10607,201802145775306,PRIN,40,17,100,753,75300.00,2018-02-14 05:07:00.753060
10608,201802145774798,PRIN,5,34,49,745,36505.00,2018-02-14 05:07:00.747980
10609,201802145774724,PRIN,25,34,40,747,29880.00,2018-02-14 05:07:00.747240
10610,201802145774725,PRIN,22,34,100,746,74600.00,2018-02-14 05:07:00.747250
10611,201802145774726,PRIN,40,34,11,745,8195.00,2018-02-14 05:07:00.747260
10612,201802145774727,PRIN,35,34,200,745,149000.00,2018-02-14 05:07:00.747270
10613,201802145774728,PRIN,5,34,100,745,74500.00,2018-02-14 05:07:00.747280
10614,201802145774134,PRIN,40,57,20,745,14900.00,2018-02-14 05:07:00.741340
10615,201802145773716,PRIN,40,1,50,745,37250.00,2018-02-14 05:07:00.737160
10616,201802145773717,PRIN,40,1,50,745,37250.00,2018-02-14 05:07:00.737170
10617,201802145773718,PRIN,40,1,19,745,14155.00,2018-02-14 05:07:00.737180
10618,201802125772843,PRIN,34,55,196,743,145628.00,2018-02-12 05:07:00.728430
10619,201802125772398,PRIN,48,50,40,742,29680.00,2018-02-12 05:07:00.723980
10620,201802125772053,PRIN,45,57,200,743,148600.00,2018-02-12 05:07:00.720530
10621,201802125772054,PRIN,42,57,157,741,116337.00,2018-02-12 05:07:00.720540
10622,201802125771982,PRIN,58,34,136,744,101184.00,2018-02-12 05:07:00.719820
10623,201802125771983,PRIN,58,58,183,744,136152.00,2018-02-12 05:07:00.719830
10624,201802125771947,PRIN,56,34,15,744,11160.00,2018-02-12 05:07:00.719470
10625,201802125771845,PRIN,7,16,176,743,130768.00,2018-02-12 05:07:00.718450
10626,201802125771803,PRIN,42,7,100,741,74100.00,2018-02-12 05:07:00.718030
10627,201802125771651,PRIN,46,16,21,743,15603.00,2018-02-12 05:07:00.716510
10628,201802125771542,PRIN,22,51,21,743,15603.00,2018-02-12 05:07:00.715420
10629,201802125771537,PRIN,50,46,117,742,86814.00,2018-02-12 05:07:00.715370
10630,201802125771538,PRIN,7,46,50,742,37100.00,2018-02-12 05:07:00.715380
10631,201802125771539,PRIN,21,46,80,741,59280.00,2018-02-12 05:07:00.715390
10632,201802125771540,PRIN,42,46,172,741,127452.00,2018-02-12 05:07:00.715400
10633,201802125771494,PRIN,47,34,67,743,49781.00,2018-02-12 05:07:00.714940
10634,201802125771483,PRIN,17,34,20,744,14880.00,2018-02-12 05:07:00.714830
10635,201802125771299,PRIN,41,16,10,745,7450.00,2018-02-12 05:07:00.712990
10636,201802125771135,PRIN,48,51,50,747,37350.00,2018-02-12 05:07:00.711350
10637,201802125771036,PRIN,22,53,19,745,14155.00,2018-02-12 05:07:00.710360
10638,201802125771037,PRIN,22,59,262,745,195190.00,2018-02-12 05:07:00.710370
10639,201802125770523,PRIN,14,14,100,749,74900.00,2018-02-12 05:07:00.705230
10640,201802125770494,PRIN,19,49,50,739,36950.00,2018-02-12 05:07:00.704940
10641,201802125770148,PRIN,39,49,200,739,147800.00,2018-02-12 05:07:00.701480
10642,201802125770126,PRIN,41,59,400,740,296000.00,2018-02-12 05:07:00.701260
10643,201802125770127,PRIN,50,59,100,740,74000.00,2018-02-12 05:07:00.701270
10644,201802125770100,PRIN,32,59,500,743,371500.00,2018-02-12 05:07:00.701000
10645,201802125770101,PRIN,7,59,50,743,37150.00,2018-02-12 05:07:00.701010
10646,201802125770102,PRIN,5,59,200,742,148400.00,2018-02-12 05:07:00.701020
10647,201802125770103,PRIN,41,59,50,740,37000.00,2018-02-12 05:07:00.701030
10648,201802125770104,PRIN,20,59,500,740,370000.00,2018-02-12 05:07:00.701040
10649,201802125769968,PRIN,41,49,50,750,37500.00,2018-02-12 05:07:00.699680
10650,201802115769323,PRIN,32,59,50,753,37650.00,2018-02-11 05:07:00.693230
10651,201802115769324,PRIN,19,59,108,751,81108.00,2018-02-11 05:07:00.693240
10652,201802115769325,PRIN,50,59,92,750,69000.00,2018-02-11 05:07:00.693250
10653,201802115767923,PRIN,22,16,128,758,97024.00,2018-02-11 05:07:00.679230
10654,201802115767867,PRIN,42,16,30,758,22740.00,2018-02-11 05:07:00.678670
10655,201802115767813,PRIN,22,33,322,755,243110.00,2018-02-11 05:07:00.678130
10656,201802115767540,PRIN,22,29,50,755,37750.00,2018-02-11 05:07:00.675400
10657,201802085766204,PRIN,5,58,10,760,7600.00,2018-02-08 05:07:00.662040
10658,201802085765587,PRIN,35,16,200,755,151000.00,2018-02-08 05:07:00.655870
10659,201802085765556,PRIN,22,7,53,755,40015.00,2018-02-08 05:07:00.655560
10660,201802085765557,PRIN,56,7,20,754,15080.00,2018-02-08 05:07:00.655570
10661,201802085765363,PRIN,22,40,28,755,21140.00,2018-02-08 05:07:00.653630
10662,201802085765302,PRIN,22,40,19,755,14345.00,2018-02-08 05:07:00.653020
10663,201802085764913,PRIN,22,16,150,758,113700.00,2018-02-08 05:07:00.649130
10664,201802085764914,PRIN,21,16,100,756,75600.00,2018-02-08 05:07:00.649140
10665,201802085764163,PRIN,22,28,89,750,66750.00,2018-02-08 05:07:00.641630
10666,201802085764159,PRIN,53,28,30,750,22500.00,2018-02-08 05:07:00.641590
10667,201802085763999,PRIN,6,38,45,750,33750.00,2018-02-08 05:07:00.639990
10668,201802085764000,PRIN,34,38,72,748,53856.00,2018-02-08 05:07:00.640000
10669,201802085764001,PRIN,21,38,30,747,22410.00,2018-02-08 05:07:00.640010
10670,201802085764002,PRIN,53,38,22,746,16412.00,2018-02-08 05:07:00.640020
10671,201802075762805,PRIN,14,17,50,757,37850.00,2018-02-07 05:07:00.628050
10672,201802075762113,PRIN,35,17,50,760,38000.00,2018-02-07 05:07:00.621130
10673,201802075761739,PRIN,22,7,100,752,75200.00,2018-02-07 05:07:00.617390
10674,201802075761485,PRIN,5,8,50,756,37800.00,2018-02-07 05:07:00.614850
10675,201802075761486,PRIN,50,8,100,756,75600.00,2018-02-07 05:07:00.614860
10676,201802075761487,PRIN,53,8,10,755,7550.00,2018-02-07 05:07:00.614870
10677,201802075761488,PRIN,45,8,50,755,37750.00,2018-02-07 05:07:00.614880
10678,201802075761489,PRIN,29,8,100,755,75500.00,2018-02-07 05:07:00.614890
10679,201802075761490,PRIN,52,8,100,751,75100.00,2018-02-07 05:07:00.614900
10680,201802075760483,PRIN,53,46,200,758,151600.00,2018-02-07 05:07:00.604830
10681,201802075760484,PRIN,21,46,100,757,75700.00,2018-02-07 05:07:00.604840
10682,201802075760485,PRIN,25,46,200,756,151200.00,2018-02-07 05:07:00.604850
10683,201802075760486,PRIN,22,46,300,755,226500.00,2018-02-07 05:07:00.604860
10684,201802075760487,PRIN,53,46,10,755,7550.00,2018-02-07 05:07:00.604870
10685,201802075760386,PRIN,35,13,24,770,18480.00,2018-02-07 05:07:00.603860
10686,201802065759545,PRIN,43,51,61,762,46482.00,2018-02-06 05:07:00.595450
10687,201802065759567,PRIN,5,45,26,770,20020.00,2018-02-06 05:07:00.595670
10688,201802065759210,PRIN,35,51,17,762,12954.00,2018-02-06 05:07:00.592100
10689,201802065758639,PRIN,22,57,86,761,65446.00,2018-02-06 05:07:00.586390
10690,201802065758419,PRIN,5,19,10,761,7610.00,2018-02-06 05:07:00.584190
10691,201802065758420,PRIN,20,19,25,760,19000.00,2018-02-06 05:07:00.584200
10692,201802065758421,PRIN,22,19,50,760,38000.00,2018-02-06 05:07:00.584210
10693,201802065758422,PRIN,44,19,30,760,22800.00,2018-02-06 05:07:00.584220
10694,201802065758423,PRIN,45,19,35,760,26600.00,2018-02-06 05:07:00.584230
10695,201802065757993,PRIN,5,21,70,761,53270.00,2018-02-06 05:07:00.579930
10696,201802065757762,PRIN,5,1,20,761,15220.00,2018-02-06 05:07:00.577620
10697,201802065757017,PRIN,50,36,18,760,13680.00,2018-02-06 05:07:00.570170
10698,201802065756960,PRIN,19,36,71,760,53960.00,2018-02-06 05:07:00.569600
10699,201802065756940,PRIN,19,37,100,760,76000.00,2018-02-06 05:07:00.569400
10700,201802065756928,PRIN,19,17,29,760,22040.00,2018-02-06 05:07:00.569280
10701,201802065756752,PRIN,42,17,30,775,23250.00,2018-02-06 05:07:00.567520
10702,201802055756555,PRIN,22,32,125,765,95625.00,2018-02-05 05:07:00.565550
10703,201802055756564,PRIN,17,17,106,765,81090.00,2018-02-05 05:07:00.565640
10704,201802055756565,PRIN,22,17,29,765,22185.00,2018-02-05 05:07:00.565650
10705,201802055756506,PRIN,47,32,25,767,19175.00,2018-02-05 05:07:00.565060
10706,201802055756507,PRIN,32,32,50,766,38300.00,2018-02-05 05:07:00.565070
10707,201802055755729,PRIN,32,33,20,766,15320.00,2018-02-05 05:07:00.557290
10708,201802055755730,PRIN,17,33,154,765,117810.00,2018-02-05 05:07:00.557300
10709,201802055755328,PRIN,40,40,19,766,14554.00,2018-02-05 05:07:00.553280
10710,201802055755079,PRIN,58,58,294,765,224910.00,2018-02-05 05:07:00.550790
10711,201802055755051,PRIN,40,58,10,765,7650.00,2018-02-05 05:07:00.550510
10712,201802055755052,PRIN,17,58,10,765,7650.00,2018-02-05 05:07:00.550520
10713,201802055754489,PRIN,43,33,13,764,9932.00,2018-02-05 05:07:00.544890
10714,201802055754490,PRIN,43,11,51,765,39015.00,2018-02-05 05:07:00.544900
10715,201802055754472,PRIN,54,47,100,763,76300.00,2018-02-05 05:07:00.544720
10716,201802055754473,PRIN,45,47,40,762,30480.00,2018-02-05 05:07:00.544730
10717,201802055754214,PRIN,41,36,66,763,50358.00,2018-02-05 05:07:00.542140
10718,201802055754215,PRIN,32,36,50,763,38150.00,2018-02-05 05:07:00.542150
10719,201802055754216,PRIN,41,36,25,763,19075.00,2018-02-05 05:07:00.542160
10720,201802055754217,PRIN,41,36,125,763,95375.00,2018-02-05 05:07:00.542170
10721,201802055754218,PRIN,45,36,39,762,29718.00,2018-02-05 05:07:00.542180
10722,201802055754180,PRIN,37,33,17,764,12988.00,2018-02-05 05:07:00.541800
10723,201802055754181,PRIN,6,33,50,764,38200.00,2018-02-05 05:07:00.541810
10724,201802055753940,PRIN,37,17,59,764,45076.00,2018-02-05 05:07:00.539400
10725,201802055753835,PRIN,59,53,26,764,19864.00,2018-02-05 05:07:00.538350
10726,201802055753836,PRIN,37,53,124,764,94736.00,2018-02-05 05:07:00.538360
10727,201802055753825,PRIN,14,34,72,764,55008.00,2018-02-05 05:07:00.538250
10728,201802055753826,PRIN,5,34,150,764,114600.00,2018-02-05 05:07:00.538260
10729,201802055753491,PRIN,14,8,28,764,21392.00,2018-02-05 05:07:00.534910
10730,201802055753298,PRIN,59,49,30,764,22920.00,2018-02-05 05:07:00.532980
10731,201802055753299,PRIN,41,49,434,763,331142.00,2018-02-05 05:07:00.532990
10732,201802055753027,PRIN,32,49,37,766,28342.00,2018-02-05 05:07:00.530270
10733,201802055753028,PRIN,56,49,100,765,76500.00,2018-02-05 05:07:00.530280
10734,201802045752604,PRIN,44,17,50,773,38650.00,2018-02-04 05:07:00.526040
10735,201802045752605,PRIN,56,17,100,772,77200.00,2018-02-04 05:07:00.526050
10736,201802045752606,PRIN,35,17,50,772,38600.00,2018-02-04 05:07:00.526060
10737,201802045752607,PRIN,35,17,50,772,38600.00,2018-02-04 05:07:00.526070
10738,201802045752336,PRIN,14,33,109,774,84366.00,2018-02-04 05:07:00.523360
10739,201802045752000,PRIN,22,17,100,775,77500.00,2018-02-04 05:07:00.520000
10740,201802045751973,PRIN,47,17,20,775,15500.00,2018-02-04 05:07:00.519730
10741,201802045751974,PRIN,35,17,50,775,38750.00,2018-02-04 05:07:00.519740
10742,201802045751975,PRIN,11,17,50,775,38750.00,2018-02-04 05:07:00.519750
10743,201802045751357,PRIN,6,21,33,776,25608.00,2018-02-04 05:07:00.513570
10744,201802045750985,PRIN,6,11,60,776,46560.00,2018-02-04 05:07:00.509850
10745,201802045750533,PRIN,47,42,30,775,23250.00,2018-02-04 05:07:00.505330
10746,201802045749931,PRIN,35,58,65,780,50700.00,2018-02-04 05:07:00.499310
10747,201802045749885,PRIN,32,58,100,780,78000.00,2018-02-04 05:07:00.498850
10748,201802045749566,PRIN,41,58,20,780,15600.00,2018-02-04 05:07:00.495660
10749,201802045748835,PRIN,17,58,50,782,39100.00,2018-02-04 05:07:00.488350
10750,201802045748836,PRIN,59,58,100,781,78100.00,2018-02-04 05:07:00.488360
10751,201802045748837,PRIN,1,58,50,780,39000.00,2018-02-04 05:07:00.488370
10752,201802045748838,PRIN,56,58,24,780,18720.00,2018-02-04 05:07:00.488380
10753,201802045748324,PRIN,59,53,24,780,18720.00,2018-02-04 05:07:00.483240
10754,201802015748045,PRIN,5,58,20,780,15600.00,2018-02-01 05:07:00.480450
10755,201802015747996,PRIN,17,58,50,780,39000.00,2018-02-01 05:07:00.479960
10756,201802015747881,PRIN,6,43,10,778,7780.00,2018-02-01 05:07:00.478810
10757,201802015747882,PRIN,26,43,200,777,155400.00,2018-02-01 05:07:00.478820
10758,201802015747883,PRIN,22,43,30,776,23280.00,2018-02-01 05:07:00.478830
10759,201802015747732,PRIN,5,32,55,779,42845.00,2018-02-01 05:07:00.477320
10760,201802015747708,PRIN,5,13,45,779,35055.00,2018-02-01 05:07:00.477080
10761,201802015747381,PRIN,46,58,20,780,15600.00,2018-02-01 05:07:00.473810
10762,201802015747207,PRIN,57,57,20,781,15620.00,2018-02-01 05:07:00.472070
10763,201802015746965,PRIN,29,58,50,780,39000.00,2018-02-01 05:07:00.469650
10764,201802015746937,PRIN,17,57,60,781,46860.00,2018-02-01 05:07:00.469370
10765,201802015746910,PRIN,17,14,100,781,78100.00,2018-02-01 05:07:00.469100
10766,201802015745932,PRIN,32,32,200,780,156000.00,2018-02-01 05:07:00.459320
10767,201802015745589,PRIN,20,32,10,780,7800.00,2018-02-01 05:07:00.455890
10768,201802015745590,PRIN,17,32,123,780,95940.00,2018-02-01 05:07:00.455900
10769,201802015745564,PRIN,17,32,77,780,60060.00,2018-02-01 05:07:00.455640
10770,201802015744800,PRIN,46,59,200,780,156000.00,2018-02-01 05:07:00.448000
10771,201801315743474,PRIN,57,22,400,778,311200.00,2018-01-31 05:07:00.434740
10772,201801315743380,PRIN,34,1,604,776,468704.00,2018-01-31 05:07:00.433800
10773,201801315743348,PRIN,26,38,100,774,77400.00,2018-01-31 05:07:00.433480
10774,201801315743349,PRIN,19,38,200,774,154800.00,2018-01-31 05:07:00.433490
10775,201801315742737,PRIN,35,35,33,772,25476.00,2018-01-31 05:07:00.427370
10776,201801315742738,PRIN,46,35,315,772,243180.00,2018-01-31 05:07:00.427380
10777,201801315742301,PRIN,17,51,33,771,25443.00,2018-01-31 05:07:00.423010
10778,201801315740865,PRIN,11,17,17,773,13141.00,2018-01-31 05:07:00.408650
10779,201801315740033,PRIN,47,8,12,758,9096.00,2018-01-31 05:07:00.400330
10780,201801295739536,PRIN,32,10,46,773,35558.00,2018-01-29 05:07:00.395360
10781,201801295739524,PRIN,47,10,15,780,11700.00,2018-01-29 05:07:00.395240
10782,201801295738739,PRIN,59,51,67,789,52863.00,2018-01-29 05:07:00.387390
10783,201801295738697,PRIN,59,22,30,788,23640.00,2018-01-29 05:07:00.386970
10784,201801295738647,PRIN,59,6,11,780,8580.00,2018-01-29 05:07:00.386470
10785,201801285735585,PRIN,22,56,21,780,16380.00,2018-01-28 05:07:00.355850
10786,201801285735517,PRIN,22,37,100,778,77800.00,2018-01-28 05:07:00.355170
10787,201801285735522,PRIN,20,45,31,780,24180.00,2018-01-28 05:07:00.355220
10788,201801285735523,PRIN,20,56,19,780,14820.00,2018-01-28 05:07:00.355230
10789,201801285735491,PRIN,22,41,54,778,42012.00,2018-01-28 05:07:00.354910
10790,201801285734907,PRIN,22,41,100,781,78100.00,2018-01-28 05:07:00.349070
10791,201801285734908,PRIN,22,20,71,782,55522.00,2018-01-28 05:07:00.349080
10792,201801285734909,PRIN,22,26,129,782,100878.00,2018-01-28 05:07:00.349090
10793,201801285734763,PRIN,36,26,50,783,39150.00,2018-01-28 05:07:00.347630
10794,201801285734764,PRIN,36,26,50,782,39100.00,2018-01-28 05:07:00.347640
10795,201801285734557,PRIN,39,50,20,776,15520.00,2018-01-28 05:07:00.345570
10796,201801285734500,PRIN,39,50,29,776,22504.00,2018-01-28 05:07:00.345000
10797,201801285732803,PRIN,28,50,100,781,78100.00,2018-01-28 05:07:00.328030
10798,201801285732806,PRIN,42,50,150,780,117000.00,2018-01-28 05:07:00.328060
10799,201801285732739,PRIN,11,41,400,783,313200.00,2018-01-28 05:07:00.327390
10800,201801285732466,PRIN,35,37,50,785,39250.00,2018-01-28 05:07:00.324660
10801,201801285731217,PRIN,36,49,50,785,39250.00,2018-01-28 05:07:00.312170
10802,201801285731218,PRIN,36,49,50,785,39250.00,2018-01-28 05:07:00.312180
10803,201801255730957,PRIN,58,42,50,785,39250.00,2018-01-25 05:07:00.309570
10804,201801255730781,PRIN,46,33,419,778,325982.00,2018-01-25 05:07:00.307810
10805,201801255730248,PRIN,52,33,100,780,78000.00,2018-01-25 05:07:00.302480
10806,201801255730205,PRIN,48,33,77,780,60060.00,2018-01-25 05:07:00.302050
10807,201801255730122,PRIN,53,25,100,784,78400.00,2018-01-25 05:07:00.301220
10808,201801255729910,PRIN,34,8,50,780,39000.00,2018-01-25 05:07:00.299100
10809,201801255729604,PRIN,58,13,59,780,46020.00,2018-01-25 05:07:00.296040
10810,201801255729595,PRIN,58,25,250,775,193750.00,2018-01-25 05:07:00.295950
10811,201801255729596,PRIN,58,34,119,778,92582.00,2018-01-25 05:07:00.295960
10812,201801255729597,PRIN,58,37,100,779,77900.00,2018-01-25 05:07:00.295970
10813,201801255728953,PRIN,46,42,10,770,7700.00,2018-01-25 05:07:00.289530
10814,201801255728574,PRIN,5,32,76,768,58368.00,2018-01-25 05:07:00.285740
10815,201801245726834,PRIN,56,1,13,770,10010.00,2018-01-24 05:07:00.268340
10816,201801245726811,PRIN,56,33,19,770,14630.00,2018-01-24 05:07:00.268110
10817,201801245726804,PRIN,46,21,39,770,30030.00,2018-01-24 05:07:00.268040
10818,201801245726333,PRIN,41,28,50,769,38450.00,2018-01-24 05:07:00.263330
10819,201801245726334,PRIN,22,28,50,765,38250.00,2018-01-24 05:07:00.263340
10820,201801245726335,PRIN,56,28,62,761,47182.00,2018-01-24 05:07:00.263350
10821,201801245725541,PRIN,56,46,106,769,81514.00,2018-01-24 05:07:00.255410
10822,201801245725517,PRIN,48,58,89,768,68352.00,2018-01-24 05:07:00.255170
10823,201801245724648,PRIN,51,1,50,758,37900.00,2018-01-24 05:07:00.246480
10824,201801245724649,PRIN,51,1,10,758,7580.00,2018-01-24 05:07:00.246490
10825,201801245724651,PRIN,32,1,90,757,68130.00,2018-01-24 05:07:00.246510
10826,201801245724652,PRIN,22,1,128,757,96896.00,2018-01-24 05:07:00.246520
10827,201801245724210,PRIN,41,17,180,762,137160.00,2018-01-24 05:07:00.242100
10828,201801245724171,PRIN,41,17,20,755,15100.00,2018-01-24 05:07:00.241710
10829,201801245724142,PRIN,51,32,50,756,37800.00,2018-01-24 05:07:00.241420
10830,201801245724146,PRIN,32,32,76,745,56620.00,2018-01-24 05:07:00.241460
10831,201801245724112,PRIN,21,32,130,752,97760.00,2018-01-24 05:07:00.241120
10832,201801235723777,PRIN,32,4,52,767,39884.00,2018-01-23 05:07:00.237770
10833,201801235723778,PRIN,32,4,77,767,59059.00,2018-01-23 05:07:00.237780
10834,201801235723599,PRIN,32,14,50,767,38350.00,2018-01-23 05:07:00.235990
10835,201801235723450,PRIN,32,45,98,767,75166.00,2018-01-23 05:07:00.234500
10836,201801235723290,PRIN,52,41,55,770,42350.00,2018-01-23 05:07:00.232900
10837,201801235723291,PRIN,58,41,165,769,126885.00,2018-01-23 05:07:00.232910
10838,201801235723292,PRIN,37,41,113,768,86784.00,2018-01-23 05:07:00.232920
10839,201801235723293,PRIN,32,41,100,767,76700.00,2018-01-23 05:07:00.232930
10840,201801235723294,PRIN,22,41,367,766,281122.00,2018-01-23 05:07:00.232940
10841,201801235722981,PRIN,59,14,50,770,38500.00,2018-01-23 05:07:00.229810
10842,201801235722414,PRIN,17,49,35,770,26950.00,2018-01-23 05:07:00.224140
10843,201801235722415,PRIN,21,49,30,770,23100.00,2018-01-23 05:07:00.224150
10844,201801235722416,PRIN,38,49,50,770,38500.00,2018-01-23 05:07:00.224160
10845,201801235722417,PRIN,58,49,135,769,103815.00,2018-01-23 05:07:00.224170
10846,201801235722228,PRIN,41,10,89,771,68619.00,2018-01-23 05:07:00.222280
10847,201801235722229,PRIN,49,10,50,771,38550.00,2018-01-23 05:07:00.222290
10848,201801235722230,PRIN,17,10,25,770,19250.00,2018-01-23 05:07:00.222300
10849,201801235721457,PRIN,52,26,10,768,7680.00,2018-01-23 05:07:00.214570
10850,201801235721458,PRIN,58,26,79,767,60593.00,2018-01-23 05:07:00.214580
10851,201801235721402,PRIN,58,21,140,767,107380.00,2018-01-23 05:07:00.214020
10852,201801235721312,PRIN,58,5,30,767,23010.00,2018-01-23 05:07:00.213120
10853,201801235721161,PRIN,38,38,50,765,38250.00,2018-01-23 05:07:00.211610
10854,201801235721162,PRIN,43,38,50,765,38250.00,2018-01-23 05:07:00.211620
10855,201801235721163,PRIN,59,38,78,765,59670.00,2018-01-23 05:07:00.211630
10856,201801235720883,PRIN,47,4,35,777,27195.00,2018-01-23 05:07:00.208830
10857,201801235720888,PRIN,47,4,100,777,77700.00,2018-01-23 05:07:00.208880
10858,201801235720865,PRIN,47,21,356,777,276612.00,2018-01-23 05:07:00.208650
10859,201801225719732,PRIN,53,50,20,777,15540.00,2018-01-22 05:07:00.197320
10860,201801225719733,PRIN,17,50,43,777,33411.00,2018-01-22 05:07:00.197330
10861,201801225719407,PRIN,53,48,80,777,62160.00,2018-01-22 05:07:00.194070
10862,201801225719314,PRIN,46,4,345,778,268410.00,2018-01-22 05:07:00.193140
10863,201801225719250,PRIN,11,29,50,779,38950.00,2018-01-22 05:07:00.192500
10864,201801225719251,PRIN,1,29,80,779,62320.00,2018-01-22 05:07:00.192510
10865,201801225719252,PRIN,47,29,15,778,11670.00,2018-01-22 05:07:00.192520
10866,201801225719253,PRIN,46,29,55,778,42790.00,2018-01-22 05:07:00.192530
10867,201801225719041,PRIN,7,34,100,779,77900.00,2018-01-22 05:07:00.190410
10868,201801225718337,PRIN,53,50,243,780,189540.00,2018-01-22 05:07:00.183370
10869,201801225718338,PRIN,53,55,90,780,70200.00,2018-01-22 05:07:00.183380
10870,201801225718339,PRIN,53,53,17,780,13260.00,2018-01-22 05:07:00.183390
10871,201801225718056,PRIN,14,50,59,780,46020.00,2018-01-22 05:07:00.180560
10872,201801225717958,PRIN,22,50,50,780,39000.00,2018-01-22 05:07:00.179580
10873,201801225717457,PRIN,35,50,81,780,63180.00,2018-01-22 05:07:00.174570
10874,201801225717319,PRIN,32,29,25,780,19500.00,2018-01-22 05:07:00.173190
10875,201801225717175,PRIN,42,29,100,780,78000.00,2018-01-22 05:07:00.171750
10876,201801215716131,PRIN,22,29,200,785,157000.00,2018-01-21 05:07:00.161310
10877,201801215716132,PRIN,17,29,100,785,78500.00,2018-01-21 05:07:00.161320
10878,201801215716133,PRIN,41,29,81,783,63423.00,2018-01-21 05:07:00.161330
10879,201801215716134,PRIN,7,29,200,782,156400.00,2018-01-21 05:07:00.161340
10880,201801215716135,PRIN,32,29,200,782,156400.00,2018-01-21 05:07:00.161350
10881,201801215716136,PRIN,14,29,219,781,171039.00,2018-01-21 05:07:00.161360
10882,201801215716117,PRIN,49,28,96,785,75360.00,2018-01-21 05:07:00.161170
10883,201801215715667,PRIN,22,44,17,795,13515.00,2018-01-21 05:07:00.156670
10884,201801215715615,PRIN,41,44,19,785,14915.00,2018-01-21 05:07:00.156150
10885,201801215715502,PRIN,7,6,180,782,140760.00,2018-01-21 05:07:00.155020
10886,201801215715353,PRIN,49,20,25,782,19550.00,2018-01-21 05:07:00.153530
10887,201801215715354,PRIN,32,20,50,782,39100.00,2018-01-21 05:07:00.153540
10888,201801215715355,PRIN,14,20,44,781,34364.00,2018-01-21 05:07:00.153550
10889,201801215715084,PRIN,49,44,25,782,19550.00,2018-01-21 05:07:00.150840
10890,201801215714526,PRIN,32,56,16,781,12496.00,2018-01-21 05:07:00.145260
10891,201801215714527,PRIN,29,56,62,780,48360.00,2018-01-21 05:07:00.145270
10892,201801215714528,PRIN,21,56,50,780,39000.00,2018-01-21 05:07:00.145280
10893,201801215714529,PRIN,22,56,22,780,17160.00,2018-01-21 05:07:00.145290
10894,201801215714100,PRIN,37,45,100,780,78000.00,2018-01-21 05:07:00.141000
10895,201801215714101,PRIN,29,45,38,780,29640.00,2018-01-21 05:07:00.141010
10896,201801215713994,PRIN,55,59,300,781,234300.00,2018-01-21 05:07:00.139940
10897,201801215713995,PRIN,34,59,500,781,390500.00,2018-01-21 05:07:00.139950
10898,201801215713996,PRIN,58,59,1000,780,780000.00,2018-01-21 05:07:00.139960
10899,201801215713997,PRIN,22,59,200,780,156000.00,2018-01-21 05:07:00.139970
10900,201801215713998,PRIN,22,59,50,780,39000.00,2018-01-21 05:07:00.139980
10901,201801215713999,PRIN,35,59,220,780,171600.00,2018-01-21 05:07:00.139990
10902,201801215714000,PRIN,35,59,10,780,7800.00,2018-01-21 05:07:00.140000
10903,201801215714001,PRIN,34,59,10,780,7800.00,2018-01-21 05:07:00.140010
10904,201801215714002,PRIN,58,59,1710,779,1332090.00,2018-01-21 05:07:00.140020
10905,201801215713918,PRIN,55,1,100,782,78200.00,2018-01-21 05:07:00.139180
10906,201801215712636,PRIN,37,48,100,785,78500.00,2018-01-21 05:07:00.126360
10907,201801215712136,PRIN,47,1,100,790,79000.00,2018-01-21 05:07:00.121360
10908,201801175711187,PRIN,56,55,10,805,8050.00,2018-01-17 05:07:00.111870
10909,201801175711091,PRIN,58,58,20,816,16320.00,2018-01-17 05:07:00.110910
10910,201801175710891,PRIN,58,17,138,790,109020.00,2018-01-17 05:07:00.108910
10911,201801175710916,PRIN,58,58,100,800,80000.00,2018-01-17 05:07:00.109160
10912,201801175710917,PRIN,58,37,178,800,142400.00,2018-01-17 05:07:00.109170
10913,201801175710470,PRIN,58,17,200,790,158000.00,2018-01-17 05:07:00.104700
10914,201801175710427,PRIN,45,44,93,786,73098.00,2018-01-17 05:07:00.104270
10915,201801175708977,PRIN,32,7,10,787,7870.00,2018-01-17 05:07:00.089770
10916,201801175708978,PRIN,32,14,90,788,70920.00,2018-01-17 05:07:00.089780
10917,201801175708988,PRIN,25,14,110,788,86680.00,2018-01-17 05:07:00.089880
10918,201801175708959,PRIN,58,51,50,783,39150.00,2018-01-17 05:07:00.089590
10919,201801175708469,PRIN,58,55,189,780,147420.00,2018-01-17 05:07:00.084690
10920,201801175708470,PRIN,58,18,196,780,152880.00,2018-01-17 05:07:00.084700
10921,201801175708429,PRIN,49,55,11,780,8580.00,2018-01-17 05:07:00.084290
10922,201801175708013,PRIN,43,55,20,780,15600.00,2018-01-17 05:07:00.080130
10923,201801175708014,PRIN,47,55,20,780,15600.00,2018-01-17 05:07:00.080140
10924,201801175707797,PRIN,51,1,11,786,8646.00,2018-01-17 05:07:00.077970
10925,201801175707798,PRIN,49,1,20,785,15700.00,2018-01-17 05:07:00.077980
10926,201801175707738,PRIN,51,14,19,786,14934.00,2018-01-17 05:07:00.077380
10927,201801165706153,PRIN,58,10,119,785,93415.00,2018-01-16 05:07:00.061530
10928,201801165706170,PRIN,58,48,11,790,8690.00,2018-01-16 05:07:00.061700
10929,201801165706171,PRIN,58,48,11,790,8690.00,2018-01-16 05:07:00.061710
10930,201801165705942,PRIN,14,41,191,787,150317.00,2018-01-16 05:07:00.059420
10931,201801165705842,PRIN,28,41,214,787,168418.00,2018-01-16 05:07:00.058420
10932,201801165705615,PRIN,51,34,71,784,55664.00,2018-01-16 05:07:00.056150
10933,201801165705559,PRIN,14,7,59,783,46197.00,2018-01-16 05:07:00.055590
10934,201801165705546,PRIN,14,33,70,785,54950.00,2018-01-16 05:07:00.055460
10935,201801165705547,PRIN,14,29,32,783,25056.00,2018-01-16 05:07:00.055470
10936,201801165705315,PRIN,58,57,280,783,219240.00,2018-01-16 05:07:00.053150
10937,201801165705309,PRIN,32,57,18,785,14130.00,2018-01-16 05:07:00.053090
10938,201801165705310,PRIN,41,57,107,784,83888.00,2018-01-16 05:07:00.053100
10939,201801165705311,PRIN,22,57,70,783,54810.00,2018-01-16 05:07:00.053110
10940,201801165705312,PRIN,21,57,190,783,148770.00,2018-01-16 05:07:00.053120
10941,201801165705313,PRIN,57,57,50,783,39150.00,2018-01-16 05:07:00.053130
10942,201801165705222,PRIN,43,26,100,785,78500.00,2018-01-16 05:07:00.052220
10943,201801165705223,PRIN,19,26,35,785,27475.00,2018-01-16 05:07:00.052230
10944,201801165705224,PRIN,32,26,13,785,10205.00,2018-01-16 05:07:00.052240
10945,201801165705116,PRIN,48,34,50,785,39250.00,2018-01-16 05:07:00.051160
10946,201801165705117,PRIN,22,34,100,785,78500.00,2018-01-16 05:07:00.051170
10947,201801165705118,PRIN,36,34,100,785,78500.00,2018-01-16 05:07:00.051180
10948,201801165705119,PRIN,42,34,200,785,157000.00,2018-01-16 05:07:00.051190
10949,201801165704603,PRIN,17,41,100,786,78600.00,2018-01-16 05:07:00.046030
10950,201801165704604,PRIN,52,41,20,786,15720.00,2018-01-16 05:07:00.046040
10951,201801165704526,PRIN,53,53,55,788,43340.00,2018-01-16 05:07:00.045260
10952,201801165704429,PRIN,22,41,100,786,78600.00,2018-01-16 05:07:00.044290
10953,201801165704170,PRIN,58,41,100,786,78600.00,2018-01-16 05:07:00.041700
10954,201801165704154,PRIN,22,41,100,788,78800.00,2018-01-16 05:07:00.041540
10955,201801165704155,PRIN,34,41,100,788,78800.00,2018-01-16 05:07:00.041550
10956,201801165704156,PRIN,43,41,100,787,78700.00,2018-01-16 05:07:00.041560
10957,201801165704157,PRIN,41,41,200,787,157400.00,2018-01-16 05:07:00.041570
10958,201801165704158,PRIN,5,41,100,786,78600.00,2018-01-16 05:07:00.041580
10959,201801165704159,PRIN,58,41,400,786,314400.00,2018-01-16 05:07:00.041590
10960,201801165704130,PRIN,14,16,160,791,126560.00,2018-01-16 05:07:00.041300
10961,201801165704131,PRIN,22,16,153,790,120870.00,2018-01-16 05:07:00.041310
10962,201801165704140,PRIN,22,41,347,790,274130.00,2018-01-16 05:07:00.041400
10963,201801165704032,PRIN,17,34,100,792,79200.00,2018-01-16 05:07:00.040320
10964,201801165703475,PRIN,42,41,40,790,31600.00,2018-01-16 05:07:00.034750
10965,201801165703476,PRIN,41,41,500,790,395000.00,2018-01-16 05:07:00.034760
10966,201801165703477,PRIN,34,41,50,790,39500.00,2018-01-16 05:07:00.034770
10967,201801165703396,PRIN,32,52,200,791,158200.00,2018-01-16 05:07:00.033960
10968,201801165703397,PRIN,42,52,10,790,7900.00,2018-01-16 05:07:00.033970
10969,201801165703374,PRIN,22,34,379,791,299789.00,2018-01-16 05:07:00.033740
10970,201801165703363,PRIN,57,41,100,792,79200.00,2018-01-16 05:07:00.033630
10971,201801165703364,PRIN,17,41,200,792,158400.00,2018-01-16 05:07:00.033640
10972,201801165703081,PRIN,41,52,50,795,39750.00,2018-01-16 05:07:00.030810
10973,201801165703024,PRIN,41,17,100,795,79500.00,2018-01-16 05:07:00.030240
10974,201801165702819,PRIN,22,20,200,792,158400.00,2018-01-16 05:07:00.028190
10975,201801165702820,PRIN,22,20,121,791,95711.00,2018-01-16 05:07:00.028200
10976,201801145702411,PRIN,52,26,20,799,15980.00,2018-01-14 05:07:00.024110
10977,201801145702412,PRIN,32,26,99,798,79002.00,2018-01-14 05:07:00.024120
10978,201801145702432,PRIN,22,7,178,798,142044.00,2018-01-14 05:07:00.024320
10979,201801145701399,PRIN,57,1,42,798,33516.00,2018-01-14 05:07:00.013990
10980,201801145701400,PRIN,22,1,100,798,79800.00,2018-01-14 05:07:00.014000
10981,201801145701384,PRIN,21,1,50,800,40000.00,2018-01-14 05:07:00.013840
10982,201801145700779,PRIN,34,35,81,801,64881.00,2018-01-14 05:07:00.007790
10983,201801145698947,PRIN,48,20,20,796,15920.00,2018-01-14 05:06:00.989470
10984,201801145698632,PRIN,48,54,10,806,8060.00,2018-01-14 05:06:00.986320
10985,201801105698097,PRIN,28,40,296,810,239760.00,2018-01-10 05:06:00.980970
10986,201801105698098,PRIN,32,40,100,810,81000.00,2018-01-10 05:06:00.980980
10987,201801105698099,PRIN,46,40,50,807,40350.00,2018-01-10 05:06:00.980990
10988,201801105698100,PRIN,47,40,10,806,8060.00,2018-01-10 05:06:00.981000
10989,201801105698101,PRIN,22,40,100,805,80500.00,2018-01-10 05:06:00.981010
10990,201801105698102,PRIN,42,40,44,805,35420.00,2018-01-10 05:06:00.981020
10991,201801105697928,PRIN,14,34,81,814,65934.00,2018-01-10 05:06:00.979280
10992,201801105697965,PRIN,28,51,18,812,14616.00,2018-01-10 05:06:00.979650
10993,201801105697966,PRIN,54,51,35,811,28385.00,2018-01-10 05:06:00.979660
10994,201801105697968,PRIN,14,34,350,814,284900.00,2018-01-10 05:06:00.979680
10995,201801105697559,PRIN,55,34,50,814,40700.00,2018-01-10 05:06:00.975590
10996,201801105697434,PRIN,40,1,56,811,45416.00,2018-01-10 05:06:00.974340
10997,201801105697435,PRIN,17,1,50,811,40550.00,2018-01-10 05:06:00.974350
10998,201801105697439,PRIN,21,1,25,810,20250.00,2018-01-10 05:06:00.974390
10999,201801105697440,PRIN,46,1,30,810,24300.00,2018-01-10 05:06:00.974400
11000,201801105697441,PRIN,55,1,40,810,32400.00,2018-01-10 05:06:00.974410
11001,201801105697442,PRIN,32,1,200,810,162000.00,2018-01-10 05:06:00.974420
11002,201801105697443,PRIN,28,1,104,810,84240.00,2018-01-10 05:06:00.974430
11003,201801105697415,PRIN,28,54,11,812,8932.00,2018-01-10 05:06:00.974150
11004,201801105697354,PRIN,53,54,39,812,31668.00,2018-01-10 05:06:00.973540
11005,201801105697355,PRIN,32,54,50,812,40600.00,2018-01-10 05:06:00.973550
11006,201801105697206,PRIN,53,25,183,812,148596.00,2018-01-10 05:06:00.972060
11007,201801105697195,PRIN,53,35,100,812,81200.00,2018-01-10 05:06:00.971950
11008,201801105697156,PRIN,53,38,78,812,63336.00,2018-01-10 05:06:00.971560
11009,201801105696916,PRIN,42,20,100,815,81500.00,2018-01-10 05:06:00.969160
11010,201801105696549,PRIN,26,20,150,812,121800.00,2018-01-10 05:06:00.965490
11011,201801105696550,PRIN,17,20,56,811,45416.00,2018-01-10 05:06:00.965500
11012,201801105696551,PRIN,42,20,50,811,40550.00,2018-01-10 05:06:00.965510
11013,201801105696552,PRIN,40,20,244,811,197884.00,2018-01-10 05:06:00.965520
11014,201801105695516,PRIN,42,59,21,811,17031.00,2018-01-10 05:06:00.955160
11015,201801105695517,PRIN,17,59,44,811,35684.00,2018-01-10 05:06:00.955170
11016,201801105695373,PRIN,55,59,135,815,110025.00,2018-01-10 05:06:00.953730
11017,201801105695337,PRIN,55,57,65,815,52975.00,2018-01-10 05:06:00.953370
11018,201801105695292,PRIN,32,59,49,811,39739.00,2018-01-10 05:06:00.952920
11019,201801105695006,PRIN,17,41,200,811,162200.00,2018-01-10 05:06:00.950060
11020,201801105694844,PRIN,58,48,59,814,48026.00,2018-01-10 05:06:00.948440
11021,201801105694628,PRIN,42,34,29,810,23490.00,2018-01-10 05:06:00.946280
11022,201801095693927,PRIN,58,40,500,820,410000.00,2018-01-09 05:06:00.939270
11023,201801095693561,PRIN,58,40,1330,820,1090600.00,2018-01-09 05:06:00.935610
11024,201801095693595,PRIN,58,40,670,820,549400.00,2018-01-09 05:06:00.935950
11025,201801095693626,PRIN,58,53,100,825,82500.00,2018-01-09 05:06:00.936260
11026,201801095693627,PRIN,58,32,130,827,107510.00,2018-01-09 05:06:00.936270
11027,201801095693628,PRIN,58,53,200,827,165400.00,2018-01-09 05:06:00.936280
11028,201801095693629,PRIN,58,1,30,829,24870.00,2018-01-09 05:06:00.936290
11029,201801095693630,PRIN,58,38,50,830,41500.00,2018-01-09 05:06:00.936300
11030,201801095693631,PRIN,58,53,238,830,197540.00,2018-01-09 05:06:00.936310
11031,201801095693632,PRIN,58,32,100,830,83000.00,2018-01-09 05:06:00.936320
11032,201801095693633,PRIN,58,13,19,830,15770.00,2018-01-09 05:06:00.936330
11033,201801095693523,PRIN,58,53,100,820,82000.00,2018-01-09 05:06:00.935230
11034,201801095693454,PRIN,58,32,300,820,246000.00,2018-01-09 05:06:00.934540
11035,201801095692994,PRIN,25,38,35,821,28735.00,2018-01-09 05:06:00.929940
11036,201801095692995,PRIN,17,38,347,821,284887.00,2018-01-09 05:06:00.929950
11037,201801095692996,PRIN,57,38,50,821,41050.00,2018-01-09 05:06:00.929960
11038,201801095692997,PRIN,35,38,100,821,82100.00,2018-01-09 05:06:00.929970
11039,201801095692998,PRIN,58,38,200,820,164000.00,2018-01-09 05:06:00.929980
11040,201801095692999,PRIN,58,38,268,820,219760.00,2018-01-09 05:06:00.929990
11041,201801095692951,PRIN,17,48,153,821,125613.00,2018-01-09 05:06:00.929510
11042,201801095692748,PRIN,11,19,200,827,165400.00,2018-01-09 05:06:00.927480
11043,201801095692683,PRIN,46,1,20,825,16500.00,2018-01-09 05:06:00.926830
11044,201801095692380,PRIN,58,21,50,825,41250.00,2018-01-09 05:06:00.923800
11045,201801095692381,PRIN,58,49,78,825,64350.00,2018-01-09 05:06:00.923810
11046,201801095692382,PRIN,58,54,50,825,41250.00,2018-01-09 05:06:00.923820
11047,201801095692369,PRIN,58,5,100,824,82400.00,2018-01-09 05:06:00.923690
11048,201801095692270,PRIN,28,32,50,822,41100.00,2018-01-09 05:06:00.922700
11049,201801095692271,PRIN,25,32,50,821,41050.00,2018-01-09 05:06:00.922710
11050,201801095692097,PRIN,58,36,300,822,246600.00,2018-01-09 05:06:00.920970
11051,201801095691924,PRIN,58,25,40,824,32960.00,2018-01-09 05:06:00.919240
11052,201801095691887,PRIN,25,26,15,821,12315.00,2018-01-09 05:06:00.918870
11053,201801095691683,PRIN,1,32,200,820,164000.00,2018-01-09 05:06:00.916830
11054,201801095691085,PRIN,17,47,31,820,25420.00,2018-01-09 05:06:00.910850
11055,201801095690274,PRIN,46,37,50,818,40900.00,2018-01-09 05:06:00.902740
11056,201801095690155,PRIN,4,35,57,820,46740.00,2018-01-09 05:06:00.901550
11057,201801095690156,PRIN,34,35,200,820,164000.00,2018-01-09 05:06:00.901560
11058,201801095690127,PRIN,4,28,43,820,35260.00,2018-01-09 05:06:00.901270
11059,201801095689731,PRIN,22,47,29,825,23925.00,2018-01-09 05:06:00.897310
11060,201801095689754,PRIN,22,1,30,832,24960.00,2018-01-09 05:06:00.897540
11061,201801085689078,PRIN,46,49,26,816,21216.00,2018-01-08 05:06:00.890780
11062,201801085688968,PRIN,19,49,50,816,40800.00,2018-01-08 05:06:00.889680
11063,201801085688902,PRIN,42,7,53,815,43195.00,2018-01-08 05:06:00.889020
11064,201801085688005,PRIN,8,14,73,815,59495.00,2018-01-08 05:06:00.880050
11065,201801085688006,PRIN,8,58,100,816,81600.00,2018-01-08 05:06:00.880060
11066,201801085688007,PRIN,8,41,58,816,47328.00,2018-01-08 05:06:00.880070
11067,201801085687924,PRIN,6,7,100,815,81500.00,2018-01-08 05:06:00.879240
11068,201801085687927,PRIN,6,58,100,816,81600.00,2018-01-08 05:06:00.879270
11069,201801085687938,PRIN,6,58,100,816,81600.00,2018-01-08 05:06:00.879380
11070,201801085687940,PRIN,6,58,100,816,81600.00,2018-01-08 05:06:00.879400
11071,201801085687916,PRIN,6,58,100,816,81600.00,2018-01-08 05:06:00.879160
11072,201801085687923,PRIN,6,13,195,815,158925.00,2018-01-08 05:06:00.879230
11073,201801085687776,PRIN,17,28,135,814,109890.00,2018-01-08 05:06:00.877760
11074,201801085687653,PRIN,22,28,65,814,52910.00,2018-01-08 05:06:00.876530
11075,201801085687624,PRIN,33,28,50,814,40700.00,2018-01-08 05:06:00.876240
11076,201801085687625,PRIN,33,28,50,814,40700.00,2018-01-08 05:06:00.876250
11077,201801085687511,PRIN,58,33,50,815,40750.00,2018-01-08 05:06:00.875110
11078,201801085687504,PRIN,22,52,26,812,21112.00,2018-01-08 05:06:00.875040
11079,201801085687129,PRIN,22,40,109,812,88508.00,2018-01-08 05:06:00.871290
11080,201801085687039,PRIN,58,40,10,812,8120.00,2018-01-08 05:06:00.870390
11081,201801085686997,PRIN,21,11,25,810,20250.00,2018-01-08 05:06:00.869970
11082,201801085686889,PRIN,46,42,57,812,46284.00,2018-01-08 05:06:00.868890
11083,201801085686890,PRIN,46,21,349,812,283388.00,2018-01-08 05:06:00.868900
11084,201801085686534,PRIN,26,38,20,811,16220.00,2018-01-08 05:06:00.865340
11085,201801085686230,PRIN,17,19,15,817,12255.00,2018-01-08 05:06:00.862300
11086,201801085686231,PRIN,17,17,238,818,194684.00,2018-01-08 05:06:00.862310
11087,201801085686232,PRIN,17,58,100,820,82000.00,2018-01-08 05:06:00.862320
11088,201801085686233,PRIN,17,25,150,820,123000.00,2018-01-08 05:06:00.862330
11089,201801085686092,PRIN,26,7,100,811,81100.00,2018-01-08 05:06:00.860920
11090,201801085685837,PRIN,59,35,50,815,40750.00,2018-01-08 05:06:00.858370
11091,201801085685754,PRIN,21,53,50,815,40750.00,2018-01-08 05:06:00.857540
11092,201801085685647,PRIN,37,32,100,820,82000.00,2018-01-08 05:06:00.856470
11093,201801085685505,PRIN,26,53,50,821,41050.00,2018-01-08 05:06:00.855050
11094,201801085685474,PRIN,26,47,100,821,82100.00,2018-01-08 05:06:00.854740
11095,201801085685469,PRIN,10,5,167,819,136773.00,2018-01-08 05:06:00.854690
11096,201801085685470,PRIN,10,18,200,820,164000.00,2018-01-08 05:06:00.854700
11097,201801085685450,PRIN,5,29,50,815,40750.00,2018-01-08 05:06:00.854500
11098,201801075684771,PRIN,45,7,200,808,161600.00,2018-01-07 05:06:00.847710
11099,201801075684341,PRIN,45,32,50,808,40400.00,2018-01-07 05:06:00.843410
11100,201801075684275,PRIN,45,49,100,808,80800.00,2018-01-07 05:06:00.842750
11101,201801075684104,PRIN,25,40,183,810,148230.00,2018-01-07 05:06:00.841040
11102,201801075684055,PRIN,21,40,100,810,81000.00,2018-01-07 05:06:00.840550
11103,201801075684068,PRIN,52,40,100,810,81000.00,2018-01-07 05:06:00.840680
11104,201801075683716,PRIN,39,49,200,810,162000.00,2018-01-07 05:06:00.837160
11105,201801075683717,PRIN,55,49,100,807,80700.00,2018-01-07 05:06:00.837170
11106,201801075683683,PRIN,43,32,100,811,81100.00,2018-01-07 05:06:00.836830
11107,201801075683544,PRIN,45,32,50,812,40600.00,2018-01-07 05:06:00.835440
11108,201801075682789,PRIN,40,7,50,815,40750.00,2018-01-07 05:06:00.827890
11109,201801075681697,PRIN,17,7,100,815,81500.00,2018-01-07 05:06:00.816970
11110,201801075681698,PRIN,17,7,19,816,15504.00,2018-01-07 05:06:00.816980
11111,201801075681394,PRIN,6,33,11,800,8800.00,2018-01-07 05:06:00.813940
11112,201801045680622,PRIN,17,34,50,801,40050.00,2018-01-04 05:06:00.806220
11113,201801045680623,PRIN,37,34,345,800,276000.00,2018-01-04 05:06:00.806230
11114,201801045680411,PRIN,10,17,90,802,72180.00,2018-01-04 05:06:00.804110
11115,201801045680412,PRIN,47,17,10,801,8010.00,2018-01-04 05:06:00.804120
11116,201801045680413,PRIN,58,17,200,801,160200.00,2018-01-04 05:06:00.804130
11117,201801045680414,PRIN,34,17,100,801,80100.00,2018-01-04 05:06:00.804140
11118,201801045680415,PRIN,22,17,77,800,61600.00,2018-01-04 05:06:00.804150
11119,201801045680416,PRIN,42,17,300,800,240000.00,2018-01-04 05:06:00.804160
11120,201801045680417,PRIN,50,17,100,800,80000.00,2018-01-04 05:06:00.804170
11121,201801045680418,PRIN,25,17,100,800,80000.00,2018-01-04 05:06:00.804180
11122,201801045680419,PRIN,57,17,65,800,52000.00,2018-01-04 05:06:00.804190
11123,201801045680420,PRIN,37,17,17,800,13600.00,2018-01-04 05:06:00.804200
11124,201801045680373,PRIN,57,14,54,802,43308.00,2018-01-04 05:06:00.803730
11125,201801045680374,PRIN,22,14,60,802,48120.00,2018-01-04 05:06:00.803740
11126,201801045680375,PRIN,47,14,100,802,80200.00,2018-01-04 05:06:00.803750
11127,201801045680376,PRIN,10,14,10,802,8020.00,2018-01-04 05:06:00.803760
11128,201801045680336,PRIN,43,57,149,803,119647.00,2018-01-04 05:06:00.803360
11129,201801045680342,PRIN,53,57,10,803,8030.00,2018-01-04 05:06:00.803420
11130,201801045680343,PRIN,43,57,90,803,72270.00,2018-01-04 05:06:00.803430
11131,201801045680235,PRIN,1,34,50,804,40200.00,2018-01-04 05:06:00.802350
11132,201801045680249,PRIN,1,34,50,804,40200.00,2018-01-04 05:06:00.802490
11133,201801045680169,PRIN,53,53,90,803,72270.00,2018-01-04 05:06:00.801690
11134,201801045680184,PRIN,43,34,100,804,80400.00,2018-01-04 05:06:00.801840
11135,201801045680144,PRIN,6,53,10,803,8030.00,2018-01-04 05:06:00.801440
11136,201801045680004,PRIN,6,7,10,803,8030.00,2018-01-04 05:06:00.800040
11137,201801045680005,PRIN,6,7,100,803,80300.00,2018-01-04 05:06:00.800050
11138,201801045680006,PRIN,6,7,100,803,80300.00,2018-01-04 05:06:00.800060
11139,201801045680007,PRIN,6,7,90,803,72270.00,2018-01-04 05:06:00.800070
11140,201801045679959,PRIN,6,55,10,803,8030.00,2018-01-04 05:06:00.799590
11141,201801045679858,PRIN,34,42,10,803,8030.00,2018-01-04 05:06:00.798580
11142,201801045679859,PRIN,6,42,100,803,80300.00,2018-01-04 05:06:00.798590
11143,201801045679860,PRIN,6,42,80,803,64240.00,2018-01-04 05:06:00.798600
11144,201801045679779,PRIN,22,4,300,802,240600.00,2018-01-04 05:06:00.797790
11145,201801045679719,PRIN,10,4,40,804,32160.00,2018-01-04 05:06:00.797190
11146,201801045679720,PRIN,14,4,50,803,40150.00,2018-01-04 05:06:00.797200
11147,201801045679721,PRIN,34,4,110,803,88330.00,2018-01-04 05:06:00.797210
11148,201801045679430,PRIN,10,34,40,804,32160.00,2018-01-04 05:06:00.794300
11149,201801045679431,PRIN,10,34,160,804,128640.00,2018-01-04 05:06:00.794310
11150,201801045679353,PRIN,53,53,184,803,147752.00,2018-01-04 05:06:00.793530
11151,201801045679369,PRIN,10,4,200,804,160800.00,2018-01-04 05:06:00.793690
11152,201801045679313,PRIN,11,4,100,804,80400.00,2018-01-04 05:06:00.793130
11153,201801045679135,PRIN,22,41,30,805,24150.00,2018-01-04 05:06:00.791350
11154,201801045679136,PRIN,22,45,100,805,80500.00,2018-01-04 05:06:00.791360
11155,201801045679137,PRIN,22,34,10,805,8050.00,2018-01-04 05:06:00.791370
11156,201801045679026,PRIN,14,21,80,803,64240.00,2018-01-04 05:06:00.790260
11157,201801045678984,PRIN,53,42,100,803,80300.00,2018-01-04 05:06:00.789840
11158,201801045678958,PRIN,57,8,27,802,21654.00,2018-01-04 05:06:00.789580
11159,201801045678899,PRIN,57,17,19,802,15238.00,2018-01-04 05:06:00.788990
11160,201801045678849,PRIN,17,41,50,805,40250.00,2018-01-04 05:06:00.788490
11161,201801045678850,PRIN,28,41,50,802,40100.00,2018-01-04 05:06:00.788500
11162,201801045678851,PRIN,46,41,50,802,40100.00,2018-01-04 05:06:00.788510
11163,201801045678852,PRIN,41,41,20,802,16040.00,2018-01-04 05:06:00.788520
11164,201801045678811,PRIN,53,41,96,805,77280.00,2018-01-04 05:06:00.788110
11165,201801045678509,PRIN,34,5,100,802,80200.00,2018-01-04 05:06:00.785090
11166,201801045678403,PRIN,17,8,50,805,40250.00,2018-01-04 05:06:00.784030
11167,201801045677992,PRIN,22,32,50,805,40250.00,2018-01-04 05:06:00.779920
11168,201801045678005,PRIN,53,32,72,805,57960.00,2018-01-04 05:06:00.780050
11169,201801045677902,PRIN,59,32,50,805,40250.00,2018-01-04 05:06:00.779020
11170,201801045677779,PRIN,11,28,27,802,21654.00,2018-01-04 05:06:00.777790
11171,201801045677780,PRIN,22,28,30,802,24060.00,2018-01-04 05:06:00.777800
11172,201801045677781,PRIN,5,28,200,801,160200.00,2018-01-04 05:06:00.777810
11173,201801045677782,PRIN,53,28,20,801,16020.00,2018-01-04 05:06:00.777820
11174,201801045677783,PRIN,59,28,100,800,80000.00,2018-01-04 05:06:00.777830
11175,201801045677784,PRIN,22,28,123,800,98400.00,2018-01-04 05:06:00.777840
11176,201801045677556,PRIN,11,17,10,805,8050.00,2018-01-04 05:06:00.775560
11177,201801045677557,PRIN,35,17,100,805,80500.00,2018-01-04 05:06:00.775570
11178,201801045676983,PRIN,43,48,24,805,19320.00,2018-01-04 05:06:00.769830
11179,201801045676538,PRIN,41,50,30,805,24150.00,2018-01-04 05:06:00.765380
11180,201801045676539,PRIN,11,50,73,802,58546.00,2018-01-04 05:06:00.765390
11181,201801045675724,PRIN,22,34,96,800,76800.00,2018-01-04 05:06:00.757240
11182,201801035675598,PRIN,7,36,200,798,159600.00,2018-01-03 05:06:00.755980
11183,201801035675600,PRIN,57,36,212,798,169176.00,2018-01-03 05:06:00.756000
11184,201801035675439,PRIN,57,37,12,798,9576.00,2018-01-03 05:06:00.754390
11185,201801035675440,PRIN,57,36,88,798,70224.00,2018-01-03 05:06:00.754400
11186,201801035675423,PRIN,37,36,12,797,9564.00,2018-01-03 05:06:00.754230
11187,201801035675428,PRIN,37,37,188,798,150024.00,2018-01-03 05:06:00.754280
11188,201801035675334,PRIN,47,36,100,799,79900.00,2018-01-03 05:06:00.753340
11189,201801035675335,PRIN,53,36,100,798,79800.00,2018-01-03 05:06:00.753350
11190,201801035675336,PRIN,38,36,50,798,39900.00,2018-01-03 05:06:00.753360
11191,201801035675337,PRIN,58,36,388,797,309236.00,2018-01-03 05:06:00.753370
11192,201801035675338,PRIN,32,36,200,797,159400.00,2018-01-03 05:06:00.753380
11193,201801035675359,PRIN,32,36,50,797,39850.00,2018-01-03 05:06:00.753590
11194,201801035675309,PRIN,38,58,60,800,48000.00,2018-01-03 05:06:00.753090
11195,201801035675253,PRIN,38,58,100,800,80000.00,2018-01-03 05:06:00.752530
11196,201801035675273,PRIN,6,37,130,800,104000.00,2018-01-03 05:06:00.752730
11197,201801035675274,PRIN,6,58,70,800,56000.00,2018-01-03 05:06:00.752740
11198,201801035675239,PRIN,32,58,15,800,12000.00,2018-01-03 05:06:00.752390
11199,201801035675240,PRIN,32,58,85,800,68000.00,2018-01-03 05:06:00.752400
11200,201801035675015,PRIN,38,58,500,800,400000.00,2018-01-03 05:06:00.750150
11201,201801035674966,PRIN,10,58,100,800,80000.00,2018-01-03 05:06:00.749660
11202,201801035674930,PRIN,47,58,50,800,40000.00,2018-01-03 05:06:00.749300
11203,201801035674879,PRIN,14,58,170,800,136000.00,2018-01-03 05:06:00.748790
11204,201801035674896,PRIN,14,58,30,800,24000.00,2018-01-03 05:06:00.748960
11205,201801035674897,PRIN,19,58,65,800,52000.00,2018-01-03 05:06:00.748970
11206,201801035674898,PRIN,41,58,70,800,56000.00,2018-01-03 05:06:00.748980
11207,201801035674899,PRIN,22,58,170,800,136000.00,2018-01-03 05:06:00.748990
11208,201801035674855,PRIN,34,58,150,800,120000.00,2018-01-03 05:06:00.748550
11209,201801035674796,PRIN,22,58,300,800,240000.00,2018-01-03 05:06:00.747960
11210,201801035674716,PRIN,51,58,30,800,24000.00,2018-01-03 05:06:00.747160
11211,201801035674659,PRIN,52,58,100,800,80000.00,2018-01-03 05:06:00.746590
11212,201801035674665,PRIN,49,58,50,800,40000.00,2018-01-03 05:06:00.746650
11213,201801035674609,PRIN,6,59,50,799,39950.00,2018-01-03 05:06:00.746090
11214,201801035674610,PRIN,32,59,200,798,159600.00,2018-01-03 05:06:00.746100
11215,201801035674611,PRIN,6,59,222,797,176934.00,2018-01-03 05:06:00.746110
11216,201801035674612,PRIN,58,59,112,797,89264.00,2018-01-03 05:06:00.746120
11217,201801035674581,PRIN,41,58,200,800,160000.00,2018-01-03 05:06:00.745810
11218,201801035674413,PRIN,6,49,178,797,141866.00,2018-01-03 05:06:00.744130
11219,201801035674423,PRIN,6,26,100,797,79700.00,2018-01-03 05:06:00.744230
11220,201801035674336,PRIN,22,58,25,800,20000.00,2018-01-03 05:06:00.743360
11221,201801035674357,PRIN,22,58,75,810,60750.00,2018-01-03 05:06:00.743570
11222,201801035674289,PRIN,22,58,100,805,80500.00,2018-01-03 05:06:00.742890
11223,201801035674290,PRIN,32,58,175,801,140175.00,2018-01-03 05:06:00.742900
11224,201801035674291,PRIN,10,58,100,800,80000.00,2018-01-03 05:06:00.742910
11225,201801035674292,PRIN,37,58,100,800,80000.00,2018-01-03 05:06:00.742920
11226,201801035674293,PRIN,22,58,100,800,80000.00,2018-01-03 05:06:00.742930
11227,201801035674294,PRIN,22,58,200,800,160000.00,2018-01-03 05:06:00.742940
11228,201801035674307,PRIN,53,58,100,800,80000.00,2018-01-03 05:06:00.743070
11229,201801035674310,PRIN,53,58,100,800,80000.00,2018-01-03 05:06:00.743100
11230,201801035674284,PRIN,32,58,25,801,20025.00,2018-01-03 05:06:00.742840
11231,201801035674225,PRIN,36,4,100,805,80500.00,2018-01-03 05:06:00.742250
11232,201801035674234,PRIN,36,58,200,805,161000.00,2018-01-03 05:06:00.742340
11233,201801035673754,PRIN,49,56,100,802,80200.00,2018-01-03 05:06:00.737540
11234,201801035673755,PRIN,6,56,300,802,240600.00,2018-01-03 05:06:00.737550
11235,201801035673756,PRIN,38,56,500,801,400500.00,2018-01-03 05:06:00.737560
11236,201801035673757,PRIN,22,56,200,800,160000.00,2018-01-03 05:06:00.737570
11237,201801035673758,PRIN,19,56,13,800,10400.00,2018-01-03 05:06:00.737580
11238,201801035673733,PRIN,38,56,50,808,40400.00,2018-01-03 05:06:00.737330
11239,201801035673734,PRIN,36,56,15,807,12105.00,2018-01-03 05:06:00.737340
11240,201801035673735,PRIN,21,56,10,805,8050.00,2018-01-03 05:06:00.737350
11241,201801035673736,PRIN,22,56,50,805,40250.00,2018-01-03 05:06:00.737360
11242,201801035673737,PRIN,41,56,50,805,40250.00,2018-01-03 05:06:00.737370
11243,201801035673738,PRIN,32,56,200,805,161000.00,2018-01-03 05:06:00.737380
11244,201801035673739,PRIN,42,56,62,804,49848.00,2018-01-03 05:06:00.737390
11245,201801035673740,PRIN,6,56,50,804,40200.00,2018-01-03 05:06:00.737400
11246,201801035673741,PRIN,40,56,200,803,160600.00,2018-01-03 05:06:00.737410
11247,201801035673742,PRIN,32,56,200,803,160600.00,2018-01-03 05:06:00.737420
11248,201801035673408,PRIN,6,58,200,810,162000.00,2018-01-03 05:06:00.734080
11249,201801035673420,PRIN,32,58,100,810,81000.00,2018-01-03 05:06:00.734200
11250,201801035673421,PRIN,32,58,100,810,81000.00,2018-01-03 05:06:00.734210
11251,201801035672731,PRIN,54,18,20,805,16100.00,2018-01-03 05:06:00.727310
11252,201801035672732,PRIN,42,18,218,804,175272.00,2018-01-03 05:06:00.727320
11253,201801035672703,PRIN,40,36,200,807,161400.00,2018-01-03 05:06:00.727030
11254,201801035672704,PRIN,22,36,100,806,80600.00,2018-01-03 05:06:00.727040
11255,201801035672705,PRIN,53,36,100,806,80600.00,2018-01-03 05:06:00.727050
11256,201801035672706,PRIN,53,36,10,806,8060.00,2018-01-03 05:06:00.727060
11257,201801035672561,PRIN,58,58,15,819,12285.00,2018-01-03 05:06:00.725610
11258,201801035672567,PRIN,32,58,50,811,40550.00,2018-01-03 05:06:00.725670
11259,201801035672568,PRIN,37,58,20,811,16220.00,2018-01-03 05:06:00.725680
11260,201801035672569,PRIN,40,58,200,811,162200.00,2018-01-03 05:06:00.725690
11261,201801035672570,PRIN,11,58,100,810,81000.00,2018-01-03 05:06:00.725700
11262,201801035671686,PRIN,22,58,10,820,8200.00,2018-01-03 05:06:00.716860
11263,201801025670504,PRIN,22,53,100,822,82200.00,2018-01-02 05:06:00.705040
11264,201801025669679,PRIN,22,53,200,821,164200.00,2018-01-02 05:06:00.696790
11265,201801025669680,PRIN,17,53,120,821,98520.00,2018-01-02 05:06:00.696800
11266,201801025669681,PRIN,22,53,20,820,16400.00,2018-01-02 05:06:00.696810
11267,201801025669682,PRIN,22,53,300,820,246000.00,2018-01-02 05:06:00.696820
11268,201801025669683,PRIN,17,53,100,820,82000.00,2018-01-02 05:06:00.696830
11269,201801025669430,PRIN,49,36,100,822,82200.00,2018-01-02 05:06:00.694300
11270,201801025669431,PRIN,22,36,100,821,82100.00,2018-01-02 05:06:00.694310
11271,201801025669380,PRIN,42,32,250,825,206250.00,2018-01-02 05:06:00.693800
11272,201801025669300,PRIN,32,33,50,825,41250.00,2018-01-02 05:06:00.693000
11273,201801025669314,PRIN,7,25,38,828,31464.00,2018-01-02 05:06:00.693140
11274,201801025669315,PRIN,7,58,38,829,31502.00,2018-01-02 05:06:00.693150
11275,201801025669316,PRIN,32,41,100,825,82500.00,2018-01-02 05:06:00.693160
11276,201801025669288,PRIN,22,25,100,828,82800.00,2018-01-02 05:06:00.692880
11277,201801025669295,PRIN,32,33,50,825,41250.00,2018-01-02 05:06:00.692950
11278,201801025669264,PRIN,22,25,100,828,82800.00,2018-01-02 05:06:00.692640
11279,201801025669080,PRIN,6,58,462,825,381150.00,2018-01-02 05:06:00.690800
11280,201801025669083,PRIN,37,58,500,824,412000.00,2018-01-02 05:06:00.690830
11281,201801025669084,PRIN,34,58,100,823,82300.00,2018-01-02 05:06:00.690840
11282,201801025669085,PRIN,41,58,400,823,329200.00,2018-01-02 05:06:00.690850
11283,201801025669067,PRIN,6,58,50,826,41300.00,2018-01-02 05:06:00.690670
11284,201801025669068,PRIN,37,58,62,825,51150.00,2018-01-02 05:06:00.690680
11285,201801025669069,PRIN,42,58,150,825,123750.00,2018-01-02 05:06:00.690690
11286,201801025669070,PRIN,6,58,38,825,31350.00,2018-01-02 05:06:00.690700
11287,201801025668996,PRIN,37,45,38,825,31350.00,2018-01-02 05:06:00.689960
11288,201801025668901,PRIN,29,33,100,828,82800.00,2018-01-02 05:06:00.689010
11289,201801025668909,PRIN,34,58,500,827,413500.00,2018-01-02 05:06:00.689090
11290,201801025668718,PRIN,53,53,400,835,334000.00,2018-01-02 05:06:00.687180
11291,201801025668646,PRIN,7,58,200,834,166800.00,2018-01-02 05:06:00.686460
11292,201801025668647,PRIN,7,58,158,835,131930.00,2018-01-02 05:06:00.686470
11293,201801025668648,PRIN,7,58,70,835,58450.00,2018-01-02 05:06:00.686480
11294,201801025668596,PRIN,14,49,31,830,25730.00,2018-01-02 05:06:00.685960
11295,201801025668556,PRIN,41,49,81,830,67230.00,2018-01-02 05:06:00.685560
11296,201801025668557,PRIN,21,49,100,830,83000.00,2018-01-02 05:06:00.685570
11297,201801025668480,PRIN,41,1,19,830,15770.00,2018-01-02 05:06:00.684800
11298,201801025667695,PRIN,37,58,300,828,248400.00,2018-01-02 05:06:00.676950
11299,201801025667696,PRIN,17,58,100,827,82700.00,2018-01-02 05:06:00.676960
11300,201801025667697,PRIN,21,58,100,826,82600.00,2018-01-02 05:06:00.676970
11301,201801025667698,PRIN,6,58,300,826,247800.00,2018-01-02 05:06:00.676980
11302,201801025667699,PRIN,34,58,500,825,412500.00,2018-01-02 05:06:00.676990
11303,201801025667707,PRIN,21,58,100,824,82400.00,2018-01-02 05:06:00.677070
11304,201801025667708,PRIN,32,58,200,824,164800.00,2018-01-02 05:06:00.677080
11305,201801025667709,PRIN,53,58,50,823,41150.00,2018-01-02 05:06:00.677090
11306,201801025667710,PRIN,58,58,300,823,246900.00,2018-01-02 05:06:00.677100
11307,201801025667711,PRIN,19,58,200,822,164400.00,2018-01-02 05:06:00.677110
11308,201801025667712,PRIN,6,58,200,822,164400.00,2018-01-02 05:06:00.677120
11309,201801025667713,PRIN,17,58,50,822,41100.00,2018-01-02 05:06:00.677130
11310,201801025667714,PRIN,52,58,100,821,82100.00,2018-01-02 05:06:00.677140
11311,201801025667715,PRIN,6,58,1000,821,821000.00,2018-01-02 05:06:00.677150
11312,201801025667716,PRIN,49,58,20,820,16400.00,2018-01-02 05:06:00.677160
11313,201801025667717,PRIN,22,58,180,820,147600.00,2018-01-02 05:06:00.677170
11314,201801025667576,PRIN,45,58,42,835,35070.00,2018-01-02 05:06:00.675760
11315,201801025667466,PRIN,17,58,200,835,167000.00,2018-01-02 05:06:00.674660
11316,201801025667467,PRIN,17,1,50,835,41750.00,2018-01-02 05:06:00.674670
11317,201801025667405,PRIN,10,58,100,835,83500.00,2018-01-02 05:06:00.674050
11318,201801025667193,PRIN,14,58,200,835,167000.00,2018-01-02 05:06:00.671930
11319,201801025667194,PRIN,14,57,100,835,83500.00,2018-01-02 05:06:00.671940
11320,201801025666851,PRIN,53,58,150,835,125250.00,2018-01-02 05:06:00.668510
11321,201801025666844,PRIN,53,58,150,835,125250.00,2018-01-02 05:06:00.668440
11322,201801025666602,PRIN,17,16,143,833,119119.00,2018-01-02 05:06:00.666020
11323,201801025666603,PRIN,17,58,100,834,83400.00,2018-01-02 05:06:00.666030
11324,201801025666604,PRIN,17,58,500,835,417500.00,2018-01-02 05:06:00.666040
11325,201801025666621,PRIN,17,49,496,836,414656.00,2018-01-02 05:06:00.666210
11326,201801025666622,PRIN,17,53,100,836,83600.00,2018-01-02 05:06:00.666220
11327,201801025666590,PRIN,26,16,50,825,41250.00,2018-01-02 05:06:00.665900
11328,201801025666548,PRIN,38,58,200,824,164800.00,2018-01-02 05:06:00.665480
11329,201801025666530,PRIN,55,58,100,834,83400.00,2018-01-02 05:06:00.665300
11330,201801025666387,PRIN,1,28,150,836,125400.00,2018-01-02 05:06:00.663870
11331,201801025666073,PRIN,28,58,300,827,248100.00,2018-01-02 05:06:00.660730
11332,201801025665939,PRIN,51,53,125,825,103125.00,2018-01-02 05:06:00.659390
11333,201801025665727,PRIN,55,34,10,813,8130.00,2018-01-02 05:06:00.657270
11334,201801025665312,PRIN,58,58,1020,801,817020.00,2018-01-02 05:06:00.653120
11335,201801025665303,PRIN,46,58,10,810,8100.00,2018-01-02 05:06:00.653030
11336,201801025665272,PRIN,41,20,10,809,8090.00,2018-01-02 05:06:00.652720
11337,201801025665273,PRIN,20,57,11,816,8976.00,2018-01-02 05:06:00.652730
11338,201801025665274,PRIN,20,53,10,819,8190.00,2018-01-02 05:06:00.652740
11339,201801025665275,PRIN,20,36,200,820,164000.00,2018-01-02 05:06:00.652750
11340,201801025665276,PRIN,20,7,100,820,82000.00,2018-01-02 05:06:00.652760
11341,201801025664961,PRIN,35,44,50,795,39750.00,2018-01-02 05:06:00.649610
11342,201801025664963,PRIN,35,45,50,795,39750.00,2018-01-02 05:06:00.649630
11343,201801025664964,PRIN,37,45,50,795,39750.00,2018-01-02 05:06:00.649640
11344,201801025664965,PRIN,33,45,100,794,79400.00,2018-01-02 05:06:00.649650
11345,201801025664771,PRIN,22,41,30,816,24480.00,2018-01-02 05:06:00.647710
11346,201801025664772,PRIN,45,41,100,815,81500.00,2018-01-02 05:06:00.647720
11347,201801025664773,PRIN,59,41,150,810,121500.00,2018-01-02 05:06:00.647730
11348,201801025664774,PRIN,59,41,50,810,40500.00,2018-01-02 05:06:00.647740
11349,201801025664775,PRIN,13,41,100,810,81000.00,2018-01-02 05:06:00.647750
11350,201801025664776,PRIN,22,41,150,810,121500.00,2018-01-02 05:06:00.647760
11351,201801025664166,PRIN,49,49,100,830,83000.00,2018-01-02 05:06:00.641660
11352,201801025664167,PRIN,45,58,50,825,41250.00,2018-01-02 05:06:00.641670
11353,201801025664014,PRIN,35,58,300,830,249000.00,2018-01-02 05:06:00.640140
11354,201801025664015,PRIN,57,58,200,827,165400.00,2018-01-02 05:06:00.640150
11355,201801025664016,PRIN,42,58,200,825,165000.00,2018-01-02 05:06:00.640160
11356,201801015663601,PRIN,17,44,162,840,136080.00,2018-01-01 05:06:00.636010
11357,201801015663316,PRIN,17,53,138,835,115230.00,2018-01-01 05:06:00.633160
11358,201801015662977,PRIN,6,16,200,844,168800.00,2018-01-01 05:06:00.629770
11359,201801015662978,PRIN,6,22,200,845,169000.00,2018-01-01 05:06:00.629780
11360,201801015662849,PRIN,37,58,180,828,149040.00,2018-01-01 05:06:00.628490
11361,201801015662850,PRIN,37,53,50,829,41450.00,2018-01-01 05:06:00.628500
11362,201801015662851,PRIN,37,43,200,829,165800.00,2018-01-01 05:06:00.628510
11363,201801015662852,PRIN,37,53,50,830,41500.00,2018-01-01 05:06:00.628520
11364,201801015662829,PRIN,52,58,160,827,132320.00,2018-01-01 05:06:00.628290
11365,201801015662842,PRIN,41,58,20,828,16560.00,2018-01-01 05:06:00.628420
11366,201801015662752,PRIN,17,46,500,825,412500.00,2018-01-01 05:06:00.627520
11367,201801015662247,PRIN,58,58,390,814,317460.00,2018-01-01 05:06:00.622470
11368,201801015662226,PRIN,58,58,1000,804,804000.00,2018-01-01 05:06:00.622260
11369,201801015662187,PRIN,17,14,50,817,40850.00,2018-01-01 05:06:00.621870
11370,201801015662188,PRIN,17,51,50,817,40850.00,2018-01-01 05:06:00.621880
11371,201801015662189,PRIN,17,36,200,820,164000.00,2018-01-01 05:06:00.621890
11372,201801015662190,PRIN,17,6,35,820,28700.00,2018-01-01 05:06:00.621900
11373,201801015662214,PRIN,58,58,1000,804,804000.00,2018-01-01 05:06:00.622140
11374,201801015662147,PRIN,36,53,200,815,163000.00,2018-01-01 05:06:00.621470
11375,201801015662094,PRIN,17,58,156,813,126828.00,2018-01-01 05:06:00.620940
11376,201801015662028,PRIN,46,58,144,810,116640.00,2018-01-01 05:06:00.620280
11377,201801015661886,PRIN,17,58,300,815,244500.00,2018-01-01 05:06:00.618860
11378,201801015661803,PRIN,17,33,115,814,93610.00,2018-01-01 05:06:00.618030
11379,201801015661804,PRIN,17,26,100,815,81500.00,2018-01-01 05:06:00.618040
11380,201801015661753,PRIN,37,58,144,810,116640.00,2018-01-01 05:06:00.617530
11381,201801015661772,PRIN,46,58,56,810,45360.00,2018-01-01 05:06:00.617720
11382,201801015661697,PRIN,20,58,100,810,81000.00,2018-01-01 05:06:00.616970
11383,201801015661431,PRIN,17,19,69,809,55821.00,2018-01-01 05:06:00.614310
11384,201801015661432,PRIN,17,33,255,810,206550.00,2018-01-01 05:06:00.614320
11385,201801015661433,PRIN,17,13,100,810,81000.00,2018-01-01 05:06:00.614330
11386,201801015661394,PRIN,53,58,250,805,201250.00,2018-01-01 05:06:00.613940
11387,201801015661395,PRIN,53,26,100,807,80700.00,2018-01-01 05:06:00.613950
11388,201801015661396,PRIN,53,1,265,808,214120.00,2018-01-01 05:06:00.613960
11389,201801015661342,PRIN,22,58,50,805,40250.00,2018-01-01 05:06:00.613420
11390,201801015661245,PRIN,37,25,120,805,96600.00,2018-01-01 05:06:00.612450
11391,201801015661168,PRIN,53,35,125,807,100875.00,2018-01-01 05:06:00.611680
11392,201801015661063,PRIN,10,19,50,805,40250.00,2018-01-01 05:06:00.610630
11393,201801015661064,PRIN,10,29,50,807,40350.00,2018-01-01 05:06:00.610640
11394,201801015661067,PRIN,28,29,50,807,40350.00,2018-01-01 05:06:00.610670
11395,201801015661041,PRIN,7,25,100,805,80500.00,2018-01-01 05:06:00.610410
11396,201801015660996,PRIN,53,35,100,804,80400.00,2018-01-01 05:06:00.609960
11397,201801015660974,PRIN,17,35,100,802,80200.00,2018-01-01 05:06:00.609740
11398,201801015660975,PRIN,17,58,200,803,160600.00,2018-01-01 05:06:00.609750
11399,201801015660919,PRIN,58,58,1000,790,790000.00,2018-01-01 05:06:00.609190
11400,201801015660878,PRIN,13,35,100,802,80200.00,2018-01-01 05:06:00.608780
11401,201801015660050,PRIN,53,58,50,801,40050.00,2018-01-01 05:06:00.600500
11402,201801015660051,PRIN,54,58,100,800,80000.00,2018-01-01 05:06:00.600510
11403,201801015660052,PRIN,21,58,10,800,8000.00,2018-01-01 05:06:00.600520
11404,201801015660053,PRIN,39,58,50,800,40000.00,2018-01-01 05:06:00.600530
11405,201801015659672,PRIN,21,7,50,802,40100.00,2018-01-01 05:06:00.596720
11406,201801015659673,PRIN,40,7,100,801,80100.00,2018-01-01 05:06:00.596730
11407,201801015659352,PRIN,11,7,200,805,161000.00,2018-01-01 05:06:00.593520
11408,201801015659353,PRIN,38,7,150,805,120750.00,2018-01-01 05:06:00.593530
11409,201801015659324,PRIN,26,35,50,811,40550.00,2018-01-01 05:06:00.593240
1,2019040301005496,PRIN,51,32,200,410,82000.00,2019-04-03 01:00:00.549600
2,2019040301005016,PRIN,41,4,50,411,20550.00,2019-04-03 01:00:00.501600
3,2019040301005015,PRIN,32,4,100,411,41100.00,2019-04-03 01:00:00.501500
4,2019040301005014,PRIN,22,4,50,412,20600.00,2019-04-03 01:00:00.501400
5,2019040301003529,PRIN,22,59,50,412,20600.00,2019-04-03 01:00:00.352900
6,2019040301003069,PRIN,32,49,400,411,164400.00,2019-04-03 01:00:00.306900
7,2019040301002723,PRIN,48,53,200,415,83000.00,2019-04-03 01:00:00.272300
8,2019040301001452,PRIN,58,20,100,419,41900.00,2019-04-03 01:00:00.145200
9,2019040301001335,PRIN,34,43,383,415,158945.00,2019-04-03 01:00:00.133500
10,2019040201007767,PRIN,49,32,10,414,4140.00,2019-04-02 01:00:00.776700
11,2019040201007105,PRIN,39,58,85,410,34850.00,2019-04-02 01:00:00.710500
12,2019040201007104,PRIN,22,58,100,410,41000.00,2019-04-02 01:00:00.710400
13,2019040201007103,PRIN,41,58,15,410,6150.00,2019-04-02 01:00:00.710300
14,2019040201007102,PRIN,55,58,200,411,82200.00,2019-04-02 01:00:00.710200
15,2019040201007101,PRIN,22,58,100,412,41200.00,2019-04-02 01:00:00.710100
16,2019040201005180,PRIN,25,48,300,416,124800.00,2019-04-02 01:00:00.518000
17,2019040201005179,PRIN,25,58,500,416,208000.00,2019-04-02 01:00:00.517900
18,2019040201005178,PRIN,25,28,500,415,207500.00,2019-04-02 01:00:00.517800
19,2019040201005177,PRIN,25,34,345,415,143175.00,2019-04-02 01:00:00.517700
20,2019040201005176,PRIN,25,28,316,414,130824.00,2019-04-02 01:00:00.517600
21,2019040201005175,PRIN,25,1,50,413,20650.00,2019-04-02 01:00:00.517500
22,2019040201005174,PRIN,25,10,46,413,18998.00,2019-04-02 01:00:00.517400
23,2019040201005173,PRIN,25,28,90,413,37170.00,2019-04-02 01:00:00.517300
24,2019040201004829,PRIN,49,28,10,413,4130.00,2019-04-02 01:00:00.482900
25,2019040201002445,PRIN,28,41,400,410,164000.00,2019-04-02 01:00:00.244500
26,2019040201002444,PRIN,28,28,60,409,24540.00,2019-04-02 01:00:00.244400
27,2019040101006019,PRIN,32,32,10,408,4080.00,2019-04-01 01:00:00.601900
28,2019040101006013,PRIN,22,6,460,405,186300.00,2019-04-01 01:00:00.601300
29,2019040101005956,PRIN,32,40,95,405,38475.00,2019-04-01 01:00:00.595600
30,2019040101005955,PRIN,58,40,385,405,155925.00,2019-04-01 01:00:00.595500
31,2019040101005761,PRIN,58,35,100,405,40500.00,2019-04-01 01:00:00.576100
32,2019040101005706,PRIN,58,51,15,405,6075.00,2019-04-01 01:00:00.570600
33,2019040101005659,PRIN,32,51,85,405,34425.00,2019-04-01 01:00:00.565900
34,2019040101005626,PRIN,32,25,115,405,46575.00,2019-04-01 01:00:00.562600
35,2019040101005625,PRIN,7,25,35,405,14175.00,2019-04-01 01:00:00.562500
36,2019040101005613,PRIN,7,45,15,405,6075.00,2019-04-01 01:00:00.561300
37,2019040101005612,PRIN,14,45,109,405,44145.00,2019-04-01 01:00:00.561200
38,2019040101005020,PRIN,40,25,500,406,203000.00,2019-04-01 01:00:00.502000
39,2019040101005019,PRIN,45,25,150,407,61050.00,2019-04-01 01:00:00.501900
40,2019040101004972,PRIN,51,32,150,408,61200.00,2019-04-01 01:00:00.497200
41,2019040101004971,PRIN,19,32,200,408,81600.00,2019-04-01 01:00:00.497100
42,2019040101004248,PRIN,34,57,200,409,81800.00,2019-04-01 01:00:00.424800
43,2019040101004247,PRIN,34,28,200,409,81800.00,2019-04-01 01:00:00.424700
44,2019040101004246,PRIN,34,28,40,409,16360.00,2019-04-01 01:00:00.424600
45,2019040101004008,PRIN,45,51,200,408,81600.00,2019-04-01 01:00:00.400800
46,2019040101003512,PRIN,32,58,200,408,81600.00,2019-04-01 01:00:00.351200
47,2019040101003511,PRIN,32,58,200,408,81600.00,2019-04-01 01:00:00.351100
48,2019040101003507,PRIN,14,17,200,405,81000.00,2019-04-01 01:00:00.350700
49,2019040101003428,PRIN,14,17,100,405,40500.00,2019-04-01 01:00:00.342800
50,2019040101003413,PRIN,14,17,91,405,36855.00,2019-04-01 01:00:00.341300
51,2019040101003412,PRIN,14,17,100,405,40500.00,2019-04-01 01:00:00.341200
52,2019040101003411,PRIN,49,17,109,405,44145.00,2019-04-01 01:00:00.341100
53,2019040101003373,PRIN,28,58,300,408,122400.00,2019-04-01 01:00:00.337300
54,2019040101003372,PRIN,28,1,200,407,81400.00,2019-04-01 01:00:00.337200
55,2019040101002747,PRIN,49,33,150,405,60750.00,2019-04-01 01:00:00.274700
56,2019040101002387,PRIN,51,28,100,406,40600.00,2019-04-01 01:00:00.238700
57,2019040101002386,PRIN,52,28,100,406,40600.00,2019-04-01 01:00:00.238600
58,2019040101001682,PRIN,49,47,41,405,16605.00,2019-04-01 01:00:00.168200
59,2019040101001681,PRIN,34,47,59,405,23895.00,2019-04-01 01:00:00.168100
60,2019040101000787,PRIN,34,33,941,405,381105.00,2019-04-01 01:00:00.078700
61,2019033101005712,PRIN,41,48,104,405,42120.00,2019-03-31 01:00:00.571200
62,2019033101005711,PRIN,38,48,200,405,81000.00,2019-03-31 01:00:00.571100
63,2019033101005710,PRIN,51,48,46,405,18630.00,2019-03-31 01:00:00.571000
64,2019033101005709,PRIN,22,48,200,406,81200.00,2019-03-31 01:00:00.570900
65,2019033101005708,PRIN,22,48,50,406,20300.00,2019-03-31 01:00:00.570800
66,2019033101005707,PRIN,22,48,50,407,20350.00,2019-03-31 01:00:00.570700
67,2019033101003391,PRIN,40,21,40,410,16400.00,2019-03-31 01:00:00.339100
68,2019033101003390,PRIN,40,49,60,410,24600.00,2019-03-31 01:00:00.339000
69,2019033101002333,PRIN,51,5,17,405,6885.00,2019-03-31 01:00:00.233300
70,2019033101002332,PRIN,45,5,90,407,36630.00,2019-03-31 01:00:00.233200
71,2019033101001696,PRIN,45,46,10,407,4070.00,2019-03-31 01:00:00.169600
72,2019033101001695,PRIN,26,46,10,407,4070.00,2019-03-31 01:00:00.169500
73,2019033101000799,PRIN,51,42,37,405,14985.00,2019-03-31 01:00:00.079900
74,2019033101000568,PRIN,32,32,87,407,35409.00,2019-03-31 01:00:00.056800
75,2019032801005624,PRIN,50,5,107,407,43549.00,2019-03-28 01:00:00.562400
76,2019032801005569,PRIN,49,5,102,407,41514.00,2019-03-28 01:00:00.556900
77,2019032801005051,PRIN,49,36,98,407,39886.00,2019-03-28 01:00:00.505100
78,2019032801005050,PRIN,36,36,20,408,8160.00,2019-03-28 01:00:00.505000
79,2019032801005049,PRIN,17,36,172,409,70348.00,2019-03-28 01:00:00.504900
80,2019032801005048,PRIN,22,36,10,410,4100.00,2019-03-28 01:00:00.504800
81,2019032801004986,PRIN,57,39,80,411,32880.00,2019-03-28 01:00:00.498600
82,2019032801004985,PRIN,57,42,33,410,13530.00,2019-03-28 01:00:00.498500
83,2019032801004484,PRIN,22,57,90,410,36900.00,2019-03-28 01:00:00.448400
84,2019032801004469,PRIN,29,57,10,410,4100.00,2019-03-28 01:00:00.446900
85,2019032801004354,PRIN,4,57,100,410,41000.00,2019-03-28 01:00:00.435400
86,2019032801003846,PRIN,4,25,100,410,41000.00,2019-03-28 01:00:00.384600
87,2019032801003052,PRIN,17,10,116,409,47444.00,2019-03-28 01:00:00.305200
88,2019032801003035,PRIN,32,53,150,410,61500.00,2019-03-28 01:00:00.303500
89,2019032801002931,PRIN,17,39,51,409,20859.00,2019-03-28 01:00:00.293100
90,2019032801002910,PRIN,17,46,20,409,8180.00,2019-03-28 01:00:00.291000
91,2019032801002864,PRIN,17,41,641,409,262169.00,2019-03-28 01:00:00.286400
92,2019032701005010,PRIN,28,51,300,410,123000.00,2019-03-27 01:00:00.501000
93,2019032701004924,PRIN,25,51,50,410,20500.00,2019-03-27 01:00:00.492400
94,2019032701004463,PRIN,13,51,100,410,41000.00,2019-03-27 01:00:00.446300
95,2019032701004461,PRIN,57,45,24,409,9816.00,2019-03-27 01:00:00.446100
96,2019032701004325,PRIN,51,51,200,410,82000.00,2019-03-27 01:00:00.432500
97,2019032701003749,PRIN,49,51,500,410,205000.00,2019-03-27 01:00:00.374900
98,2019032701002655,PRIN,26,51,50,410,20500.00,2019-03-27 01:00:00.265500
99,2019032601004454,PRIN,28,28,15,415,6225.00,2019-03-26 01:00:00.445400
100,2019032601004370,PRIN,40,49,101,411,41511.00,2019-03-26 01:00:00.437000
101,2019032601003087,PRIN,53,45,82,414,33948.00,2019-03-26 01:00:00.308700
102,2019032601002520,PRIN,48,19,100,410,41000.00,2019-03-26 01:00:00.252000
103,2019032601002462,PRIN,48,49,21,410,8610.00,2019-03-26 01:00:00.246200
104,2019032601002454,PRIN,48,42,90,410,36900.00,2019-03-26 01:00:00.245400
105,2019032601002453,PRIN,40,42,10,411,4110.00,2019-03-26 01:00:00.245300
106,2019032501004665,PRIN,48,45,248,410,101680.00,2019-03-25 01:00:00.466500
107,2019032501004664,PRIN,4,45,50,410,20500.00,2019-03-25 01:00:00.466400
108,2019032501003514,PRIN,34,36,12,408,4896.00,2019-03-25 01:00:00.351400
109,2019032501003513,PRIN,17,36,50,410,20500.00,2019-03-25 01:00:00.351300
110,2019032501002243,PRIN,32,48,138,413,56994.00,2019-03-25 01:00:00.224300
111,2019032501002095,PRIN,34,16,345,410,141450.00,2019-03-25 01:00:00.209500
112,2019032501001708,PRIN,34,45,348,408,141984.00,2019-03-25 01:00:00.170800
113,2019032501001707,PRIN,34,51,230,407,93610.00,2019-03-25 01:00:00.170700
114,2019032501001692,PRIN,1,34,147,406,59682.00,2019-03-25 01:00:00.169200
115,2019032501001666,PRIN,1,8,100,406,40600.00,2019-03-25 01:00:00.166600
116,2019032501001349,PRIN,34,39,300,405,121500.00,2019-03-25 01:00:00.134900
117,2019032501001348,PRIN,32,39,100,406,40600.00,2019-03-25 01:00:00.134800
118,2019032401006749,PRIN,43,17,511,405,206955.00,2019-03-24 01:00:00.674900
119,2019032401006748,PRIN,59,17,50,405,20250.00,2019-03-24 01:00:00.674800
120,2019032401006747,PRIN,59,17,50,405,20250.00,2019-03-24 01:00:00.674700
121,2019032401006746,PRIN,41,17,57,405,23085.00,2019-03-24 01:00:00.674600
122,2019032401006745,PRIN,39,17,172,406,69832.00,2019-03-24 01:00:00.674500
123,2019032401006572,PRIN,39,58,28,406,11368.00,2019-03-24 01:00:00.657200
124,2019032401006205,PRIN,41,39,173,405,70065.00,2019-03-24 01:00:00.620500
125,2019032401006204,PRIN,32,39,400,406,162400.00,2019-03-24 01:00:00.620400
126,2019032401006203,PRIN,35,39,295,406,119770.00,2019-03-24 01:00:00.620300
127,2019032401006202,PRIN,54,39,132,406,53592.00,2019-03-24 01:00:00.620200
128,2019032401006154,PRIN,54,39,168,406,68208.00,2019-03-24 01:00:00.615400
129,2019032401006153,PRIN,57,39,50,406,20300.00,2019-03-24 01:00:00.615300
130,2019032401006152,PRIN,17,39,50,406,20300.00,2019-03-24 01:00:00.615200
131,2019032401006151,PRIN,34,39,500,406,203000.00,2019-03-24 01:00:00.615100
132,2019032401006150,PRIN,21,39,10,406,4060.00,2019-03-24 01:00:00.615000
133,2019032401006149,PRIN,7,39,42,407,17094.00,2019-03-24 01:00:00.614900
134,2019032401006142,PRIN,4,43,70,410,28700.00,2019-03-24 01:00:00.614200
135,2019032401006113,PRIN,7,58,10,407,4070.00,2019-03-24 01:00:00.611300
136,2019032401005889,PRIN,7,33,98,407,39886.00,2019-03-24 01:00:00.588900
137,2019032401005888,PRIN,22,33,200,407,81400.00,2019-03-24 01:00:00.588800
138,2019032401005887,PRIN,29,33,50,408,20400.00,2019-03-24 01:00:00.588700
139,2019032401004758,PRIN,32,19,100,410,41000.00,2019-03-24 01:00:00.475800
140,2019032401004716,PRIN,28,57,40,408,16320.00,2019-03-24 01:00:00.471600
141,2019032401004715,PRIN,26,57,10,409,4090.00,2019-03-24 01:00:00.471500
142,2019032401003866,PRIN,45,45,42,410,17220.00,2019-03-24 01:00:00.386600
143,2019032401003695,PRIN,57,45,50,410,20500.00,2019-03-24 01:00:00.369500
144,2019032401002769,PRIN,56,51,50,409,20450.00,2019-03-24 01:00:00.276900
145,2019032401002611,PRIN,21,21,3,406,1218.00,2019-03-24 01:00:00.261100
146,2019032101004150,PRIN,48,41,20,410,8200.00,2019-03-21 01:00:00.415000
147,2019032101003978,PRIN,48,49,79,410,32390.00,2019-03-21 01:00:00.397800
148,2019032101003977,PRIN,13,49,40,410,16400.00,2019-03-21 01:00:00.397700
149,2019032101003976,PRIN,25,49,181,410,74210.00,2019-03-21 01:00:00.397600
150,2019032101003975,PRIN,28,49,200,411,82200.00,2019-03-21 01:00:00.397500
151,2019032101003888,PRIN,45,51,358,412,147496.00,2019-03-21 01:00:00.388800
152,2019032101003507,PRIN,45,50,100,412,41200.00,2019-03-21 01:00:00.350700
153,2019032101003357,PRIN,45,41,42,412,17304.00,2019-03-21 01:00:00.335700
154,2019032101002863,PRIN,25,36,319,410,130790.00,2019-03-21 01:00:00.286300
155,2019032101002862,PRIN,4,36,20,410,8200.00,2019-03-21 01:00:00.286200
156,2019032101002861,PRIN,1,36,61,410,25010.00,2019-03-21 01:00:00.286100
157,2019032101002860,PRIN,32,36,50,411,20550.00,2019-03-21 01:00:00.286000
158,2019032101002859,PRIN,13,36,50,411,20550.00,2019-03-21 01:00:00.285900
159,2019032101002723,PRIN,13,22,250,411,102750.00,2019-03-21 01:00:00.272300
160,2019032101002697,PRIN,1,22,400,410,164000.00,2019-03-21 01:00:00.269700
161,2019032101002659,PRIN,1,56,139,410,56990.00,2019-03-21 01:00:00.265900
162,2019032101001912,PRIN,39,34,600,413,247800.00,2019-03-21 01:00:00.191200
163,2019032101001853,PRIN,33,42,30,410,12300.00,2019-03-21 01:00:00.185300
164,2019032101001852,PRIN,44,42,100,410,41000.00,2019-03-21 01:00:00.185200
165,2019032101001851,PRIN,4,42,18,410,7380.00,2019-03-21 01:00:00.185100
166,2019032101001850,PRIN,4,42,39,410,15990.00,2019-03-21 01:00:00.185000
167,2019032101001088,PRIN,4,25,100,410,41000.00,2019-03-21 01:00:00.108800
168,2019032101000997,PRIN,4,5,26,410,10660.00,2019-03-21 01:00:00.099700
169,2019032101000996,PRIN,4,5,37,410,15170.00,2019-03-21 01:00:00.099600
170,2019032101000995,PRIN,48,5,248,410,101680.00,2019-03-21 01:00:00.099500
171,2019032101000994,PRIN,49,5,639,410,261990.00,2019-03-21 01:00:00.099400
172,2019032101000993,PRIN,4,5,50,412,20600.00,2019-03-21 01:00:00.099300
173,2019032101000772,PRIN,49,39,11,410,4510.00,2019-03-21 01:00:00.077200
174,2019032101000771,PRIN,41,39,100,410,41000.00,2019-03-21 01:00:00.077100
175,2019032101000770,PRIN,32,39,500,410,205000.00,2019-03-21 01:00:00.077000
176,2019031901002534,PRIN,32,58,10,418,4180.00,2019-03-19 01:00:00.253400
177,2019031901002509,PRIN,28,58,20,418,8360.00,2019-03-19 01:00:00.250900
178,2019031901002171,PRIN,56,44,20,410,8200.00,2019-03-19 01:00:00.217100
179,2019031901002126,PRIN,51,44,100,410,41000.00,2019-03-19 01:00:00.212600
180,2019031901002125,PRIN,32,44,500,410,205000.00,2019-03-19 01:00:00.212500
181,2019031901002121,PRIN,32,44,100,410,41000.00,2019-03-19 01:00:00.212100
182,2019031901002094,PRIN,22,44,400,410,164000.00,2019-03-19 01:00:00.209400
183,2019031901002057,PRIN,43,44,34,410,13940.00,2019-03-19 01:00:00.205700
184,2019031901002040,PRIN,7,44,150,410,61500.00,2019-03-19 01:00:00.204000
185,2019031901002039,PRIN,51,44,200,410,82000.00,2019-03-19 01:00:00.203900
186,2019031901002038,PRIN,34,44,43,410,17630.00,2019-03-19 01:00:00.203800
187,2019031901001272,PRIN,34,58,457,410,187370.00,2019-03-19 01:00:00.127200
188,2019031901001271,PRIN,34,58,1100,410,451000.00,2019-03-19 01:00:00.127100
189,2019031901001270,PRIN,42,58,100,410,41000.00,2019-03-19 01:00:00.127000
190,2019031901001269,PRIN,5,58,150,410,61500.00,2019-03-19 01:00:00.126900
191,2019031901001268,PRIN,58,58,50,410,20500.00,2019-03-19 01:00:00.126800
192,2019031901001267,PRIN,39,58,183,410,75030.00,2019-03-19 01:00:00.126700
193,2019031901001266,PRIN,32,58,300,411,123300.00,2019-03-19 01:00:00.126600
194,2019031901001265,PRIN,58,58,300,411,123300.00,2019-03-19 01:00:00.126500
195,2019031901001264,PRIN,32,58,150,411,61650.00,2019-03-19 01:00:00.126400
196,2019031901001263,PRIN,5,58,250,411,102750.00,2019-03-19 01:00:00.126300
197,2019031901001262,PRIN,13,58,500,412,206000.00,2019-03-19 01:00:00.126200
198,2019031901001261,PRIN,32,58,300,412,123600.00,2019-03-19 01:00:00.126100
199,2019031901001260,PRIN,32,58,100,413,41300.00,2019-03-19 01:00:00.126000
200,2019031901001213,PRIN,13,48,400,414,165600.00,2019-03-19 01:00:00.121300
201,2019031901001168,PRIN,37,44,100,412,41200.00,2019-03-19 01:00:00.116800
202,2019031901000489,PRIN,39,5,17,410,6970.00,2019-03-19 01:00:00.048900
203,2019031901000488,PRIN,41,5,100,410,41000.00,2019-03-19 01:00:00.048800
204,2019031901000487,PRIN,4,5,50,410,20500.00,2019-03-19 01:00:00.048700
205,2019031901000486,PRIN,56,5,50,411,20550.00,2019-03-19 01:00:00.048600
206,2019031801004764,PRIN,7,26,100,418,41800.00,2019-03-18 01:00:00.476400
207,2019031801004737,PRIN,32,22,50,416,20800.00,2019-03-18 01:00:00.473700
208,2019031801004701,PRIN,32,19,309,416,128544.00,2019-03-18 01:00:00.470100
209,2019031801004700,PRIN,32,19,191,416,79456.00,2019-03-18 01:00:00.470000
210,2019031801004260,PRIN,56,33,50,417,20850.00,2019-03-18 01:00:00.426000
211,2019031801004222,PRIN,49,33,50,417,20850.00,2019-03-18 01:00:00.422200
212,2019031801003670,PRIN,32,38,309,416,128544.00,2019-03-18 01:00:00.367000
213,2019031801003379,PRIN,36,38,225,416,93600.00,2019-03-18 01:00:00.337900
214,2019031801003057,PRIN,32,38,500,416,208000.00,2019-03-18 01:00:00.305700
215,2019031801003056,PRIN,36,38,100,417,41700.00,2019-03-18 01:00:00.305600
216,2019031801003055,PRIN,56,38,10,418,4180.00,2019-03-18 01:00:00.305500
217,2019031801002462,PRIN,49,54,100,417,41700.00,2019-03-18 01:00:00.246200
218,2019031801002420,PRIN,49,54,100,417,41700.00,2019-03-18 01:00:00.242000
219,2019031801000926,PRIN,16,45,300,414,124200.00,2019-03-18 01:00:00.092600
220,2019031801000925,PRIN,28,45,1000,414,414000.00,2019-03-18 01:00:00.092500
221,2019031801000924,PRIN,39,45,200,414,82800.00,2019-03-18 01:00:00.092400
222,2019031801000529,PRIN,32,53,214,420,89880.00,2019-03-18 01:00:00.052900
223,2019031801000527,PRIN,22,53,500,420,210000.00,2019-03-18 01:00:00.052700
224,2019031801000526,PRIN,32,53,50,420,21000.00,2019-03-18 01:00:00.052600
225,2019031801000020,PRIN,1,32,10,428,4280.00,2019-03-18 01:00:00.002000
226,2019031701005354,PRIN,42,17,100,420,42000.00,2019-03-17 01:00:00.535400
227,2019031701005259,PRIN,21,17,100,420,42000.00,2019-03-17 01:00:00.525900
228,2019031701005159,PRIN,32,26,50,419,20950.00,2019-03-17 01:00:00.515900
229,2019031701005045,PRIN,32,26,350,419,146650.00,2019-03-17 01:00:00.504500
230,2019031701004997,PRIN,28,26,90,418,37620.00,2019-03-17 01:00:00.499700
231,2019031701004996,PRIN,32,26,10,418,4180.00,2019-03-17 01:00:00.499600
232,2019031701004995,PRIN,52,26,100,419,41900.00,2019-03-17 01:00:00.499500
233,2019031701004550,PRIN,32,42,40,418,16720.00,2019-03-17 01:00:00.455000
234,2019031701004426,PRIN,39,26,200,420,84000.00,2019-03-17 01:00:00.442600
235,2019031701004425,PRIN,1,26,50,420,21000.00,2019-03-17 01:00:00.442500
236,2019031701004024,PRIN,39,29,300,422,126600.00,2019-03-17 01:00:00.402400
237,2019031701004023,PRIN,39,51,100,422,42200.00,2019-03-17 01:00:00.402300
238,2019031701004011,PRIN,42,49,99,420,41580.00,2019-03-17 01:00:00.401100
239,2019031701004006,PRIN,42,29,51,420,21420.00,2019-03-17 01:00:00.400600
240,2019031701003623,PRIN,41,1,50,420,21000.00,2019-03-17 01:00:00.362300
241,2019031701003622,PRIN,21,1,37,420,15540.00,2019-03-17 01:00:00.362200
242,2019031701003545,PRIN,49,58,100,422,42200.00,2019-03-17 01:00:00.354500
243,2019031701003516,PRIN,49,58,200,422,84400.00,2019-03-17 01:00:00.351600
244,2019031701003512,PRIN,49,58,200,422,84400.00,2019-03-17 01:00:00.351200
245,2019031701002427,PRIN,21,26,63,420,26460.00,2019-03-17 01:00:00.242700
246,2019031701002256,PRIN,34,26,100,420,42000.00,2019-03-17 01:00:00.225600
247,2019031701001857,PRIN,32,59,50,420,21000.00,2019-03-17 01:00:00.185700
248,2019031701001856,PRIN,32,59,200,421,84200.00,2019-03-17 01:00:00.185600
249,2019031701001855,PRIN,26,59,50,422,21100.00,2019-03-17 01:00:00.185500
250,2019031701001260,PRIN,41,45,1000,425,425000.00,2019-03-17 01:00:00.126000
251,2019031701001259,PRIN,41,49,120,425,51000.00,2019-03-17 01:00:00.125900
252,2019031701000848,PRIN,52,49,50,425,21250.00,2019-03-17 01:00:00.084800
253,2019031701000742,PRIN,39,49,30,425,12750.00,2019-03-17 01:00:00.074200
254,2019031701000492,PRIN,40,25,100,425,42500.00,2019-03-17 01:00:00.049200
255,2019031401003929,PRIN,48,21,100,424,42400.00,2019-03-14 01:00:00.392900
256,2019031401003897,PRIN,32,25,50,425,21250.00,2019-03-14 01:00:00.389700
257,2019031401003896,PRIN,32,46,200,425,85000.00,2019-03-14 01:00:00.389600
258,2019031401003895,PRIN,32,49,450,425,191250.00,2019-03-14 01:00:00.389500
259,2019031401003894,PRIN,32,28,500,425,212500.00,2019-03-14 01:00:00.389400
260,2019031401003893,PRIN,32,26,50,424,21200.00,2019-03-14 01:00:00.389300
261,2019031401003892,PRIN,32,51,100,424,42400.00,2019-03-14 01:00:00.389200
262,2019031401003891,PRIN,32,39,100,424,42400.00,2019-03-14 01:00:00.389100
263,2019031401003890,PRIN,32,53,50,422,21100.00,2019-03-14 01:00:00.389000
264,2019031401003626,PRIN,32,28,500,423,211500.00,2019-03-14 01:00:00.362600
265,2019031401003625,PRIN,32,51,63,423,26649.00,2019-03-14 01:00:00.362500
266,2019031401003354,PRIN,41,51,93,423,39339.00,2019-03-14 01:00:00.335400
267,2019031401003353,PRIN,41,39,100,422,42200.00,2019-03-14 01:00:00.335300
268,2019031401003352,PRIN,41,47,17,422,7174.00,2019-03-14 01:00:00.335200
269,2019031401003351,PRIN,41,26,50,422,21100.00,2019-03-14 01:00:00.335100
270,2019031401003350,PRIN,41,34,40,422,16880.00,2019-03-14 01:00:00.335000
271,2019031401003162,PRIN,32,40,704,420,295680.00,2019-03-14 01:00:00.316200
272,2019031401002963,PRIN,32,34,366,420,153720.00,2019-03-14 01:00:00.296300
273,2019031401002930,PRIN,32,51,50,420,21000.00,2019-03-14 01:00:00.293000
274,2019031401002855,PRIN,32,26,40,419,16760.00,2019-03-14 01:00:00.285500
275,2019031401002854,PRIN,32,53,51,418,21318.00,2019-03-14 01:00:00.285400
276,2019031401001165,PRIN,25,32,1000,418,418000.00,2019-03-14 01:00:00.116500
277,2019031401001164,PRIN,25,45,100,417,41700.00,2019-03-14 01:00:00.116400
278,2019031401001163,PRIN,25,26,10,417,4170.00,2019-03-14 01:00:00.116300
279,2019031401000309,PRIN,58,35,10,410,4100.00,2019-03-14 01:00:00.030900
280,2019031401000060,PRIN,20,58,10,409,4090.00,2019-03-14 01:00:00.006000
281,2019031301006336,PRIN,32,58,300,415,124500.00,2019-03-13 01:00:00.633600
282,2019031301006335,PRIN,21,58,300,415,124500.00,2019-03-13 01:00:00.633500
283,2019031301006316,PRIN,52,34,50,420,21000.00,2019-03-13 01:00:00.631600
284,2019031301006207,PRIN,21,21,100,415,41500.00,2019-03-13 01:00:00.620700
285,2019031301006090,PRIN,21,36,100,415,41500.00,2019-03-13 01:00:00.609000
286,2019031301005777,PRIN,29,19,100,417,41700.00,2019-03-13 01:00:00.577700
287,2019031301005776,PRIN,29,19,100,417,41700.00,2019-03-13 01:00:00.577600
288,2019031301005484,PRIN,20,53,200,417,83400.00,2019-03-13 01:00:00.548400
289,2019031301005048,PRIN,16,26,93,417,38781.00,2019-03-13 01:00:00.504800
290,2019031301005047,PRIN,35,26,11,420,4620.00,2019-03-13 01:00:00.504700
291,2019031301005046,PRIN,35,25,80,420,33600.00,2019-03-13 01:00:00.504600
292,2019031301005017,PRIN,35,29,409,420,171780.00,2019-03-13 01:00:00.501700
293,2019031301005016,PRIN,49,29,91,420,38220.00,2019-03-13 01:00:00.501600
294,2019031301004984,PRIN,49,53,100,420,42000.00,2019-03-13 01:00:00.498400
295,2019031301004968,PRIN,49,34,309,420,129780.00,2019-03-13 01:00:00.496800
296,2019031301004967,PRIN,42,34,50,420,21000.00,2019-03-13 01:00:00.496700
297,2019031301004966,PRIN,46,34,300,420,126000.00,2019-03-13 01:00:00.496600
298,2019031301004965,PRIN,42,34,341,420,143220.00,2019-03-13 01:00:00.496500
299,2019031301004946,PRIN,42,56,350,420,147000.00,2019-03-13 01:00:00.494600
300,2019031301004918,PRIN,42,52,800,420,336000.00,2019-03-13 01:00:00.491800
301,2019031301004883,PRIN,42,28,175,420,73500.00,2019-03-13 01:00:00.488300
302,2019031301004882,PRIN,19,28,20,421,8420.00,2019-03-13 01:00:00.488200
303,2019031301004881,PRIN,37,28,205,421,86305.00,2019-03-13 01:00:00.488100
304,2019031301004880,PRIN,6,28,50,422,21100.00,2019-03-13 01:00:00.488000
305,2019031301004840,PRIN,37,42,10,421,4210.00,2019-03-13 01:00:00.484000
306,2019031301004837,PRIN,37,4,200,421,84200.00,2019-03-13 01:00:00.483700
307,2019031301004786,PRIN,37,7,585,421,246285.00,2019-03-13 01:00:00.478600
308,2019031301004785,PRIN,14,7,365,421,153665.00,2019-03-13 01:00:00.478500
309,2019031301004648,PRIN,32,52,200,422,84400.00,2019-03-13 01:00:00.464800
310,2019031301004461,PRIN,32,49,100,422,42200.00,2019-03-13 01:00:00.446100
311,2019031301003743,PRIN,16,22,102,425,43350.00,2019-03-13 01:00:00.374300
312,2019031301003742,PRIN,16,58,10,425,4250.00,2019-03-13 01:00:00.374200
313,2019031301003741,PRIN,16,44,30,424,12720.00,2019-03-13 01:00:00.374100
314,2019031301003710,PRIN,40,44,970,424,411280.00,2019-03-13 01:00:00.371000
315,2019031301003709,PRIN,40,42,30,424,12720.00,2019-03-13 01:00:00.370900
316,2019031301003459,PRIN,44,44,500,424,212000.00,2019-03-13 01:00:00.345900
317,2019031301003270,PRIN,44,21,1,423,423.00,2019-03-13 01:00:00.327000
318,2019031301002700,PRIN,16,25,158,422,66676.00,2019-03-13 01:00:00.270000
319,2019031301002699,PRIN,42,25,100,423,42300.00,2019-03-13 01:00:00.269900
320,2019031301002698,PRIN,41,25,42,423,17766.00,2019-03-13 01:00:00.269800
321,2019031301002666,PRIN,58,42,20,424,8480.00,2019-03-13 01:00:00.266600
322,2019031301002347,PRIN,41,10,258,423,109134.00,2019-03-13 01:00:00.234700
323,2019031301002300,PRIN,41,49,100,424,42400.00,2019-03-13 01:00:00.230000
324,2019031301002215,PRIN,41,29,100,423,42300.00,2019-03-13 01:00:00.221500
325,2019031301002205,PRIN,41,53,100,423,42300.00,2019-03-13 01:00:00.220500
326,2019031301001977,PRIN,14,53,135,421,56835.00,2019-03-13 01:00:00.197700
327,2019031301001976,PRIN,25,53,100,421,42100.00,2019-03-13 01:00:00.197600
328,2019031301001975,PRIN,57,53,165,422,69630.00,2019-03-13 01:00:00.197500
329,2019031301001908,PRIN,57,5,35,422,14770.00,2019-03-13 01:00:00.190800
330,2019031301001907,PRIN,45,5,50,422,21100.00,2019-03-13 01:00:00.190700
331,2019031301001906,PRIN,53,5,50,422,21100.00,2019-03-13 01:00:00.190600
332,2019031301001670,PRIN,44,58,299,423,126477.00,2019-03-13 01:00:00.167000
333,2019031301001669,PRIN,49,58,200,423,84600.00,2019-03-13 01:00:00.166900
334,2019031301001564,PRIN,25,58,100,430,43000.00,2019-03-13 01:00:00.156400
335,2019031301001466,PRIN,53,28,100,429,42900.00,2019-03-13 01:00:00.146600
336,2019031301001465,PRIN,53,52,50,428,21400.00,2019-03-13 01:00:00.146500
337,2019031301001464,PRIN,53,52,20,428,8560.00,2019-03-13 01:00:00.146400
338,2019031301001449,PRIN,19,52,100,428,42800.00,2019-03-13 01:00:00.144900
339,2019031301001448,PRIN,19,58,100,427,42700.00,2019-03-13 01:00:00.144800
340,2019031301000974,PRIN,42,21,30,420,12600.00,2019-03-13 01:00:00.097400
341,2019031301000953,PRIN,17,45,100,425,42500.00,2019-03-13 01:00:00.095300
342,2019031301000952,PRIN,17,39,94,424,39856.00,2019-03-13 01:00:00.095200
343,2019031301000939,PRIN,17,13,100,423,42300.00,2019-03-13 01:00:00.093900
344,2019031301000860,PRIN,42,14,304,420,127680.00,2019-03-13 01:00:00.086000
345,2019031301000748,PRIN,42,22,100,420,42000.00,2019-03-13 01:00:00.074800
346,2019031301000719,PRIN,42,22,100,420,42000.00,2019-03-13 01:00:00.071900
347,2019031301000683,PRIN,42,17,800,420,336000.00,2019-03-13 01:00:00.068300
348,2019031301000682,PRIN,32,17,200,421,84200.00,2019-03-13 01:00:00.068200
349,2019031301000646,PRIN,32,34,100,421,42100.00,2019-03-13 01:00:00.064600
350,2019031301000512,PRIN,3,58,20,424,8480.00,2019-03-13 01:00:00.051200
351,2019031201007485,PRIN,46,17,200,424,84800.00,2019-03-12 01:00:00.748500
352,2019031201007028,PRIN,6,17,260,424,110240.00,2019-03-12 01:00:00.702800
353,2019031201006892,PRIN,37,45,500,425,212500.00,2019-03-12 01:00:00.689200
354,2019031201006781,PRIN,6,26,40,424,16960.00,2019-03-12 01:00:00.678100
355,2019031201006225,PRIN,26,58,500,424,212000.00,2019-03-12 01:00:00.622500
356,2019031201006190,PRIN,26,45,405,425,172125.00,2019-03-12 01:00:00.619000
357,2019031201006189,PRIN,26,38,95,425,40375.00,2019-03-12 01:00:00.618900
358,2019031201005805,PRIN,46,38,105,425,44625.00,2019-03-12 01:00:00.580500
359,2019031201005804,PRIN,46,58,50,425,21250.00,2019-03-12 01:00:00.580400
360,2019031201005776,PRIN,53,10,100,424,42400.00,2019-03-12 01:00:00.577600
361,2019031201005775,PRIN,53,41,101,423,42723.00,2019-03-12 01:00:00.577500
362,2019031201005774,PRIN,53,4,223,422,94106.00,2019-03-12 01:00:00.577400
363,2019031201005194,PRIN,39,35,174,419,72906.00,2019-03-12 01:00:00.519400
364,2019031201005056,PRIN,37,22,500,420,210000.00,2019-03-12 01:00:00.505600
365,2019031201004727,PRIN,1,4,400,420,168000.00,2019-03-12 01:00:00.472700
366,2019031201004726,PRIN,41,4,100,420,42000.00,2019-03-12 01:00:00.472600
367,2019031201004725,PRIN,38,4,28,420,11760.00,2019-03-12 01:00:00.472500
368,2019031201004724,PRIN,36,4,349,421,146929.00,2019-03-12 01:00:00.472400
369,2019031201004482,PRIN,36,20,151,421,63571.00,2019-03-12 01:00:00.448200
370,2019031201004481,PRIN,58,20,149,421,62729.00,2019-03-12 01:00:00.448100
371,2019031201004198,PRIN,19,58,600,422,253200.00,2019-03-12 01:00:00.419800
372,2019031201004197,PRIN,26,58,400,422,168800.00,2019-03-12 01:00:00.419700
373,2019031201004183,PRIN,26,34,300,422,126600.00,2019-03-12 01:00:00.418300
374,2019031201004182,PRIN,1,34,300,423,126900.00,2019-03-12 01:00:00.418200
375,2019031201004181,PRIN,41,34,300,423,126900.00,2019-03-12 01:00:00.418100
376,2019031201004180,PRIN,21,34,100,423,42300.00,2019-03-12 01:00:00.418000
377,2019031201003929,PRIN,17,41,70,424,29680.00,2019-03-12 01:00:00.392900
378,2019031201003475,PRIN,41,58,50,425,21250.00,2019-03-12 01:00:00.347500
379,2019031201003381,PRIN,45,17,50,425,21250.00,2019-03-12 01:00:00.338100
380,2019031201003380,PRIN,45,40,50,425,21250.00,2019-03-12 01:00:00.338000
381,2019031201002498,PRIN,58,58,926,423,391698.00,2019-03-12 01:00:00.249800
382,2019031201002497,PRIN,58,4,100,423,42300.00,2019-03-12 01:00:00.249700
383,2019031201002460,PRIN,26,34,200,422,84400.00,2019-03-12 01:00:00.246000
384,2019031201002355,PRIN,26,43,100,422,42200.00,2019-03-12 01:00:00.235500
385,2019031201002151,PRIN,14,22,104,422,43888.00,2019-03-12 01:00:00.215100
386,2019031201002101,PRIN,54,40,50,422,21100.00,2019-03-12 01:00:00.210100
387,2019031201002085,PRIN,58,22,51,421,21471.00,2019-03-12 01:00:00.208500
388,2019031201001720,PRIN,50,4,100,423,42300.00,2019-03-12 01:00:00.172000
389,2019031201001580,PRIN,5,25,80,424,33920.00,2019-03-12 01:00:00.158000
390,2019031201001470,PRIN,19,28,250,422,105500.00,2019-03-12 01:00:00.147000
391,2019031201001357,PRIN,28,22,96,420,40320.00,2019-03-12 01:00:00.135700
392,2019031201001350,PRIN,32,56,500,421,210500.00,2019-03-12 01:00:00.135000
393,2019031201001333,PRIN,28,22,154,420,64680.00,2019-03-12 01:00:00.133300
394,2019031201001328,PRIN,28,28,250,420,105000.00,2019-03-12 01:00:00.132800
395,2019031201001304,PRIN,39,28,200,420,84000.00,2019-03-12 01:00:00.130400
396,2019031201001273,PRIN,45,28,50,420,21000.00,2019-03-12 01:00:00.127300
397,2019031201001268,PRIN,32,56,500,421,210500.00,2019-03-12 01:00:00.126800
398,2019031201001250,PRIN,45,40,50,420,21000.00,2019-03-12 01:00:00.125000
399,2019031201001055,PRIN,44,42,80,417,33360.00,2019-03-12 01:00:00.105500
400,2019031201001054,PRIN,35,42,50,420,21000.00,2019-03-12 01:00:00.105400
401,2019031201001052,PRIN,35,6,50,420,21000.00,2019-03-12 01:00:00.105200
402,2019031201001051,PRIN,35,32,50,420,21000.00,2019-03-12 01:00:00.105100
403,2019031201000510,PRIN,50,58,1000,423,423000.00,2019-03-12 01:00:00.051000
404,2019031201000467,PRIN,25,42,120,420,50400.00,2019-03-12 01:00:00.046700
405,2019031201000466,PRIN,19,42,100,420,42000.00,2019-03-12 01:00:00.046600
406,2019031201000052,PRIN,34,58,500,428,214000.00,2019-03-12 01:00:00.005200
407,2019031201000012,PRIN,58,43,10,436,4360.00,2019-03-12 01:00:00.001200
408,2019031101006698,PRIN,25,17,100,420,42000.00,2019-03-11 01:00:00.669800
409,2019031101006684,PRIN,46,10,327,419,137013.00,2019-03-11 01:00:00.668400
410,2019031101006681,PRIN,58,10,50,419,20950.00,2019-03-11 01:00:00.668100
411,2019031101006620,PRIN,36,10,500,419,209500.00,2019-03-11 01:00:00.662000
412,2019031101006590,PRIN,25,10,200,419,83800.00,2019-03-11 01:00:00.659000
413,2019031101006552,PRIN,49,17,500,420,210000.00,2019-03-11 01:00:00.655200
414,2019031101006293,PRIN,22,17,200,420,84000.00,2019-03-11 01:00:00.629300
415,2019031101006164,PRIN,58,52,134,421,56414.00,2019-03-11 01:00:00.616400
416,2019031101006163,PRIN,58,48,16,420,6720.00,2019-03-11 01:00:00.616300
417,2019031101006155,PRIN,40,48,120,420,50400.00,2019-03-11 01:00:00.615500
418,2019031101006154,PRIN,40,22,180,420,75600.00,2019-03-11 01:00:00.615400
419,2019031101006142,PRIN,11,22,20,420,8400.00,2019-03-11 01:00:00.614200
420,2019031101006116,PRIN,58,34,391,419,163829.00,2019-03-11 01:00:00.611600
421,2019031101006115,PRIN,58,46,553,419,231707.00,2019-03-11 01:00:00.611500
422,2019031101006088,PRIN,34,46,10,419,4190.00,2019-03-11 01:00:00.608800
423,2019031101006022,PRIN,38,46,97,419,40643.00,2019-03-11 01:00:00.602200
424,2019031101005921,PRIN,52,46,25,419,10475.00,2019-03-11 01:00:00.592100
425,2019031101005897,PRIN,45,13,10,418,4180.00,2019-03-11 01:00:00.589700
426,2019031101005896,PRIN,45,28,87,418,36366.00,2019-03-11 01:00:00.589600
427,2019031101005161,PRIN,59,17,195,419,81705.00,2019-03-11 01:00:00.516100
428,2019031101005160,PRIN,59,22,41,418,17138.00,2019-03-11 01:00:00.516000
429,2019031101005159,PRIN,59,39,21,418,8778.00,2019-03-11 01:00:00.515900
430,2019031101005048,PRIN,36,45,1400,418,585200.00,2019-03-11 01:00:00.504800
431,2019031101005034,PRIN,38,45,100,418,41800.00,2019-03-11 01:00:00.503400
432,2019031101004990,PRIN,58,45,100,418,41800.00,2019-03-11 01:00:00.499000
433,2019031101004954,PRIN,34,45,100,418,41800.00,2019-03-11 01:00:00.495400
434,2019031101004899,PRIN,16,45,300,416,124800.00,2019-03-11 01:00:00.489900
435,2019031101004659,PRIN,58,45,429,416,178464.00,2019-03-11 01:00:00.465900
436,2019031101004655,PRIN,16,45,200,416,83200.00,2019-03-11 01:00:00.465500
437,2019031101004148,PRIN,14,39,339,416,141024.00,2019-03-11 01:00:00.414800
438,2019031101004041,PRIN,1,39,50,416,20800.00,2019-03-11 01:00:00.404100
439,2019031101003709,PRIN,48,45,1000,416,416000.00,2019-03-11 01:00:00.370900
440,2019031101003698,PRIN,48,10,400,415,166000.00,2019-03-11 01:00:00.369800
441,2019031101003693,PRIN,58,25,1000,411,411000.00,2019-03-11 01:00:00.369300
442,2019031101003313,PRIN,43,10,1000,414,414000.00,2019-03-11 01:00:00.331300
443,2019031101003312,PRIN,53,10,200,414,82800.00,2019-03-11 01:00:00.331200
444,2019031101003311,PRIN,28,10,400,414,165600.00,2019-03-11 01:00:00.331100
445,2019031101003258,PRIN,28,14,100,414,41400.00,2019-03-11 01:00:00.325800
446,2019031101003257,PRIN,48,14,100,415,41500.00,2019-03-11 01:00:00.325700
447,2019031101002956,PRIN,39,45,10,420,4200.00,2019-03-11 01:00:00.295600
448,2019031101002955,PRIN,39,32,401,419,168019.00,2019-03-11 01:00:00.295500
449,2019031101002920,PRIN,39,16,200,418,83600.00,2019-03-11 01:00:00.292000
450,2019031101002623,PRIN,42,32,99,419,41481.00,2019-03-11 01:00:00.262300
451,2019031101002570,PRIN,49,28,196,415,81340.00,2019-03-11 01:00:00.257000
452,2019031101002569,PRIN,33,28,125,415,51875.00,2019-03-11 01:00:00.256900
453,2019031101002396,PRIN,22,45,200,420,84000.00,2019-03-11 01:00:00.239600
454,2019031101002346,PRIN,8,45,161,420,67620.00,2019-03-11 01:00:00.234600
455,2019031101002334,PRIN,8,58,39,420,16380.00,2019-03-11 01:00:00.233400
456,2019031101002054,PRIN,33,58,36,420,15120.00,2019-03-11 01:00:00.205400
457,2019031101002009,PRIN,39,58,25,420,10500.00,2019-03-11 01:00:00.200900
458,2019031101001933,PRIN,58,34,200,420,84000.00,2019-03-11 01:00:00.193300
459,2019031101001932,PRIN,58,46,100,420,42000.00,2019-03-11 01:00:00.193200
460,2019031101001931,PRIN,58,58,500,419,209500.00,2019-03-11 01:00:00.193100
461,2019031101001930,PRIN,58,34,200,419,83800.00,2019-03-11 01:00:00.193000
462,2019031101001929,PRIN,58,16,50,419,20950.00,2019-03-11 01:00:00.192900
463,2019031101001928,PRIN,58,37,376,418,157168.00,2019-03-11 01:00:00.192800
464,2019031101001927,PRIN,58,45,1000,417,417000.00,2019-03-11 01:00:00.192700
465,2019031101001909,PRIN,7,22,279,416,116064.00,2019-03-11 01:00:00.190900
466,2019031101001894,PRIN,25,22,21,415,8715.00,2019-03-11 01:00:00.189400
467,2019031101001893,PRIN,25,34,79,415,32785.00,2019-03-11 01:00:00.189300
468,2019031101001883,PRIN,47,38,330,414,136620.00,2019-03-11 01:00:00.188300
469,2019031101001828,PRIN,34,38,100,414,41400.00,2019-03-11 01:00:00.182800
470,2019031101001284,PRIN,6,38,100,414,41400.00,2019-03-11 01:00:00.128400
471,2019031101000352,PRIN,26,34,200,411,82200.00,2019-03-11 01:00:00.035200
472,2019031001001819,PRIN,14,22,100,415,41500.00,2019-03-10 01:00:00.181900
473,2019031001001798,PRIN,56,53,525,419,219975.00,2019-03-10 01:00:00.179800
474,2019031001001797,PRIN,56,28,217,418,90706.00,2019-03-10 01:00:00.179700
475,2019031001001617,PRIN,53,28,200,418,83600.00,2019-03-10 01:00:00.161700
476,2019031001001593,PRIN,28,28,83,418,34694.00,2019-03-10 01:00:00.159300
477,2019031001001592,PRIN,28,55,15,418,6270.00,2019-03-10 01:00:00.159200
478,2019031001001591,PRIN,28,45,30,418,12540.00,2019-03-10 01:00:00.159100
479,2019031001001590,PRIN,28,58,293,416,121888.00,2019-03-10 01:00:00.159000
480,2019031001001589,PRIN,28,37,60,415,24900.00,2019-03-10 01:00:00.158900
481,2019031001001588,PRIN,28,8,19,414,7866.00,2019-03-10 01:00:00.158800
482,2019031001001248,PRIN,48,53,25,411,10275.00,2019-03-10 01:00:00.124800
483,2019031001001187,PRIN,42,53,50,410,20500.00,2019-03-10 01:00:00.118700
484,2019031001001179,PRIN,42,42,100,410,41000.00,2019-03-10 01:00:00.117900
485,2019031001000657,PRIN,28,51,87,403,35061.00,2019-03-10 01:00:00.065700
486,2019031001000531,PRIN,58,38,200,401,80200.00,2019-03-10 01:00:00.053100
487,2019031001000530,PRIN,46,38,100,402,40200.00,2019-03-10 01:00:00.053000
488,2019031001000521,PRIN,58,46,93,401,37293.00,2019-03-10 01:00:00.052100
489,2019031001000520,PRIN,57,46,50,402,20100.00,2019-03-10 01:00:00.052000
490,2019031001000519,PRIN,32,46,49,402,19698.00,2019-03-10 01:00:00.051900
491,2019031001000518,PRIN,32,46,500,402,201000.00,2019-03-10 01:00:00.051800
492,2019031001000517,PRIN,13,46,200,402,80400.00,2019-03-10 01:00:00.051700
493,2019031001000516,PRIN,38,46,200,403,80600.00,2019-03-10 01:00:00.051600
494,2019031001000515,PRIN,59,46,300,403,120900.00,2019-03-10 01:00:00.051500
495,2019031001000514,PRIN,28,46,500,404,202000.00,2019-03-10 01:00:00.051400
496,2019031001000513,PRIN,58,46,500,405,202500.00,2019-03-10 01:00:00.051300
497,2019031001000392,PRIN,40,57,10,402,4020.00,2019-03-10 01:00:00.039200
498,2019031001000261,PRIN,34,20,100,410,41000.00,2019-03-10 01:00:00.026100
499,2019030701005250,PRIN,4,16,300,418,125400.00,2019-03-07 01:00:00.525000
500,2019030701005249,PRIN,4,28,250,418,104500.00,2019-03-07 01:00:00.524900
501,2019030701005248,PRIN,4,39,100,418,41800.00,2019-03-07 01:00:00.524800
502,2019030701005225,PRIN,4,57,250,417,104250.00,2019-03-07 01:00:00.522500
503,2019030701005224,PRIN,4,38,200,417,83400.00,2019-03-07 01:00:00.522400
504,2019030701005178,PRIN,14,22,120,416,49920.00,2019-03-07 01:00:00.517800
505,2019030701005061,PRIN,26,22,30,416,12480.00,2019-03-07 01:00:00.506100
506,2019030701005043,PRIN,52,22,50,416,20800.00,2019-03-07 01:00:00.504300
507,2019030701005042,PRIN,52,22,150,416,62400.00,2019-03-07 01:00:00.504200
508,2019030701005020,PRIN,1,22,50,416,20800.00,2019-03-07 01:00:00.502000
509,2019030701005003,PRIN,42,42,100,415,41500.00,2019-03-07 01:00:00.500300
510,2019030701004965,PRIN,58,45,250,414,103500.00,2019-03-07 01:00:00.496500
511,2019030701004944,PRIN,34,45,300,414,124200.00,2019-03-07 01:00:00.494400
512,2019030701004851,PRIN,49,45,200,414,82800.00,2019-03-07 01:00:00.485100
513,2019030701004822,PRIN,14,45,150,414,62100.00,2019-03-07 01:00:00.482200
514,2019030701004764,PRIN,35,45,100,414,41400.00,2019-03-07 01:00:00.476400
515,2019030701004494,PRIN,52,43,100,414,41400.00,2019-03-07 01:00:00.449400
516,2019030701004409,PRIN,28,39,100,415,41500.00,2019-03-07 01:00:00.440900
517,2019030701004285,PRIN,57,28,550,414,227700.00,2019-03-07 01:00:00.428500
518,2019030701004284,PRIN,57,41,100,414,41400.00,2019-03-07 01:00:00.428400
519,2019030701004147,PRIN,52,28,20,414,8280.00,2019-03-07 01:00:00.414700
520,2019030701004069,PRIN,52,28,30,414,12420.00,2019-03-07 01:00:00.406900
521,2019030701004068,PRIN,52,45,20,414,8280.00,2019-03-07 01:00:00.406800
522,2019030701003462,PRIN,38,45,1000,413,413000.00,2019-03-07 01:00:00.346200
523,2019030701003351,PRIN,1,40,150,412,61800.00,2019-03-07 01:00:00.335100
524,2019030701003350,PRIN,1,21,100,412,41200.00,2019-03-07 01:00:00.335000
525,2019030701003332,PRIN,1,45,275,411,113025.00,2019-03-07 01:00:00.333200
526,2019030701003273,PRIN,42,45,100,411,41100.00,2019-03-07 01:00:00.327300
527,2019030701003268,PRIN,5,45,150,411,61650.00,2019-03-07 01:00:00.326800
528,2019030701002954,PRIN,32,45,500,410,205000.00,2019-03-07 01:00:00.295400
529,2019030701002836,PRIN,46,45,975,410,399750.00,2019-03-07 01:00:00.283600
530,2019030701002786,PRIN,46,32,25,410,10250.00,2019-03-07 01:00:00.278600
531,2019030701002714,PRIN,1,40,60,409,24540.00,2019-03-07 01:00:00.271400
532,2019030701002498,PRIN,49,22,50,414,20700.00,2019-03-07 01:00:00.249800
533,2019030701002203,PRIN,32,49,522,414,216108.00,2019-03-07 01:00:00.220300
534,2019030701002202,PRIN,32,42,100,413,41300.00,2019-03-07 01:00:00.220200
535,2019030701002178,PRIN,1,42,200,413,82600.00,2019-03-07 01:00:00.217800
536,2019030701002177,PRIN,1,22,100,412,41200.00,2019-03-07 01:00:00.217700
537,2019030701002140,PRIN,32,22,200,412,82400.00,2019-03-07 01:00:00.214000
538,2019030701001985,PRIN,7,45,950,410,389500.00,2019-03-07 01:00:00.198500
539,2019030701001949,PRIN,35,45,50,410,20500.00,2019-03-07 01:00:00.194900
540,2019030701001854,PRIN,38,57,40,407,16280.00,2019-03-07 01:00:00.185400
541,2019030701001753,PRIN,45,13,60,409,24540.00,2019-03-07 01:00:00.175300
542,2019030701001441,PRIN,38,57,74,407,30118.00,2019-03-07 01:00:00.144100
543,2019030701000965,PRIN,34,25,100,410,41000.00,2019-03-07 01:00:00.096500
544,2019030701000964,PRIN,34,25,100,410,41000.00,2019-03-07 01:00:00.096400
545,2019030701000963,PRIN,56,25,100,411,41100.00,2019-03-07 01:00:00.096300
546,2019030701000911,PRIN,56,25,100,411,41100.00,2019-03-07 01:00:00.091100
547,2019030701000332,PRIN,19,58,300,414,124200.00,2019-03-07 01:00:00.033200
548,2019030601004205,PRIN,4,19,200,410,82000.00,2019-03-06 01:00:00.420500
549,2019030601003830,PRIN,34,19,40,410,16400.00,2019-03-06 01:00:00.383000
550,2019030601003829,PRIN,34,28,50,410,20500.00,2019-03-06 01:00:00.382900
551,2019030601003828,PRIN,34,38,10,410,4100.00,2019-03-06 01:00:00.382800
552,2019030601003563,PRIN,49,39,147,407,59829.00,2019-03-06 01:00:00.356300
553,2019030601003304,PRIN,13,28,450,408,183600.00,2019-03-06 01:00:00.330400
554,2019030601003224,PRIN,13,38,150,409,61350.00,2019-03-06 01:00:00.322400
555,2019030601003223,PRIN,13,58,400,409,163600.00,2019-03-06 01:00:00.322300
556,2019030601003130,PRIN,45,58,100,409,40900.00,2019-03-06 01:00:00.313000
557,2019030601003015,PRIN,22,32,50,408,20400.00,2019-03-06 01:00:00.301500
558,2019030601002664,PRIN,22,22,200,409,81800.00,2019-03-06 01:00:00.266400
559,2019030601002001,PRIN,26,48,50,408,20400.00,2019-03-06 01:00:00.200100
560,2019030601001916,PRIN,21,17,400,405,162000.00,2019-03-06 01:00:00.191600
561,2019030601001915,PRIN,34,17,100,405,40500.00,2019-03-06 01:00:00.191500
562,2019030601001897,PRIN,26,17,1000,405,405000.00,2019-03-06 01:00:00.189700
563,2019030601001892,PRIN,34,42,26,404,10504.00,2019-03-06 01:00:00.189200
564,2019030601001891,PRIN,34,38,340,404,137360.00,2019-03-06 01:00:00.189100
565,2019030601001797,PRIN,41,38,641,400,256400.00,2019-03-06 01:00:00.179700
566,2019030601001796,PRIN,35,38,500,400,200000.00,2019-03-06 01:00:00.179600
567,2019030601001795,PRIN,25,38,100,401,40100.00,2019-03-06 01:00:00.179500
568,2019030601001794,PRIN,36,38,10,401,4010.00,2019-03-06 01:00:00.179400
569,2019030601001793,PRIN,34,38,200,401,80200.00,2019-03-06 01:00:00.179300
570,2019030601001792,PRIN,25,38,20,401,8020.00,2019-03-06 01:00:00.179200
571,2019030601001791,PRIN,54,38,100,401,40100.00,2019-03-06 01:00:00.179100
572,2019030601001790,PRIN,1,38,269,401,107869.00,2019-03-06 01:00:00.179000
573,2019030601001789,PRIN,28,38,100,402,40200.00,2019-03-06 01:00:00.178900
574,2019030601001788,PRIN,42,38,60,403,24180.00,2019-03-06 01:00:00.178800
575,2019030601001757,PRIN,21,38,50,402,20100.00,2019-03-06 01:00:00.175700
576,2019030601001756,PRIN,53,38,100,403,40300.00,2019-03-06 01:00:00.175600
577,2019030601001700,PRIN,39,19,94,403,37882.00,2019-03-06 01:00:00.170000
578,2019030601001664,PRIN,38,38,200,402,80400.00,2019-03-06 01:00:00.166400
579,2019030601001637,PRIN,53,53,600,402,241200.00,2019-03-06 01:00:00.163700
580,2019030601001558,PRIN,5,22,100,403,40300.00,2019-03-06 01:00:00.155800
581,2019030601001450,PRIN,59,22,150,403,60450.00,2019-03-06 01:00:00.145000
582,2019030601001315,PRIN,53,57,200,402,80400.00,2019-03-06 01:00:00.131500
583,2019030601001287,PRIN,1,54,31,401,12431.00,2019-03-06 01:00:00.128700
584,2019030601001286,PRIN,6,54,50,401,20050.00,2019-03-06 01:00:00.128600
585,2019030601001275,PRIN,6,28,50,401,20050.00,2019-03-06 01:00:00.127500
586,2019030601001206,PRIN,34,38,100,402,40200.00,2019-03-06 01:00:00.120600
587,2019030601001205,PRIN,13,38,200,402,80400.00,2019-03-06 01:00:00.120500
588,2019030601001204,PRIN,51,38,200,402,80400.00,2019-03-06 01:00:00.120400
589,2019030601001203,PRIN,34,38,960,402,385920.00,2019-03-06 01:00:00.120300
590,2019030601001202,PRIN,41,38,100,403,40300.00,2019-03-06 01:00:00.120200
591,2019030601001201,PRIN,42,38,100,404,40400.00,2019-03-06 01:00:00.120100
592,2019030601001172,PRIN,42,46,100,404,40400.00,2019-03-06 01:00:00.117200
593,2019030601001002,PRIN,33,46,200,404,80800.00,2019-03-06 01:00:00.100200
594,2019030601000460,PRIN,34,46,40,402,16080.00,2019-03-06 01:00:00.046000
595,2019030601000459,PRIN,42,46,10,405,4050.00,2019-03-06 01:00:00.045900
596,2019030501004110,PRIN,36,38,100,406,40600.00,2019-03-05 01:00:00.411000
597,2019030501003799,PRIN,34,38,500,405,202500.00,2019-03-05 01:00:00.379900
598,2019030501003287,PRIN,34,40,32,404,12928.00,2019-03-05 01:00:00.328700
599,2019030501003276,PRIN,22,32,50,405,20250.00,2019-03-05 01:00:00.327600
600,2019030501003161,PRIN,32,38,100,406,40600.00,2019-03-05 01:00:00.316100
601,2019030501003088,PRIN,5,13,50,404,20200.00,2019-03-05 01:00:00.308800
602,2019030501002837,PRIN,34,38,500,405,202500.00,2019-03-05 01:00:00.283700
603,2019030501002524,PRIN,41,28,133,405,53865.00,2019-03-05 01:00:00.252400
604,2019030501002523,PRIN,22,28,30,406,12180.00,2019-03-05 01:00:00.252300
605,2019030501002498,PRIN,49,32,50,407,20350.00,2019-03-05 01:00:00.249800
606,2019030501002431,PRIN,49,28,100,407,40700.00,2019-03-05 01:00:00.243100
607,2019030501002400,PRIN,49,33,100,407,40700.00,2019-03-05 01:00:00.240000
608,2019030501002057,PRIN,34,34,59,406,23954.00,2019-03-05 01:00:00.205700
609,2019030501001865,PRIN,34,22,200,408,81600.00,2019-03-05 01:00:00.186500
610,2019030501001523,PRIN,45,22,50,408,20400.00,2019-03-05 01:00:00.152300
611,2019030501001506,PRIN,45,26,150,408,61200.00,2019-03-05 01:00:00.150600
612,2019030501001428,PRIN,42,28,50,409,20450.00,2019-03-05 01:00:00.142800
613,2019030501001359,PRIN,48,35,34,403,13702.00,2019-03-05 01:00:00.135900
614,2019030501000191,PRIN,35,26,100,400,40000.00,2019-03-05 01:00:00.019100
615,2019030301004694,PRIN,32,1,51,403,20553.00,2019-03-03 01:00:00.469400
616,2019030301004693,PRIN,47,1,100,404,40400.00,2019-03-03 01:00:00.469300
617,2019030301004692,PRIN,41,1,33,404,13332.00,2019-03-03 01:00:00.469200
618,2019030301004680,PRIN,1,34,43,405,17415.00,2019-03-03 01:00:00.468000
619,2019030301004643,PRIN,48,34,264,406,107184.00,2019-03-03 01:00:00.464300
620,2019030301004615,PRIN,48,40,136,406,55216.00,2019-03-03 01:00:00.461500
621,2019030301004589,PRIN,11,50,22,407,8954.00,2019-03-03 01:00:00.458900
622,2019030301004453,PRIN,11,39,10,406,4060.00,2019-03-03 01:00:00.445300
623,2019030301004433,PRIN,11,39,10,406,4060.00,2019-03-03 01:00:00.443300
624,2019030301004275,PRIN,11,6,50,406,20300.00,2019-03-03 01:00:00.427500
625,2019030301004154,PRIN,1,13,50,405,20250.00,2019-03-03 01:00:00.415400
626,2019030301003925,PRIN,41,49,23,404,9292.00,2019-03-03 01:00:00.392500
627,2019030301003805,PRIN,41,40,350,404,141400.00,2019-03-03 01:00:00.380500
628,2019030301003804,PRIN,50,40,50,405,20250.00,2019-03-03 01:00:00.380400
629,2019030301003677,PRIN,41,21,94,404,37976.00,2019-03-03 01:00:00.367700
630,2019030301003676,PRIN,25,21,90,405,36450.00,2019-03-03 01:00:00.367600
631,2019030301003618,PRIN,25,46,180,405,72900.00,2019-03-03 01:00:00.361800
632,2019030301003617,PRIN,51,46,20,406,8120.00,2019-03-03 01:00:00.361700
633,2019030301003484,PRIN,51,42,180,406,73080.00,2019-03-03 01:00:00.348400
634,2019030301003483,PRIN,41,42,40,406,16240.00,2019-03-03 01:00:00.348300
635,2019030301003482,PRIN,6,42,80,408,32640.00,2019-03-03 01:00:00.348200
636,2019030301003354,PRIN,6,25,120,408,48960.00,2019-03-03 01:00:00.335400
637,2019030301003353,PRIN,17,25,80,408,32640.00,2019-03-03 01:00:00.335300
638,2019030301002971,PRIN,17,34,20,408,8160.00,2019-03-03 01:00:00.297100
639,2019030301002777,PRIN,41,34,50,408,20400.00,2019-03-03 01:00:00.277700
640,2019030301001973,PRIN,19,44,300,406,121800.00,2019-03-03 01:00:00.197300
641,2019030301001776,PRIN,19,49,200,406,81200.00,2019-03-03 01:00:00.177600
642,2019030301001729,PRIN,37,44,200,407,81400.00,2019-03-03 01:00:00.172900
643,2019030301001670,PRIN,58,34,30,408,12240.00,2019-03-03 01:00:00.167000
644,2019030301001254,PRIN,25,47,30,405,12150.00,2019-03-03 01:00:00.125400
645,2019030301000470,PRIN,57,21,200,410,82000.00,2019-03-03 01:00:00.047000
646,2019030301000286,PRIN,51,21,200,410,82000.00,2019-03-03 01:00:00.028600
647,2019022701003601,PRIN,56,49,100,408,40800.00,2019-02-27 01:00:00.360100
648,2019022701003600,PRIN,56,35,70,407,28490.00,2019-02-27 01:00:00.360000
649,2019022701003511,PRIN,6,35,10,407,4070.00,2019-02-27 01:00:00.351100
650,2019022701003048,PRIN,45,35,200,407,81400.00,2019-02-27 01:00:00.304800
651,2019022701003024,PRIN,45,35,200,407,81400.00,2019-02-27 01:00:00.302400
652,2019022701003023,PRIN,26,35,20,407,8140.00,2019-02-27 01:00:00.302300
653,2019022701002192,PRIN,6,35,43,407,17501.00,2019-02-27 01:00:00.219200
654,2019022701001704,PRIN,28,11,500,408,204000.00,2019-02-27 01:00:00.170400
655,2019022701001041,PRIN,29,20,100,414,41400.00,2019-02-27 01:00:00.104100
656,2019022701000976,PRIN,34,19,100,410,41000.00,2019-02-27 01:00:00.097600
657,2019022701000749,PRIN,13,8,100,410,41000.00,2019-02-27 01:00:00.074900
658,2019022701000748,PRIN,13,58,20,410,8200.00,2019-02-27 01:00:00.074800
659,2019022701000732,PRIN,39,55,21,405,8505.00,2019-02-27 01:00:00.073200
660,2019022601002895,PRIN,25,59,300,402,120600.00,2019-02-26 01:00:00.289500
661,2019022601002887,PRIN,34,59,200,402,80400.00,2019-02-26 01:00:00.288700
662,2019022601002877,PRIN,42,59,50,402,20100.00,2019-02-26 01:00:00.287700
663,2019022601002849,PRIN,58,59,100,402,40200.00,2019-02-26 01:00:00.284900
664,2019022601002848,PRIN,58,59,300,402,120600.00,2019-02-26 01:00:00.284800
665,2019022601002847,PRIN,39,59,100,402,40200.00,2019-02-26 01:00:00.284700
666,2019022601002846,PRIN,49,59,200,402,80400.00,2019-02-26 01:00:00.284600
667,2019022601002845,PRIN,17,59,50,402,20100.00,2019-02-26 01:00:00.284500
668,2019022601002844,PRIN,45,59,44,402,17688.00,2019-02-26 01:00:00.284400
669,2019022601002843,PRIN,58,59,500,403,201500.00,2019-02-26 01:00:00.284300
670,2019022601002842,PRIN,7,59,50,403,20150.00,2019-02-26 01:00:00.284200
671,2019022601002704,PRIN,53,59,100,405,40500.00,2019-02-26 01:00:00.270400
672,2019022601002310,PRIN,56,22,100,404,40400.00,2019-02-26 01:00:00.231000
673,2019022601002309,PRIN,55,22,60,404,24240.00,2019-02-26 01:00:00.230900
674,2019022601001662,PRIN,45,48,56,402,22512.00,2019-02-26 01:00:00.166200
675,2019022601001661,PRIN,54,48,100,402,40200.00,2019-02-26 01:00:00.166100
676,2019022601001660,PRIN,16,48,152,402,61104.00,2019-02-26 01:00:00.166000
677,2019022601001600,PRIN,16,53,48,402,19296.00,2019-02-26 01:00:00.160000
678,2019022601001599,PRIN,25,53,94,402,37788.00,2019-02-26 01:00:00.159900
679,2019022601001598,PRIN,20,53,100,402,40200.00,2019-02-26 01:00:00.159800
680,2019022601001597,PRIN,43,53,50,403,20150.00,2019-02-26 01:00:00.159700
681,2019022601001149,PRIN,45,45,200,408,81600.00,2019-02-26 01:00:00.114900
682,2019022601000427,PRIN,45,28,100,410,41000.00,2019-02-26 01:00:00.042700
683,2019022601000131,PRIN,42,28,10,416,4160.00,2019-02-26 01:00:00.013100
684,2019022501003910,PRIN,22,22,154,408,62832.00,2019-02-25 01:00:00.391000
685,2019022501003909,PRIN,29,22,240,408,97920.00,2019-02-25 01:00:00.390900
686,2019022501003908,PRIN,6,22,50,409,20450.00,2019-02-25 01:00:00.390800
687,2019022501003246,PRIN,39,48,20,413,8260.00,2019-02-25 01:00:00.324600
688,2019022501003197,PRIN,17,48,30,413,12390.00,2019-02-25 01:00:00.319700
689,2019022501003130,PRIN,42,48,50,413,20650.00,2019-02-25 01:00:00.313000
690,2019022501003007,PRIN,29,21,10,408,4080.00,2019-02-25 01:00:00.300700
691,2019022501002993,PRIN,19,8,170,410,69700.00,2019-02-25 01:00:00.299300
692,2019022501002804,PRIN,29,55,250,408,102000.00,2019-02-25 01:00:00.280400
693,2019022501002290,PRIN,41,13,261,407,106227.00,2019-02-25 01:00:00.229000
694,2019022501001393,PRIN,1,47,13,400,5200.00,2019-02-25 01:00:00.139300
695,2019022501001392,PRIN,45,47,70,403,28210.00,2019-02-25 01:00:00.139200
696,2019022501000995,PRIN,39,55,250,405,101250.00,2019-02-25 01:00:00.099500
697,2019022501000994,PRIN,39,48,20,404,8080.00,2019-02-25 01:00:00.099400
698,2019022501000326,PRIN,25,33,87,404,35148.00,2019-02-25 01:00:00.032600
699,2019022401006300,PRIN,7,34,50,402,20100.00,2019-02-24 01:00:00.630000
700,2019022401006259,PRIN,53,53,69,401,27669.00,2019-02-24 01:00:00.625900
701,2019022401006255,PRIN,17,34,50,402,20100.00,2019-02-24 01:00:00.625500
702,2019022401006254,PRIN,14,34,200,402,80400.00,2019-02-24 01:00:00.625400
703,2019022401006175,PRIN,42,53,300,403,120900.00,2019-02-24 01:00:00.617500
704,2019022401006174,PRIN,17,53,50,403,20150.00,2019-02-24 01:00:00.617400
705,2019022401006173,PRIN,28,53,210,403,84630.00,2019-02-24 01:00:00.617300
706,2019022401006000,PRIN,28,57,290,403,116870.00,2019-02-24 01:00:00.600000
707,2019022401005998,PRIN,36,48,100,404,40400.00,2019-02-24 01:00:00.599800
708,2019022401005751,PRIN,7,51,50,404,20200.00,2019-02-24 01:00:00.575100
709,2019022401005663,PRIN,4,51,100,404,40400.00,2019-02-24 01:00:00.566300
710,2019022401005531,PRIN,4,48,100,404,40400.00,2019-02-24 01:00:00.553100
711,2019022401005180,PRIN,56,53,200,404,80800.00,2019-02-24 01:00:00.518000
712,2019022401005179,PRIN,13,53,100,404,40400.00,2019-02-24 01:00:00.517900
713,2019022401004877,PRIN,45,53,20,407,8140.00,2019-02-24 01:00:00.487700
714,2019022401003919,PRIN,48,53,50,405,20250.00,2019-02-24 01:00:00.391900
715,2019022401003562,PRIN,10,48,100,406,40600.00,2019-02-24 01:00:00.356200
716,2019022401001767,PRIN,39,53,100,406,40600.00,2019-02-24 01:00:00.176700
717,2019022401001766,PRIN,54,53,64,407,26048.00,2019-02-24 01:00:00.176600
718,2019022401001429,PRIN,54,13,36,407,14652.00,2019-02-24 01:00:00.142900
719,2019022401001428,PRIN,16,13,64,408,26112.00,2019-02-24 01:00:00.142800
720,2019022401001406,PRIN,16,52,36,408,14688.00,2019-02-24 01:00:00.140600
721,2019022101007124,PRIN,25,57,10,414,4140.00,2019-02-21 01:00:00.712400
722,2019022101007017,PRIN,16,34,50,409,20450.00,2019-02-21 01:00:00.701700
723,2019022101006802,PRIN,17,28,35,409,14315.00,2019-02-21 01:00:00.680200
724,2019022101006756,PRIN,21,28,50,409,20450.00,2019-02-21 01:00:00.675600
725,2019022101006748,PRIN,56,28,152,409,62168.00,2019-02-21 01:00:00.674800
726,2019022101006464,PRIN,56,34,70,409,28630.00,2019-02-21 01:00:00.646400
727,2019022101006319,PRIN,56,19,71,409,29039.00,2019-02-21 01:00:00.631900
728,2019022101006318,PRIN,35,19,84,410,34440.00,2019-02-21 01:00:00.631800
729,2019022101006237,PRIN,35,28,16,410,6560.00,2019-02-21 01:00:00.623700
730,2019022101005071,PRIN,36,8,50,415,20750.00,2019-02-21 01:00:00.507100
731,2019022101004973,PRIN,25,8,35,415,14525.00,2019-02-21 01:00:00.497300
732,2019022101004775,PRIN,22,8,200,415,83000.00,2019-02-21 01:00:00.477500
733,2019022101004724,PRIN,19,22,300,415,124500.00,2019-02-21 01:00:00.472400
734,2019022101004723,PRIN,19,34,21,415,8715.00,2019-02-21 01:00:00.472300
735,2019022101004312,PRIN,5,5,135,409,55215.00,2019-02-21 01:00:00.431200
736,2019022101004009,PRIN,3,45,20,410,8200.00,2019-02-21 01:00:00.400900
737,2019022101003353,PRIN,47,6,176,408,71808.00,2019-02-21 01:00:00.335300
738,2019022101002408,PRIN,49,49,200,408,81600.00,2019-02-21 01:00:00.240800
739,2019022101000021,PRIN,52,52,36,400,14400.00,2019-02-21 01:00:00.002100
740,2019022001003641,PRIN,36,34,100,405,40500.00,2019-02-20 01:00:00.364100
741,2019022001003632,PRIN,45,45,500,406,203000.00,2019-02-20 01:00:00.363200
742,2019022001003631,PRIN,26,45,100,407,40700.00,2019-02-20 01:00:00.363100
743,2019022001003630,PRIN,53,45,50,407,20350.00,2019-02-20 01:00:00.363000
744,2019022001003629,PRIN,34,45,500,407,203500.00,2019-02-20 01:00:00.362900
745,2019022001003628,PRIN,50,45,100,408,40800.00,2019-02-20 01:00:00.362800
746,2019022001003627,PRIN,20,45,200,408,81600.00,2019-02-20 01:00:00.362700
747,2019022001003626,PRIN,16,45,300,408,122400.00,2019-02-20 01:00:00.362600
748,2019022001003414,PRIN,28,34,500,409,204500.00,2019-02-20 01:00:00.341400
749,2019022001003413,PRIN,51,34,520,409,212680.00,2019-02-20 01:00:00.341300
750,2019022001003346,PRIN,33,22,200,410,82000.00,2019-02-20 01:00:00.334600
751,2019022001003345,PRIN,41,22,50,410,20500.00,2019-02-20 01:00:00.334500
752,2019022001003344,PRIN,49,22,50,410,20500.00,2019-02-20 01:00:00.334400
753,2019022001003343,PRIN,39,22,50,410,20500.00,2019-02-20 01:00:00.334300
754,2019022001002970,PRIN,39,25,250,410,102500.00,2019-02-20 01:00:00.297000
755,2019022001002969,PRIN,21,25,50,410,20500.00,2019-02-20 01:00:00.296900
756,2019022001002968,PRIN,39,25,100,411,41100.00,2019-02-20 01:00:00.296800
757,2019022001002967,PRIN,7,25,100,411,41100.00,2019-02-20 01:00:00.296700
758,2019022001002648,PRIN,47,43,100,412,41200.00,2019-02-20 01:00:00.264800
759,2019022001002647,PRIN,32,43,100,413,41300.00,2019-02-20 01:00:00.264700
760,2019022001001621,PRIN,7,52,100,413,41300.00,2019-02-20 01:00:00.162100
761,2019022001001033,PRIN,7,58,10,405,4050.00,2019-02-20 01:00:00.103300
762,2019022001000981,PRIN,34,58,40,412,16480.00,2019-02-20 01:00:00.098100
763,2019022001000616,PRIN,25,58,100,420,42000.00,2019-02-20 01:00:00.061600
764,2019022001000171,PRIN,36,59,100,425,42500.00,2019-02-20 01:00:00.017100
765,2019022001000057,PRIN,41,34,200,433,86600.00,2019-02-20 01:00:00.005700
766,2019022001000047,PRIN,39,22,200,433,86600.00,2019-02-20 01:00:00.004700
767,2019022001000046,PRIN,39,56,69,432,29808.00,2019-02-20 01:00:00.004600
768,2019021901004544,PRIN,48,58,500,426,213000.00,2019-02-19 01:00:00.454400
769,2019021901004482,PRIN,32,22,200,425,85000.00,2019-02-19 01:00:00.448200
770,2019021901004481,PRIN,32,20,100,424,42400.00,2019-02-19 01:00:00.448100
771,2019021901004192,PRIN,14,22,200,426,85200.00,2019-02-19 01:00:00.419200
772,2019021901004113,PRIN,40,16,200,420,84000.00,2019-02-19 01:00:00.411300
773,2019021901004112,PRIN,40,41,100,420,42000.00,2019-02-19 01:00:00.411200
774,2019021901004111,PRIN,40,34,404,420,169680.00,2019-02-19 01:00:00.411100
775,2019021901004100,PRIN,28,22,300,419,125700.00,2019-02-19 01:00:00.410000
776,2019021901004099,PRIN,28,28,300,418,125400.00,2019-02-19 01:00:00.409900
777,2019021901003876,PRIN,42,20,100,419,41900.00,2019-02-19 01:00:00.387600
778,2019021901003841,PRIN,42,22,100,418,41800.00,2019-02-19 01:00:00.384100
779,2019021901003554,PRIN,55,22,200,415,83000.00,2019-02-19 01:00:00.355400
780,2019021901003553,PRIN,55,47,100,415,41500.00,2019-02-19 01:00:00.355300
781,2019021901003552,PRIN,55,50,100,415,41500.00,2019-02-19 01:00:00.355200
782,2019021901003551,PRIN,55,1,109,414,45126.00,2019-02-19 01:00:00.355100
783,2019021901003550,PRIN,55,19,200,413,82600.00,2019-02-19 01:00:00.355000
784,2019021901003033,PRIN,42,22,300,413,123900.00,2019-02-19 01:00:00.303300
785,2019021901002133,PRIN,48,57,100,413,41300.00,2019-02-19 01:00:00.213300
786,2019021901002132,PRIN,48,22,100,412,41200.00,2019-02-19 01:00:00.213200
787,2019021901001817,PRIN,42,22,100,408,40800.00,2019-02-19 01:00:00.181700
788,2019021901001555,PRIN,22,22,100,408,40800.00,2019-02-19 01:00:00.155500
789,2019021901001023,PRIN,22,16,150,411,61650.00,2019-02-19 01:00:00.102300
790,2019021901000911,PRIN,43,16,100,410,41000.00,2019-02-19 01:00:00.091100
791,2019021901000776,PRIN,22,58,94,415,39010.00,2019-02-19 01:00:00.077600
792,2019021901000648,PRIN,37,45,1900,414,786600.00,2019-02-19 01:00:00.064800
793,2019021901000571,PRIN,51,45,50,414,20700.00,2019-02-19 01:00:00.057100
794,2019021901000563,PRIN,51,45,50,414,20700.00,2019-02-19 01:00:00.056300
795,2019021901000524,PRIN,41,22,100,413,41300.00,2019-02-19 01:00:00.052400
796,2019021801004968,PRIN,34,34,3627,406,1472562.00,2019-02-18 01:00:00.496800
797,2019021801004965,PRIN,17,25,150,405,60750.00,2019-02-18 01:00:00.496500
798,2019021801004701,PRIN,35,22,73,407,29711.00,2019-02-18 01:00:00.470100
799,2019021801004700,PRIN,35,33,127,407,51689.00,2019-02-18 01:00:00.470000
800,2019021801004623,PRIN,48,22,100,406,40600.00,2019-02-18 01:00:00.462300
801,2019021801004504,PRIN,47,22,10,406,4060.00,2019-02-18 01:00:00.450400
802,2019021801004428,PRIN,53,34,80,403,32240.00,2019-02-18 01:00:00.442800
803,2019021801004427,PRIN,53,36,19,403,7657.00,2019-02-18 01:00:00.442700
804,2019021801003735,PRIN,36,33,11,407,4477.00,2019-02-18 01:00:00.373500
805,2019021801003578,PRIN,29,19,12,408,4896.00,2019-02-18 01:00:00.357800
806,2019021701005029,PRIN,36,49,109,406,44254.00,2019-02-17 01:00:00.502900
807,2019021701004935,PRIN,17,34,100,409,40900.00,2019-02-17 01:00:00.493500
808,2019021701004224,PRIN,37,22,240,407,97680.00,2019-02-17 01:00:00.422400
809,2019021701004223,PRIN,37,22,200,406,81200.00,2019-02-17 01:00:00.422300
810,2019021701004222,PRIN,37,1,30,406,12180.00,2019-02-17 01:00:00.422200
811,2019021701004050,PRIN,51,46,130,404,52520.00,2019-02-17 01:00:00.405000
812,2019021701004049,PRIN,25,46,200,404,80800.00,2019-02-17 01:00:00.404900
813,2019021701003741,PRIN,51,36,480,403,193440.00,2019-02-17 01:00:00.374100
814,2019021701003740,PRIN,57,36,20,403,8060.00,2019-02-17 01:00:00.374000
815,2019021701003739,PRIN,17,36,500,404,202000.00,2019-02-17 01:00:00.373900
816,2019021701002363,PRIN,57,36,480,403,193440.00,2019-02-17 01:00:00.236300
817,2019021701002362,PRIN,59,36,500,404,202000.00,2019-02-17 01:00:00.236200
818,2019021701002361,PRIN,58,36,20,405,8100.00,2019-02-17 01:00:00.236100
819,2019021701001814,PRIN,44,34,108,411,44388.00,2019-02-17 01:00:00.181400
820,2019021701001773,PRIN,44,52,42,411,17262.00,2019-02-17 01:00:00.177300
821,2019021701001754,PRIN,44,34,50,411,20550.00,2019-02-17 01:00:00.175400
822,2019021701001508,PRIN,17,17,1,412,412.00,2019-02-17 01:00:00.150800
823,2019021701001465,PRIN,17,17,1,412,412.00,2019-02-17 01:00:00.146500
824,2019021701000473,PRIN,22,46,10,419,4190.00,2019-02-17 01:00:00.047300
825,2019021701000290,PRIN,16,57,200,411,82200.00,2019-02-17 01:00:00.029000
826,2019021401005696,PRIN,47,44,174,403,70122.00,2019-02-14 01:00:00.569600
827,2019021401005564,PRIN,47,21,38,403,15314.00,2019-02-14 01:00:00.556400
828,2019021401005563,PRIN,21,21,62,404,25048.00,2019-02-14 01:00:00.556300
829,2019021401005378,PRIN,55,34,50,408,20400.00,2019-02-14 01:00:00.537800
830,2019021401005148,PRIN,47,29,224,403,90272.00,2019-02-14 01:00:00.514800
831,2019021401005147,PRIN,57,29,290,403,116870.00,2019-02-14 01:00:00.514700
832,2019021401004338,PRIN,57,26,10,403,4030.00,2019-02-14 01:00:00.433800
833,2019021401003878,PRIN,10,58,55,400,22000.00,2019-02-14 01:00:00.387800
834,2019021401003877,PRIN,22,58,200,400,80000.00,2019-02-14 01:00:00.387700
835,2019021401003876,PRIN,41,58,200,400,80000.00,2019-02-14 01:00:00.387600
836,2019021401003875,PRIN,21,58,100,400,40000.00,2019-02-14 01:00:00.387500
837,2019021401003874,PRIN,25,58,20,400,8000.00,2019-02-14 01:00:00.387400
838,2019021401003873,PRIN,43,58,100,401,40100.00,2019-02-14 01:00:00.387300
839,2019021401003872,PRIN,28,58,300,401,120300.00,2019-02-14 01:00:00.387200
840,2019021401003871,PRIN,32,58,50,401,20050.00,2019-02-14 01:00:00.387100
841,2019021401003870,PRIN,39,58,25,401,10025.00,2019-02-14 01:00:00.387000
842,2019021401003869,PRIN,28,58,250,401,100250.00,2019-02-14 01:00:00.386900
843,2019021401003868,PRIN,32,58,300,402,120600.00,2019-02-14 01:00:00.386800
844,2019021401003867,PRIN,49,58,150,402,60300.00,2019-02-14 01:00:00.386700
845,2019021401003866,PRIN,22,58,156,404,63024.00,2019-02-14 01:00:00.386600
846,2019021401003865,PRIN,25,58,94,404,37976.00,2019-02-14 01:00:00.386500
847,2019021401003567,PRIN,22,37,44,404,17776.00,2019-02-14 01:00:00.356700
848,2019021401003566,PRIN,6,37,56,404,22624.00,2019-02-14 01:00:00.356600
849,2019021401003447,PRIN,6,26,29,404,11716.00,2019-02-14 01:00:00.344700
850,2019021401003446,PRIN,56,26,17,404,6868.00,2019-02-14 01:00:00.344600
851,2019021401003445,PRIN,13,26,100,404,40400.00,2019-02-14 01:00:00.344500
852,2019021401003404,PRIN,6,19,20,408,8160.00,2019-02-14 01:00:00.340400
853,2019021401002934,PRIN,59,19,68,408,27744.00,2019-02-14 01:00:00.293400
854,2019021401002933,PRIN,59,38,422,406,171332.00,2019-02-14 01:00:00.293300
855,2019021401002932,PRIN,59,21,10,405,4050.00,2019-02-14 01:00:00.293200
856,2019021401002462,PRIN,51,38,100,406,40600.00,2019-02-14 01:00:00.246200
857,2019021401002416,PRIN,1,49,200,405,81000.00,2019-02-14 01:00:00.241600
858,2019021401001833,PRIN,49,28,150,402,60300.00,2019-02-14 01:00:00.183300
859,2019021401001832,PRIN,32,28,200,402,80400.00,2019-02-14 01:00:00.183200
860,2019021401001831,PRIN,51,28,100,402,40200.00,2019-02-14 01:00:00.183100
861,2019021401001416,PRIN,28,45,250,402,100500.00,2019-02-14 01:00:00.141600
862,2019021401001412,PRIN,25,45,500,402,201000.00,2019-02-14 01:00:00.141200
863,2019021401001364,PRIN,13,45,100,402,40200.00,2019-02-14 01:00:00.136400
864,2019021401000587,PRIN,33,45,89,402,35778.00,2019-02-14 01:00:00.058700
865,2019021401000581,PRIN,33,45,11,402,4422.00,2019-02-14 01:00:00.058100
866,2019021401000535,PRIN,33,21,100,402,40200.00,2019-02-14 01:00:00.053500
867,2019021401000534,PRIN,13,21,50,402,20100.00,2019-02-14 01:00:00.053400
868,2019021401000252,PRIN,54,40,25,410,10250.00,2019-02-14 01:00:00.025200
869,2019021401000028,PRIN,13,58,10,403,4030.00,2019-02-14 01:00:00.002800
870,2019021301004803,PRIN,32,10,200,410,82000.00,2019-02-13 01:00:00.480300
871,2019021301004431,PRIN,1,16,100,408,40800.00,2019-02-13 01:00:00.443100
872,2019021301004430,PRIN,35,16,100,408,40800.00,2019-02-13 01:00:00.443000
873,2019021301004429,PRIN,22,16,50,409,20450.00,2019-02-13 01:00:00.442900
874,2019021301004391,PRIN,21,10,50,410,20500.00,2019-02-13 01:00:00.439100
875,2019021301004390,PRIN,21,57,100,409,40900.00,2019-02-13 01:00:00.439000
876,2019021301004370,PRIN,54,57,200,409,81800.00,2019-02-13 01:00:00.437000
877,2019021301004367,PRIN,52,40,100,409,40900.00,2019-02-13 01:00:00.436700
878,2019021301004302,PRIN,10,10,100,410,41000.00,2019-02-13 01:00:00.430200
879,2019021301004301,PRIN,45,10,68,410,27880.00,2019-02-13 01:00:00.430100
880,2019021301004300,PRIN,36,10,420,411,172620.00,2019-02-13 01:00:00.430000
881,2019021301004298,PRIN,36,17,80,411,32880.00,2019-02-13 01:00:00.429800
882,2019021301004155,PRIN,45,4,100,410,41000.00,2019-02-13 01:00:00.415500
883,2019021301004092,PRIN,45,50,60,410,24600.00,2019-02-13 01:00:00.409200
884,2019021301003951,PRIN,45,28,272,410,111520.00,2019-02-13 01:00:00.395100
885,2019021301003950,PRIN,41,28,20,410,8200.00,2019-02-13 01:00:00.395000
886,2019021301003949,PRIN,16,28,200,410,82000.00,2019-02-13 01:00:00.394900
887,2019021301003948,PRIN,25,28,100,410,41000.00,2019-02-13 01:00:00.394800
888,2019021301003947,PRIN,25,28,50,410,20500.00,2019-02-13 01:00:00.394700
889,2019021301003946,PRIN,50,28,300,410,123000.00,2019-02-13 01:00:00.394600
890,2019021301003945,PRIN,42,28,50,410,20500.00,2019-02-13 01:00:00.394500
891,2019021301003944,PRIN,53,28,408,410,167280.00,2019-02-13 01:00:00.394400
892,2019021301003840,PRIN,53,28,92,410,37720.00,2019-02-13 01:00:00.384000
893,2019021301003839,PRIN,56,28,200,411,82200.00,2019-02-13 01:00:00.383900
894,2019021301003768,PRIN,13,39,100,411,41100.00,2019-02-13 01:00:00.376800
895,2019021301003767,PRIN,22,39,100,411,41100.00,2019-02-13 01:00:00.376700
896,2019021301003668,PRIN,51,38,30,412,12360.00,2019-02-13 01:00:00.366800
897,2019021301003630,PRIN,51,57,250,412,103000.00,2019-02-13 01:00:00.363000
898,2019021301003547,PRIN,51,44,216,412,88992.00,2019-02-13 01:00:00.354700
899,2019021301003546,PRIN,32,44,99,412,40788.00,2019-02-13 01:00:00.354600
900,2019021301003545,PRIN,42,44,85,412,35020.00,2019-02-13 01:00:00.354500
901,2019021301003457,PRIN,42,35,15,412,6180.00,2019-02-13 01:00:00.345700
902,2019021301003456,PRIN,55,35,85,412,35020.00,2019-02-13 01:00:00.345600
903,2019021301002457,PRIN,6,28,300,413,123900.00,2019-02-13 01:00:00.245700
904,2019021301002337,PRIN,55,28,15,412,6180.00,2019-02-13 01:00:00.233700
905,2019021301002336,PRIN,1,28,185,412,76220.00,2019-02-13 01:00:00.233600
906,2019021301002314,PRIN,1,28,15,412,6180.00,2019-02-13 01:00:00.231400
907,2019021301002313,PRIN,4,28,71,412,29252.00,2019-02-13 01:00:00.231300
908,2019021301002300,PRIN,51,28,100,413,41300.00,2019-02-13 01:00:00.230000
909,2019021301002299,PRIN,21,28,64,413,26432.00,2019-02-13 01:00:00.229900
910,2019021301002298,PRIN,51,28,50,413,20650.00,2019-02-13 01:00:00.229800
911,2019021301002073,PRIN,4,10,61,412,25132.00,2019-02-13 01:00:00.207300
912,2019021301002072,PRIN,56,10,100,413,41300.00,2019-02-13 01:00:00.207200
913,2019021301002071,PRIN,34,10,50,413,20650.00,2019-02-13 01:00:00.207100
914,2019021301002070,PRIN,43,10,200,413,82600.00,2019-02-13 01:00:00.207000
915,2019021301002069,PRIN,38,10,15,413,6195.00,2019-02-13 01:00:00.206900
916,2019021301002068,PRIN,43,10,100,414,41400.00,2019-02-13 01:00:00.206800
917,2019021301002067,PRIN,28,10,200,414,82800.00,2019-02-13 01:00:00.206700
918,2019021301002066,PRIN,43,10,12,414,4968.00,2019-02-13 01:00:00.206600
919,2019021301002065,PRIN,52,10,50,415,20750.00,2019-02-13 01:00:00.206500
920,2019021301001917,PRIN,43,45,88,414,36432.00,2019-02-13 01:00:00.191700
921,2019021301001698,PRIN,43,42,50,414,20700.00,2019-02-13 01:00:00.169800
922,2019021301001561,PRIN,43,5,50,414,20700.00,2019-02-13 01:00:00.156100
923,2019021301000201,PRIN,25,33,132,417,55044.00,2019-02-13 01:00:00.020100
924,2019021201003960,PRIN,22,37,94,417,39198.00,2019-02-12 01:00:00.396000
925,2019021201003959,PRIN,42,37,30,417,12510.00,2019-02-12 01:00:00.395900
926,2019021201003958,PRIN,25,37,81,417,33777.00,2019-02-12 01:00:00.395800
927,2019021201003957,PRIN,4,37,70,418,29260.00,2019-02-12 01:00:00.395700
928,2019021201003682,PRIN,25,41,19,417,7923.00,2019-02-12 01:00:00.368200
929,2019021201003514,PRIN,28,28,43,418,17974.00,2019-02-12 01:00:00.351400
930,2019021201003301,PRIN,13,28,280,418,117040.00,2019-02-12 01:00:00.330100
931,2019021201003300,PRIN,59,28,29,419,12151.00,2019-02-12 01:00:00.330000
932,2019021201003287,PRIN,59,28,67,419,28073.00,2019-02-12 01:00:00.328700
933,2019021201002985,PRIN,59,10,104,419,43576.00,2019-02-12 01:00:00.298500
934,2019021201002984,PRIN,13,10,100,420,42000.00,2019-02-12 01:00:00.298400
935,2019021201002983,PRIN,58,10,200,420,84000.00,2019-02-12 01:00:00.298300
936,2019021201002982,PRIN,45,10,70,420,29400.00,2019-02-12 01:00:00.298200
937,2019021201002981,PRIN,51,10,26,421,10946.00,2019-02-12 01:00:00.298100
938,2019021201002904,PRIN,51,44,74,421,31154.00,2019-02-12 01:00:00.290400
939,2019021201002903,PRIN,51,44,50,421,21050.00,2019-02-12 01:00:00.290300
940,2019021201002902,PRIN,13,44,50,422,21100.00,2019-02-12 01:00:00.290200
941,2019021201002596,PRIN,13,39,50,422,21100.00,2019-02-12 01:00:00.259600
942,2019021201002054,PRIN,28,28,10,421,4210.00,2019-02-12 01:00:00.205400
943,2019021201002053,PRIN,28,38,15,418,6270.00,2019-02-12 01:00:00.205300
944,2019021201001862,PRIN,25,28,1000,413,413000.00,2019-02-12 01:00:00.186200
945,2019021201001861,PRIN,22,28,100,414,41400.00,2019-02-12 01:00:00.186100
946,2019021201001860,PRIN,13,28,100,415,41500.00,2019-02-12 01:00:00.186000
947,2019021201001832,PRIN,22,28,56,416,23296.00,2019-02-12 01:00:00.183200
948,2019021201001830,PRIN,41,28,500,416,208000.00,2019-02-12 01:00:00.183000
949,2019021201001829,PRIN,1,28,50,417,20850.00,2019-02-12 01:00:00.182900
950,2019021201001828,PRIN,10,28,69,417,28773.00,2019-02-12 01:00:00.182800
951,2019021201001827,PRIN,43,28,200,417,83400.00,2019-02-12 01:00:00.182700
952,2019021201001826,PRIN,40,28,25,418,10450.00,2019-02-12 01:00:00.182600
953,2019021201001817,PRIN,40,28,25,418,10450.00,2019-02-12 01:00:00.181700
954,2019021201001816,PRIN,56,28,100,420,42000.00,2019-02-12 01:00:00.181600
955,2019021201001803,PRIN,54,28,275,422,116050.00,2019-02-12 01:00:00.180300
956,2019021101004960,PRIN,43,43,128,421,53888.00,2019-02-11 01:00:00.496000
957,2019021101004959,PRIN,1,43,137,422,57814.00,2019-02-11 01:00:00.495900
958,2019021101004958,PRIN,50,43,10,423,4230.00,2019-02-11 01:00:00.495800
959,2019021101004957,PRIN,59,43,175,423,74025.00,2019-02-11 01:00:00.495700
960,2019021101004956,PRIN,32,43,100,424,42400.00,2019-02-11 01:00:00.495600
961,2019021101004667,PRIN,59,50,25,423,10575.00,2019-02-11 01:00:00.466700
962,2019021101003076,PRIN,33,25,197,427,84119.00,2019-02-11 01:00:00.307600
963,2019021101002413,PRIN,59,21,57,430,24510.00,2019-02-11 01:00:00.241300
964,2019021101002412,PRIN,59,36,30,428,12840.00,2019-02-11 01:00:00.241200
965,2019021101001562,PRIN,58,25,138,429,59202.00,2019-02-11 01:00:00.156200
966,2019021101001537,PRIN,42,50,10,429,4290.00,2019-02-11 01:00:00.153700
967,2019021001005255,PRIN,17,37,1000,421,421000.00,2019-02-10 01:00:00.525500
968,2019021001005101,PRIN,17,41,26,420,10920.00,2019-02-10 01:00:00.510100
969,2019021001005100,PRIN,28,41,20,420,8400.00,2019-02-10 01:00:00.510000
970,2019021001004733,PRIN,28,57,280,420,117600.00,2019-02-10 01:00:00.473300
971,2019021001004732,PRIN,10,57,500,422,211000.00,2019-02-10 01:00:00.473200
972,2019021001004731,PRIN,13,57,112,422,47264.00,2019-02-10 01:00:00.473100
973,2019021001004374,PRIN,13,51,388,422,163736.00,2019-02-10 01:00:00.437400
974,2019021001004314,PRIN,10,58,492,423,208116.00,2019-02-10 01:00:00.431400
975,2019021001004009,PRIN,41,51,50,424,21200.00,2019-02-10 01:00:00.400900
976,2019021001004008,PRIN,43,51,125,424,53000.00,2019-02-10 01:00:00.400800
977,2019021001003995,PRIN,43,21,75,424,31800.00,2019-02-10 01:00:00.399500
978,2019021001003961,PRIN,36,51,30,425,12750.00,2019-02-10 01:00:00.396100
979,2019021001003960,PRIN,57,51,140,425,59500.00,2019-02-10 01:00:00.396000
980,2019021001003945,PRIN,26,28,40,426,17040.00,2019-02-10 01:00:00.394500
981,2019021001003944,PRIN,7,28,10,426,4260.00,2019-02-10 01:00:00.394400
982,2019021001003910,PRIN,26,45,10,427,4270.00,2019-02-10 01:00:00.391000
983,2019021001002415,PRIN,43,45,500,424,212000.00,2019-02-10 01:00:00.241500
984,2019021001002150,PRIN,22,22,78,423,32994.00,2019-02-10 01:00:00.215000
985,2019021001002149,PRIN,1,22,50,423,21150.00,2019-02-10 01:00:00.214900
986,2019021001002148,PRIN,17,22,46,426,19596.00,2019-02-10 01:00:00.214800
987,2019021001002122,PRIN,57,14,70,429,30030.00,2019-02-10 01:00:00.212200
988,2019021001002074,PRIN,17,53,99,426,42174.00,2019-02-10 01:00:00.207400
989,2019021001002073,PRIN,42,53,16,427,6832.00,2019-02-10 01:00:00.207300
990,2019021001001133,PRIN,17,51,50,426,21300.00,2019-02-10 01:00:00.113300
991,2019021001000397,PRIN,38,47,10,430,4300.00,2019-02-10 01:00:00.039700
992,2019021001000379,PRIN,44,47,74,430,31820.00,2019-02-10 01:00:00.037900
993,2019021001000378,PRIN,44,1,100,429,42900.00,2019-02-10 01:00:00.037800
994,2019020701006142,PRIN,26,33,50,430,21500.00,2019-02-07 01:00:00.614200
995,2019020701006141,PRIN,16,33,50,430,21500.00,2019-02-07 01:00:00.614100
996,2019020701006140,PRIN,49,33,100,431,43100.00,2019-02-07 01:00:00.614000
997,2019020701006139,PRIN,39,33,100,432,43200.00,2019-02-07 01:00:00.613900
998,2019020701004898,PRIN,43,51,150,435,65250.00,2019-02-07 01:00:00.489800
999,2019020701004897,PRIN,43,39,200,434,86800.00,2019-02-07 01:00:00.489700
1000,2019020701004865,PRIN,43,57,100,433,43300.00,2019-02-07 01:00:00.486500
1001,2019020701004733,PRIN,22,32,96,430,41280.00,2019-02-07 01:00:00.473300
1002,2019020701004732,PRIN,22,47,104,430,44720.00,2019-02-07 01:00:00.473200
1003,2019020701004697,PRIN,38,47,30,430,12900.00,2019-02-07 01:00:00.469700
1004,2019020701004669,PRIN,34,47,100,430,43000.00,2019-02-07 01:00:00.466900
1005,2019020701004636,PRIN,10,55,700,429,300300.00,2019-02-07 01:00:00.463600
1006,2019020701004488,PRIN,10,57,100,428,42800.00,2019-02-07 01:00:00.448800
1007,2019020701004487,PRIN,10,11,11,428,4708.00,2019-02-07 01:00:00.448700
1008,2019020701004062,PRIN,43,49,200,426,85200.00,2019-02-07 01:00:00.406200
1009,2019020701003222,PRIN,43,35,100,426,42600.00,2019-02-07 01:00:00.322200
1010,2019020701002782,PRIN,43,28,170,426,72420.00,2019-02-07 01:00:00.278200
1011,2019020701002165,PRIN,43,41,160,428,68480.00,2019-02-07 01:00:00.216500
1012,2019020701002152,PRIN,43,41,200,428,85600.00,2019-02-07 01:00:00.215200
1013,2019020701002032,PRIN,45,41,100,428,42800.00,2019-02-07 01:00:00.203200
1014,2019020601005204,PRIN,42,26,74,430,31820.00,2019-02-06 01:00:00.520400
1015,2019020601005168,PRIN,42,28,540,430,232200.00,2019-02-06 01:00:00.516800
1016,2019020601005167,PRIN,53,28,20,431,8620.00,2019-02-06 01:00:00.516700
1017,2019020601005166,PRIN,37,28,60,431,25860.00,2019-02-06 01:00:00.516600
1018,2019020601004791,PRIN,42,39,200,430,86000.00,2019-02-06 01:00:00.479100
1019,2019020601004607,PRIN,28,54,16,428,6848.00,2019-02-06 01:00:00.460700
1020,2019020601004318,PRIN,28,40,231,428,98868.00,2019-02-06 01:00:00.431800
1021,2019020601004317,PRIN,56,40,100,428,42800.00,2019-02-06 01:00:00.431700
1022,2019020601004316,PRIN,46,40,50,429,21450.00,2019-02-06 01:00:00.431600
1023,2019020601004315,PRIN,14,40,300,429,128700.00,2019-02-06 01:00:00.431500
1024,2019020601004314,PRIN,1,40,119,430,51170.00,2019-02-06 01:00:00.431400
1025,2019020601004028,PRIN,1,6,14,430,6020.00,2019-02-06 01:00:00.402800
1026,2019020601004027,PRIN,42,6,100,430,43000.00,2019-02-06 01:00:00.402700
1027,2019020601004026,PRIN,46,6,200,431,86200.00,2019-02-06 01:00:00.402600
1028,2019020601004025,PRIN,6,6,36,431,15516.00,2019-02-06 01:00:00.402500
1029,2019020601003863,PRIN,6,47,15,431,6465.00,2019-02-06 01:00:00.386300
1030,2019020601003636,PRIN,17,6,100,432,43200.00,2019-02-06 01:00:00.363600
1031,2019020601002999,PRIN,37,28,10,434,4340.00,2019-02-06 01:00:00.299900
1032,2019020601002833,PRIN,14,26,121,432,52272.00,2019-02-06 01:00:00.283300
1033,2019020601002803,PRIN,21,26,100,432,43200.00,2019-02-06 01:00:00.280300
1034,2019020601002802,PRIN,45,26,46,433,19918.00,2019-02-06 01:00:00.280200
1035,2019020601002789,PRIN,45,28,90,433,38970.00,2019-02-06 01:00:00.278900
1036,2019020601002771,PRIN,45,25,14,433,6062.00,2019-02-06 01:00:00.277100
1037,2019020601002041,PRIN,6,25,10,431,4310.00,2019-02-06 01:00:00.204100
1038,2019020501004142,PRIN,6,41,100,433,43300.00,2019-02-05 01:00:00.414200
1039,2019020501003976,PRIN,6,42,39,432,16848.00,2019-02-05 01:00:00.397600
1040,2019020501003920,PRIN,22,41,150,432,64800.00,2019-02-05 01:00:00.392000
1041,2019020501003919,PRIN,1,41,50,432,21600.00,2019-02-05 01:00:00.391900
1042,2019020501003381,PRIN,51,6,50,434,21700.00,2019-02-05 01:00:00.338100
1043,2019020501002920,PRIN,49,57,50,435,21750.00,2019-02-05 01:00:00.292000
1044,2019020501002674,PRIN,42,28,20,436,8720.00,2019-02-05 01:00:00.267400
1045,2019020501002631,PRIN,34,28,100,436,43600.00,2019-02-05 01:00:00.263100
1046,2019020501002525,PRIN,50,28,150,436,65400.00,2019-02-05 01:00:00.252500
1047,2019020501002516,PRIN,42,28,50,436,21800.00,2019-02-05 01:00:00.251600
1048,2019020501002402,PRIN,46,28,130,434,56420.00,2019-02-05 01:00:00.240200
1049,2019020501002371,PRIN,28,28,150,434,65100.00,2019-02-05 01:00:00.237100
1050,2019020501002361,PRIN,28,28,100,434,43400.00,2019-02-05 01:00:00.236100
1051,2019020501002351,PRIN,52,28,50,434,21700.00,2019-02-05 01:00:00.235100
1052,2019020501002189,PRIN,51,28,50,434,21700.00,2019-02-05 01:00:00.218900
1053,2019020501002055,PRIN,59,28,20,434,8680.00,2019-02-05 01:00:00.205500
1054,2019020501001470,PRIN,57,19,23,429,9867.00,2019-02-05 01:00:00.147000
1055,2019020501001469,PRIN,48,19,100,430,43000.00,2019-02-05 01:00:00.146900
1056,2019020501000841,PRIN,14,53,294,430,126420.00,2019-02-05 01:00:00.084100
1057,2019020501000555,PRIN,45,47,500,430,215000.00,2019-02-05 01:00:00.055500
1058,2019020401005578,PRIN,46,45,100,430,43000.00,2019-02-04 01:00:00.557800
1059,2019020401005577,PRIN,4,45,105,430,45150.00,2019-02-04 01:00:00.557700
1060,2019020401005576,PRIN,17,45,50,430,21500.00,2019-02-04 01:00:00.557600
1061,2019020401005575,PRIN,47,45,79,430,33970.00,2019-02-04 01:00:00.557500
1062,2019020401005574,PRIN,51,45,50,431,21550.00,2019-02-04 01:00:00.557400
1063,2019020401005510,PRIN,42,39,10,432,4320.00,2019-02-04 01:00:00.551000
1064,2019020401005371,PRIN,42,39,10,432,4320.00,2019-02-04 01:00:00.537100
1065,2019020401004971,PRIN,51,37,50,431,21550.00,2019-02-04 01:00:00.497100
1066,2019020401004970,PRIN,17,37,50,431,21550.00,2019-02-04 01:00:00.497000
1067,2019020401004520,PRIN,47,49,121,430,52030.00,2019-02-04 01:00:00.452000
1068,2019020401004519,PRIN,19,49,25,430,10750.00,2019-02-04 01:00:00.451900
1069,2019020401004070,PRIN,17,45,1000,431,431000.00,2019-02-04 01:00:00.407000
1070,2019020401004055,PRIN,10,33,225,430,96750.00,2019-02-04 01:00:00.405500
1071,2019020401004049,PRIN,4,33,175,430,75250.00,2019-02-04 01:00:00.404900
1072,2019020401004046,PRIN,46,33,100,430,43000.00,2019-02-04 01:00:00.404600
1073,2019020401004021,PRIN,43,28,588,430,252840.00,2019-02-04 01:00:00.402100
1074,2019020401003901,PRIN,10,45,700,430,301000.00,2019-02-04 01:00:00.390100
1075,2019020401003584,PRIN,28,45,300,430,129000.00,2019-02-04 01:00:00.358400
1076,2019020401003156,PRIN,22,45,250,430,107500.00,2019-02-04 01:00:00.315600
1077,2019020401003153,PRIN,22,45,440,430,189200.00,2019-02-04 01:00:00.315300
1078,2019020401003152,PRIN,22,55,60,430,25800.00,2019-02-04 01:00:00.315200
1079,2019020401003124,PRIN,51,55,440,430,189200.00,2019-02-04 01:00:00.312400
1080,2019020401003123,PRIN,51,5,60,430,25800.00,2019-02-04 01:00:00.312300
1081,2019020401003038,PRIN,32,58,45,429,19305.00,2019-02-04 01:00:00.303800
1082,2019020401002743,PRIN,10,58,15,428,6420.00,2019-02-04 01:00:00.274300
1083,2019020401002500,PRIN,10,57,344,428,147232.00,2019-02-04 01:00:00.250000
1084,2019020401002499,PRIN,45,57,500,429,214500.00,2019-02-04 01:00:00.249900
1085,2019020401002498,PRIN,56,57,100,429,42900.00,2019-02-04 01:00:00.249800
1086,2019020401002497,PRIN,26,57,56,429,24024.00,2019-02-04 01:00:00.249700
1087,2019020401002496,PRIN,28,57,400,430,172000.00,2019-02-04 01:00:00.249600
1088,2019020401002495,PRIN,35,57,50,431,21550.00,2019-02-04 01:00:00.249500
1089,2019020401002433,PRIN,35,49,50,431,21550.00,2019-02-04 01:00:00.243300
1090,2019020401002129,PRIN,40,45,261,432,112752.00,2019-02-04 01:00:00.212900
1091,2019020401002056,PRIN,10,32,300,431,129300.00,2019-02-04 01:00:00.205600
1092,2019020401001773,PRIN,58,14,500,429,214500.00,2019-02-04 01:00:00.177300
1093,2019020401001673,PRIN,34,45,500,430,215000.00,2019-02-04 01:00:00.167300
1094,2019020401001672,PRIN,22,45,100,430,43000.00,2019-02-04 01:00:00.167200
1095,2019020401001671,PRIN,13,45,100,430,43000.00,2019-02-04 01:00:00.167100
1096,2019020401001670,PRIN,43,45,80,430,34400.00,2019-02-04 01:00:00.167000
1097,2019020401001669,PRIN,22,45,400,431,172400.00,2019-02-04 01:00:00.166900
1098,2019020401001668,PRIN,47,45,50,431,21550.00,2019-02-04 01:00:00.166800
1099,2019020401001667,PRIN,58,45,80,432,34560.00,2019-02-04 01:00:00.166700
1100,2019020401001187,PRIN,47,33,64,431,27584.00,2019-02-04 01:00:00.118700
1101,2019020401001180,PRIN,39,33,50,431,21550.00,2019-02-04 01:00:00.118000
1102,2019020401001124,PRIN,25,33,200,431,86200.00,2019-02-04 01:00:00.112400
1103,2019020401001123,PRIN,50,33,10,431,4310.00,2019-02-04 01:00:00.112300
1104,2019020401000778,PRIN,50,38,15,431,6465.00,2019-02-04 01:00:00.077800
1105,2019020301005750,PRIN,10,37,164,436,71504.00,2019-02-03 01:00:00.575000
1106,2019020301005749,PRIN,37,37,86,436,37496.00,2019-02-03 01:00:00.574900
1107,2019020301005648,PRIN,41,41,500,437,218500.00,2019-02-03 01:00:00.564800
1108,2019020301005647,PRIN,55,41,54,438,23652.00,2019-02-03 01:00:00.564700
1109,2019020301005589,PRIN,55,6,146,438,63948.00,2019-02-03 01:00:00.558900
1110,2019020301005385,PRIN,47,51,50,439,21950.00,2019-02-03 01:00:00.538500
1111,2019020301005131,PRIN,37,57,14,436,6104.00,2019-02-03 01:00:00.513100
1112,2019020301005130,PRIN,28,57,486,437,212382.00,2019-02-03 01:00:00.513000
1113,2019020301005103,PRIN,28,57,14,437,6118.00,2019-02-03 01:00:00.510300
1114,2019020301005102,PRIN,46,57,76,437,33212.00,2019-02-03 01:00:00.510200
1115,2019020301004821,PRIN,46,4,124,437,54188.00,2019-02-03 01:00:00.482100
1116,2019020301004820,PRIN,32,4,50,437,21850.00,2019-02-03 01:00:00.482000
1117,2019020301004345,PRIN,29,52,87,441,38367.00,2019-02-03 01:00:00.434500
1118,2019020301004344,PRIN,29,38,34,440,14960.00,2019-02-03 01:00:00.434400
1119,2019020301004150,PRIN,1,26,17,437,7429.00,2019-02-03 01:00:00.415000
1120,2019020301003396,PRIN,35,13,100,437,43700.00,2019-02-03 01:00:00.339600
1121,2019020301003395,PRIN,34,13,200,437,87400.00,2019-02-03 01:00:00.339500
1122,2019020301003394,PRIN,10,13,300,438,131400.00,2019-02-03 01:00:00.339400
1123,2019020301003168,PRIN,47,14,100,439,43900.00,2019-02-03 01:00:00.316800
1124,2019013101004400,PRIN,53,37,375,441,165375.00,2019-01-31 01:00:00.440000
1125,2019013101004399,PRIN,53,37,50,441,22050.00,2019-01-31 01:00:00.439900
1126,2019013101004398,PRIN,20,37,300,441,132300.00,2019-01-31 01:00:00.439800
1127,2019013101004397,PRIN,22,37,300,442,132600.00,2019-01-31 01:00:00.439700
1128,2019013101004303,PRIN,22,7,200,442,88400.00,2019-01-31 01:00:00.430300
1129,2019013101003823,PRIN,50,37,350,442,154700.00,2019-01-31 01:00:00.382300
1130,2019013101003822,PRIN,46,37,500,442,221000.00,2019-01-31 01:00:00.382200
1131,2019013101003821,PRIN,56,37,200,442,88400.00,2019-01-31 01:00:00.382100
1132,2019013101003820,PRIN,32,37,50,442,22100.00,2019-01-31 01:00:00.382000
1133,2019013101003819,PRIN,51,37,50,442,22100.00,2019-01-31 01:00:00.381900
1134,2019013101003818,PRIN,28,37,1000,443,443000.00,2019-01-31 01:00:00.381800
1135,2019013101003817,PRIN,36,37,200,443,88600.00,2019-01-31 01:00:00.381700
1136,2019013101003816,PRIN,58,37,80,443,35440.00,2019-01-31 01:00:00.381600
1137,2019013101003815,PRIN,19,37,50,444,22200.00,2019-01-31 01:00:00.381500
1138,2019013101003374,PRIN,1,22,50,444,22200.00,2019-01-31 01:00:00.337400
1139,2019013101003373,PRIN,39,22,283,444,125652.00,2019-01-31 01:00:00.337300
1140,2019013101002335,PRIN,26,20,67,445,29815.00,2019-01-31 01:00:00.233500
1141,2019013101002212,PRIN,26,20,20,445,8900.00,2019-01-31 01:00:00.221200
1142,2019013101001593,PRIN,39,47,217,444,96348.00,2019-01-31 01:00:00.159300
1143,2019013101001592,PRIN,19,47,100,445,44500.00,2019-01-31 01:00:00.159200
1144,2019013101001435,PRIN,58,35,120,443,53160.00,2019-01-31 01:00:00.143500
1145,2019013001004520,PRIN,28,19,10,448,4480.00,2019-01-30 01:00:00.452000
1146,2019013001004519,PRIN,28,33,28,444,12432.00,2019-01-30 01:00:00.451900
1147,2019013001004494,PRIN,51,33,50,444,22200.00,2019-01-30 01:00:00.449400
1148,2019013001004493,PRIN,58,33,422,444,187368.00,2019-01-30 01:00:00.449300
1149,2019013001004047,PRIN,58,57,78,444,34632.00,2019-01-30 01:00:00.404700
1150,2019013001004046,PRIN,38,57,100,444,44400.00,2019-01-30 01:00:00.404600
1151,2019013001004030,PRIN,56,57,100,445,44500.00,2019-01-30 01:00:00.403000
1152,2019013001004029,PRIN,6,57,122,445,54290.00,2019-01-30 01:00:00.402900
1153,2019013001003534,PRIN,45,22,100,447,44700.00,2019-01-30 01:00:00.353400
1154,2019013001003533,PRIN,45,22,100,447,44700.00,2019-01-30 01:00:00.353300
1155,2019013001003532,PRIN,41,22,25,447,11175.00,2019-01-30 01:00:00.353200
1156,2019013001003204,PRIN,41,19,25,447,11175.00,2019-01-30 01:00:00.320400
1157,2019013001002838,PRIN,25,19,50,449,22450.00,2019-01-30 01:00:00.283800
1158,2019013001002837,PRIN,25,25,50,449,22450.00,2019-01-30 01:00:00.283700
1159,2019013001001609,PRIN,58,42,139,450,62550.00,2019-01-30 01:00:00.160900
1160,2019013001001438,PRIN,59,42,100,450,45000.00,2019-01-30 01:00:00.143800
1161,2019012901005428,PRIN,38,14,72,447,32184.00,2019-01-29 01:00:00.542800
1162,2019012901005405,PRIN,10,14,10,447,4470.00,2019-01-29 01:00:00.540500
1163,2019012901005000,PRIN,10,41,80,443,35440.00,2019-01-29 01:00:00.500000
1164,2019012901004999,PRIN,43,41,20,443,8860.00,2019-01-29 01:00:00.499900
1165,2019012901004967,PRIN,40,58,400,445,178000.00,2019-01-29 01:00:00.496700
1166,2019012901004893,PRIN,37,58,100,445,44500.00,2019-01-29 01:00:00.489300
1167,2019012901004877,PRIN,45,28,500,444,222000.00,2019-01-29 01:00:00.487700
1168,2019012901004871,PRIN,28,28,500,444,222000.00,2019-01-29 01:00:00.487100
1169,2019012901004728,PRIN,13,37,36,444,15984.00,2019-01-29 01:00:00.472800
1170,2019012901004682,PRIN,25,37,200,444,88800.00,2019-01-29 01:00:00.468200
1171,2019012901004681,PRIN,21,37,25,444,11100.00,2019-01-29 01:00:00.468100
1172,2019012901004680,PRIN,51,37,100,444,44400.00,2019-01-29 01:00:00.468000
1173,2019012901004649,PRIN,37,1,48,444,21312.00,2019-01-29 01:00:00.464900
1174,2019012901004588,PRIN,26,37,50,446,22300.00,2019-01-29 01:00:00.458800
1175,2019012901004517,PRIN,11,14,200,445,89000.00,2019-01-29 01:00:00.451700
1176,2019012901004516,PRIN,38,14,10,445,4450.00,2019-01-29 01:00:00.451600
1177,2019012901003063,PRIN,1,55,94,449,42206.00,2019-01-29 01:00:00.306300
1178,2019012901003062,PRIN,1,49,206,449,92494.00,2019-01-29 01:00:00.306200
1179,2019012901002466,PRIN,10,21,696,443,308328.00,2019-01-29 01:00:00.246600
1180,2019012901001631,PRIN,36,49,100,449,44900.00,2019-01-29 01:00:00.163100
1181,2019012901001556,PRIN,19,56,100,454,45400.00,2019-01-29 01:00:00.155600
1182,2019012801004541,PRIN,28,13,14,458,6412.00,2019-01-28 01:00:00.454100
1183,2019012801004424,PRIN,42,36,31,450,13950.00,2019-01-28 01:00:00.442400
1184,2019012801003986,PRIN,42,50,49,450,22050.00,2019-01-28 01:00:00.398600
1185,2019012801003820,PRIN,34,50,20,450,9000.00,2019-01-28 01:00:00.382000
1186,2019012801003800,PRIN,32,50,131,450,58950.00,2019-01-28 01:00:00.380000
1187,2019012801003799,PRIN,32,49,169,450,76050.00,2019-01-28 01:00:00.379900
1188,2019012801003680,PRIN,34,49,200,450,90000.00,2019-01-28 01:00:00.368000
1189,2019012801003561,PRIN,47,49,153,450,68850.00,2019-01-28 01:00:00.356100
1190,2019012801003069,PRIN,13,7,50,453,22650.00,2019-01-28 01:00:00.306900
1191,2019012801003068,PRIN,13,5,94,448,42112.00,2019-01-28 01:00:00.306800
1192,2019012801003063,PRIN,13,5,240,448,107520.00,2019-01-28 01:00:00.306300
1193,2019012801003062,PRIN,13,53,10,448,4480.00,2019-01-28 01:00:00.306200
1194,2019012801002362,PRIN,35,49,43,444,19092.00,2019-01-28 01:00:00.236200
1195,2019012801002361,PRIN,59,49,200,444,88800.00,2019-01-28 01:00:00.236100
1196,2019012801001022,PRIN,35,29,90,440,39600.00,2019-01-28 01:00:00.102200
1197,2019012801001021,PRIN,46,29,200,440,88000.00,2019-01-28 01:00:00.102100
1198,2019012801001020,PRIN,32,29,10,440,4400.00,2019-01-28 01:00:00.102000
1199,2019012701006707,PRIN,49,13,10,446,4460.00,2019-01-27 01:00:00.670700
1200,2019012701006162,PRIN,45,46,1484,440,652960.00,2019-01-27 01:00:00.616200
1201,2019012701006161,PRIN,17,46,100,440,44000.00,2019-01-27 01:00:00.616100
1202,2019012701006160,PRIN,47,46,50,440,22000.00,2019-01-27 01:00:00.616000
1203,2019012701006159,PRIN,51,46,100,441,44100.00,2019-01-27 01:00:00.615900
1204,2019012701006158,PRIN,1,46,50,441,22050.00,2019-01-27 01:00:00.615800
1205,2019012701006157,PRIN,32,46,150,441,66150.00,2019-01-27 01:00:00.615700
1206,2019012701006156,PRIN,28,46,500,443,221500.00,2019-01-27 01:00:00.615600
1207,2019012701006155,PRIN,28,46,654,443,289722.00,2019-01-27 01:00:00.615500
1208,2019012701006154,PRIN,17,46,1000,444,444000.00,2019-01-27 01:00:00.615400
1209,2019012701006153,PRIN,26,46,100,444,44400.00,2019-01-27 01:00:00.615300
1210,2019012701006152,PRIN,34,46,980,445,436100.00,2019-01-27 01:00:00.615200
1211,2019012701006151,PRIN,51,46,30,446,13380.00,2019-01-27 01:00:00.615100
1212,2019012701005543,PRIN,34,22,20,445,8900.00,2019-01-27 01:00:00.554300
1213,2019012701005542,PRIN,6,22,50,445,22250.00,2019-01-27 01:00:00.554200
1214,2019012701005541,PRIN,41,22,30,445,13350.00,2019-01-27 01:00:00.554100
1215,2019012701005388,PRIN,41,50,40,445,17800.00,2019-01-27 01:00:00.538800
1216,2019012701004834,PRIN,41,46,70,445,31150.00,2019-01-27 01:00:00.483400
1217,2019012701004833,PRIN,40,46,30,446,13380.00,2019-01-27 01:00:00.483300
1218,2019012701003547,PRIN,41,32,150,445,66750.00,2019-01-27 01:00:00.354700
1219,2019012701003184,PRIN,38,41,100,448,44800.00,2019-01-27 01:00:00.318400
1220,2019012701003183,PRIN,38,43,278,448,124544.00,2019-01-27 01:00:00.318300
1221,2019012701003090,PRIN,41,22,200,447,89400.00,2019-01-27 01:00:00.309000
1222,2019012701003089,PRIN,41,22,10,447,4470.00,2019-01-27 01:00:00.308900
1223,2019012701002748,PRIN,21,22,10,447,4470.00,2019-01-27 01:00:00.274800
1224,2019012701002715,PRIN,28,38,46,443,20378.00,2019-01-27 01:00:00.271500
1225,2019012701001991,PRIN,28,52,300,443,132900.00,2019-01-27 01:00:00.199100
1226,2019012701001598,PRIN,36,59,25,449,11225.00,2019-01-27 01:00:00.159800
1227,2019012401005647,PRIN,14,51,100,449,44900.00,2019-01-24 01:00:00.564700
1228,2019012401005646,PRIN,6,51,100,449,44900.00,2019-01-24 01:00:00.564600
1229,2019012401005302,PRIN,21,55,100,449,44900.00,2019-01-24 01:00:00.530200
1230,2019012401005059,PRIN,59,28,100,450,45000.00,2019-01-24 01:00:00.505900
1231,2019012401005058,PRIN,40,28,275,450,123750.00,2019-01-24 01:00:00.505800
1232,2019012401005046,PRIN,40,28,25,450,11250.00,2019-01-24 01:00:00.504600
1233,2019012401005045,PRIN,48,28,200,450,90000.00,2019-01-24 01:00:00.504500
1234,2019012401005044,PRIN,28,28,775,450,348750.00,2019-01-24 01:00:00.504400
1235,2019012401004880,PRIN,45,34,10,451,4510.00,2019-01-24 01:00:00.488000
1236,2019012401004701,PRIN,25,1,10,451,4510.00,2019-01-24 01:00:00.470100
1237,2019012401004700,PRIN,25,1,42,451,18942.00,2019-01-24 01:00:00.470000
1238,2019012401004115,PRIN,25,28,158,451,71258.00,2019-01-24 01:00:00.411500
1239,2019012401004114,PRIN,21,28,50,451,22550.00,2019-01-24 01:00:00.411400
1240,2019012401004113,PRIN,22,28,392,452,177184.00,2019-01-24 01:00:00.411300
1241,2019012401003811,PRIN,22,22,30,452,13560.00,2019-01-24 01:00:00.381100
1242,2019012401003602,PRIN,40,44,180,453,81540.00,2019-01-24 01:00:00.360200
1243,2019012401003601,PRIN,40,14,500,453,226500.00,2019-01-24 01:00:00.360100
1244,2019012401003600,PRIN,40,4,120,453,54360.00,2019-01-24 01:00:00.360000
1245,2019012401002892,PRIN,28,29,225,450,101250.00,2019-01-24 01:00:00.289200
1246,2019012401002847,PRIN,46,37,75,452,33900.00,2019-01-24 01:00:00.284700
1247,2019012401002833,PRIN,6,37,100,451,45100.00,2019-01-24 01:00:00.283300
1248,2019012401002832,PRIN,26,37,30,452,13560.00,2019-01-24 01:00:00.283200
1249,2019012401001481,PRIN,46,49,60,451,27060.00,2019-01-24 01:00:00.148100
1250,2019012401001467,PRIN,26,49,40,451,18040.00,2019-01-24 01:00:00.146700
1251,2019012401001059,PRIN,26,59,10,451,4510.00,2019-01-24 01:00:00.105900
1252,2019012401000095,PRIN,5,5,264,451,119064.00,2019-01-24 01:00:00.009500
1253,2019012301005518,PRIN,33,41,100,453,45300.00,2019-01-23 01:00:00.551800
1254,2019012301005239,PRIN,45,45,500,452,226000.00,2019-01-23 01:00:00.523900
1255,2019012301004831,PRIN,28,20,443,450,199350.00,2019-01-23 01:00:00.483100
1256,2019012301004736,PRIN,50,44,200,448,89600.00,2019-01-23 01:00:00.473600
1257,2019012301004725,PRIN,33,44,75,449,33675.00,2019-01-23 01:00:00.472500
1258,2019012301004724,PRIN,46,44,171,449,76779.00,2019-01-23 01:00:00.472400
1259,2019012301004455,PRIN,49,20,100,450,45000.00,2019-01-23 01:00:00.445500
1260,2019012301004394,PRIN,45,20,100,450,45000.00,2019-01-23 01:00:00.439400
1261,2019012301004393,PRIN,1,20,200,450,90000.00,2019-01-23 01:00:00.439300
1262,2019012301004392,PRIN,21,20,10,452,4520.00,2019-01-23 01:00:00.439200
1263,2019012301004391,PRIN,4,20,110,453,49830.00,2019-01-23 01:00:00.439100
1264,2019012301003703,PRIN,16,44,195,453,88335.00,2019-01-23 01:00:00.370300
1265,2019012301003670,PRIN,16,33,305,453,138165.00,2019-01-23 01:00:00.367000
1266,2019012301003616,PRIN,4,33,45,453,20385.00,2019-01-23 01:00:00.361600
1267,2019012301003585,PRIN,45,13,60,453,27180.00,2019-01-23 01:00:00.358500
1268,2019012301002744,PRIN,46,40,50,453,22650.00,2019-01-23 01:00:00.274400
1269,2019012301002188,PRIN,46,36,110,449,49390.00,2019-01-23 01:00:00.218800
1270,2019012301001973,PRIN,46,26,50,450,22500.00,2019-01-23 01:00:00.197300
1271,2019012301001967,PRIN,32,26,350,450,157500.00,2019-01-23 01:00:00.196700
1272,2019012301001836,PRIN,32,54,150,450,67500.00,2019-01-23 01:00:00.183600
1273,2019012301001136,PRIN,46,45,169,450,76050.00,2019-01-23 01:00:00.113600
1274,2019012301000985,PRIN,34,45,100,450,45000.00,2019-01-23 01:00:00.098500
1275,2019012301000449,PRIN,37,4,100,452,45200.00,2019-01-23 01:00:00.044900
1276,2019012301000448,PRIN,17,4,40,452,18080.00,2019-01-23 01:00:00.044800
1277,2019012201007417,PRIN,28,13,20,452,9040.00,2019-01-22 01:00:00.741700
1278,2019012201007394,PRIN,43,28,108,446,48168.00,2019-01-22 01:00:00.739400
1279,2019012201007393,PRIN,45,28,900,447,402300.00,2019-01-22 01:00:00.739300
1280,2019012201007392,PRIN,55,28,70,447,31290.00,2019-01-22 01:00:00.739200
1281,2019012201007391,PRIN,36,28,22,447,9834.00,2019-01-22 01:00:00.739100
1282,2019012201007390,PRIN,6,28,300,448,134400.00,2019-01-22 01:00:00.739000
1283,2019012201007389,PRIN,41,28,100,448,44800.00,2019-01-22 01:00:00.738900
1284,2019012201006876,PRIN,4,35,33,451,14883.00,2019-01-22 01:00:00.687600
1285,2019012201006052,PRIN,36,53,83,447,37101.00,2019-01-22 01:00:00.605200
1286,2019012201005599,PRIN,36,11,101,447,45147.00,2019-01-22 01:00:00.559900
1287,2019012201005499,PRIN,36,43,42,447,18774.00,2019-01-22 01:00:00.549900
1288,2019012201005468,PRIN,36,21,52,447,23244.00,2019-01-22 01:00:00.546800
1289,2019012201005465,PRIN,49,43,200,450,90000.00,2019-01-22 01:00:00.546500
1290,2019012201005464,PRIN,42,43,20,450,9000.00,2019-01-22 01:00:00.546400
1291,2019012201005463,PRIN,38,43,205,450,92250.00,2019-01-22 01:00:00.546300
1292,2019012201005462,PRIN,42,43,300,450,135000.00,2019-01-22 01:00:00.546200
1293,2019012201005425,PRIN,34,35,67,451,30217.00,2019-01-22 01:00:00.542500
1294,2019012201005394,PRIN,34,53,33,451,14883.00,2019-01-22 01:00:00.539400
1295,2019012201005393,PRIN,11,53,50,451,22550.00,2019-01-22 01:00:00.539300
1296,2019012201004770,PRIN,50,51,50,453,22650.00,2019-01-22 01:00:00.477000
1297,2019012201004764,PRIN,51,51,667,453,302151.00,2019-01-22 01:00:00.476400
1298,2019012201004741,PRIN,51,51,500,453,226500.00,2019-01-22 01:00:00.474100
1299,2019012201003629,PRIN,28,1,50,454,22700.00,2019-01-22 01:00:00.362900
1300,2019012201002256,PRIN,53,53,165,446,73590.00,2019-01-22 01:00:00.225600
1301,2019012101011831,PRIN,25,50,89,448,39872.00,2019-01-21 01:01:00.183100
1302,2019012101011785,PRIN,28,50,366,448,163968.00,2019-01-21 01:01:00.178500
1303,2019012101011651,PRIN,8,50,200,448,89600.00,2019-01-21 01:01:00.165100
1304,2019012101011586,PRIN,28,46,134,445,59630.00,2019-01-21 01:01:00.158600
1305,2019012101011585,PRIN,35,46,10,446,4460.00,2019-01-21 01:01:00.158500
1306,2019012101011584,PRIN,51,46,50,446,22300.00,2019-01-21 01:01:00.158400
1307,2019012101011583,PRIN,28,46,156,446,69576.00,2019-01-21 01:01:00.158300
1308,2019012101011535,PRIN,28,22,344,446,153424.00,2019-01-21 01:01:00.153500
1309,2019012101011534,PRIN,25,22,300,446,133800.00,2019-01-21 01:01:00.153400
1310,2019012101011533,PRIN,28,22,56,446,24976.00,2019-01-21 01:01:00.153300
1311,2019012101011419,PRIN,49,43,200,447,89400.00,2019-01-21 01:01:00.141900
1312,2019012101011365,PRIN,16,50,15,448,6720.00,2019-01-21 01:01:00.136500
1313,2019012101011314,PRIN,28,37,200,446,89200.00,2019-01-21 01:01:00.131400
1314,2019012101011313,PRIN,32,37,200,447,89400.00,2019-01-21 01:01:00.131300
1315,2019012101011263,PRIN,28,25,244,446,108824.00,2019-01-21 01:01:00.126300
1316,2019012101011262,PRIN,39,25,13,446,5798.00,2019-01-21 01:01:00.126200
1317,2019012101011261,PRIN,47,25,500,447,223500.00,2019-01-21 01:01:00.126100
1318,2019012101011216,PRIN,35,50,100,448,44800.00,2019-01-21 01:01:00.121600
1319,2019012101010942,PRIN,28,22,270,448,120960.00,2019-01-21 01:01:00.094200
1320,2019012101010484,PRIN,28,49,200,448,89600.00,2019-01-21 01:01:00.048400
1321,2019012101010082,PRIN,28,45,30,448,13440.00,2019-01-21 01:01:00.008200
1322,2019012101009979,PRIN,36,45,250,448,112000.00,2019-01-21 01:00:00.997900
1323,2019012101009978,PRIN,57,45,20,448,8960.00,2019-01-21 01:00:00.997800
1324,2019012101009977,PRIN,57,49,80,448,35840.00,2019-01-21 01:00:00.997700
1325,2019012101009976,PRIN,35,49,20,448,8960.00,2019-01-21 01:00:00.997600
1326,2019012101009075,PRIN,45,25,40,450,18000.00,2019-01-21 01:00:00.907500
1327,2019012101008595,PRIN,47,25,200,450,90000.00,2019-01-21 01:00:00.859500
1328,2019012101008428,PRIN,39,25,20,450,9000.00,2019-01-21 01:00:00.842800
1329,2019012101007808,PRIN,36,33,100,448,44800.00,2019-01-21 01:00:00.780800
1330,2019012101007673,PRIN,39,20,37,446,16502.00,2019-01-21 01:00:00.767300
1331,2019012101007672,PRIN,48,20,20,447,8940.00,2019-01-21 01:00:00.767200
1332,2019012101007671,PRIN,4,20,25,447,11175.00,2019-01-21 01:00:00.767100
1333,2019012101007670,PRIN,46,20,50,447,22350.00,2019-01-21 01:00:00.767000
1334,2019012101007318,PRIN,1,33,100,448,44800.00,2019-01-21 01:00:00.731800
1335,2019012101007254,PRIN,45,25,50,450,22500.00,2019-01-21 01:00:00.725400
1336,2019012101006023,PRIN,41,20,60,451,27060.00,2019-01-21 01:00:00.602300
1337,2019012101005142,PRIN,41,8,172,447,76884.00,2019-01-21 01:00:00.514200
1338,2019012101003044,PRIN,41,32,28,447,12516.00,2019-01-21 01:00:00.304400
1339,2019012101002274,PRIN,34,34,1,444,444.00,2019-01-21 01:00:00.227400
1340,2019012001015118,PRIN,6,22,100,453,45300.00,2019-01-20 01:01:00.511800
1341,2019012001015117,PRIN,6,51,192,450,86400.00,2019-01-20 01:01:00.511700
1342,2019012001015116,PRIN,6,6,50,449,22450.00,2019-01-20 01:01:00.511600
1343,2019012001013651,PRIN,38,56,195,445,86775.00,2019-01-20 01:01:00.365100
1344,2019012001013650,PRIN,51,56,500,445,222500.00,2019-01-20 01:01:00.365000
1345,2019012001013649,PRIN,26,56,100,446,44600.00,2019-01-20 01:01:00.364900
1346,2019012001013648,PRIN,22,56,20,446,8920.00,2019-01-20 01:01:00.364800
1347,2019012001013110,PRIN,22,25,80,446,35680.00,2019-01-20 01:01:00.311000
1348,2019012001013109,PRIN,21,25,100,446,44600.00,2019-01-20 01:01:00.310900
1349,2019012001013108,PRIN,28,25,320,446,142720.00,2019-01-20 01:01:00.310800
1350,2019012001012903,PRIN,28,51,55,446,24530.00,2019-01-20 01:01:00.290300
1351,2019012001011510,PRIN,28,17,125,446,55750.00,2019-01-20 01:01:00.151000
1352,2019012001011509,PRIN,10,17,1000,446,446000.00,2019-01-20 01:01:00.150900
1353,2019012001011508,PRIN,26,17,75,446,33450.00,2019-01-20 01:01:00.150800
1354,2019012001011507,PRIN,18,17,300,447,134100.00,2019-01-20 01:01:00.150700
1355,2019012001011405,PRIN,38,56,50,454,22700.00,2019-01-20 01:01:00.140500
1356,2019012001009203,PRIN,26,1,45,446,20070.00,2019-01-20 01:00:00.920300
1357,2019012001007278,PRIN,45,43,25,455,11375.00,2019-01-20 01:00:00.727800
1358,2019011701004760,PRIN,34,58,109,455,49595.00,2019-01-17 01:00:00.476000
1359,2019011701004360,PRIN,34,28,256,455,116480.00,2019-01-17 01:00:00.436000
1360,2019011701004359,PRIN,45,28,244,455,111020.00,2019-01-17 01:00:00.435900
1361,2019011701004219,PRIN,45,28,56,455,25480.00,2019-01-17 01:00:00.421900
1362,2019011701004218,PRIN,28,28,200,456,91200.00,2019-01-17 01:00:00.421800
1363,2019011701004217,PRIN,42,28,200,456,91200.00,2019-01-17 01:00:00.421700
1364,2019011701004052,PRIN,51,22,100,458,45800.00,2019-01-17 01:00:00.405200
1365,2019011701004027,PRIN,22,22,39,457,17823.00,2019-01-17 01:00:00.402700
1366,2019011701004026,PRIN,26,22,100,457,45700.00,2019-01-17 01:00:00.402600
1367,2019011701004025,PRIN,6,22,50,457,22850.00,2019-01-17 01:00:00.402500
1368,2019011701002387,PRIN,22,44,11,456,5016.00,2019-01-17 01:00:00.238700
1369,2019011701002319,PRIN,11,43,100,458,45800.00,2019-01-17 01:00:00.231900
1370,2019011701002223,PRIN,45,58,289,460,132940.00,2019-01-17 01:00:00.222300
1371,2019011701002222,PRIN,45,19,111,460,51060.00,2019-01-17 01:00:00.222200
1372,2019011701002045,PRIN,17,19,50,460,23000.00,2019-01-17 01:00:00.204500
1373,2019011701001887,PRIN,38,19,10,460,4600.00,2019-01-17 01:00:00.188700
1374,2019011701001836,PRIN,45,45,200,455,91000.00,2019-01-17 01:00:00.183600
1375,2019011701001453,PRIN,41,38,10,453,4530.00,2019-01-17 01:00:00.145300
1376,2019011701001158,PRIN,46,45,500,455,227500.00,2019-01-17 01:00:00.115800
1377,2019011701000388,PRIN,48,43,720,457,329040.00,2019-01-17 01:00:00.038800
1378,2019011701000348,PRIN,57,40,200,458,91600.00,2019-01-17 01:00:00.034800
1379,2019011701000002,PRIN,49,49,1220,465,567300.00,2019-01-17 01:00:00.000200
1380,2019011601005209,PRIN,49,59,10,458,4580.00,2019-01-16 01:00:00.520900
1381,2019011601005172,PRIN,26,19,100,457,45700.00,2019-01-16 01:00:00.517200
1382,2019011601005072,PRIN,28,19,842,457,384794.00,2019-01-16 01:00:00.507200
1383,2019011601005069,PRIN,28,6,158,457,72206.00,2019-01-16 01:00:00.506900
1384,2019011601005065,PRIN,26,6,15,458,6870.00,2019-01-16 01:00:00.506500
1385,2019011601004953,PRIN,26,40,185,458,84730.00,2019-01-16 01:00:00.495300
1386,2019011601004952,PRIN,28,40,15,458,6870.00,2019-01-16 01:00:00.495200
1387,2019011601004892,PRIN,28,36,185,458,84730.00,2019-01-16 01:00:00.489200
1388,2019011601004886,PRIN,49,6,10,460,4600.00,2019-01-16 01:00:00.488600
1389,2019011601004849,PRIN,19,6,117,458,53586.00,2019-01-16 01:00:00.484900
1390,2019011601004839,PRIN,19,45,83,458,38014.00,2019-01-16 01:00:00.483900
1391,2019011601004685,PRIN,25,45,61,458,27938.00,2019-01-16 01:00:00.468500
1392,2019011601004670,PRIN,25,10,39,458,17862.00,2019-01-16 01:00:00.467000
1393,2019011601004669,PRIN,58,10,200,458,91600.00,2019-01-16 01:00:00.466900
1394,2019011601004668,PRIN,28,10,200,458,91600.00,2019-01-16 01:00:00.466800
1395,2019011601004626,PRIN,28,41,300,458,137400.00,2019-01-16 01:00:00.462600
1396,2019011601004439,PRIN,28,7,300,460,138000.00,2019-01-16 01:00:00.443900
1397,2019011601004317,PRIN,34,7,200,460,92000.00,2019-01-16 01:00:00.431700
1398,2019011601004055,PRIN,10,45,10,463,4630.00,2019-01-16 01:00:00.405500
1399,2019011601003079,PRIN,21,25,50,460,23000.00,2019-01-16 01:00:00.307900
1400,2019011601003003,PRIN,34,28,10,460,4600.00,2019-01-16 01:00:00.300300
1401,2019011601002985,PRIN,34,28,95,460,43700.00,2019-01-16 01:00:00.298500
1402,2019011601002984,PRIN,28,28,50,460,23000.00,2019-01-16 01:00:00.298400
1403,2019011601002983,PRIN,49,28,100,460,46000.00,2019-01-16 01:00:00.298300
1404,2019011601002982,PRIN,29,28,67,461,30887.00,2019-01-16 01:00:00.298200
1405,2019011601002950,PRIN,29,25,33,461,15213.00,2019-01-16 01:00:00.295000
1406,2019011601002949,PRIN,28,25,467,461,215287.00,2019-01-16 01:00:00.294900
1407,2019011601002917,PRIN,28,22,33,461,15213.00,2019-01-16 01:00:00.291700
1408,2019011601002916,PRIN,48,22,19,461,8759.00,2019-01-16 01:00:00.291600
1409,2019011601002912,PRIN,5,22,55,462,25410.00,2019-01-16 01:00:00.291200
1410,2019011601002911,PRIN,58,22,93,462,42966.00,2019-01-16 01:00:00.291100
1411,2019011601002900,PRIN,58,32,80,462,36960.00,2019-01-16 01:00:00.290000
1412,2019011601002817,PRIN,58,35,262,462,121044.00,2019-01-16 01:00:00.281700
1413,2019011601002577,PRIN,58,21,10,462,4620.00,2019-01-16 01:00:00.257700
1414,2019011601002362,PRIN,58,45,65,462,30030.00,2019-01-16 01:00:00.236200
1415,2019011601002246,PRIN,58,53,190,462,87780.00,2019-01-16 01:00:00.224600
1416,2019011601002146,PRIN,58,16,300,462,138600.00,2019-01-16 01:00:00.214600
1417,2019011601001896,PRIN,7,32,200,462,92400.00,2019-01-16 01:00:00.189600
1418,2019011601001715,PRIN,7,39,50,465,23250.00,2019-01-16 01:00:00.171500
1419,2019011601001680,PRIN,58,58,1790,472,844880.00,2019-01-16 01:00:00.168000
1420,2019011601001679,PRIN,58,34,50,472,23600.00,2019-01-16 01:00:00.167900
1421,2019011601001355,PRIN,42,52,150,473,70950.00,2019-01-16 01:00:00.135500
1422,2019011601001354,PRIN,42,33,89,473,42097.00,2019-01-16 01:00:00.135400
1423,2019011601001353,PRIN,42,28,200,472,94400.00,2019-01-16 01:00:00.135300
1424,2019011601001306,PRIN,56,28,250,471,117750.00,2019-01-16 01:00:00.130600
1425,2019011601001274,PRIN,58,28,300,470,141000.00,2019-01-16 01:00:00.127400
1426,2019011601001273,PRIN,58,28,300,470,141000.00,2019-01-16 01:00:00.127300
1427,2019011601001272,PRIN,58,34,500,469,234500.00,2019-01-16 01:00:00.127200
1428,2019011601001251,PRIN,7,16,100,467,46700.00,2019-01-16 01:00:00.125100
1429,2019011601001239,PRIN,58,16,100,467,46700.00,2019-01-16 01:00:00.123900
1430,2019011601001202,PRIN,26,10,100,465,46500.00,2019-01-16 01:00:00.120200
1431,2019011601000946,PRIN,48,32,231,461,106491.00,2019-01-16 01:00:00.094600
1432,2019011601000945,PRIN,28,32,369,462,170478.00,2019-01-16 01:00:00.094500
1433,2019011601000688,PRIN,28,39,131,462,60522.00,2019-01-16 01:00:00.068800
1434,2019011601000434,PRIN,8,33,50,470,23500.00,2019-01-16 01:00:00.043400
1435,2019011601000433,PRIN,8,34,477,470,224190.00,2019-01-16 01:00:00.043300
1436,2019011601000155,PRIN,8,20,146,470,68620.00,2019-01-16 01:00:00.015500
1437,2019011601000110,PRIN,33,29,110,470,51700.00,2019-01-16 01:00:00.011000
1438,2019011601000109,PRIN,42,29,50,470,23500.00,2019-01-16 01:00:00.010900
1439,2019011601000068,PRIN,21,53,100,475,47500.00,2019-01-16 01:00:00.006800
1440,2019011601000010,PRIN,8,17,50,477,23850.00,2019-01-16 01:00:00.001000
1441,2019011501004497,PRIN,36,25,50,468,23400.00,2019-01-15 01:00:00.449700
1442,2019011501004445,PRIN,43,25,100,468,46800.00,2019-01-15 01:00:00.444500
1443,2019011501004139,PRIN,57,25,50,468,23400.00,2019-01-15 01:00:00.413900
1444,2019011501003964,PRIN,51,44,400,469,187600.00,2019-01-15 01:00:00.396400
1445,2019011501003943,PRIN,46,44,100,469,46900.00,2019-01-15 01:00:00.394300
1446,2019011501003797,PRIN,49,46,350,468,163800.00,2019-01-15 01:00:00.379700
1447,2019011501003796,PRIN,49,22,500,468,234000.00,2019-01-15 01:00:00.379600
1448,2019011501003795,PRIN,49,22,30,468,14040.00,2019-01-15 01:00:00.379500
1449,2019011501003794,PRIN,49,22,50,468,23400.00,2019-01-15 01:00:00.379400
1450,2019011501003766,PRIN,25,22,200,467,93400.00,2019-01-15 01:00:00.376600
1451,2019011501003765,PRIN,25,32,50,467,23350.00,2019-01-15 01:00:00.376500
1452,2019011501003764,PRIN,25,33,125,467,58375.00,2019-01-15 01:00:00.376400
1453,2019011501003245,PRIN,58,22,50,468,23400.00,2019-01-15 01:00:00.324500
1454,2019011501003235,PRIN,13,32,500,467,233500.00,2019-01-15 01:00:00.323500
1455,2019011501003219,PRIN,13,45,450,466,209700.00,2019-01-15 01:00:00.321900
1456,2019011501003205,PRIN,28,45,300,466,139800.00,2019-01-15 01:00:00.320500
1457,2019011501003127,PRIN,28,45,100,466,46600.00,2019-01-15 01:00:00.312700
1458,2019011501003126,PRIN,28,22,100,465,46500.00,2019-01-15 01:00:00.312600
1459,2019011501003117,PRIN,49,37,300,465,139500.00,2019-01-15 01:00:00.311700
1460,2019011501003109,PRIN,28,45,450,465,209250.00,2019-01-15 01:00:00.310900
1461,2019011501003098,PRIN,28,28,300,465,139500.00,2019-01-15 01:00:00.309800
1462,2019011501003097,PRIN,28,17,300,465,139500.00,2019-01-15 01:00:00.309700
1463,2019011501003096,PRIN,28,21,100,465,46500.00,2019-01-15 01:00:00.309600
1464,2019011501003095,PRIN,28,39,200,464,92800.00,2019-01-15 01:00:00.309500
1465,2019011501003094,PRIN,28,16,150,464,69600.00,2019-01-15 01:00:00.309400
1466,2019011501003080,PRIN,45,45,200,461,92200.00,2019-01-15 01:00:00.308000
1467,2019011501003079,PRIN,14,28,402,463,186126.00,2019-01-15 01:00:00.307900
1468,2019011501003078,PRIN,14,42,44,462,20328.00,2019-01-15 01:00:00.307800
1469,2019011501003063,PRIN,45,45,300,461,138300.00,2019-01-15 01:00:00.306300
1470,2019011501003062,PRIN,49,45,200,461,92200.00,2019-01-15 01:00:00.306200
1471,2019011501003002,PRIN,49,45,900,461,414900.00,2019-01-15 01:00:00.300200
1472,2019011501002976,PRIN,28,28,98,463,45374.00,2019-01-15 01:00:00.297600
1473,2019011501002975,PRIN,28,22,100,463,46300.00,2019-01-15 01:00:00.297500
1474,2019011501002974,PRIN,28,34,200,463,92600.00,2019-01-15 01:00:00.297400
1475,2019011501002973,PRIN,28,26,102,463,47226.00,2019-01-15 01:00:00.297300
1476,2019011501002968,PRIN,49,13,100,462,46200.00,2019-01-15 01:00:00.296800
1477,2019011501002960,PRIN,58,45,1000,461,461000.00,2019-01-15 01:00:00.296000
1478,2019011501002959,PRIN,49,45,1000,461,461000.00,2019-01-15 01:00:00.295900
1479,2019011501002893,PRIN,58,33,198,460,91080.00,2019-01-15 01:00:00.289300
1480,2019011501002892,PRIN,8,33,200,460,92000.00,2019-01-15 01:00:00.289200
1481,2019011501002891,PRIN,42,33,40,460,18400.00,2019-01-15 01:00:00.289100
1482,2019011501002860,PRIN,42,33,460,460,211600.00,2019-01-15 01:00:00.286000
1483,2019011501002827,PRIN,58,33,40,460,18400.00,2019-01-15 01:00:00.282700
1484,2019011501002775,PRIN,58,45,100,461,46100.00,2019-01-15 01:00:00.277500
1485,2019011501002397,PRIN,52,29,38,462,17556.00,2019-01-15 01:00:00.239700
1486,2019011501002378,PRIN,52,4,94,460,43240.00,2019-01-15 01:00:00.237800
1487,2019011501002367,PRIN,58,45,790,459,362610.00,2019-01-15 01:00:00.236700
1488,2019011501002348,PRIN,52,45,50,459,22950.00,2019-01-15 01:00:00.234800
1489,2019011501002335,PRIN,52,45,50,459,22950.00,2019-01-15 01:00:00.233500
1490,2019011501002216,PRIN,58,45,10,459,4590.00,2019-01-15 01:00:00.221600
1491,2019011501002171,PRIN,35,45,100,457,45700.00,2019-01-15 01:00:00.217100
1492,2019011501002026,PRIN,36,53,200,462,92400.00,2019-01-15 01:00:00.202600
1493,2019011501001604,PRIN,36,22,500,457,228500.00,2019-01-15 01:00:00.160400
1494,2019011501001601,PRIN,34,13,50,455,22750.00,2019-01-15 01:00:00.160100
1495,2019011501001576,PRIN,28,45,50,455,22750.00,2019-01-15 01:00:00.157600
1496,2019011501001566,PRIN,35,45,200,455,91000.00,2019-01-15 01:00:00.156600
1497,2019011501001564,PRIN,34,45,750,455,341250.00,2019-01-15 01:00:00.156400
1498,2019011501001530,PRIN,34,45,625,455,284375.00,2019-01-15 01:00:00.153000
1499,2019011501001529,PRIN,45,45,50,455,22750.00,2019-01-15 01:00:00.152900
1500,2019011501001528,PRIN,46,45,700,455,318500.00,2019-01-15 01:00:00.152800
1501,2019011501001441,PRIN,56,22,300,454,136200.00,2019-01-15 01:00:00.144100
1502,2019011501001440,PRIN,57,22,200,454,90800.00,2019-01-15 01:00:00.144000
1503,2019011501001392,PRIN,47,45,50,455,22750.00,2019-01-15 01:00:00.139200
1504,2019011501001391,PRIN,38,45,50,455,22750.00,2019-01-15 01:00:00.139100
1505,2019011501001390,PRIN,25,45,500,455,227500.00,2019-01-15 01:00:00.139000
1506,2019011501001370,PRIN,41,22,100,457,45700.00,2019-01-15 01:00:00.137000
1507,2019011501001291,PRIN,39,22,200,460,92000.00,2019-01-15 01:00:00.129100
1508,2019011501001195,PRIN,42,45,25,461,11525.00,2019-01-15 01:00:00.119500
1509,2019011501000866,PRIN,53,57,190,462,87780.00,2019-01-15 01:00:00.086600
1510,2019011501000846,PRIN,53,57,300,462,138600.00,2019-01-15 01:00:00.084600
1511,2019011501000840,PRIN,58,57,10,462,4620.00,2019-01-15 01:00:00.084000
1512,2019011501000839,PRIN,58,32,700,457,319900.00,2019-01-15 01:00:00.083900
1513,2019011501000832,PRIN,52,45,1000,455,455000.00,2019-01-15 01:00:00.083200
1514,2019011501000283,PRIN,34,32,300,455,136500.00,2019-01-15 01:00:00.028300
1515,2019011401003623,PRIN,28,39,1000,447,447000.00,2019-01-14 01:00:00.362300
1516,2019011401003622,PRIN,29,39,152,448,68096.00,2019-01-14 01:00:00.362200
1517,2019011401003621,PRIN,59,39,250,448,112000.00,2019-01-14 01:00:00.362100
1518,2019011401003609,PRIN,28,22,500,453,226500.00,2019-01-14 01:00:00.360900
1519,2019011401003513,PRIN,28,46,100,453,45300.00,2019-01-14 01:00:00.351300
1520,2019011401003512,PRIN,28,45,300,452,135600.00,2019-01-14 01:00:00.351200
1521,2019011401003369,PRIN,59,51,100,448,44800.00,2019-01-14 01:00:00.336900
1522,2019011401003368,PRIN,35,51,20,448,8960.00,2019-01-14 01:00:00.336800
1523,2019011401003367,PRIN,34,51,80,448,35840.00,2019-01-14 01:00:00.336700
1524,2019011401003047,PRIN,25,33,500,450,225000.00,2019-01-14 01:00:00.304700
1525,2019011401002403,PRIN,4,13,26,452,11752.00,2019-01-14 01:00:00.240300
1526,2019011401002042,PRIN,34,57,120,448,53760.00,2019-01-14 01:00:00.204200
1527,2019011401002041,PRIN,22,57,500,449,224500.00,2019-01-14 01:00:00.204100
1528,2019011401002040,PRIN,57,57,500,449,224500.00,2019-01-14 01:00:00.204000
1529,2019011401001947,PRIN,39,56,50,450,22500.00,2019-01-14 01:00:00.194700
1530,2019011401001946,PRIN,28,56,300,450,135000.00,2019-01-14 01:00:00.194600
1531,2019011401001939,PRIN,11,56,200,451,90200.00,2019-01-14 01:00:00.193900
1532,2019011401001552,PRIN,28,41,200,450,90000.00,2019-01-14 01:00:00.155200
1533,2019011401000471,PRIN,41,41,228,455,103740.00,2019-01-14 01:00:00.047100
1534,2019011301004933,PRIN,59,56,154,452,69608.00,2019-01-13 01:00:00.493300
1535,2019011301004932,PRIN,44,56,50,452,22600.00,2019-01-13 01:00:00.493200
1536,2019011301004931,PRIN,49,56,54,452,24408.00,2019-01-13 01:00:00.493100
1537,2019011301004890,PRIN,55,56,70,453,31710.00,2019-01-13 01:00:00.489000
1538,2019011301004091,PRIN,28,58,50,455,22750.00,2019-01-13 01:00:00.409100
1539,2019011301003149,PRIN,49,25,446,452,201592.00,2019-01-13 01:00:00.314900
1540,2019011301003148,PRIN,28,25,500,453,226500.00,2019-01-13 01:00:00.314800
1541,2019011301003147,PRIN,37,25,54,453,24462.00,2019-01-13 01:00:00.314700
1542,2019011301002668,PRIN,37,41,146,453,66138.00,2019-01-13 01:00:00.266800
1543,2019011001003837,PRIN,28,33,12,460,5520.00,2019-01-10 01:00:00.383700
1544,2019011001003767,PRIN,10,58,11,455,5005.00,2019-01-10 01:00:00.376700
1545,2019011001003653,PRIN,28,33,21,460,9660.00,2019-01-10 01:00:00.365300
1546,2019011001003652,PRIN,28,43,169,458,77402.00,2019-01-10 01:00:00.365200
1547,2019011001003651,PRIN,28,22,50,458,22900.00,2019-01-10 01:00:00.365100
1548,2019011001003523,PRIN,41,17,477,457,217989.00,2019-01-10 01:00:00.352300
1549,2019011001003522,PRIN,41,33,19,457,8683.00,2019-01-10 01:00:00.352200
1550,2019011001002814,PRIN,45,57,390,454,177060.00,2019-01-10 01:00:00.281400
1551,2019011001002813,PRIN,51,57,100,455,45500.00,2019-01-10 01:00:00.281300
1552,2019011001002812,PRIN,49,57,10,455,4550.00,2019-01-10 01:00:00.281200
1553,2019011001002755,PRIN,28,14,100,455,45500.00,2019-01-10 01:00:00.275500
1554,2019011001002367,PRIN,28,57,300,455,136500.00,2019-01-10 01:00:00.236700
1555,2019011001002366,PRIN,28,57,50,455,22750.00,2019-01-10 01:00:00.236600
1556,2019011001002201,PRIN,46,57,300,455,136500.00,2019-01-10 01:00:00.220100
1557,2019011001002200,PRIN,14,57,50,455,22750.00,2019-01-10 01:00:00.220000
1558,2019011001002199,PRIN,48,57,300,455,136500.00,2019-01-10 01:00:00.219900
1559,2019011001002198,PRIN,22,57,200,455,91000.00,2019-01-10 01:00:00.219800
1560,2019011001002197,PRIN,34,57,1000,456,456000.00,2019-01-10 01:00:00.219700
1561,2019011001002196,PRIN,11,57,140,456,63840.00,2019-01-10 01:00:00.219600
1562,2019011001001390,PRIN,45,57,350,457,159950.00,2019-01-10 01:00:00.139000
1563,2019011001001115,PRIN,28,33,120,460,55200.00,2019-01-10 01:00:00.111500
1564,2019011001001114,PRIN,28,41,140,459,64260.00,2019-01-10 01:00:00.111400
1565,2019011001000742,PRIN,28,33,20,460,9200.00,2019-01-10 01:00:00.074200
1566,2019011001000734,PRIN,28,16,100,458,45800.00,2019-01-10 01:00:00.073400
1567,2019011001000633,PRIN,38,33,50,460,23000.00,2019-01-10 01:00:00.063300
1568,2019010901003116,PRIN,28,22,20,459,9180.00,2019-01-09 01:00:00.311600
1569,2019010901002937,PRIN,32,51,200,456,91200.00,2019-01-09 01:00:00.293700
1570,2019010901002843,PRIN,34,38,102,455,46410.00,2019-01-09 01:00:00.284300
1571,2019010901002842,PRIN,7,38,200,455,91000.00,2019-01-09 01:00:00.284200
1572,2019010901002841,PRIN,28,38,81,455,36855.00,2019-01-09 01:00:00.284100
1573,2019010901002840,PRIN,36,38,63,456,28728.00,2019-01-09 01:00:00.284000
1574,2019010901002839,PRIN,32,38,50,457,22850.00,2019-01-09 01:00:00.283900
1575,2019010901002832,PRIN,36,6,237,456,108072.00,2019-01-09 01:00:00.283200
1576,2019010901002799,PRIN,52,36,300,457,137100.00,2019-01-09 01:00:00.279900
1577,2019010901002778,PRIN,36,44,200,456,91200.00,2019-01-09 01:00:00.277800
1578,2019010901002744,PRIN,47,36,200,457,91400.00,2019-01-09 01:00:00.274400
1579,2019010901002743,PRIN,47,45,800,457,365600.00,2019-01-09 01:00:00.274300
1580,2019010901002691,PRIN,28,39,119,455,54145.00,2019-01-09 01:00:00.269100
1581,2019010901002690,PRIN,43,39,300,455,136500.00,2019-01-09 01:00:00.269000
1582,2019010901002612,PRIN,33,45,500,456,228000.00,2019-01-09 01:00:00.261200
1583,2019010901002611,PRIN,59,45,100,456,45600.00,2019-01-09 01:00:00.261100
1584,2019010901002610,PRIN,29,45,200,456,91200.00,2019-01-09 01:00:00.261000
1585,2019010901002169,PRIN,17,33,50,457,22850.00,2019-01-09 01:00:00.216900
1586,2019010901002168,PRIN,40,33,200,457,91400.00,2019-01-09 01:00:00.216800
1587,2019010901002167,PRIN,28,33,200,457,91400.00,2019-01-09 01:00:00.216700
1588,2019010901002166,PRIN,51,33,200,457,91400.00,2019-01-09 01:00:00.216600
1589,2019010901002160,PRIN,25,25,382,458,174956.00,2019-01-09 01:00:00.216000
1590,2019010901001925,PRIN,13,36,478,458,218924.00,2019-01-09 01:00:00.192500
1591,2019010901001797,PRIN,38,22,80,459,36720.00,2019-01-09 01:00:00.179700
1592,2019010901001365,PRIN,41,21,100,457,45700.00,2019-01-09 01:00:00.136500
1593,2019010901000864,PRIN,43,41,174,460,80040.00,2019-01-09 01:00:00.086400
1594,2019010901000863,PRIN,43,1,24,460,11040.00,2019-01-09 01:00:00.086300
1595,2019010901000862,PRIN,43,33,680,460,312800.00,2019-01-09 01:00:00.086200
1596,2019010901000859,PRIN,40,33,300,460,138000.00,2019-01-09 01:00:00.085900
1597,2019010901000770,PRIN,28,33,20,460,9200.00,2019-01-09 01:00:00.077000
1598,2019010901000758,PRIN,28,33,104,458,47632.00,2019-01-09 01:00:00.075800
1599,2019010901000724,PRIN,13,33,250,458,114500.00,2019-01-09 01:00:00.072400
1600,2019010901000723,PRIN,40,33,146,458,66868.00,2019-01-09 01:00:00.072300
1601,2019010901000714,PRIN,40,22,154,458,70532.00,2019-01-09 01:00:00.071400
1602,2019010901000701,PRIN,51,22,100,460,46000.00,2019-01-09 01:00:00.070100
1603,2019010901000539,PRIN,34,28,100,462,46200.00,2019-01-09 01:00:00.053900
1604,2019010901000532,PRIN,28,33,292,460,134320.00,2019-01-09 01:00:00.053200
1605,2019010901000319,PRIN,29,49,100,461,46100.00,2019-01-09 01:00:00.031900
1606,2019010901000133,PRIN,59,38,200,461,92200.00,2019-01-09 01:00:00.013300
1607,2019010901000126,PRIN,59,49,100,461,46100.00,2019-01-09 01:00:00.012600
1608,2019010901000016,PRIN,5,5,1974,453,894222.00,2019-01-09 01:00:00.001600
1609,2019010801003433,PRIN,47,43,200,457,91400.00,2019-01-08 01:00:00.343300
1610,2019010801003432,PRIN,47,10,300,457,137100.00,2019-01-08 01:00:00.343200
1611,2019010801003404,PRIN,6,25,300,455,136500.00,2019-01-08 01:00:00.340400
1612,2019010801003309,PRIN,28,10,46,454,20884.00,2019-01-08 01:00:00.330900
1613,2019010801003308,PRIN,50,10,100,454,45400.00,2019-01-08 01:00:00.330800
1614,2019010801003307,PRIN,40,10,17,454,7718.00,2019-01-08 01:00:00.330700
1615,2019010801003185,PRIN,45,21,50,455,22750.00,2019-01-08 01:00:00.318500
1616,2019010801003108,PRIN,28,10,10,456,4560.00,2019-01-08 01:00:00.310800
1617,2019010801003078,PRIN,28,17,28,456,12768.00,2019-01-08 01:00:00.307800
1618,2019010801002996,PRIN,45,33,100,455,45500.00,2019-01-08 01:00:00.299600
1619,2019010801002928,PRIN,45,10,150,456,68400.00,2019-01-08 01:00:00.292800
1620,2019010801002787,PRIN,40,22,100,454,45400.00,2019-01-08 01:00:00.278700
1621,2019010801002784,PRIN,51,10,150,456,68400.00,2019-01-08 01:00:00.278400
1622,2019010801002777,PRIN,40,35,100,454,45400.00,2019-01-08 01:00:00.277700
1623,2019010801002688,PRIN,40,6,83,454,37682.00,2019-01-08 01:00:00.268800
1624,2019010801002364,PRIN,56,57,1000,455,455000.00,2019-01-08 01:00:00.236400
1625,2019010801002331,PRIN,28,28,518,456,236208.00,2019-01-08 01:00:00.233100
1626,2019010801002013,PRIN,35,19,116,458,53128.00,2019-01-08 01:00:00.201300
1627,2019010801002012,PRIN,35,43,200,457,91400.00,2019-01-08 01:00:00.201200
1628,2019010801002011,PRIN,35,10,300,456,136800.00,2019-01-08 01:00:00.201100
1629,2019010801001983,PRIN,45,19,47,453,21291.00,2019-01-08 01:00:00.198300
1630,2019010801001982,PRIN,37,19,20,453,9060.00,2019-01-08 01:00:00.198200
1631,2019010801001955,PRIN,51,28,500,456,228000.00,2019-01-08 01:00:00.195500
1632,2019010801001954,PRIN,51,57,1000,455,455000.00,2019-01-08 01:00:00.195400
1633,2019010801001854,PRIN,37,16,90,453,40770.00,2019-01-08 01:00:00.185400
1634,2019010801001853,PRIN,32,16,200,453,90600.00,2019-01-08 01:00:00.185300
1635,2019010801001852,PRIN,45,16,10,454,4540.00,2019-01-08 01:00:00.185200
1636,2019010801001618,PRIN,22,26,13,456,5928.00,2019-01-08 01:00:00.161800
1637,2019010801001428,PRIN,44,51,150,455,68250.00,2019-01-08 01:00:00.142800
1638,2019010801001393,PRIN,13,10,227,455,103285.00,2019-01-08 01:00:00.139300
1639,2019010801001371,PRIN,13,45,73,455,33215.00,2019-01-08 01:00:00.137100
1640,2019010801001370,PRIN,53,45,27,455,12285.00,2019-01-08 01:00:00.137000
1641,2019010801001268,PRIN,53,51,23,455,10465.00,2019-01-08 01:00:00.126800
1642,2019010801001223,PRIN,43,26,100,456,45600.00,2019-01-08 01:00:00.122300
1643,2019010801001222,PRIN,25,26,21,456,9576.00,2019-01-08 01:00:00.122200
1644,2019010801001210,PRIN,25,13,13,456,5928.00,2019-01-08 01:00:00.121000
1645,2019010801001040,PRIN,25,49,30,456,13680.00,2019-01-08 01:00:00.104000
1646,2019010801000901,PRIN,25,34,200,456,91200.00,2019-01-08 01:00:00.090100
1647,2019010801000853,PRIN,25,22,186,456,84816.00,2019-01-08 01:00:00.085300
1648,2019010801000490,PRIN,25,13,50,458,22900.00,2019-01-08 01:00:00.049000
1649,2019010801000489,PRIN,25,16,500,458,229000.00,2019-01-08 01:00:00.048900
1650,2019010801000332,PRIN,6,6,87,455,39585.00,2019-01-08 01:00:00.033200
1651,2019010801000289,PRIN,53,32,50,455,22750.00,2019-01-08 01:00:00.028900
1652,2019010801000172,PRIN,14,14,100,452,45200.00,2019-01-08 01:00:00.017200
1653,2019010701003419,PRIN,45,45,550,452,248600.00,2019-01-07 01:00:00.341900
1654,2019010701003418,PRIN,46,45,350,452,158200.00,2019-01-07 01:00:00.341800
1655,2019010701003417,PRIN,4,45,100,452,45200.00,2019-01-07 01:00:00.341700
1656,2019010701002938,PRIN,52,25,40,454,18160.00,2019-01-07 01:00:00.293800
1657,2019010701002669,PRIN,28,37,113,452,51076.00,2019-01-07 01:00:00.266900
1658,2019010701002532,PRIN,28,51,73,450,32850.00,2019-01-07 01:00:00.253200
1659,2019010701002389,PRIN,28,35,200,450,90000.00,2019-01-07 01:00:00.238900
1660,2019010701002299,PRIN,28,26,174,450,78300.00,2019-01-07 01:00:00.229900
1661,2019010701002268,PRIN,44,33,300,450,135000.00,2019-01-07 01:00:00.226800
1662,2019010701002222,PRIN,6,33,200,450,90000.00,2019-01-07 01:00:00.222200
1663,2019010701002198,PRIN,28,33,500,450,225000.00,2019-01-07 01:00:00.219800
1664,2019010701002182,PRIN,16,42,50,449,22450.00,2019-01-07 01:00:00.218200
1665,2019010701002141,PRIN,16,42,23,449,10327.00,2019-01-07 01:00:00.214100
1666,2019010701002030,PRIN,53,33,666,450,299700.00,2019-01-07 01:00:00.203000
1667,2019010701002001,PRIN,44,33,250,450,112500.00,2019-01-07 01:00:00.200100
1668,2019010701001689,PRIN,43,33,84,453,38052.00,2019-01-07 01:00:00.168900
1669,2019010701001686,PRIN,43,16,16,453,7248.00,2019-01-07 01:00:00.168600
1670,2019010701001519,PRIN,16,16,484,455,220220.00,2019-01-07 01:00:00.151900
1671,2019010701001518,PRIN,16,33,16,450,7200.00,2019-01-07 01:00:00.151800
1672,2019010701001517,PRIN,38,33,200,450,90000.00,2019-01-07 01:00:00.151700
1673,2019010701001516,PRIN,52,33,100,451,45100.00,2019-01-07 01:00:00.151600
1674,2019010701001515,PRIN,51,33,184,451,82984.00,2019-01-07 01:00:00.151500
1675,2019010701001424,PRIN,51,19,16,451,7216.00,2019-01-07 01:00:00.142400
1676,2019010701001328,PRIN,28,22,14,458,6412.00,2019-01-07 01:00:00.132800
1677,2019010701001327,PRIN,28,33,51,455,23205.00,2019-01-07 01:00:00.132700
1678,2019010701001300,PRIN,51,33,1200,452,542400.00,2019-01-07 01:00:00.130000
1679,2019010701001299,PRIN,28,33,500,453,226500.00,2019-01-07 01:00:00.129900
1680,2019010701001298,PRIN,57,33,249,454,113046.00,2019-01-07 01:00:00.129800
1681,2019010701001270,PRIN,28,49,100,458,45800.00,2019-01-07 01:00:00.127000
1682,2019010701001269,PRIN,28,22,100,456,45600.00,2019-01-07 01:00:00.126900
1683,2019010701001265,PRIN,57,33,251,454,113954.00,2019-01-07 01:00:00.126500
1684,2019010701001264,PRIN,28,33,400,454,181600.00,2019-01-07 01:00:00.126400
1685,2019010701001251,PRIN,28,33,349,455,158795.00,2019-01-07 01:00:00.125100
1686,2019010701001234,PRIN,28,29,151,455,68705.00,2019-01-07 01:00:00.123400
1687,2019010701001233,PRIN,28,29,49,455,22295.00,2019-01-07 01:00:00.123300
1688,2019010701001230,PRIN,28,5,201,455,91455.00,2019-01-07 01:00:00.123000
1689,2019010701001155,PRIN,28,45,20,460,9200.00,2019-01-07 01:00:00.115500
1690,2019010701001150,PRIN,28,1,80,459,36720.00,2019-01-07 01:00:00.115000
1691,2019010701001149,PRIN,28,16,200,459,91800.00,2019-01-07 01:00:00.114900
1692,2019010701001138,PRIN,28,41,200,458,91600.00,2019-01-07 01:00:00.113800
1693,2019010701001137,PRIN,28,33,500,457,228500.00,2019-01-07 01:00:00.113700
1694,2019010701001136,PRIN,28,56,300,457,137100.00,2019-01-07 01:00:00.113600
1695,2019010701001077,PRIN,28,33,500,456,228000.00,2019-01-07 01:00:00.107700
1696,2019010701001076,PRIN,28,43,100,456,45600.00,2019-01-07 01:00:00.107600
1697,2019010701001000,PRIN,28,33,300,456,136800.00,2019-01-07 01:00:00.100000
1698,2019010701000995,PRIN,49,33,200,456,91200.00,2019-01-07 01:00:00.099500
1699,2019010701000943,PRIN,28,48,100,456,45600.00,2019-01-07 01:00:00.094300
1700,2019010701000942,PRIN,28,16,500,456,228000.00,2019-01-07 01:00:00.094200
1701,2019010701000941,PRIN,28,56,200,456,91200.00,2019-01-07 01:00:00.094100
1702,2019010701000899,PRIN,16,33,200,455,91000.00,2019-01-07 01:00:00.089900
1703,2019010701000897,PRIN,16,33,300,455,136500.00,2019-01-07 01:00:00.089700
1704,2019010701000724,PRIN,28,33,500,455,227500.00,2019-01-07 01:00:00.072400
1705,2019010701000686,PRIN,28,48,100,455,45500.00,2019-01-07 01:00:00.068600
1706,2019010701000685,PRIN,28,33,500,454,227000.00,2019-01-07 01:00:00.068500
1707,2019010701000584,PRIN,7,16,500,454,227000.00,2019-01-07 01:00:00.058400
1708,2019010701000578,PRIN,29,56,206,452,93112.00,2019-01-07 01:00:00.057800
1709,2019010701000573,PRIN,28,33,500,452,226000.00,2019-01-07 01:00:00.057300
1710,2019010701000462,PRIN,53,34,200,454,90800.00,2019-01-07 01:00:00.046200
1711,2019010701000392,PRIN,33,16,292,450,131400.00,2019-01-07 01:00:00.039200
1712,2019010701000347,PRIN,35,33,500,448,224000.00,2019-01-07 01:00:00.034700
1713,2019010701000242,PRIN,26,33,100,450,45000.00,2019-01-07 01:00:00.024200
1714,2019010701000239,PRIN,37,33,300,450,135000.00,2019-01-07 01:00:00.023900
1715,2019010701000227,PRIN,49,33,100,450,45000.00,2019-01-07 01:00:00.022700
1716,2019010701000098,PRIN,28,19,100,450,45000.00,2019-01-07 01:00:00.009800
1717,2019010601004250,PRIN,28,34,80,450,36000.00,2019-01-06 01:00:00.425000
1718,2019010601004040,PRIN,28,34,20,450,9000.00,2019-01-06 01:00:00.404000
1719,2019010601003988,PRIN,14,5,34,446,15164.00,2019-01-06 01:00:00.398800
1720,2019010601003987,PRIN,20,5,50,448,22400.00,2019-01-06 01:00:00.398700
1721,2019010601003968,PRIN,28,32,20,450,9000.00,2019-01-06 01:00:00.396800
1722,2019010601003785,PRIN,14,5,160,446,71360.00,2019-01-06 01:00:00.378500
1723,2019010601003784,PRIN,37,5,200,447,89400.00,2019-01-06 01:00:00.378400
1724,2019010601003783,PRIN,14,5,100,447,44700.00,2019-01-06 01:00:00.378300
1725,2019010601003464,PRIN,14,28,164,446,73144.00,2019-01-06 01:00:00.346400
1726,2019010601003463,PRIN,22,28,500,447,223500.00,2019-01-06 01:00:00.346300
1727,2019010601003462,PRIN,32,28,86,447,38442.00,2019-01-06 01:00:00.346200
1728,2019010601003255,PRIN,32,45,114,447,50958.00,2019-01-06 01:00:00.325500
1729,2019010601003254,PRIN,58,45,303,448,135744.00,2019-01-06 01:00:00.325400
1730,2019010601003198,PRIN,28,28,1000,449,449000.00,2019-01-06 01:00:00.319800
1731,2019010601003197,PRIN,48,28,250,450,112500.00,2019-01-06 01:00:00.319700
1732,2019010601002824,PRIN,58,6,197,448,88256.00,2019-01-06 01:00:00.282400
1733,2019010601002823,PRIN,34,6,85,448,38080.00,2019-01-06 01:00:00.282300
1734,2019010601002630,PRIN,34,16,50,448,22400.00,2019-01-06 01:00:00.263000
1735,2019010601002554,PRIN,34,41,65,448,29120.00,2019-01-06 01:00:00.255400
1736,2019010601002411,PRIN,28,56,20,455,9100.00,2019-01-06 01:00:00.241100
1737,2019010601002387,PRIN,28,16,21,452,9492.00,2019-01-06 01:00:00.238700
1738,2019010601002262,PRIN,16,16,2200,444,976800.00,2019-01-06 01:00:00.226200
1739,2019010601002261,PRIN,21,16,100,445,44500.00,2019-01-06 01:00:00.226100
1740,2019010601002260,PRIN,41,16,500,447,223500.00,2019-01-06 01:00:00.226000
1741,2019010601002204,PRIN,10,28,1000,449,449000.00,2019-01-06 01:00:00.220400
1742,2019010601002155,PRIN,34,56,100,450,45000.00,2019-01-06 01:00:00.215500
1743,2019010601002154,PRIN,28,56,190,450,85500.00,2019-01-06 01:00:00.215400
1744,2019010601001963,PRIN,28,28,310,450,139500.00,2019-01-06 01:00:00.196300
1745,2019010601001962,PRIN,28,28,100,450,45000.00,2019-01-06 01:00:00.196200
1746,2019010601001961,PRIN,33,28,172,450,77400.00,2019-01-06 01:00:00.196100
1747,2019010601001960,PRIN,44,28,1000,450,450000.00,2019-01-06 01:00:00.196000
1748,2019010601001959,PRIN,17,28,50,451,22550.00,2019-01-06 01:00:00.195900
1749,2019010601001958,PRIN,56,28,200,451,90200.00,2019-01-06 01:00:00.195800
1750,2019010601001849,PRIN,22,14,100,455,45500.00,2019-01-06 01:00:00.184900
1751,2019010601000907,PRIN,20,20,600,463,277800.00,2019-01-06 01:00:00.090700
1752,2019010601000828,PRIN,19,45,360,455,163800.00,2019-01-06 01:00:00.082800
1753,2019010601000827,PRIN,34,45,200,456,91200.00,2019-01-06 01:00:00.082700
1754,2019010301003196,PRIN,35,57,100,458,45800.00,2019-01-03 01:00:00.319600
1755,2019010301003186,PRIN,14,57,50,458,22900.00,2019-01-03 01:00:00.318600
1756,2019010301003114,PRIN,39,28,120,457,54840.00,2019-01-03 01:00:00.311400
1757,2019010301003077,PRIN,39,56,200,457,91400.00,2019-01-03 01:00:00.307700
1758,2019010301003050,PRIN,39,59,17,457,7769.00,2019-01-03 01:00:00.305000
1759,2019010301003024,PRIN,45,53,100,456,45600.00,2019-01-03 01:00:00.302400
1760,2019010301003023,PRIN,49,53,50,456,22800.00,2019-01-03 01:00:00.302300
1761,2019010301002932,PRIN,49,49,100,456,45600.00,2019-01-03 01:00:00.293200
1762,2019010301002797,PRIN,49,42,50,456,22800.00,2019-01-03 01:00:00.279700
1763,2019010301002631,PRIN,16,59,240,457,109680.00,2019-01-03 01:00:00.263100
1764,2019010301002624,PRIN,43,59,93,457,42501.00,2019-01-03 01:00:00.262400
1765,2019010301002543,PRIN,43,10,307,457,140299.00,2019-01-03 01:00:00.254300
1766,2019010301002542,PRIN,55,10,451,457,206107.00,2019-01-03 01:00:00.254200
1767,2019010301002269,PRIN,43,7,200,460,92000.00,2019-01-03 01:00:00.226900
1768,2019010301001987,PRIN,55,47,49,457,22393.00,2019-01-03 01:00:00.198700
1769,2019010301001846,PRIN,11,7,100,460,46000.00,2019-01-03 01:00:00.184600
1770,2019010301001204,PRIN,53,42,100,462,46200.00,2019-01-03 01:00:00.120400
1771,2019010301001139,PRIN,28,28,418,463,193534.00,2019-01-03 01:00:00.113900
1772,2019010301000563,PRIN,20,20,479,464,222256.00,2019-01-03 01:00:00.056300
1773,2019010301000328,PRIN,58,56,10,469,4690.00,2019-01-03 01:00:00.032800
1774,2019010301000291,PRIN,28,56,10,469,4690.00,2019-01-03 01:00:00.029100
1775,2019010301000290,PRIN,28,39,50,460,23000.00,2019-01-03 01:00:00.029000
1776,2019010301000248,PRIN,21,39,50,460,23000.00,2019-01-03 01:00:00.024800
1777,2019010301000190,PRIN,16,45,10,453,4530.00,2019-01-03 01:00:00.019000
1778,2019010301000147,PRIN,45,39,200,447,89400.00,2019-01-03 01:00:00.014700
1779,2019010301000074,PRIN,22,39,200,445,89000.00,2019-01-03 01:00:00.007400
1780,2019010201003190,PRIN,59,59,100,451,45100.00,2019-01-02 01:00:00.319000
1781,2019010201003189,PRIN,22,59,100,451,45100.00,2019-01-02 01:00:00.318900
1782,2019010201003028,PRIN,22,37,400,451,180400.00,2019-01-02 01:00:00.302800
1783,2019010201003027,PRIN,22,37,200,451,90200.00,2019-01-02 01:00:00.302700
1784,2019010201002825,PRIN,28,59,150,452,67800.00,2019-01-02 01:00:00.282500
1785,2019010201002824,PRIN,14,59,100,452,45200.00,2019-01-02 01:00:00.282400
1786,2019010201002823,PRIN,14,59,100,452,45200.00,2019-01-02 01:00:00.282300
1787,2019010201002822,PRIN,22,59,200,453,90600.00,2019-01-02 01:00:00.282200
1788,2019010201002821,PRIN,22,59,113,453,51189.00,2019-01-02 01:00:00.282100
1789,2019010201002643,PRIN,22,7,87,453,39411.00,2019-01-02 01:00:00.264300
1790,2019010201002642,PRIN,19,7,200,453,90600.00,2019-01-02 01:00:00.264200
1791,2019010201002633,PRIN,56,7,384,454,174336.00,2019-01-02 01:00:00.263300
1792,2019010201002632,PRIN,41,7,50,455,22750.00,2019-01-02 01:00:00.263200
1793,2019010201002335,PRIN,56,57,116,454,52664.00,2019-01-02 01:00:00.233500
1794,2019010201002334,PRIN,45,57,300,454,136200.00,2019-01-02 01:00:00.233400
1795,2019010201002333,PRIN,34,57,84,454,38136.00,2019-01-02 01:00:00.233300
1796,2019010201002244,PRIN,22,7,500,455,227500.00,2019-01-02 01:00:00.224400
1797,2019010201002105,PRIN,25,7,200,455,91000.00,2019-01-02 01:00:00.210500
1798,2019010201002013,PRIN,34,11,116,454,52664.00,2019-01-02 01:00:00.201300
1799,2019010201001956,PRIN,48,7,200,455,91000.00,2019-01-02 01:00:00.195600
1800,2019010201001742,PRIN,17,7,100,455,45500.00,2019-01-02 01:00:00.174200
1801,2019010201001570,PRIN,56,7,38,455,17290.00,2019-01-02 01:00:00.157000
1802,2019010201001569,PRIN,28,7,300,456,136800.00,2019-01-02 01:00:00.156900
1803,2019010201001568,PRIN,17,7,200,456,91200.00,2019-01-02 01:00:00.156800
1804,2019010201001567,PRIN,14,7,300,457,137100.00,2019-01-02 01:00:00.156700
1805,2019010201001566,PRIN,22,7,100,457,45700.00,2019-01-02 01:00:00.156600
1806,2019010201001565,PRIN,53,7,100,458,45800.00,2019-01-02 01:00:00.156500
1807,2019010201001564,PRIN,45,7,62,458,28396.00,2019-01-02 01:00:00.156400
1808,2019010201001211,PRIN,45,38,138,458,63204.00,2019-01-02 01:00:00.121100
1809,2019010201001210,PRIN,13,38,200,459,91800.00,2019-01-02 01:00:00.121000
1810,2019010201001209,PRIN,5,38,150,460,69000.00,2019-01-02 01:00:00.120900
1811,2019010201001208,PRIN,28,38,27,460,12420.00,2019-01-02 01:00:00.120800
1812,2019010201001161,PRIN,28,57,23,460,10580.00,2019-01-02 01:00:00.116100
1813,2019010201001092,PRIN,28,22,100,460,46000.00,2019-01-02 01:00:00.109200
1814,2019010201000627,PRIN,53,44,100,465,46500.00,2019-01-02 01:00:00.062700
1815,2019010101003385,PRIN,45,36,446,464,206944.00,2019-01-01 01:00:00.338500
1816,2019010101003384,PRIN,57,36,269,465,125085.00,2019-01-01 01:00:00.338400
1817,2019010101003383,PRIN,50,36,54,466,25164.00,2019-01-01 01:00:00.338300
1818,2019010101003382,PRIN,36,36,440,466,205040.00,2019-01-01 01:00:00.338200
1819,2019010101003354,PRIN,36,37,60,466,27960.00,2019-01-01 01:00:00.335400
1820,2019010101003198,PRIN,57,21,50,465,23250.00,2019-01-01 01:00:00.319800
1821,2019010101002894,PRIN,57,29,151,465,70215.00,2019-01-01 01:00:00.289400
1822,2019010101002864,PRIN,57,34,100,465,46500.00,2019-01-01 01:00:00.286400
1823,2019010101002624,PRIN,57,22,400,465,186000.00,2019-01-01 01:00:00.262400
1824,2019010101002617,PRIN,45,22,100,466,46600.00,2019-01-01 01:00:00.261700
1825,2019010101002577,PRIN,57,22,500,465,232500.00,2019-01-01 01:00:00.257700
1826,2019010101002544,PRIN,57,48,30,465,13950.00,2019-01-01 01:00:00.254400
1827,2019010101002513,PRIN,57,1,110,469,51590.00,2019-01-01 01:00:00.251300
1828,2019010101002467,PRIN,28,1,400,469,187600.00,2019-01-01 01:00:00.246700
1829,2019010101002259,PRIN,16,34,200,475,95000.00,2019-01-01 01:00:00.225900
1830,2019010101002258,PRIN,16,7,466,475,221350.00,2019-01-01 01:00:00.225800
1831,2019010101002257,PRIN,16,44,30,475,14250.00,2019-01-01 01:00:00.225700
1832,2019010101002256,PRIN,16,42,50,475,23750.00,2019-01-01 01:00:00.225600
1833,2019010101002254,PRIN,16,6,50,474,23700.00,2019-01-01 01:00:00.225400
1834,2019010101002253,PRIN,16,57,200,474,94800.00,2019-01-01 01:00:00.225300
1835,2019010101002157,PRIN,42,1,490,474,232260.00,2019-01-01 01:00:00.215700
1836,2019010101002156,PRIN,42,42,10,474,4740.00,2019-01-01 01:00:00.215600
1837,2019010101002027,PRIN,13,29,148,472,69856.00,2019-01-01 01:00:00.202700
1838,2019010101001890,PRIN,57,28,126,472,59472.00,2019-01-01 01:00:00.189000
1839,2019010101001878,PRIN,57,57,300,472,141600.00,2019-01-01 01:00:00.187800
1840,2019010101001877,PRIN,57,38,130,471,61230.00,2019-01-01 01:00:00.187700
1841,2019010101001876,PRIN,57,34,358,471,168618.00,2019-01-01 01:00:00.187600
1842,2019010101001875,PRIN,57,40,300,470,141000.00,2019-01-01 01:00:00.187500
1843,2019010101001874,PRIN,57,37,286,469,134134.00,2019-01-01 01:00:00.187400
1844,2019010101001823,PRIN,25,53,49,468,22932.00,2019-01-01 01:00:00.182300
1845,2019010101001712,PRIN,55,53,50,468,23400.00,2019-01-01 01:00:00.171200
1846,2019010101001259,PRIN,45,51,50,462,23100.00,2019-01-01 01:00:00.125900
1847,2019010101001083,PRIN,45,21,218,462,100716.00,2019-01-01 01:00:00.108300
1848,2019010101001082,PRIN,53,21,100,463,46300.00,2019-01-01 01:00:00.108200
1849,2019010101000911,PRIN,22,42,70,468,32760.00,2019-01-01 01:00:00.091100
1850,2019010101000834,PRIN,22,57,30,468,14040.00,2019-01-01 01:00:00.083400
1851,2019010101000833,PRIN,26,57,30,468,14040.00,2019-01-01 01:00:00.083300
1852,2019010101000610,PRIN,26,43,50,468,23400.00,2019-01-01 01:00:00.061000
1853,2019010101000202,PRIN,45,42,10,474,4740.00,2019-01-01 01:00:00.020200
